# star id 	 star_x_coords [pc] 	 star_y_coords [pc] 	 star_z_coords [pc] 
2.251900000000000000e+04 -4.540031327151297091e-01 4.049996083720941442e-01 -9.155131936326554865e-01
2.250900000000000000e+04 4.416674664924453708e-01 3.501379572927589834e-01 -3.543323145713088707e-01
2.250200000000000000e+04 -1.943213962525760508e-01 3.833067684631679128e-01 -1.598799639831440800e-01
2.253600000000000000e+04 4.979232136077307302e-01 5.677970285387843319e-01 5.579967648849049056e-02
2.252700000000000000e+04 7.194551966993323333e-02 2.924086979320534851e-01 8.082811104029019589e-02
2.251500000000000000e+04 -4.394475784297497967e-01 1.442390610568367038e-01 -3.117675714600238734e-01
2.253100000000000000e+04 2.924205573634335309e-01 1.020984640065911719e-01 -6.317651182375314534e-01
2.252300000000000000e+04 -1.307619533926622779e-01 9.891637493567273509e-02 -5.745514636231519034e-03
2.252800000000000000e+04 -1.307619533926622779e-01 9.891637493567273509e-02 -5.745514636231519034e-03
2.253400000000000000e+04 3.650767859887089628e-01 3.555545483279445307e-01 1.537055204346273740e-01
2.250300000000000000e+04 -6.476028010809642410e-02 8.772624925425986930e-02 -6.674223879883953714e-01
2.255300000000000000e+04 1.941310184137279293e-02 1.022629212575445479e+00 2.870790159862082191e-01
2.251300000000000000e+04 4.899994422414319928e-01 4.353295185886736363e-01 6.448400014849440254e-01
2.259900000000000000e+04 -1.526298320223631322e-01 -5.013522967171724076e-03 4.733154917586332999e-01
2.256000000000000000e+04 -8.589412455953855385e-01 -7.401226188369101067e-01 -1.289821004818080041e+00
2.250500000000000000e+04 -6.487195733504336204e-01 -7.114290299080181512e-01 -1.059681965860065134e+00
2.252500000000000000e+04 -6.445947717745195149e-01 -2.579670939859859402e-01 -4.894997848560862508e-01
2.253300000000000000e+04 4.790657589577378417e-01 -2.348054770211405184e-01 -3.852069242583695541e-01
2.254200000000000000e+04 -2.783841889029012862e-01 -4.324798440334944871e-01 -1.617414011772524418e-01
2.252600000000000000e+04 -3.844582188168619297e-01 -9.819820988921641458e-01 -8.563013087264437218e-02
2.254000000000000000e+04 -7.834964799857697670e-01 -6.682699783049699249e-01 1.378411405621449148e-02
2.253500000000000000e+04 -4.212707312931129877e-01 -2.209502516184969068e-02 4.981533111891423005e-02
2.254700000000000000e+04 -4.124533757364705622e-01 -2.527040020104145412e-01 1.808086310392127416e-01
8.889000000000000000e+03 1.040588727304729844e-01 -3.421517328644050338e-01 1.816845574011054509e-01
2.253800000000000000e+04 -4.116422494973832613e-01 -2.356094483773141235e-01 4.550752994025657472e-01
2.258500000000000000e+04 -1.248595167676089801e-01 -2.596369277379899643e-01 5.196179105844862534e-01
2.253700000000000000e+04 -6.204140868272034481e-02 -8.894810587552015591e-02 5.692050137713522417e-01
2.249900000000000000e+04 -9.400219267532197165e-01 -4.326497146152377127e-01 1.043905581407329919e+00
2.250000000000000000e+04 -6.422378533912489473e-01 -2.447915608971058532e-01 2.244380886837099354e+00
2.254300000000000000e+04 7.387594701530293406e-01 9.361969214033649678e-01 1.492735451477003039e-01
2.250400000000000000e+04 2.568419003866976524e+00 3.756359357632987894e-02 2.226585703778809489e-01
2.253200000000000000e+04 7.183287639872268926e-01 -4.309041692063111384e-01 -1.175387080814466856e+00
2.252900000000000000e+04 1.527137842482982677e+00 9.388880857472727826e-01 4.511308725599150193e-01
