# star id 	 star_x_coords [pc] 	 star_y_coords [pc] 	 star_z_coords [pc] 
2.740400000000000000e+04 -9.449963976524600184e-02 -9.298842535331477421e-01 -5.580534642532590794e-01
2.727900000000000000e+04 -9.449963976524600184e-02 -9.298842535331477421e-01 -5.580534642532590794e-01
2.626600000000000000e+04 -7.723590661099279941e-01 -7.250872301309385648e-03 -2.060246795128328756e-01
2.457700000000000000e+04 8.813980173865445522e-01 -1.105783849305916000e+00 1.366568277011737109e-02
2.382800000000000000e+04 -1.554855273978063224e+00 -1.970950310126022842e-01 8.019995417679197658e-01
2.436500000000000000e+04 2.572830947266169233e-01 4.803101631896029566e-01 1.416618732294487870e-01
2.737600000000000000e+04 1.308271860297921307e+00 7.837491938023255500e-01 4.297566368819190075e-01
2.457800000000000000e+04 -1.734059812933196554e+00 5.602460727382405636e-01 4.980592261142291477e-01
2.639400000000000000e+04 1.803320460080328758e+00 1.345592829334880225e+00 -5.630113535100633726e-01
