# star id 	 star_x_coords [pc] 	 star_y_coords [pc] 	 star_z_coords [pc] 
3.384900000000000000e+04 1.570924136486397060e+00 -7.080726690705958504e-01 8.949279454849659032e-01
3.394200000000000000e+04 2.478004645791997973e-02 8.222696674717582255e-01 1.042987757228956980e+00
3.385200000000000000e+04 -5.104754874362527062e-02 6.537480216522197907e-01 1.317216061453962084e+00
3.376400000000000000e+04 5.298072916475575767e-01 -4.295798403217077066e-01 1.342512035573406592e+00
3.384800000000000000e+04 7.490670316447847199e-01 2.625103730860658402e-01 1.394138939059530458e+00
3.393600000000000000e+04 9.270064800306982988e-01 -1.224278935014361025e+00 1.850971946958424041e+00
3.376800000000000000e+04 1.757454185905800159e+00 6.504214254833584619e-02 1.942834500990272772e+00
3.386200000000000000e+04 1.629623316488149953e+00 -1.175660491920375250e+00 2.051260107976474956e+00
3.384500000000000000e+04 2.262642989550187167e+00 -1.144036490971480191e+00 3.228483244053620638e+00
3.391900000000000000e+04 -5.708435440522094950e-01 1.044025364321889526e+00 7.599116636193912200e-01
3.377300000000000000e+04 -1.204318318769352913e+00 -6.589335335591002263e-01 -3.179350907170856999e+00
3.392100000000000000e+04 -5.092900548020082852e-01 -4.436977563801605129e-01 -2.335931614578868221e+00
3.390800000000000000e+04 -1.389556482020282147e-02 -5.447612176277587537e-01 -2.306392586106994713e+00
3.386700000000000000e+04 -9.215748673561705573e-01 8.286258727548840852e-01 -1.147029690340588104e+00
3.384600000000000000e+04 -3.144847050768078134e-01 -5.158839677050650607e-01 -1.131530712636163116e+00
3.394000000000000000e+04 -7.963459050435517383e-01 5.028054045352234880e-01 -9.942467705203341666e-01
3.395300000000000000e+04 -3.250960415564208006e-01 -1.555772915440911675e-02 -8.323255121697741288e-01
3.392900000000000000e+04 -1.277431912089113553e+00 4.541518877202364024e-01 -6.683554606700283784e-01
3.385800000000000000e+04 -3.281898874040365399e-01 -8.045301518177438993e-02 -3.920707088791175465e-01
3.385400000000000000e+04 -9.768885521074537337e-01 4.897598804885703316e-01 -3.446053123250862882e-01
3.385700000000000000e+04 2.973984431973519804e-01 -3.398628834694719103e-01 -1.032474034329311507e-02
3.393100000000000000e+04 -1.586921248513291971e+00 9.525302350303519461e-01 -1.248064511021425460e+00
3.376200000000000000e+04 -6.727653024070576748e-01 1.098228620874493799e+00 -8.773408029657900897e-01
