# star id 	 star_x_coords [pc] 	 star_y_coords [pc] 	 star_z_coords [pc] 
9.157000000000000000e+03 7.361604745383232284e-02 -9.487136081482461236e-02 -5.802972135295902945e-02
9.158000000000000000e+03 3.568590564719791303e-01 1.383774967866411743e+00 -2.192727409597523547e-01
4.750300000000000000e+04 2.015308509655078240e-01 1.260298260933826242e+00 5.649618913977931811e-01
3.983000000000000000e+04 -8.229978384321867679e-01 -1.774043898319968449e+00 4.887097104134738856e-01
2.057500000000000000e+04 -8.229978384321867679e-01 -1.774043898319968449e+00 4.887097104134738856e-01
9.328000000000000000e+03 -9.226495684106588158e-01 -6.529858376103199191e-01 6.074307752080372325e-01
9.401000000000000000e+03 -9.226495684106588158e-01 -6.529858376103199191e-01 6.074307752080372325e-01
4.034100000000000000e+04 1.449525721693685654e+00 9.071456313372721070e-01 -1.477529403607690028e+00
3.901800000000000000e+04 1.078917067773367933e+00 1.287071238106131332e+00 -5.250051687166745751e-01
4.750400000000000000e+04 4.222902761791509363e-01 3.077567286036924088e-01 -5.317069017893771843e-01
