# star id 	 star_x_coords [pc] 	 star_y_coords [pc] 	 star_z_coords [pc] 
1.014100000000000000e+04 1.502798804147502665e-01 -6.145858871860525596e-01 -2.738793321039167949e-01
1.017700000000000000e+04 1.502798804147502665e-01 -6.145858871860525596e-01 -2.738793321039167949e-01
1.032500000000000000e+04 3.320895720365584225e-01 -6.218294335453009580e-01 -2.192986789208433152e-01
1.032600000000000000e+04 9.623058297729869537e-02 -2.748803358158085075e-01 -1.775754713128563367e-01
1.022200000000000000e+04 6.393131528735551683e-02 -1.989028128698180353e-01 -1.109711956784806830e-01
1.025100000000000000e+04 6.393131528735551683e-02 -1.989028128698180353e-01 -1.109711956784806830e-01
1.022900000000000000e+04 1.729203694841459082e-01 -3.620430684776465569e-01 -6.312699348271877398e-02
1.023000000000000000e+04 4.641899578723425179e-01 -2.169563647595111888e-01 1.190350710716359117e-01
1.017400000000000000e+04 -3.445241589028924523e-01 3.398467834134351051e-01 -2.789195871807947924e-01
1.014800000000000000e+04 -2.010737426583730780e-01 3.758162944548075757e-01 -1.860049360232096660e-02
1.026600000000000000e+04 -2.145592331307639711e-01 6.345883271670089698e-01 1.563587480337957913e-01
1.017800000000000000e+04 -1.153125962849941288e-01 1.141779930235458096e-01 -7.977540771629065830e-02
1.015000000000000000e+04 -9.522865337196861901e-02 2.193216645575688517e-01 -6.585921866389554680e-02
1.018300000000000000e+04 -1.349990049394875768e-01 1.200062336812379726e-02 5.332897044340256798e-03
1.029000000000000000e+04 -1.349990049394875768e-01 1.200062336812379726e-02 5.332897044340256798e-03
1.019100000000000000e+04 -1.349990049394875768e-01 1.200062336812379726e-02 5.332897044340256798e-03
1.019200000000000000e+04 1.100740043954502312e-01 4.067166949452882818e-02 5.072522883886421141e-02
1.019300000000000000e+04 7.485398847476432138e-02 2.294021332875217922e-01 1.412742505373358881e-01
1.029700000000000000e+04 1.348116743320417754e-01 1.173153963570996439e-01 1.543150106018131851e-01
1.031900000000000000e+04 -1.644558007521368381e-02 2.374533658766608823e-03 4.310442610443132594e-01
1.026300000000000000e+04 -1.326332849473672582e-01 1.802050216123944892e-01 2.035942892586035669e-01
1.018100000000000000e+04 -1.444091184627325219e-01 4.064824638214474817e-01 2.002556855092620935e-01
1.014700000000000000e+04 -1.444091184627325219e-01 4.064824638214474817e-01 2.002556855092620935e-01
