# star id 	 star_x_coords [pc] 	 star_y_coords [pc] 	 star_z_coords [pc] 
9.923000000000000000e+03 1.798922411809158461e-01 6.695890751072894886e-01 5.865192310841251810e-01
9.931000000000000000e+03 -1.084572353850248305e-01 3.541481330324813825e-02 2.390467176916573067e-01
9.017000000000000000e+03 -9.232863723686079993e-02 4.295633885928396012e-02 4.684727263508392525e-01
9.917000000000000000e+03 -9.712037110439553089e-03 -9.117169595998575460e-02 2.351075345031645725e-01
9.916000000000000000e+03 5.208291571693735023e-02 -1.481461666039507463e-01 1.124081110839441067e-01
9.933000000000000000e+03 2.175063133381129887e-01 4.572687856433788056e-02 1.770340335902105267e-01
9.932000000000000000e+03 5.021572096245563444e-02 4.259542316972897424e-02 2.526526176138901292e-01
9.961000000000000000e+03 2.119952776558946539e-01 -3.755539040913120630e-01 2.422800615857170214e-01
9.904000000000000000e+03 6.476806750854535721e-02 -3.969707197847540669e-01 2.728130184563042349e-01
9.922000000000000000e+03 -1.752536949028851154e-01 3.184181605745735055e-01 4.372697196172694589e-01
9.921000000000000000e+03 9.363362268863539839e-02 2.184134262345125421e-01 3.110996638906371459e-01
9.912000000000000000e+03 3.139573794514163296e-01 3.566531769701626331e-01 4.280936642204125064e-01
9.946000000000000000e+03 7.651850181962771558e-02 1.412900345402761104e-01 2.934898661175537882e-01
9.918000000000000000e+03 7.651850181962771558e-02 1.412900345402761104e-01 2.934898661175537882e-01
9.999000000000000000e+03 1.529386732717483710e-01 1.294580908135429809e-01 1.021348195603763997e-01
9.908000000000000000e+03 -7.099683497330033788e-02 -2.568327487310355650e-01 -6.008642483025568026e-01
9.016000000000000000e+03 6.308072763673067129e-03 -3.856333528484867657e-02 -5.275568071824849881e-01
9.901000000000000000e+03 6.308072763673067129e-03 -3.856333528484867657e-02 -5.275568071824849881e-01
9.046000000000000000e+03 -2.724676046094884896e-01 6.661595373345363669e-02 -3.168622814420416489e-01
9.076000000000000000e+03 -4.015921124469201686e-02 -1.201993798198088825e-01 -3.162469010217066057e-01
9.075000000000000000e+03 -6.166396709348731520e-02 1.603509964169802515e-03 -2.541079597181550298e-01
9.929000000000000000e+03 -1.895739172492696412e-01 -2.099092365840533603e-01 -2.459666393024946274e-01
9.085000000000000000e+03 -1.912313154845151075e-01 5.462040548433577669e-02 -2.031279675126071993e-01
9.927000000000000000e+03 -1.938736076263225527e-01 -4.141800988317356769e-02 -1.815733844282831910e-01
9.077000000000000000e+03 -1.938736076263225527e-01 -4.141800988317356769e-02 -1.815733844282831910e-01
9.944000000000000000e+03 -2.611756897988826154e-01 9.530771608490340441e-02 -1.266474646903432699e-01
9.954000000000000000e+03 -3.828206517876964199e-02 -2.748346137920520960e-01 -2.392318703876128438e-02
9.902000000000000000e+03 -1.148011264909101214e-01 2.592066760209377208e-02 2.997751699489015209e-03
9.078000000000000000e+03 -1.148011264909101214e-01 2.592066760209377208e-02 2.997751699489015209e-03
9.969000000000000000e+03 -8.615794140645505195e-02 -3.017695816849439439e-01 3.876907219009950722e-02
9.105000000000000000e+03 -8.615794140645505195e-02 -3.017695816849439439e-01 3.876907219009950722e-02
9.910000000000000000e+03 1.256911363867772025e-01 -3.042553578962312599e-01 -3.369944655667396205e-01
9.920000000000000000e+03 8.599733627108463452e-02 1.071683858581735649e-01 -1.070023914284163880e-01
9.989000000000000000e+03 1.734131298224994566e-01 -1.008484794134929530e-01 -8.981047657470497825e-02
9.925000000000000000e+03 1.373266593450495066e-01 3.939811188011077547e-02 -7.334934231140977090e-02
9.948000000000000000e+03 4.084975091058140606e-02 1.130637483153407175e-01 -1.345736872740843637e-02
9.966000000000000000e+03 7.975428263338102397e-02 3.919352257463515343e-02 -3.255926423705091111e-03
9.976000000000000000e+03 1.559679065454062652e-01 -3.822731591417038999e-02 2.768859877626539401e-02
9.911000000000000000e+03 1.559679065454062652e-01 -3.822731591417038999e-02 2.768859877626539401e-02
9.019000000000000000e+03 -1.979762799010131857e-02 -1.310808611083800201e-01 3.583675793835539025e-02
9.018000000000000000e+03 2.456636306087816024e-01 5.997318452486410933e-04 7.780933398850464755e-02
9.974000000000000000e+03 -2.243789253150794138e-01 2.178553503724032225e-01 -5.380147696290293879e-02
9.926000000000000000e+03 -3.878869982147250539e-01 3.526825367342780737e-01 -9.142797595956153600e-03
9.964000000000000000e+03 -3.878869982147250539e-01 3.526825367342780737e-01 -9.142797595956153600e-03
8.394000000000000000e+03 -6.393390601230919401e-02 1.412967371197169086e-01 -1.187894413166148411e-01
9.943000000000000000e+03 4.267340237298355987e-01 1.577759746739459956e-01 -6.999315552235430005e-02
9.907000000000000000e+03 -1.773834045512998614e-01 -4.605039876524088527e-01 -2.859654104895881233e-01
9.906000000000000000e+03 -1.365872078021581615e-01 -5.965594677857595229e-01 -1.089012535918953972e-02
9.905000000000000000e+03 5.688134994017772783e-01 3.733120884822156427e-01 -1.686641104668495927e-02
