# star id 	 star_x_coords [pc] 	 star_y_coords [pc] 	 star_z_coords [pc] 
2.355000000000000000e+03 -1.416753786788895297e+00 3.209550942030361398e-01 5.952208080525647205e-01
2.403000000000000000e+03 -8.183191129410261055e-02 6.038260702441533567e-02 3.850338276817808492e-01
2.325000000000000000e+03 -3.708054214555147610e-01 -1.126377531215183581e-02 4.769393265960850670e-01
2.346000000000000000e+03 -3.153657372615725762e-01 -2.422630868237973800e-01 7.562158753296319702e-01
2.352000000000000000e+03 -9.817115739361739202e-01 4.566230226764460554e-01 5.282209925037797404e-01
2.369000000000000000e+03 2.981639165329852403e-02 7.728558082740946134e-01 -1.185271872108570435e+00
2.324000000000000000e+03 1.138306052439972404e-01 5.115243152518331726e-01 4.905023722119317142e-01
2.327000000000000000e+03 -1.190238495134799734e+00 -1.102889862777658436e-01 1.525447895996450143e-01
2.386000000000000000e+03 4.215306564326368743e-01 1.789494836207694561e-01 -3.922437419755588905e-01
2.318000000000000000e+03 2.240229466118748292e-01 9.444946318578928413e-02 -3.160105212833821398e-01
2.341000000000000000e+03 2.240229466118748292e-01 9.444946318578928413e-02 -3.160105212833821398e-01
2.391000000000000000e+03 5.379630916429789522e-03 2.595405626839379920e-01 -1.148376412633496102e-01
2.316000000000000000e+03 1.138994062536369256e-02 2.913394509004447741e-01 -9.189778859819153212e-02
2.343000000000000000e+03 2.202958289846961293e-01 1.661729694521767442e-01 7.184183980599812003e-02
2.353000000000000000e+03 -1.447508602735254613e-01 -2.742703862442468221e-01 1.134297564707367201e-01
2.364000000000000000e+03 1.906910334882923053e-01 3.330939470603837549e-01 1.787541151074716339e-01
2.363000000000000000e+03 1.906910334882923053e-01 3.330939470603837549e-01 1.787541151074716339e-01
2.349000000000000000e+03 1.906910334882923053e-01 3.330939470603837549e-01 1.787541151074716339e-01
2.331000000000000000e+03 -4.053959582651600613e-02 -5.532866111819458865e-01 2.283633886196145824e-01
2.372000000000000000e+03 4.871867958212661165e-01 1.913696231017070204e-01 2.875789564781356944e-01
2.395000000000000000e+03 4.398893599135078603e-02 -2.191390956190417683e-01 3.171975849056085650e-01
2.417000000000000000e+03 -6.650981700967832921e-01 5.787725241532228893e-01 -1.682199858596442610e-01
2.383000000000000000e+03 -5.073355677884165971e-01 7.768271853322730180e-01 2.323863421785041794e-01
2.335000000000000000e+03 -2.783541075416309241e-01 5.191758908135000183e-01 -4.380397344009452354e-01
2.322000000000000000e+03 -3.841844256862714246e-02 6.543583133368642279e-01 -3.887506893661996088e-01
2.362000000000000000e+03 -1.834815321104912300e-01 6.120876700314852314e-01 -2.238427751789426878e-01
2.336000000000000000e+03 5.307148144476059315e-02 4.862199584025574950e-01 -1.367833428117535277e-01
2.375000000000000000e+03 6.103864999564407867e-01 4.031655392054460663e-01 -8.115560712994618342e-02
2.337000000000000000e+03 -1.663613500289002900e-01 6.218675740009373953e-01 2.988766617470606235e-01
2.348000000000000000e+03 9.863554282286415287e-01 8.805002701363520146e-01 6.288878766011283261e-01
2.418000000000000000e+03 1.153426282658585933e+00 2.388155361248536224e-01 -2.071078978263738435e-01
2.332000000000000000e+03 1.073317175824492153e+00 3.012405739635255486e-01 3.482287643691943657e-01
2.351000000000000000e+03 -1.035810720585303102e+00 -1.144440726119569263e+00 3.896348075372291220e-01
2.339000000000000000e+03 -6.044114591286913196e-01 -8.547584909440146816e-01 -2.751084270031487478e-01
2.413000000000000000e+03 1.198007401240261061e+00 -1.139846758131916715e+00 7.198225685167791710e-02
2.359000000000000000e+03 1.982442364825658387e-01 -9.630098660080790296e-01 -6.312572865246259823e-01
2.394000000000000000e+03 2.294554467633744821e-01 -1.156295536405586688e+00 -5.024277435184902885e-01
2.399000000000000000e+03 1.440229323308699350e-01 -1.760082280640197894e+00 -4.892955350484138322e-01
2.401000000000000000e+03 -3.676109133552714070e-01 -1.205944576650459510e+00 -4.659014741972926643e-01
2.400000000000000000e+03 3.890549983286746283e-01 -8.360345801611188676e-01 -4.851859575585599771e-01
