# 		Time[Myr] 		 GC Label		 Age[Myr] 		 TotalOrTruncreMass[Msun]	 CoreMass[Msun] 	  TruncRadii[pc]	 CoreRadii[pc] 	 ErrCoreRadii	 FitAlpha 	 ErrFitAlpha	 FitSigma0 	  ErrFitSigma0	 FitSigmaBG 	  ErrFitSigmaBG
4.812500000000000000e+02 0.000000000000000000e+00 2.586700000000001864e+01 1.877651438567787409e+04 1.181346944195068090e+03 4.035764582208490601e+11 1.704073249539975465e-01 1.905860310098164700e-02 1.915145081232195512e+00 3.484046224531053837e-02 1.741256649220347390e+04 2.589662424503009333e+03 6.967059934188420753e-20 3.017448381253969858e-01
0.000000000000000000e+00 1.000000000000000000e+00 2.586700000000001864e+01 1.879652026110878069e+04 4.963457694408069074e+03 3.515255603841444554e+01 1.107049577382523520e+00 6.606245388496938264e-02 2.428423241629798390e+00 7.307945107467818391e-02 1.201939092184973561e+03 8.927680771669503201e+01 5.417927810725324811e-01 2.822131702048106816e-01
0.000000000000000000e+00 2.000000000000000000e+00 2.586700000000001864e+01 1.883553171819904674e+04 4.936449762576345165e+03 3.516665783224946296e+01 1.097826393801641265e+00 6.526907813948532033e-02 2.428585890179441709e+00 7.191301162794629109e-02 1.234446735233359959e+03 9.177021815805672134e+01 5.444197899255025508e-01 2.802503618779085270e-01
0.000000000000000000e+00 3.000000000000000000e+00 3.473000000000001819e+01 1.692497061454746927e+03 3.110913629506067082e+02 2.072271385730195536e+00 1.862087049204188272e-01 3.889356453005795439e-02 2.432710181267853766e+00 1.999201673124982870e-01 3.932997342832682989e+03 1.073669978540898001e+03 2.232635367572687457e+01 4.347575495116697830e-01
0.000000000000000000e+00 4.000000000000000000e+00 3.473000000000001819e+01 1.201352819625975826e+03 1.010296709260812236e+02 1.333829408132708672e+00 4.196396527115409808e-02 3.209659749298065384e-02 2.109758854181254861e+00 2.052401658394303885e-01 2.295043123852177087e+04 2.760991381755804105e+04 3.105967980773423776e+01 5.075634808521810593e-01
0.000000000000000000e+00 5.000000000000000000e+00 3.436599999999998545e+01 1.966577554858174835e+03 3.250954757522416116e+02 1.698078860473700713e+00 1.227436186419011144e-01 4.355219051650614098e-02 2.327811679053554794e+00 3.420323358274467429e-01 8.576690856252282174e+03 3.847056521434206388e+03 3.779672912739205515e+01 9.091049963055359839e+00
0.000000000000000000e+00 6.000000000000000000e+00 7.259399999999999409e+01 1.702499999170200681e+03 3.150925380367881417e+02 3.316873172638599598e+00 7.588739781202651080e-02 1.588331603783672136e-02 2.523658285156340497e+00 1.292382271137371419e-01 2.207875791971334547e+04 7.638227725284714325e+03 3.197145188564682883e+00 1.649977643800623894e-01
0.000000000000000000e+00 7.000000000000000000e+00 5.117899999999997362e+01 3.060898940928796947e+03 5.851718563540347304e+02 1.552366094550510489e+01 1.139380810061889904e-01 1.698746816863621473e-02 2.395792545289002540e+00 8.520122736636673300e-02 1.276259520052810876e+04 2.927766726698373077e+03 1.965916767667342246e-01 6.100278702746264603e-02
0.000000000000000000e+00 8.000000000000000000e+00 5.231099999999997863e+01 5.293554639018040689e+03 1.152338424820253067e+03 1.043412685729891211e+08 1.427999123205544729e-01 1.292589317152972005e-02 2.562968408246222740e+00 5.766842830942071896e-02 2.142767079928656312e+04 3.169105893215942615e+03 8.213905039862991718e-19 3.369595411903235360e-02
0.000000000000000000e+00 1.000000000000000000e+01 3.436599999999998545e+01 4.421698587739554932e+04 5.441598117206751795e+02 1.899525703754004883e+12 1.098641593911125203e-01 2.193837483637776226e-02 1.473480589112207362e+00 3.122395346754985521e-02 2.094901407695811577e+04 4.602760227903565465e+03 1.307881050131182118e-15 9.977507831053552545e-01
0.000000000000000000e+00 1.100000000000000000e+01 3.436599999999998545e+01 4.458009251646653865e+04 5.390583134857937694e+03 8.700125293861808594e+12 1.264440424127252438e+00 1.140348589626465903e-01 1.780617161681126159e+00 6.931189121081894611e-02 1.134518971950814375e+03 9.626143124701191311e+01 3.140093399375161707e-20 1.257423202216073621e+00
0.000000000000000000e+00 1.200000000000000000e+01 1.773500000000001364e+01 6.817002053081572740e+03 4.271254404498682788e+02 5.583910609797788411e+07 1.035564251675438197e-01 1.595035011542870335e-02 2.058559376961062171e+00 5.062151712766899819e-02 2.016249609590703403e+04 4.517151366912160483e+03 4.272922043443004215e-14 1.193316962852265933e-01
0.000000000000000000e+00 1.300000000000000000e+01 1.773500000000001364e+01 6.842009397370207807e+03 1.088319623441349904e+03 2.526773434311833382e+09 5.015074882463341766e-01 6.575243569745814476e-02 2.280626270329504379e+00 9.621736217330147112e-02 1.483073732242925416e+03 2.471954984534636424e+02 2.212574160273363594e-19 1.320184212577421856e-01
0.000000000000000000e+00 1.400000000000000000e+01 2.836799999999999500e+01 4.323269680619040628e+03 9.902908338299050683e+02 4.363419101094924812e+00 1.448811186056870037e-01 1.563893225828219546e-02 2.523552123266421532e+00 8.794419200094691358e-02 1.648778815338396453e+04 2.637681478272594632e+03 6.112864904316939629e+00 2.345967712022883067e-01
0.000000000000000000e+00 1.500000000000000000e+01 2.711299999999999955e+01 4.309065509063487116e+04 1.434421268396044525e+03 4.501484856084108125e+14 2.224506281824866483e-01 2.708086247566572277e-02 1.648070271967987388e+00 3.173254778517588248e-02 1.239371216891278345e+04 1.718811746760211918e+03 1.474573740420632403e-21 7.948976973744626973e-01
0.000000000000000000e+00 1.600000000000000000e+01 2.711299999999999955e+01 4.232042888654482522e+04 5.657661571860549884e+03 8.324616680293918591e+01 1.182852599458225296e+00 8.398854074718559160e-02 1.967722787277108587e+00 5.943160475212626997e-02 1.555788357627923006e+03 1.137641256881955911e+02 7.205144774854208567e-01 8.805595139828228390e-01
0.000000000000000000e+00 1.700000000000000000e+01 2.711299999999999955e+01 1.460428906456224695e+03 8.012353110078329337e+02 1.197098108541355677e+00 2.543603237176664811e-01 3.893950252922505351e-02 3.759071343285072864e+00 5.226148354244805061e-01 2.994195554802475272e+03 6.838075217791134719e+02 1.767554686831655886e+01 3.625518213479145824e-01
0.000000000000000000e+00 1.800000000000000000e+01 2.711299999999999955e+01 4.301663335154058586e+04 8.156395413180855030e+03 4.275270874534366727e+08 1.478562689828127663e+00 9.731121575383953892e-02 2.049458294883974574e+00 6.494462521466851102e-02 1.146627420634793452e+03 8.017637258102537601e+01 1.046482022715604784e-14 8.191785482350155689e-01
0.000000000000000000e+00 1.900000000000000000e+01 2.711299999999999955e+01 1.435421562167590082e+03 6.251836072158492925e+02 5.089514417052218853e-01 1.284117184400713763e-01 2.260532250762772172e-02 3.756956779122187839e+00 6.604951909010724487e-01 1.593266174533085177e+04 4.378418928554347076e+03 1.794470117830803986e+02 1.062528774463393511e+01
0.000000000000000000e+00 2.000000000000000000e+01 2.979599999999999227e+01 1.850743536113213486e+04 9.002643943908234192e+00 1.276281433630891889e+08 1.681096169781156127e-02 5.055654902951781798e-02 1.201054956467853430e+00 6.300623284515916023e-02 2.629270557346310670e+04 8.944660897317370109e+04 7.145247212971334350e-08 1.020290603812804786e+00
0.000000000000000000e+00 2.100000000000000000e+01 2.352999999999997272e+01 2.448719152743042741e+03 2.420710927139769524e+02 1.477438990261317139e+11 1.398568378404295154e-01 3.275111619353280462e-02 2.068593513786024296e+00 8.666301839910554861e-02 4.509303140205219279e+03 1.484324734436310791e+03 1.209849252407466876e-21 7.924911902103266848e-02
0.000000000000000000e+00 2.200000000000000000e+01 4.641300000000001091e+01 1.917563160052451849e+03 3.691084017002372093e+02 4.252543381595371486e+00 9.123753169234288807e-02 1.551772274165621329e-02 2.621409408693154752e+00 1.280414054367681465e-01 1.879490333142381860e+04 5.136766087800601781e+03 1.589626420525669603e+00 1.164452279765773035e-01
0.000000000000000000e+00 2.300000000000000000e+01 3.107099999999996953e+01 1.813532607811731623e+03 1.820534664212552514e+02 7.773335362706980668e+06 9.651107989078089311e-02 2.628290822917759076e-02 2.206599628931240620e+00 9.294673937156185117e-02 8.394681419295011437e+03 3.523582255176504077e+03 6.019921717600114787e-14 4.835397509224643314e-02
0.000000000000000000e+00 2.400000000000000000e+01 2.836799999999999500e+01 6.656955049634361785e+03 5.401586366344936607e+01 1.118824753574481790e+01 6.326299033662835525e-02 2.748641968363398080e-02 1.632246299980790738e+00 7.499887879982952699e-02 1.143770951150113797e+04 6.052077875675502582e+03 4.904773852838504311e+00 3.898816316419728145e-01
0.000000000000000000e+00 2.500000000000000000e+01 3.880799999999999272e+01 3.439009986572941671e+03 5.491612805784016018e+02 1.084797587288958454e+01 1.124920422287279120e-01 1.568997493215857492e-02 2.417613999524181434e+00 7.625099648371293226e-02 1.791937960603960892e+04 3.884315454779142783e+03 5.718093885274116994e-01 8.969924470606630007e-02
0.000000000000000000e+00 2.600000000000000000e+01 2.711299999999999955e+01 1.923564922681724511e+03 6.381874262459389229e+02 1.567316650077139828e+00 1.907928938060532154e-01 4.368839088269450138e-02 2.765257385201587148e+00 4.000309483568625923e-01 5.696203102763914103e+03 1.714641262331580720e+03 3.359260112001361875e+01 6.927643613370204179e+00
0.000000000000000000e+00 2.700000000000000000e+01 4.351999999999998181e+01 3.432007930172124816e+03 5.311559926905853217e+02 4.586976602494291733e+00 1.020150391142377044e-01 1.429288290390456212e-02 2.525270664766597228e+00 9.075513414477606733e-02 2.523489614253013860e+04 5.534821868445009386e+03 3.381253093091108219e+00 1.762127713464535783e-01
0.000000000000000000e+00 2.800000000000000000e+01 3.459100000000000819e+01 1.812532314040189704e+03 3.771107518726002468e+02 1.995626725838807047e+01 1.269367573085302403e-01 2.391831201010389055e-02 2.407588302378609324e+00 1.109285661732174466e-01 6.506358085679580654e+03 1.872072321916755755e+03 6.700658551820096176e-02 4.318333420247130044e-02
0.000000000000000000e+00 2.900000000000000000e+01 1.641699999999997317e+01 1.255368683289425007e+03 7.202115155126583090e+01 5.274503156316343144e+00 9.166438680679769857e-02 7.104884715819308194e-02 2.027311879694866814e+00 3.550050800985187771e-01 4.863264107122632595e+03 4.889144802052655905e+03 2.629118846766473006e+00 3.012432265919651631e+00
0.000000000000000000e+00 3.100000000000000000e+01 2.755299999999999727e+01 8.779578432853613776e+03 9.132682134209126161e+02 4.408131543360138238e+00 1.147755094548425919e-01 2.244173770185952516e-02 2.205488185356073938e+00 1.560203400554241726e-01 3.589312319086192292e+04 8.422787667617674742e+03 2.298872781269873045e+01 1.459507538471313914e+01
0.000000000000000000e+00 3.400000000000000000e+01 2.755299999999999727e+01 2.733802877633464959e+03 7.302144532281116085e+01 1.990912477171010053e+00 4.940472541843409643e-02 2.262775240849840275e-02 1.916074925256387784e+00 1.076551641845382573e-01 3.228642402022189344e+04 2.086670555950366179e+04 5.418032260727656535e+01 7.448054756432311851e-01
0.000000000000000000e+00 3.600000000000000000e+01 2.714600000000001501e+01 7.929328727039985097e+03 4.991465920011342519e+02 2.112413011785034138e+19 4.376800186202862708e-01 1.085836532526040787e-01 1.864174991270693305e+00 1.129422417806957291e-01 8.231133645279185203e+02 2.431354707090408169e+02 3.332526157078794548e-34 2.446136176321130618e-01
0.000000000000000000e+00 3.700000000000000000e+01 2.714600000000001501e+01 7.086081077627271952e+03 6.481903639613926771e+02 8.051827957360041984e+19 7.000444181640107510e-01 1.545276415317148599e-01 1.953187826174448194e+00 1.360945797627661491e-01 4.246202895287690922e+02 1.086378450946257885e+02 5.579318558348129707e-37 2.464825268074858633e-01
0.000000000000000000e+00 3.900000000000000000e+01 2.064299999999997226e+01 6.041774380133970226e+02 1.140334899561709960e+02 1.534566923547580508e+00 1.267596505232684856e-01 4.364884431220625305e-02 2.610300095272402476e+00 3.670354528135123529e-01 3.294158470134383151e+03 1.569298628619920919e+03 9.798521786676765544e+00 2.805593517955309868e-01
0.000000000000000000e+00 4.000000000000000000e+01 3.357999999999998408e+01 2.543747061039849086e+03 1.780522913350739600e+02 3.260263001790172588e+00 5.584997089203802556e-02 2.799267469713345030e-02 2.143095236112574131e+00 2.347046554851713596e-01 3.493467794585543743e+04 2.405594634477766158e+04 1.145558060544885670e+01 7.220834434980251793e+00
0.000000000000000000e+00 4.100000000000000000e+01 3.357999999999998408e+01 8.726562862961711289e+03 5.001468857726795392e+01 1.202012561696846760e+01 2.318413403596630146e-02 2.635198747336955569e-02 1.583139547884359954e+00 6.805543923399907935e-02 5.143484346091091720e+04 8.167165143487408932e+04 5.181886686104475004e+00 4.529685474600472217e-01
0.000000000000000000e+00 4.200000000000000000e+01 2.064299999999997226e+01 1.218257784365092448e+04 8.752570501021887139e+02 8.756926931719853258e+00 1.122212337755844336e-01 1.428648920890206869e-02 2.019313384159048486e+00 4.370610934966943917e-02 3.002993287418264299e+04 5.285973322806020406e+03 9.066071813253891776e+00 3.899471047800933121e-01
0.000000000000000000e+00 4.300000000000000000e+01 2.064299999999997226e+01 1.225459899520219005e+04 3.588053758533201744e+03 8.681215392089855598e+00 1.030590316390902705e+00 7.968404102101915576e-02 2.540555245844288823e+00 1.198985144029268979e-01 8.931987032179272319e+02 8.205361880992458623e+01 7.920968280196500899e+00 3.775334366655541118e-01
0.000000000000000000e+00 4.700000000000000000e+01 2.064299999999997226e+01 2.660681402933562276e+04 5.141509985743145990e+02 2.184070117870922090e+01 9.121509665295157721e-02 1.700574530107785975e-02 1.744083754945203069e+00 3.627911561381386846e-02 2.757496322184835662e+04 6.739203796247928040e+03 3.908322056373402020e+00 4.502388818580417285e-01
0.000000000000000000e+00 4.900000000000000000e+01 3.641199999999997772e+01 2.463723559316222691e+03 2.430713864855221971e+02 4.961068001808776855e+08 2.741278152047466055e-01 5.977259552843874196e-02 2.123276776989029724e+00 1.112210577987470111e-01 1.425269230409974853e+03 4.128194776161947743e+02 6.286847743726509893e-17 8.134959386182009922e-02
0.000000000000000000e+00 5.000000000000000000e+01 5.341199999999997772e+01 2.685788776599287758e+03 9.902908338299049262e+01 5.152217257938733752e+00 3.574399461692975150e-02 2.848910523097892417e-02 2.080041972642461712e+00 1.997211572083336939e-01 7.302250715721931192e+04 9.133645245899149450e+04 4.721680905848436360e+00 6.515523631598911791e+00
0.000000000000000000e+00 5.200000000000000000e+01 3.341800000000000637e+01 6.176814039292590678e+03 2.097616038930616924e+03 6.819427710360547401e+00 1.193444232639547575e+00 1.021069610255237597e-01 2.823010647129871931e+00 1.719357900914779136e-01 4.892718505760120706e+02 5.468988960770702334e+01 7.088538591704049097e+00 3.141839133957539110e-01
0.000000000000000000e+00 5.300000000000000000e+01 3.341800000000000637e+01 1.111926556449820782e+04 6.401880137890297817e+01 1.499231643039484752e+01 4.863092890635554305e-02 2.241705209394622214e-02 1.662171090990954614e+00 5.281900243384449883e-02 2.908981355613994674e+04 1.820930465573685433e+04 4.242953374633350094e+00 4.149516307299235263e-01
0.000000000000000000e+00 5.400000000000000000e+01 2.951400000000001000e+01 1.652485310592930091e+03 5.501615743499472444e+01 2.993258473227993477e+01 5.915924023804855492e-02 2.994361259026464064e-02 2.008515795443895691e+00 1.055104961569566374e-01 1.116369423392151293e+04 8.567426735601622568e+03 8.271138777175769674e-02 7.042143705833374401e-02
0.000000000000000000e+00 5.500000000000000000e+01 3.357999999999998408e+01 5.067488246648789755e+03 8.852599878176431503e+02 5.477375757218763574e+00 1.759291300511953982e-01 2.098253418251568025e-02 2.359428848965402281e+00 8.138161143204568349e-02 1.032539727420354029e+04 1.757166168001371261e+03 6.189069638971971266e+00 2.636180351239819086e-01
0.000000000000000000e+00 5.600000000000000000e+01 2.755299999999999727e+01 4.351077847468390246e+04 4.491319034238661061e+02 2.085651811676231003e+10 9.973048904726330988e-02 2.150228681466291245e-02 1.483701551392346829e+00 3.427479529251885315e-02 2.135989154825110745e+04 5.024511427112152887e+03 6.831458508515141817e-13 8.897371833538977315e-01
0.000000000000000000e+00 5.700000000000000000e+01 2.755299999999999727e+01 4.282057577231742471e+04 1.411414511650501481e+03 1.480964077083265750e+15 5.360353634281921353e-01 7.345185090605012290e-02 1.562003769885507820e+00 5.968306642290537728e-02 2.296542923851899104e+03 2.781185925748581553e+02 3.488638426996151495e-21 1.174062453019180996e+00
0.000000000000000000e+00 5.800000000000000000e+01 2.755299999999999727e+01 4.358179933246360451e+04 2.780816684896097286e+03 1.784918145534470215e+12 7.432246147340789699e-01 7.878559225746657735e-02 1.718155604964188399e+00 6.213899366457411449e-02 1.850240916390045413e+03 1.853359829429176955e+02 1.979866317935033751e-18 9.687509431753402733e-01
0.000000000000000000e+00 5.900000000000000000e+01 2.755299999999999727e+01 4.178227083745309210e+04 7.902320795208331674e+02 6.708807186507486400e+16 3.788257522748720851e-01 5.869852670426799895e-02 1.553019360913509450e+00 5.355453229236189355e-02 3.641840682490341806e+03 5.265269544253437743e+02 1.190017547924377215e-23 1.063595611873852542e+00
0.000000000000000000e+00 6.000000000000000000e+01 2.755299999999999727e+01 4.119009692469811853e+04 7.992347234647415917e+02 1.498757485988264400e+16 2.922463888787371067e-01 3.953966669131793454e-02 1.578357314915500575e+00 4.431424987715635450e-02 5.593176936318718617e+03 7.478026731816382835e+02 4.724609270036010031e-23 8.939269439463263245e-01
0.000000000000000000e+00 6.100000000000000000e+01 2.200299999999998590e+01 1.923564922681724511e+03 2.580757930587025726e+02 1.162525040396604581e+01 8.409304455727735494e-02 2.058975556582977318e-02 2.323355591572121792e+00 1.026157427709230435e-01 1.323225496848113653e+04 5.093384615669883715e+03 2.813106161552064166e-01 6.120820236810546600e-02
0.000000000000000000e+00 6.200000000000000000e+01 2.234699999999997999e+01 5.257243975111511827e+04 4.620356930768011807e+03 2.383470814476098099e+01 3.724773541074596350e-01 2.594897718372076931e-02 2.012443962341997850e+00 3.264516230732494861e-02 1.259850604711628148e+04 1.102856761177094768e+03 5.841888294827081829e+00 6.846475389337778328e-01
0.000000000000000000e+00 6.300000000000000000e+01 2.234699999999997999e+01 4.647764980108354939e+04 8.023356341565322509e+03 1.586475799635833361e+01 7.673631280219480599e-01 3.484310326052215273e-02 2.358148843695420105e+00 4.285685594885514649e-02 5.358712440737052020e+03 3.131995532509114355e+02 8.467622712630582527e+00 5.959631355874146497e-01
0.000000000000000000e+00 6.400000000000000000e+01 2.234699999999997999e+01 4.181127935682445241e+04 1.174444917171405723e+04 1.247706512844441384e+01 1.255851109085745154e+00 4.471851395665144002e-02 2.704464507528954620e+00 5.689312311949035889e-02 2.782502082363236241e+03 1.315914222934719362e+02 1.116274499712863033e+01 5.550573572645283171e-01
0.000000000000000000e+00 6.500000000000000000e+01 2.234699999999997999e+01 4.184128816997081594e+04 1.273574029931550831e+04 1.224604988942706107e+01 1.481120789084198863e+00 4.985142241264300944e-02 2.805892004067652934e+00 6.247868150730995218e-02 2.198560749336931622e+03 9.829979328211025802e+01 1.169152849574425623e+01 5.506779822597794860e-01
0.000000000000000000e+00 6.600000000000000000e+01 2.234699999999997999e+01 4.170124704195446247e+04 1.247066244985598678e+04 1.245708519696394845e+01 1.369821866016786682e+00 4.757676863556088709e-02 2.761654193677377300e+00 5.958614512080397108e-02 2.457200413851956000e+03 1.136515495319786027e+02 1.103448124382987494e+01 5.447462781390335351e-01
0.000000000000000000e+00 6.700000000000000000e+01 2.234699999999997999e+01 4.326570650065140944e+04 9.472782016534547438e+03 1.392805614717519269e+01 9.781526891236788090e-01 3.943890735066261227e-02 2.509277734526840664e+00 4.901220980977393643e-02 3.914840024831531537e+03 2.048604433443481128e+02 9.971929208465317274e+00 5.760236481248723894e-01
0.000000000000000000e+00 6.800000000000000000e+01 2.234699999999997999e+01 5.174019533318367758e+04 6.277843710218670822e+03 1.851769013372705786e+01 5.605929777496264643e-01 3.063330287115755349e-02 2.188250257901450446e+00 3.763027451219293912e-02 7.852014875493523505e+03 5.439663859328111357e+02 7.447081465021886615e+00 6.341830630943989799e-01
0.000000000000000000e+00 6.900000000000000000e+01 2.234699999999997999e+01 3.940257195494322514e+04 1.805530257639372576e+04 1.027207980625660078e+01 2.315703088968451340e+00 5.505362938032694331e-02 3.625952832869004272e+00 9.518401255325401045e-02 1.213775459982314260e+03 4.349956270553909832e+01 1.089712058016732854e+01 4.436088757025073437e-01
0.000000000000000000e+00 7.000000000000000000e+01 2.234699999999997999e+01 4.100104140187271696e+04 1.263971209724715482e+04 1.207105140347403704e+01 1.381345031546145519e+00 4.555925830138926602e-02 2.855693458346243663e+00 6.156901659802715282e-02 2.515449322598514755e+03 1.130643716681144184e+02 1.028689302347782508e+01 5.173562211725526438e-01
0.000000000000000000e+00 7.100000000000000000e+01 2.234699999999997999e+01 4.160922001497229212e+04 1.080717390777605760e+04 1.275181774688783776e+01 1.115480971225548901e+00 4.128050162734226564e-02 2.657252870405280021e+00 5.380888303711026110e-02 3.344375030330250411e+03 1.647298767616967154e+02 1.030409290108094744e+01 5.458324882032234981e-01
0.000000000000000000e+00 7.300000000000000000e+01 2.593399999999996908e+01 1.024500880816756762e+04 1.113326967729984062e+03 1.829946689052835396e+01 1.506851076721142657e-01 1.553098875258943599e-02 2.203603779156433795e+00 4.692095545224834324e-02 1.979559295096687856e+04 2.958460614859914585e+03 1.010336386865657188e+00 1.807326788104755000e-01
0.000000000000000000e+00 7.400000000000000000e+01 3.317199999999996862e+01 1.370402467017141589e+03 4.601351349108651334e+01 1.808328838365628499e+01 6.412692463742977744e-02 2.612302815983407953e-02 2.355037342541832057e+00 1.202471237286042993e-01 1.828318397942808588e+04 1.316725135893361221e+04 6.204138234877538960e-02 3.551528118649781296e-02
