# star id 	 star_x_coords [pc] 	 star_y_coords [pc] 	 star_z_coords [pc] 
1.337200000000000000e+04 -1.863334634264251832e+00 3.114405695738348356e+00 -3.880924446353475332e-01
1.332200000000000000e+04 -5.969587967517284710e-01 -8.642371795964844949e-01 9.105439383913171980e-01
1.346300000000000000e+04 -4.452197032418609979e-01 -4.253420343916989310e-01 1.924458681332197330e-02
1.330900000000000000e+04 -2.447103922713136370e+00 2.050875376054681176e+00 -6.114533766442420415e-02
1.330200000000000000e+04 5.555598729202024799e-01 4.876237594028438593e-01 4.815947553550472549e-01
1.330800000000000000e+04 4.630469236278251799e-01 -2.830982075114718555e-02 1.025830669086989388e+00
1.336900000000000000e+04 1.069344795562287231e+00 -1.808228470993780590e+00 5.371100476993930783e-01
1.330400000000000000e+04 9.221069353633950527e-01 -1.720916937310841277e+00 2.395715440702517185e-01
1.331400000000000000e+04 1.427403986207401942e+00 -1.714723344112515591e+00 3.156052401828794984e-01
1.331200000000000000e+04 1.118469377517868679e+00 -1.674116731714583750e+00 6.461131359742715574e-01
1.330600000000000000e+04 1.118469377517868679e+00 -1.674116731714583750e+00 6.461131359742715574e-01
1.336800000000000000e+04 3.233562688030104937e-01 -7.257547733306672910e-01 1.080702091639523132e+00
1.329800000000000000e+04 2.303877349915914863e-01 -1.413303893647070097e+00 1.320351841606289156e+00
1.335800000000000000e+04 1.197891319158884471e+00 -1.597082905827539534e+00 7.434022480528739152e-01
1.331100000000000000e+04 2.059388352663386712e+00 -1.405553103003750692e+00 1.776304909345402194e+00
1.330300000000000000e+04 1.341495012215478511e+00 -1.039023900441078396e+00 3.045190754937323163e+00
1.332000000000000000e+04 -1.723244840163513203e+00 8.778271280392786480e-01 -2.319566667271807603e+00
1.335200000000000000e+04 -2.436571387171575509e-01 1.272905620855869557e+00 -2.018265948874095272e+00
1.332100000000000000e+04 -3.936822155841639415e-01 6.569028754883561305e-01 -2.586771754670969869e+00
1.337000000000000000e+04 -3.956552220289744071e-01 1.258993543282743488e+00 -1.259153543358888072e+00
1.331600000000000000e+04 5.355275421087988263e-01 7.089755245918674120e-01 -1.015734937563703255e+00
1.331300000000000000e+04 -1.082489898563387953e-01 1.178742633664555228e+00 -1.015583647640060150e+00
1.330700000000000000e+04 -1.083779245890948317e+00 1.337694431844482779e-01 -7.238511022315528010e-01
1.332500000000000000e+04 -1.530781394416639074e+00 2.174844112698486320e+00 -6.997567560329969183e-01
1.330500000000000000e+04 -1.530781394416639074e+00 2.174844112698486320e+00 -6.997567560329969183e-01
