# star id 	 star_x_coords [pc] 	 star_y_coords [pc] 	 star_z_coords [pc] 
5.745900000000000000e+04 5.069638787436883121e-01 1.269072980514316384e-01 -7.476238864585891264e-01
7.073800000000000000e+04 -4.274462255834166058e-02 1.907221187171046495e-01 -1.401151578609506565e+00
5.841100000000000000e+04 5.069638787436883121e-01 1.269072980514316384e-01 -7.476238864585891264e-01
5.777500000000000000e+04 9.725313702627467194e-01 5.183717590676693021e-01 -6.743953378954037348e-01
4.337200000000000000e+04 1.163285627394321509e+00 5.413391792868083030e-01 -2.460950707473843480e-01
5.780500000000000000e+04 -1.127219077633041522e+00 1.038087998595145223e-01 7.723625141401004868e-01
2.172100000000000000e+04 -7.165753873344868907e-01 -7.573905356032071268e-01 1.873116603957050152e+00
5.785400000000000000e+04 -1.062561313319717371e+00 -5.737039302825337472e-01 1.358165967224560067e+00
5.785300000000000000e+04 -3.298983134636603864e-01 -3.371107857856650014e-01 -1.594114311570535847e-01
