# star id 	 star_x_coords [pc] 	 star_y_coords [pc] 	 star_z_coords [pc] 
5.468000000000000000e+03 -1.460032282224688061e+00 2.625026308275497655e-01 -1.513315218048575161e+00
5.730000000000000000e+03 3.400163395317292725e-01 1.471564549480550710e-01 -1.486031434222280012e+00
5.552000000000000000e+03 -2.620872135736362907e-03 5.726025368385538883e-01 -1.089048059930732393e+00
5.491000000000000000e+03 1.214146616130449274e+00 -2.387031854234116679e+00 -1.006231822973091994e+00
5.731000000000000000e+03 -4.723543377281202993e-02 3.473343371475170471e-01 -1.060716928297786410e+00
5.674000000000000000e+03 1.579628835269488718e-01 5.629819703324479008e-02 -7.838254226182712614e-01
5.673000000000000000e+03 1.579628835269488718e-01 5.629819703324479008e-02 -7.838254226182712614e-01
5.482000000000000000e+03 4.445401570798708235e-01 7.295950569508029560e-01 -6.840155427051932691e-01
5.481000000000000000e+03 -5.709066489118015397e-01 3.921259780635306669e-01 -5.751409644848841651e-01
5.736000000000000000e+03 -4.171890048655200189e-01 5.768088951711600743e-01 -5.977855160200675755e-01
5.702000000000000000e+03 -4.171890048655200189e-01 5.768088951711600743e-01 -5.977855160200675755e-01
5.477000000000000000e+03 -1.368882754866717733e+00 -8.278621533678887090e-02 -5.085864049073549609e-01
5.476000000000000000e+03 -1.069075244994536433e+00 8.328905662545249555e-01 -5.165068627430677850e-01
5.483000000000000000e+03 4.031289557199499995e-01 4.714601799545832250e-01 -4.314927535146431126e-01
5.728000000000000000e+03 4.031289557199499995e-01 4.714601799545832250e-01 -4.314927535146431126e-01
5.727000000000000000e+03 1.007655077844162861e-01 7.259518296361591183e-01 -3.066654903678021071e-01
5.655000000000000000e+03 -5.158664377198931561e-01 -4.247497688858459242e-05 -2.702794805871597816e-01
5.666000000000000000e+03 7.645121902960170246e-01 -9.084255498789755023e-01 -2.621699044129641720e-01
5.485000000000000000e+03 1.371637281920641271e-01 7.399097897542681324e-01 -2.930237143145646428e-01
5.662000000000000000e+03 2.396737298262223703e-01 5.467662969490962865e-01 -3.081176882579548248e-01
5.732000000000000000e+03 5.943389625630857154e-02 3.539477133518253993e-02 -3.069273180595608608e-01
5.544000000000000000e+03 5.943389625630857154e-02 3.539477133518253993e-02 -3.069273180595608608e-01
5.762000000000000000e+03 -1.057777635816137263e-02 -1.539238415212942357e-01 -1.906740201262024925e-01
5.490000000000000000e+03 -1.057777635816137263e-02 -1.539238415212942357e-01 -1.906740201262024925e-01
5.484000000000000000e+03 -1.057777635816137263e-02 -1.539238415212942357e-01 -1.906740201262024925e-01
5.486000000000000000e+03 1.262961809400167112e-01 -1.350370573234904725e-02 -3.079582537617788773e-01
5.771000000000000000e+03 1.262961809400167112e-01 -1.350370573234904725e-02 -3.079582537617788773e-01
5.605000000000000000e+03 1.262961809400167112e-01 -1.350370573234904725e-02 -3.079582537617788773e-01
5.604000000000000000e+03 2.605505596004320523e-01 -1.366244919704424632e-01 -2.107886161458587537e-01
5.603000000000000000e+03 2.605505596004320523e-01 -1.366244919704424632e-01 -2.107886161458587537e-01
5.585000000000000000e+03 2.605505596004320523e-01 -1.366244919704424632e-01 -2.107886161458587537e-01
5.480000000000000000e+03 -2.679196273152228969e-02 -1.349851489160798224e-01 -2.601038389390524230e-01
5.602000000000000000e+03 -2.679196273152228969e-02 -1.349851489160798224e-01 -2.601038389390524230e-01
5.516000000000000000e+03 1.625001623567641218e-01 4.483804408184983714e-01 -2.227937133300272876e-01
5.620000000000000000e+03 -1.062048705410632010e-01 -1.615105419217481852e-01 -2.123004389236982092e-01
5.573000000000000000e+03 -1.062048705410632010e-01 -1.615105419217481852e-01 -2.123004389236982092e-01
5.572000000000000000e+03 -3.531353617468084849e-01 -8.684440869776466343e-02 -1.757018202819047303e-01
5.711000000000000000e+03 6.202103812750294765e-01 -1.957981238979421335e+00 -1.972199909580858446e-01
5.579000000000000000e+03 -2.328179687086731064e-01 9.362231699900398496e-01 -1.800195549533967210e-01
5.777000000000000000e+03 1.604285308661133058e-01 9.594914185333660583e-01 -1.887773166537449754e-01
5.586000000000000000e+03 1.604285308661133058e-01 9.594914185333660583e-01 -1.887773166537449754e-01
5.568000000000000000e+03 3.324662861416527448e-03 -7.562452345890413596e-02 -1.591704651825800454e-01
5.678000000000000000e+03 3.324662861416527448e-03 -7.562452345890413596e-02 -1.591704651825800454e-01
5.590000000000000000e+03 3.324662861416527448e-03 -7.562452345890413596e-02 -1.591704651825800454e-01
5.712000000000000000e+03 -2.719694271242758532e-01 -9.977106390279288917e-02 -1.681698602812708998e-01
5.701000000000000000e+03 -2.719694271242758532e-01 -9.977106390279288917e-02 -1.681698602812708998e-01
5.587000000000000000e+03 -2.719694271242758532e-01 -9.977106390279288917e-02 -1.681698602812708998e-01
5.700000000000000000e+03 -1.641798665898193121e-01 4.821348866269303812e-02 2.010445890689638304e-02
5.709000000000000000e+03 -2.752368422268602899e-01 -3.376726411242891857e-02 -6.619310047517146245e-02
5.611000000000000000e+03 -2.752368422268602899e-01 -3.376726411242891857e-02 -6.619310047517146245e-02
5.695000000000000000e+03 -2.055463430613144737e-01 -8.677355241866635538e-03 -5.900792222305284440e-02
5.549000000000000000e+03 -2.055463430613144737e-01 -8.677355241866635538e-03 -5.900792222305284440e-02
5.704000000000000000e+03 -2.055463430613144737e-01 -8.677355241866635538e-03 -5.900792222305284440e-02
5.522000000000000000e+03 -2.055463430613144737e-01 -8.677355241866635538e-03 -5.900792222305284440e-02
5.467000000000000000e+03 -2.055463430613144737e-01 -8.677355241866635538e-03 -5.900792222305284440e-02
5.606000000000000000e+03 -2.927204623716193055e-01 -5.887741527974377220e-02 -7.616008790754591473e-02
5.591000000000000000e+03 -2.927204623716193055e-01 -5.887741527974377220e-02 -7.616008790754591473e-02
5.531000000000000000e+03 -2.481525967230311380e-01 -1.898190248683544468e-01 6.362392619148948825e-03
5.640000000000000000e+03 -2.481525967230311380e-01 -1.898190248683544468e-01 6.362392619148948825e-03
5.833000000000000000e+03 -2.481525967230311380e-01 -1.898190248683544468e-01 6.362392619148948825e-03
5.739000000000000000e+03 3.356309041515999070e-01 -1.075283786083817361e+00 2.289701668657428968e-02
5.808000000000000000e+03 -2.807409939329090776e-01 1.849163078859788811e+00 -7.945170480731178486e-03
5.719000000000000000e+03 1.553428586359473229e-01 1.262452621228316474e+00 -1.845019266708902705e-02
5.520000000000000000e+03 -5.439713385072479923e-01 3.082809919261180198e-01 -1.804010903440556035e-02
5.521000000000000000e+03 -5.439713385072479923e-01 3.082809919261180198e-01 -1.804010903440556035e-02
5.668000000000000000e+03 -9.141682780131077379e-02 -7.891776524665239378e-02 -2.584564717368209585e-02
5.669000000000000000e+03 -9.141682780131077379e-02 -7.891776524665239378e-02 -2.584564717368209585e-02
5.559000000000000000e+03 -9.900275036989114597e-02 1.450100734613357645e-02 -2.412225412544088954e-02
5.529000000000000000e+03 -9.900275036989114597e-02 1.450100734613357645e-02 -2.412225412544088954e-02
5.528000000000000000e+03 -9.900275036989114597e-02 1.450100734613357645e-02 -2.412225412544088954e-02
5.670000000000000000e+03 -4.164181648827423032e-01 1.017977446660900398e-01 -7.578707955996577539e-03
5.774000000000000000e+03 -6.569743307554176681e-02 -1.219800076597046257e-01 9.053352221503274677e-03
5.466000000000000000e+03 -6.569743307554176681e-02 -1.219800076597046257e-01 9.053352221503274677e-03
5.787000000000000000e+03 9.096431440161723003e-02 -2.880955151702693229e-01 6.559318178687334466e-02
5.780000000000000000e+03 9.096431440161723003e-02 -2.880955151702693229e-01 6.559318178687334466e-02
5.781000000000000000e+03 -3.266387834859472150e-01 -6.138678654881246644e-02 5.113216735388448342e-04
5.538000000000000000e+03 -3.266387834859472150e-01 -6.138678654881246644e-02 5.113216735388448342e-04
5.737000000000000000e+03 -3.266387834859472150e-01 -6.138678654881246644e-02 5.113216735388448342e-04
5.629000000000000000e+03 -3.266387834859472150e-01 -6.138678654881246644e-02 5.113216735388448342e-04
5.539000000000000000e+03 -2.251211320555626116e-01 -1.377079039150057582e-01 6.267062563239278461e-02
5.721000000000000000e+03 -2.251211320555626116e-01 -1.377079039150057582e-01 6.267062563239278461e-02
5.540000000000000000e+03 -2.251211320555626116e-01 -1.377079039150057582e-01 6.267062563239278461e-02
5.518000000000000000e+03 -1.693264052755409921e-01 1.848449188707430579e-01 8.730157132252003294e-02
5.772000000000000000e+03 -1.693264052755409921e-01 1.848449188707430579e-01 8.730157132252003294e-02
5.656000000000000000e+03 -1.693264052755409921e-01 1.848449188707430579e-01 8.730157132252003294e-02
5.720000000000000000e+03 -1.693264052755409921e-01 1.848449188707430579e-01 8.730157132252003294e-02
5.788000000000000000e+03 -1.693264052755409921e-01 1.848449188707430579e-01 8.730157132252003294e-02
5.530000000000000000e+03 -3.471473658018453534e-02 2.507321884822868441e-01 1.168172262286830687e-01
5.465000000000000000e+03 -3.471473658018453534e-02 2.507321884822868441e-01 1.168172262286830687e-01
5.463000000000000000e+03 3.212228694712564447e-01 -1.825866487649927095e+00 1.751497478843084821e-01
5.832000000000000000e+03 1.233158032825372175e-01 9.943151149134017430e-01 2.659629197003887668e-01
5.831000000000000000e+03 -2.566515187913012142e-01 3.991290965421683268e-01 2.488865963278108495e-01
5.830000000000000000e+03 -2.566515187913012142e-01 3.991290965421683268e-01 2.488865963278108495e-01
5.829000000000000000e+03 -2.566515187913012142e-01 3.991290965421683268e-01 2.488865963278108495e-01
5.543000000000000000e+03 1.035276347068645464e-01 -2.758155665737156426e-01 2.758356505030832295e-01
5.542000000000000000e+03 7.640684572118914275e-01 -4.394434927751618147e-01 2.586694142103382887e-01
5.541000000000000000e+03 8.678513743575422268e-03 -3.243124951207061457e-01 2.866139429548155704e-01
5.519000000000000000e+03 8.678513743575422268e-03 -3.243124951207061457e-01 2.866139429548155704e-01
5.807000000000000000e+03 1.093786562643771276e+00 -2.279827052500493778e-01 3.068296728232091652e-01
5.663000000000000000e+03 1.093786562643771276e+00 -2.279827052500493778e-01 3.068296728232091652e-01
5.755000000000000000e+03 1.093786562643771276e+00 -2.279827052500493778e-01 3.068296728232091652e-01
5.639000000000000000e+03 1.093786562643771276e+00 -2.279827052500493778e-01 3.068296728232091652e-01
5.464000000000000000e+03 -6.127595370708149858e-02 2.527717815965111470e-01 3.024122607005672592e-01
5.459000000000000000e+03 1.001880632751635858e+00 5.389466579772488330e-01 3.160155398540993588e-01
5.461000000000000000e+03 1.001880632751635858e+00 5.389466579772488330e-01 3.160155398540993588e-01
5.706000000000000000e+03 1.959463978965061415e-01 -4.168302859385395465e-01 3.245497790453555353e-01
5.638000000000000000e+03 5.074473222381072901e-01 -3.702048238494963783e-01 3.710478109382151501e-01
5.637000000000000000e+03 1.392230945334063108e-01 -4.343076019411427069e-01 4.686322676272816068e-01
5.707000000000000000e+03 1.392230945334063108e-01 -4.343076019411427069e-01 4.686322676272816068e-01
5.560000000000000000e+03 -1.415901212368169126e-01 3.762507503760517125e-01 4.681017856948948008e-01
5.708000000000000000e+03 -1.415901212368169126e-01 3.762507503760517125e-01 4.681017856948948008e-01
5.738000000000000000e+03 1.070954496654223931e-01 3.680203195741178490e-01 4.717807040844697042e-01
5.647000000000000000e+03 -1.202826742536444726e-01 1.431734268148687761e-01 5.102670667607682731e-01
5.766000000000000000e+03 -1.202826742536444726e-01 1.431734268148687761e-01 5.102670667607682731e-01
5.767000000000000000e+03 1.074713825752752427e+00 1.541500251682460743e+00 5.313977014465436355e-01
5.462000000000000000e+03 -6.907096275054414036e-01 -5.564878753585773552e-01 5.455233455234704820e-01
5.460000000000000000e+03 -6.907096275054414036e-01 -5.564878753585773552e-01 5.455233455234704820e-01
5.517000000000000000e+03 -6.907096275054414036e-01 -5.564878753585773552e-01 5.455233455234704820e-01
5.800000000000000000e+03 -3.142348813794626494e-01 4.201665848977054196e-01 6.086461701254108903e-01
5.795000000000000000e+03 -3.142348813794626494e-01 4.201665848977054196e-01 6.086461701254108903e-01
5.610000000000000000e+03 -1.369445666017526264e+00 2.710672611695645884e-01 6.455740036643042856e-01
5.718000000000000000e+03 -2.110214776380985313e-01 -6.809980586745432163e-01 6.527914383821027400e-01
5.648000000000000000e+03 1.353979142161904292e+00 7.216094861419968254e-01 7.088443428222674925e-01
5.675000000000000000e+03 -1.029612999333863854e+00 -3.221928148631469924e-02 7.599334661765304588e-01
5.634000000000000000e+03 1.893115579879690813e+00 -2.393369867194993006e+00 1.398906547446603810e+00
5.799000000000000000e+03 8.460402502527415436e-01 -2.092069893224715926e+00 1.598325755250161961e+00
5.801000000000000000e+03 1.206806423837747388e+00 -9.415003320283492627e-01 1.362287089725811029e+00
