# star id 	 star_x_coords [pc] 	 star_y_coords [pc] 	 star_z_coords [pc] 
9.578000000000000000e+03 4.712027247199657154e-02 1.305436103683160542e+00 -1.746646639169426862e-01
1.371400000000000000e+04 4.712027247199657154e-02 1.305436103683160542e+00 -1.746646639169426862e-01
8.440000000000000000e+03 3.514409431622969038e-01 5.234086943383680079e-01 2.063152821397270742e+00
1.935100000000000000e+04 5.130805522628314463e-01 -4.372669328705527381e-01 1.269726849426330517e+00
9.712000000000000000e+03 5.518430987934230814e-02 -4.823238722303748727e-01 1.070428038822747396e+00
9.274000000000000000e+03 -5.105259695536288334e-01 1.231629138239920263e-01 -1.264189008275545589e+00
9.275000000000000000e+03 -5.105259695536288334e-01 1.231629138239920263e-01 -1.264189008275545589e+00
8.556000000000000000e+03 1.875642781153086247e-01 -4.226375011836770446e-01 -1.051488574391060027e+00
9.822000000000000000e+03 -5.379493125152023936e-02 1.946717630250334174e-01 -6.342331680882544731e-01
8.441000000000000000e+03 -6.333187686714669695e-02 -1.116525091870402608e+00 8.006069037378793496e-02
9.577000000000000000e+03 -6.333187686714669695e-02 -1.116525091870402608e+00 8.006069037378793496e-02
