# star id 	 star_x_coords [pc] 	 star_y_coords [pc] 	 star_z_coords [pc] 
5.776100000000000000e+04 -6.726986656165934164e-01 -4.611842402879666736e-01 -2.457810281665846475e-01
4.827800000000000000e+04 4.285782538527200813e-01 6.696705271050671371e-01 -4.245682531845744734e-01
4.810300000000000000e+04 6.239349117494441543e-02 2.930445957436251803e-01 -2.685446492705452215e-01
5.782000000000000000e+04 -1.247400739392077185e-01 1.218486204519528826e-01 -4.256177066813826571e-02
4.818400000000000000e+04 -4.383349440431700828e-01 -5.019469308664916696e-01 2.515377975678436684e-01
4.827300000000000000e+04 -1.593111684605972300e-01 -5.447433023456476064e-01 8.589164240631959046e-01
4.816800000000000000e+04 -7.543500338748998502e-02 5.169536185296701447e-01 1.391897051414234809e+00
5.770200000000000000e+04 5.025723192412812068e-01 -2.783758517604528748e-01 2.937271296133481258e-02
5.831400000000000000e+04 3.724036583496115327e-02 -7.567569658296964263e-01 -3.179413935208916797e-01
5.776000000000000000e+04 3.989065351046150454e-01 1.027031919717837027e+00 -1.420515792481921835e+00
