# star id 	 star_x_coords [pc] 	 star_y_coords [pc] 	 star_z_coords [pc] 
1.435000000000000000e+03 -1.026189066330545074e-01 1.956395069526166708e-01 1.024351540921450976e-01
1.565000000000000000e+03 7.002535555951538981e-02 -4.863272096161637137e-01 8.150562809604444681e-02
1.675000000000000000e+03 -1.627064685087589169e-01 -1.288545638314523956e+00 -2.548099376904694680e+00
1.566000000000000000e+03 5.512100001467103993e-01 -8.540503647566168866e-01 -1.057929862609068294e-01
1.651000000000000000e+03 8.629405167188721748e-01 -2.638918187410155269e-01 -1.085203062487400061e+00
1.594000000000000000e+03 6.223769757419859161e-01 6.233422472827570004e-01 2.715548499029569740e-01
1.762000000000000000e+03 -8.190595003469738344e-01 -6.392392316239394745e-01 1.211949129547633675e-01
1.650000000000000000e+03 -8.369698803288372346e-01 -1.192918470099662898e+00 -1.123463741387363157e+00
1.434000000000000000e+03 -4.007098614825821414e-02 1.187303739848317718e-01 2.315618269206645152e-01
1.581000000000000000e+03 -4.007098614825821414e-02 1.187303739848317718e-01 2.315618269206645152e-01
1.582000000000000000e+03 -4.306891846533744683e-01 -1.836669028727797581e+00 -1.672092135351892495e+00
1.595000000000000000e+03 -4.007098614825821414e-02 1.187303739848317718e-01 2.315618269206645152e-01
1.518000000000000000e+03 -2.146746733057156575e-01 -6.780517548893527646e-02 3.352118882228989349e-01
1.587000000000000000e+03 -2.146746733057156575e-01 -6.780517548893527646e-02 3.352118882228989349e-01
1.539000000000000000e+03 -2.270512132373880831e-02 1.662618549440253446e-01 3.558916427438365560e-01
1.502000000000000000e+03 2.302900818958306672e-01 7.417621157019027578e-02 9.044345050953417342e-02
1.557000000000000000e+03 1.791526807529919552e-02 2.125795733927589026e-01 2.407703758338861633e-01
1.457000000000000000e+03 1.580418110207446603e-01 1.724302720261050581e-01 -1.924588411488574735e-01
1.625000000000000000e+03 5.336437937747717797e-02 2.078804870212991318e-02 1.865483203907309928e-01
1.624000000000000000e+03 -2.836475495532653213e-02 7.916938287548447306e-02 5.666806923795064677e-02
1.598000000000000000e+03 1.580418110207446603e-01 1.724302720261050581e-01 -1.924588411488574735e-01
1.589000000000000000e+03 -2.836475495532653213e-02 7.916938287548447306e-02 5.666806923795064677e-02
1.588000000000000000e+03 -4.738840665848442768e-02 1.086928923020806792e-01 2.747466205531985395e-01
1.584000000000000000e+03 -2.270512132373880831e-02 1.662618549440253446e-01 3.558916427438365560e-01
1.754000000000000000e+03 1.351829573289435871e-01 -1.589876811141976987e-02 1.830675731829565223e-01
1.541000000000000000e+03 1.351829573289435871e-01 -1.589876811141976987e-02 1.830675731829565223e-01
3.158900000000000000e+04 -2.447589900044988553e-02 -2.862068535344519660e-02 1.719851336964648425e-01
1.619000000000000000e+03 -7.694439976031475226e-02 9.518624580884704756e-02 1.466267582820535154e-02
1.429000000000000000e+03 -2.447589900044988553e-02 -2.862068535344519660e-02 1.719851336964648425e-01
1.755000000000000000e+03 -6.712891178624857957e-02 1.481526172152527465e-01 1.433617002128002582e-01
1.616000000000000000e+03 -6.712891178624857957e-02 1.481526172152527465e-01 1.433617002128002582e-01
1.638000000000000000e+03 5.512100001467103993e-01 -8.540503647566168866e-01 -1.057929862609068294e-01
1.687000000000000000e+03 -7.746750248692535479e-02 3.387687947943263111e-01 -9.988392378888022449e-02
1.549000000000000000e+03 -7.746750248692535479e-02 3.387687947943263111e-01 -9.988392378888022449e-02
1.391000000000000000e+03 5.237547006400689042e-02 2.322438369760391197e-01 -5.777924469003714592e-02
1.618000000000000000e+03 5.237547006400689042e-02 2.322438369760391197e-01 -5.777924469003714592e-02
1.568000000000000000e+03 5.336437937747717797e-02 2.078804870212991318e-02 1.865483203907309928e-01
1.397000000000000000e+03 1.791526807529919552e-02 2.125795733927589026e-01 2.407703758338861633e-01
1.516000000000000000e+03 -1.026189066330545074e-01 1.956395069526166708e-01 1.024351540921450976e-01
1.425000000000000000e+03 -1.651218598393455750e-02 1.927116669335120491e-01 1.114220398944016921e-01
1.628000000000000000e+03 -1.651218598393455750e-02 1.927116669335120491e-01 1.114220398944016921e-01
1.627000000000000000e+03 3.336575525214158233e-02 1.871028123836779855e-01 2.166221753428310137e-02
1.558000000000000000e+03 1.126077857026075435e-02 1.752487068747186072e-01 1.494013692185767184e-01
1.407000000000000000e+03 3.587753818238326176e-02 1.535028018646187320e-01 -8.578541138401618582e-03
1.555000000000000000e+03 2.420239920398401523e-01 -1.075222129204078669e-01 4.975629352806976158e-02
1.556000000000000000e+03 -4.560439163637397542e-02 -2.421958656908174135e-02 -1.019440285166162141e-02
1.496000000000000000e+03 -1.820682820976315952e-02 2.828148996310630992e-02 -7.004406140627139621e-04
1.560000000000000000e+03 -9.191894547273449234e-02 6.862336855981965300e-02 1.784640273849920078e-01
1.416000000000000000e+03 -7.694439976031475226e-02 9.518624580884704756e-02 1.466267582820535154e-02
1.486000000000000000e+03 -1.651218598393455750e-02 1.927116669335120491e-01 1.114220398944016921e-01
1.617000000000000000e+03 -8.651780975419853803e-03 2.550471760047088310e-01 3.171022179810556452e-02
1.676000000000000000e+03 -6.184829850148076957e-02 -3.796195547087890532e-01 4.743960549533934312e-01
1.392000000000000000e+03 8.644291055886696995e-01 9.846315797570923678e-01 6.127276222046891263e-01
1.424000000000000000e+03 -6.703856388242002140e-03 2.081130879222783392e-01 4.905011888565447009e-02
1.538000000000000000e+03 -4.436801943315771268e-02 5.383569614032666095e-01 4.138124086665744272e-01
1.550000000000000000e+03 -4.436801943315771268e-02 5.383569614032666095e-01 4.138124086665744272e-01
1.569000000000000000e+03 -1.017768045411955313e-01 -3.641796441395683814e-01 -3.723360377991191683e-01
1.514000000000000000e+03 3.940441722553131854e-01 -3.144301178626918158e-01 -2.034584318953118753e-01
1.515000000000000000e+03 -5.104927475653653346e-02 2.829451084560474783e-01 1.281740981273156166e-01
1.615000000000000000e+03 -5.104927475653653346e-02 2.829451084560474783e-01 1.281740981273156166e-01
1.473000000000000000e+03 -1.820682820976315952e-02 2.828148996310630992e-02 -7.004406140627139621e-04
1.585000000000000000e+03 1.126077857026075435e-02 1.752487068747186072e-01 1.494013692185767184e-01
1.590000000000000000e+03 2.302900818958306672e-01 7.417621157019027578e-02 9.044345050953417342e-02
1.485000000000000000e+03 3.587753818238326176e-02 1.535028018646187320e-01 -8.578541138401618582e-03
1.460000000000000000e+03 1.319096572503042353e-01 -5.284683550313218348e-02 -1.774070027742880029e-02
1.500000000000000000e+03 -9.191894547273449234e-02 6.862336855981965300e-02 1.784640273849920078e-01
1.461000000000000000e+03 2.420239920398401523e-01 -1.075222129204078669e-01 4.975629352806976158e-02
1.430000000000000000e+03 1.440664092647381267e-02 -2.736940377375560729e-01 -4.885901684741700279e-01
1.396000000000000000e+03 4.366247408441381594e-03 4.353397058440009459e-01 4.415891671165255161e-01
1.517000000000000000e+03 1.319096572503042353e-01 -5.284683550313218348e-02 -1.774070027742880029e-02
1.768000000000000000e+03 -4.560439163637397542e-02 -2.421958656908174135e-02 -1.019440285166162141e-02
1.767000000000000000e+03 -2.836475495532653213e-02 7.916938287548447306e-02 5.666806923795064677e-02
1.592000000000000000e+03 3.940441722553131854e-01 -3.144301178626918158e-01 -2.034584318953118753e-01
1.109500000000000000e+04 -4.007098614825821414e-02 1.187303739848317718e-01 2.315618269206645152e-01
1.593000000000000000e+03 -5.585698326108712308e-02 1.190135338700599732e-01 1.452430428113569150e-01
1.591000000000000000e+03 -4.738840665848442768e-02 1.086928923020806792e-01 2.747466205531985395e-01
1.597000000000000000e+03 -4.738840665848442768e-02 1.086928923020806792e-01 2.747466205531985395e-01
1.483000000000000000e+03 -8.369698803288372346e-01 -1.192918470099662898e+00 -1.123463741387363157e+00
1.572000000000000000e+03 -5.585698326108712308e-02 1.190135338700599732e-01 1.452430428113569150e-01
1.540000000000000000e+03 -5.585698326108712308e-02 1.190135338700599732e-01 1.452430428113569150e-01
1.761000000000000000e+03 -8.119069343364060387e-02 3.143580009200377390e-01 1.464704278513551117e-01
7.900000000000000000e+02 3.336575525214158233e-02 1.871028123836779855e-01 2.166221753428310137e-02
1.583000000000000000e+03 8.629405167188721748e-01 -2.638918187410155269e-01 -1.085203062487400061e+00
1.758000000000000000e+03 -1.539004031536926220e+00 -1.393368089544317456e+00 -1.048493935506559893e+00
1.472000000000000000e+03 1.126077857026075435e-02 1.752487068747186072e-01 1.494013692185767184e-01
1.501000000000000000e+03 -8.119069343364060387e-02 3.143580009200377390e-01 1.464704278513551117e-01
1.626000000000000000e+03 -8.119069343364060387e-02 3.143580009200377390e-01 1.464704278513551117e-01
1.456000000000000000e+03 -8.651780975419853803e-03 2.550471760047088310e-01 3.171022179810556452e-02
1.637000000000000000e+03 -6.184829850148076957e-02 -3.796195547087890532e-01 4.743960549533934312e-01
1.498000000000000000e+03 4.366247408441381594e-03 4.353397058440009459e-01 4.415891671165255161e-01
1.497000000000000000e+03 -6.703856388242002140e-03 2.081130879222783392e-01 4.905011888565447009e-02
1.417000000000000000e+03 -6.703856388242002140e-03 2.081130879222783392e-01 4.905011888565447009e-02
