# star id 	 star_x_coords [pc] 	 star_y_coords [pc] 	 star_z_coords [pc] 
6.054000000000000000e+03 -7.234533427617506618e-01 9.059668626194206098e-01 1.280303081060420567e+00
3.585400000000000000e+04 1.797136339239862934e+00 7.879575477866360700e-01 1.756969191339372571e-01
3.585500000000000000e+04 4.658109801413061746e-01 1.182692239350743080e+00 1.037833900092273609e+00
1.302000000000000000e+04 -3.866117188541124960e-01 7.431306652084543884e-01 -1.024984326127221124e+00
1.505000000000000000e+03 1.393524112737509313e+00 1.172340110379563427e+00 7.280911875497864116e-02
2.681800000000000000e+04 -5.466411167205933452e-01 -2.006798347008562189e+00 -4.171175042287060819e-01
2.886100000000000000e+04 -5.466411167205933452e-01 -2.006798347008562189e+00 -4.171175042287060819e-01
8.955000000000000000e+03 6.104630584604819887e-01 4.059713906398947358e-01 -4.691264260117371521e-01
1.213800000000000000e+04 -4.466200262952071398e-01 -2.990816910360862835e-01 -9.510594419391438237e-01
2.681700000000000000e+04 -4.466200262952071398e-01 -2.990816910360862835e-01 -9.510594419391438237e-01
5.921000000000000000e+03 7.172748068603596039e-01 1.681826209789001325e-01 -1.072182935485805899e-01
2.888600000000000000e+04 -1.013182966346967362e+00 -9.283392602587774434e-01 3.136554580347450383e-03
9.900000000000000000e+02 -8.744389886592074390e-01 1.738579018760866290e-01 1.767903361240247051e+00
