# star id 	 star_x_coords [pc] 	 star_y_coords [pc] 	 star_z_coords [pc] 
2.073700000000000000e+04 2.745220063991528292e+00 1.687415937825928580e+00 2.891845015933937724e+00
3.297200000000000000e+04 1.607492102154878921e+00 1.361159708387354783e+00 2.819666827570266321e+00
3.297400000000000000e+04 1.459889977017379437e+00 5.612393256470156189e-01 3.066188417612191408e+00
3.299300000000000000e+04 -2.164414366099666864e+00 5.526599911451768321e-02 -2.705210961144146609e+00
3.294100000000000000e+04 -1.793114479532729177e+00 -5.545464805592601465e-01 -2.693443544612211582e+00
3.299900000000000000e+04 -1.793114479532729177e+00 -5.545464805592601465e-01 -2.693443544612211582e+00
3.297100000000000000e+04 -1.347450005265457662e+00 -2.193502221307710442e-01 -2.290982527195342122e+00
3.294200000000000000e+04 8.099827586928043388e-02 -3.683030531931983376e-01 -1.292609629736310772e+00
3.295000000000000000e+04 -9.163055011261533878e-02 -6.056187118993570095e-01 -9.806333511507281386e-01
3.197700000000000000e+04 -2.985746927919699090e-01 5.464988519821645241e-02 -2.276554534505539351e-01
3.297800000000000000e+04 1.455919344586718012e-01 -8.416847607791559938e-01 -2.084194254132984980e-01
3.290600000000000000e+04 -1.026701155462816928e-02 -1.187933909068256355e+00 3.018668409806490871e-02
3.194600000000000000e+04 -1.026701155462816928e-02 -1.187933909068256355e+00 3.018668409806490871e-02
3.296900000000000000e+04 3.482587724552708153e-01 1.011840827070926707e-01 1.813972654702912912e+00
3.299500000000000000e+04 -6.324346458806502369e-01 2.676682234763809731e-01 -1.892377240047326659e+00
3.299800000000000000e+04 1.639683890190077875e-01 2.656726489428606897e-01 6.027951834134386289e-01
3.290400000000000000e+04 6.321884780329298792e-01 3.683880856031613860e-01 1.449051969188493771e+00
3.194700000000000000e+04 7.401911169260664281e-01 6.840068389938949167e-01 2.013379803684335112e+00
