# star id 	 star_x_coords [pc] 	 star_y_coords [pc] 	 star_z_coords [pc] 
1.659000000000000000e+04 -1.793011276095717754e+00 -7.367291113173290995e-01 3.174877686691193190e-01
1.661000000000000000e+04 -1.095661966290463862e+00 -4.277387639642338257e-01 2.584771240092571531e-01
3.063000000000000000e+03 1.653817605818003855e+00 -7.847596437560522276e-01 -6.528927953389089822e-01
1.667400000000000000e+04 1.075497925044073266e+00 -1.022486545693444882e+00 -1.574950270661274132e+00
1.676000000000000000e+04 4.257593974571372009e-01 2.734076393925555237e-02 -6.826380994992522488e-01
1.372400000000000000e+04 -8.160140343475386082e-01 -2.000075317708791545e-01 2.807834108835294273e-01
1.750200000000000000e+04 -8.160140343475386082e-01 -2.000075317708791545e-01 2.807834108835294273e-01
3.183000000000000000e+03 2.974989763473070425e-01 4.175468694755917198e-01 -5.183669409223394808e-01
3.182000000000000000e+03 3.270328843154206577e-01 1.785275111522445002e+00 -1.984624622891200119e-01
2.061300000000000000e+04 4.504205579454991781e-01 4.674241418718239061e-01 5.396788653819299952e-01
3.147000000000000000e+03 2.906739641274072028e-01 6.741422467410149721e-01 1.950099986020555676e+00
