# star id 	 star_x_coords [pc] 	 star_y_coords [pc] 	 star_z_coords [pc] 
5.359500000000000000e+04 -1.014121943380601465e-01 1.004151053252485326e+00 -7.383717393067037449e-01
5.360600000000000000e+04 -2.848565081853067227e-01 6.636597218083490901e-01 -5.596157196154969427e-01
5.360700000000000000e+04 -2.848565081853067227e-01 6.636597218083490901e-01 -5.596157196154969427e-01
5.402300000000000000e+04 4.089836472585126614e-01 -2.205682353199553969e+00 -7.012434518466079680e-01
5.349000000000000000e+04 -1.092165420680295540e-01 -6.559604462605950204e-02 2.252085118295461541e-01
5.288200000000000000e+04 -2.564873684336568260e-01 -5.859008133884726632e-01 5.422002670725518669e-01
5.264000000000000000e+04 -2.564873684336568260e-01 -5.859008133884726632e-01 5.422002670725518669e-01
5.347200000000000000e+04 -6.662577941424210337e-01 -1.064682493352756776e+00 1.550350927971610560e+00
5.402400000000000000e+04 2.759637297318242588e-01 1.534257779739769845e+00 -3.505258164271971566e-01
5.285500000000000000e+04 4.682564891691711750e-01 1.378402273799562039e+00 8.344374259235465274e-02
5.364600000000000000e+04 3.039381940676975091e-01 3.355533594215556192e-01 -4.559124457671970276e-02
5.364700000000000000e+04 3.039381940676975091e-01 3.355533594215556192e-01 -4.559124457671970276e-02
5.353500000000000000e+04 1.464655356722168733e-01 -1.560630562963291279e+00 4.787969610033115941e-02
