# star id 	 star_x_coords [pc] 	 star_y_coords [pc] 	 star_z_coords [pc] 
6.285000000000000000e+03 -3.627344637474987366e-01 2.346556554504102721e+00 4.504675989005502146e-01
6.543000000000000000e+03 -8.526244909441782482e-01 3.259169454406769972e+00 5.392701206989833906e-01
6.274000000000000000e+03 -8.526244909441782482e-01 3.259169454406769972e+00 5.392701206989833906e-01
6.425000000000000000e+03 -4.830049762000250269e-01 3.332439817882298705e+00 1.326525749731704451e+00
6.544000000000000000e+03 -4.830049762000250269e-01 3.332439817882298705e+00 1.326525749731704451e+00
6.424000000000000000e+03 2.235332821710237283e+00 7.657481966623951308e-01 1.754601979201233064e+00
6.423000000000000000e+03 6.874472550841481677e-01 1.992959139250611855e+00 8.097820588659487839e-03
6.273000000000000000e+03 -4.858280660028224673e-01 1.912404740129543868e+00 1.464150909304159143e+00
6.377000000000000000e+03 -6.691542194369795027e-01 8.358424138415401217e-01 2.877707453843706631e+00
6.714000000000000000e+03 1.102232364124910546e+00 -7.915224331019388160e-02 2.168521351072973502e+00
6.402000000000000000e+03 -1.099543259219535329e+00 -6.632068452621027177e-01 1.446760719427620856e+00
6.251000000000000000e+03 4.784628986734702494e-01 -1.016277872653747139e+00 -7.238142014602644281e-02
6.418000000000000000e+03 1.613444794379548242e-01 -8.089391669803944751e-01 -1.435700712192424788e-01
6.317000000000000000e+03 -5.666052770314689013e-01 -4.120594319535122452e-01 -1.449261060307662774e-01
6.721000000000000000e+03 -4.444812174871159982e-02 -8.221096440390471827e-01 2.387044339581390062e-01
6.755000000000000000e+03 -4.072397827594365083e-02 -9.382881565836562743e-01 4.170845797994182647e-01
6.756000000000000000e+03 3.422388671117815306e-02 -1.113624240059131409e+00 6.386955432234824315e-01
6.288000000000000000e+03 9.818047841252326435e-01 -8.207177580144584539e-01 4.559760018312424279e-01
6.437000000000000000e+03 6.348777381277361798e-01 -3.160587059776585050e-01 2.069159817325392225e-01
6.413000000000000000e+03 1.223874024398908134e+00 -6.541827611656554353e-01 3.535880126561163905e-01
6.727000000000000000e+03 -1.812496217051553060e+00 1.423648516668187369e+00 -2.929606466385692443e-01
6.401000000000000000e+03 -1.812496217051553060e+00 1.423648516668187369e+00 -2.929606466385692443e-01
6.417000000000000000e+03 -1.466639966386185101e+00 8.382395656259689076e-02 7.955851283634718385e-01
6.372000000000000000e+03 -1.559780472486247405e+00 -3.730796842888750575e-02 1.076434606630206403e+00
6.585000000000000000e+03 5.016626255137612844e-02 -9.084505254195711643e-01 1.177305300934705201e+00
6.607000000000000000e+03 -1.811864554113202352e+00 7.330603388521144126e-01 8.772355497801562763e-01
6.534000000000000000e+03 7.061235469271043286e-02 -7.235101753967239091e-01 9.698328754535197049e-01
6.730000000000000000e+03 -6.493962502449655005e-01 -1.112226258153635072e+00 1.373975758984746776e+00
6.731000000000000000e+03 -8.777487926889513403e-01 -7.355748993407296155e-02 1.802852468770572258e+00
6.248000000000000000e+03 8.789525104688138413e-01 -3.212049395938088026e-02 -3.556125851264901883e-01
6.550000000000000000e+03 8.906207047469951732e-01 1.955306274538344269e-01 -6.733538774736835819e-02
6.490000000000000000e+03 7.560078012575974782e-01 1.142488899060651875e-01 -4.137168157412318692e-02
6.259000000000000000e+03 8.112538879442325879e-01 2.682920912193100804e-01 1.609637043742448981e-01
6.734000000000000000e+03 8.917359611732234015e-02 5.837780148292477378e-01 1.433060488382231767e-01
6.547000000000000000e+03 9.946334683698410117e-01 6.375866111400672054e-01 1.477479493643940600e-02
6.470000000000000000e+03 -3.902996888676639742e-01 4.552512461610653816e-01 2.759338801200428293e-01
6.471000000000000000e+03 -3.832632254748000733e-01 4.146065581699414082e-01 6.270717528393383589e-01
6.305000000000000000e+03 4.731393108065784503e-01 6.111743596322423144e-01 2.137255245344107379e-01
6.373000000000000000e+03 1.545418694458975395e-01 5.452159027557410553e-01 3.957247794059721713e-01
6.261000000000000000e+03 1.545418694458975395e-01 5.452159027557410553e-01 3.957247794059721713e-01
6.296000000000000000e+03 -2.335026870974132862e-02 4.786121291985629966e-01 7.146531416435646378e-01
6.536000000000000000e+03 3.858073351852642219e-02 -7.478955997495084773e-02 7.869163950581103961e-01
6.537000000000000000e+03 6.844331485336390131e-01 4.566417933706894416e-01 9.327849183429606228e-01
6.457000000000000000e+03 4.546916586757419054e-01 3.130982759587350728e-01 1.887929578002738751e+00
6.458000000000000000e+03 9.538827418928299551e-01 1.407631709226871308e+00 1.562297885074608317e+00
6.759000000000000000e+03 1.666903557161210969e+00 1.190277178232282296e+00 7.388927487621810286e-01
6.748000000000000000e+03 -5.177971204756204315e-02 -6.598018517482096001e-02 4.904625777584925572e-01
6.749000000000000000e+03 3.313509515999975008e-01 -1.279772676202348691e-01 6.034810073446923440e-01
6.339000000000000000e+03 1.061956815998712500e-01 1.823782749927538305e-01 4.971060868866459259e-01
6.562000000000000000e+03 1.061956815998712500e-01 1.823782749927538305e-01 4.971060868866459259e-01
6.369000000000000000e+03 -4.128982807770817942e-01 -4.873990968674153379e-01 2.650077287161280992e-01
6.332000000000000000e+03 2.378759690994298737e-01 -5.357273492048335584e-01 2.452885512468885310e-01
6.426000000000000000e+03 -1.433824864768009633e-01 -2.715548983630533542e-01 1.990782987587831343e-01
6.295000000000000000e+03 -1.729029267387236501e-01 -2.023017361392813740e-01 2.170176363515778917e-01
6.586000000000000000e+03 -1.729029267387236501e-01 -2.023017361392813740e-01 2.170176363515778917e-01
6.407000000000000000e+03 -1.950297829223037738e-01 -3.728176920982289033e-01 2.501287403698739809e-01
6.604000000000000000e+03 -2.960569861883399767e-01 -4.123203139531010919e-01 2.677963541391132907e-01
6.360000000000000000e+03 2.104766718499773148e-01 -2.859098796863950298e-01 1.938405393758220185e-01
6.770000000000000000e+03 1.083989057708194537e-01 -1.933730030686309220e-01 2.820383552141905170e-01
6.397000000000000000e+03 1.083989057708194537e-01 -1.933730030686309220e-01 2.820383552141905170e-01
6.487000000000000000e+03 -4.111711321963351651e-02 -1.350878959363814857e-01 2.358401805461962653e-01
6.489000000000000000e+03 -4.111711321963351651e-02 -1.350878959363814857e-01 2.358401805461962653e-01
6.732000000000000000e+03 -2.067897678194707822e-01 -1.440643960802248102e-01 2.469736494143397465e-01
6.496000000000000000e+03 -2.944687504440146597e-02 -8.492634933080012161e-02 3.849244931574720141e-01
6.548000000000000000e+03 -1.999563295442525757e-01 -3.938112706506835536e-02 4.577347280395400730e-01
6.549000000000000000e+03 5.528488530755026886e-02 -1.274937582634727562e-02 3.044073177043635781e-01
6.345000000000000000e+03 7.473276894750480182e-02 -1.546090614514508133e-01 1.988432137024656043e-01
6.567000000000000000e+03 7.473276894750480182e-02 -1.546090614514508133e-01 1.988432137024656043e-01
6.367000000000000000e+03 2.995998288453645131e-01 5.536015763215651475e-02 3.385466511488726127e-01
6.741000000000000000e+03 2.331116906493315710e-01 -1.665577351588982680e-01 2.954002244855811199e-01
6.315000000000000000e+03 -1.288009472768774089e-01 1.813266894172365085e-01 2.565217066224789733e-01
6.365000000000000000e+03 -3.137567361707471747e-02 2.885111995591387313e-01 3.512553002550102832e-01
6.374000000000000000e+03 6.499492936006046051e-02 -5.194948143167330556e-01 8.762263790405988573e-02
6.725000000000000000e+03 -1.942228299457049445e-02 -1.938947190495206030e-01 8.233052023035369871e-03
6.427000000000000000e+03 1.375560279619136850e-02 -2.440429434288606814e-01 5.067014060648844520e-02
6.428000000000000000e+03 1.927780216762542409e-02 -2.140237838764189604e-01 1.090136919630104728e-01
6.448000000000000000e+03 2.707923431849934559e-02 -1.897237491340924009e-01 1.181962743888043121e-01
6.516000000000000000e+03 2.707923431849934559e-02 -1.897237491340924009e-01 1.181962743888043121e-01
6.271000000000000000e+03 -1.864762688195966689e-01 -1.991412074517988628e-01 1.197432383214476204e-01
6.605000000000000000e+03 -1.844761403437100711e-02 -2.062734567479420633e-01 1.213938900142093047e-01
6.282000000000000000e+03 -3.841031177243348083e-02 -2.282515739799997334e-01 1.312344591663414661e-01
4.270800000000000000e+04 -3.841031177243348083e-02 -2.282515739799997334e-01 1.312344591663414661e-01
6.363000000000000000e+03 -3.316034760575270468e-02 -3.070490892215307355e-01 1.577752884558893953e-01
6.716000000000000000e+03 -3.372716726840900847e-01 -2.351348297364150852e-01 -8.055899310744862873e-02
6.447000000000000000e+03 -3.489197890784279110e-01 -2.917838211525278780e-01 1.743984811408818558e-01
6.388000000000000000e+03 4.509889592599680697e-02 -2.110952095614226920e-01 4.367969450632003259e-03
6.587000000000000000e+03 4.509889592599680697e-02 -2.110952095614226920e-01 4.367969450632003259e-03
6.314000000000000000e+03 5.542301384527181796e-02 -2.150236331382657795e-01 1.269196931250604621e-04
6.383000000000000000e+03 5.542301384527181796e-02 -2.150236331382657795e-01 1.269196931250604621e-04
6.641000000000000000e+03 7.039313411897563100e-02 -2.725555411474491763e-01 -6.430447340132872114e-03
6.646000000000000000e+03 7.039313411897563100e-02 -2.725555411474491763e-01 -6.430447340132872114e-03
6.478000000000000000e+03 8.994748162716170725e-02 -1.972514995632135282e-01 -1.622176546408482523e-02
6.479000000000000000e+03 8.994748162716170725e-02 -1.972514995632135282e-01 -1.622176546408482523e-02
6.480000000000000000e+03 2.441694799834612795e-01 -3.853442422936428358e-01 -7.673920290304714342e-02
6.255000000000000000e+03 2.831036741014170133e-01 -3.352960581835997544e-01 -4.598863069429093287e-02
6.349000000000000000e+03 2.668836882637419805e-01 -3.619238548314918091e-01 -6.709234956045051490e-02
6.267000000000000000e+03 2.682983010453909856e-01 -2.562866338986538040e-01 -5.125760901766618360e-02
6.280000000000000000e+03 1.387235622803224544e-01 -2.307246302710073138e-01 6.790472708670947100e-02
6.281000000000000000e+03 1.018320878161933507e-01 -2.215188775293963630e-01 6.729531858994519666e-02
6.559000000000000000e+03 1.833231829271833035e-01 -2.899125137632019289e-01 7.177738271276190574e-02
6.541000000000000000e+03 1.833231829271833035e-01 -2.899125137632019289e-01 7.177738271276190574e-02
6.414000000000000000e+03 7.076279056168210957e-02 -2.985186125026579873e-01 1.072842145888905918e-01
6.584000000000000000e+03 1.095862420293123307e-01 -2.275797398104462133e-01 1.324743038291593678e-01
6.676000000000000000e+03 1.095862420293123307e-01 -2.275797398104462133e-01 1.324743038291593678e-01
6.745000000000000000e+03 4.517823949950727780e-02 -2.280341205877611799e-01 5.019166767075233793e-02
6.482000000000000000e+03 1.158525696793981652e-01 -2.266375116797405553e-01 1.872020740668851602e-01
6.340000000000000000e+03 -6.015065112601725161e-02 1.499162254120811610e-02 -7.656647569707963896e-02
6.329000000000000000e+03 2.063853110586588713e-02 -5.945452648870386270e-02 -5.525068501365026918e-02
6.438000000000000000e+03 1.201392904833298303e-02 -3.675539242393455197e-02 -5.086488127990484998e-02
6.408000000000000000e+03 1.201392904833298303e-02 -3.675539242393455197e-02 -5.086488127990484998e-02
6.378000000000000000e+03 -2.367655677142366244e-02 4.214605086708900217e-03 -3.749515410061654563e-02
6.301000000000000000e+03 -1.357546480313862602e-01 -2.154901051022584113e-02 -1.346881952774836577e-02
6.391000000000000000e+03 -5.299361435579719171e-02 -3.344144313754071618e-02 1.980577292373908449e-02
6.392000000000000000e+03 -5.299361435579719171e-02 -3.344144313754071618e-02 1.980577292373908449e-02
6.503000000000000000e+03 -7.405297788878595355e-02 2.320320954144250436e-02 6.254794652669204424e-04
6.350000000000000000e+03 6.394924767203491456e-04 -4.326124695757549432e-02 8.780755121319927525e-03
6.435000000000000000e+03 -1.741102841815003188e-01 3.784395257696715476e-02 2.209108991862507310e-02
6.263000000000000000e+03 -1.565897770132975708e-01 -1.310672927843903324e-02 5.571586997448463308e-02
6.528000000000000000e+03 -2.445400350194226746e-02 -2.853872118230960098e-02 6.017675097897523528e-02
6.603000000000000000e+03 -1.007078172846043174e-02 9.211136335364855654e-02 4.982491891169438247e-02
6.442000000000000000e+03 -3.450290745490036670e-02 -1.147297624461742771e-01 7.107471483425165104e-02
3.080200000000000000e+04 -3.450290745490036670e-02 -1.147297624461742771e-01 7.107471483425165104e-02
6.800000000000000000e+02 8.702506283474242821e-03 -1.568415577874961997e-01 -2.865674935870643480e-03
6.200000000000000000e+01 1.629538036204802864e-02 -1.298905443492941458e-01 7.870670347041297532e-02
6.291000000000000000e+03 2.930390747173738930e-02 -2.855551673134826274e-02 9.918259950477548159e-02
6.717000000000000000e+03 2.930390747173738930e-02 -2.855551673134826274e-02 9.918259950477548159e-02
6.453000000000000000e+03 8.303307199780007863e-03 -1.696305697027717940e-01 -4.496721688071403378e-02
6.403000000000000000e+03 8.303307199780007863e-03 -1.696305697027717940e-01 -4.496721688071403378e-02
6.551000000000000000e+03 -2.912586004178319143e-02 -1.586961366363563997e-01 1.231542626800621321e-01
6.558000000000000000e+03 -2.912586004178319143e-02 -1.586961366363563997e-01 1.231542626800621321e-01
6.463000000000000000e+03 -9.570270569075667311e-03 -4.508522187990671171e-02 1.292182933542171952e-01
6.476000000000000000e+03 -7.568427631265350897e-02 -6.193510917152167394e-02 1.311959541968423792e-01
6.242000000000000000e+03 -7.568427631265350897e-02 -6.193510917152167394e-02 1.311959541968423792e-01
6.294000000000000000e+03 -1.222229312948304170e-01 -9.291699903569750063e-02 1.436019304723217260e-01
6.483000000000000000e+03 1.484010178796335566e-02 -8.673265786396378019e-02 1.388972476002390266e-01
6.399000000000000000e+03 1.779101138889505052e-02 -1.748056228993313255e-01 -1.267464642708127087e-02
6.268000000000000000e+03 2.379481627892410245e-02 -9.414254265882249229e-02 1.561817264376283987e-01
6.493000000000000000e+03 -5.268870040043083236e-02 -1.790306679174484827e-01 5.207243818948548153e-02
6.311000000000000000e+03 -8.364506081303879625e-02 -1.845131105884334488e-01 6.012446910159852109e-02
6.598000000000000000e+03 -8.364506081303879625e-02 -1.845131105884334488e-01 6.012446910159852109e-02
6.250000000000000000e+03 7.778637415982281311e-03 -1.848446901568827627e-01 7.529499573289477610e-02
6.511000000000000000e+03 7.778637415982281311e-03 -1.848446901568827627e-01 7.529499573289477610e-02
6.512000000000000000e+03 -6.755713259083684363e-02 -7.644622833200820367e-02 1.808014083396027871e-01
6.622000000000000000e+03 -6.755713259083684363e-02 -7.644622833200820367e-02 1.808014083396027871e-01
6.464000000000000000e+03 -6.755713259083684363e-02 -7.644622833200820367e-02 1.808014083396027871e-01
6.600000000000000000e+03 -4.271492422018852153e-03 -8.764192645915436231e-02 1.865600245287861725e-01
6.531000000000000000e+03 -4.271492422018852153e-03 -8.764192645915436231e-02 1.865600245287861725e-01
6.504000000000000000e+03 5.872574231590466098e-02 6.805095397306182292e-02 -6.576533190164823850e-02
6.467000000000000000e+03 5.872574231590466098e-02 6.805095397306182292e-02 -6.576533190164823850e-02
1.754100000000000000e+04 5.973920544048549885e-02 4.478142640577509326e-02 4.740752531105130174e-02
4.274100000000000000e+04 9.684878412098729683e-02 1.001878113559584449e-02 -6.020977853938802582e-02
6.523000000000000000e+03 9.684878412098729683e-02 1.001878113559584449e-02 -6.020977853938802582e-02
3.082600000000000000e+04 2.275796345070491000e-01 -8.215356044755139919e-02 -6.470772369346100561e-02
3.082700000000000000e+04 9.740178496570539579e-02 -1.412635802518771300e-01 -3.764299454045527682e-02
3.084300000000000000e+04 1.735837134308608753e-01 4.573440412192830706e-02 1.753258637917909368e-02
3.084400000000000000e+04 1.750662392632751363e-01 -1.122347471481273118e-01 6.659770755256211316e-02
1.446700000000000000e+04 1.835646541444484470e-01 -9.459753275293714125e-02 6.417476173569269804e-02
6.354000000000000000e+03 1.835646541444484470e-01 -9.459753275293714125e-02 6.417476173569269804e-02
1.141900000000000000e+04 1.051414306024627265e-01 -9.484967244001296649e-02 7.868324368842394279e-02
6.404000000000000000e+03 8.666718475032997304e-02 -1.106348119908275862e-01 8.122956177910189979e-02
6.336000000000000000e+03 1.069793519887722866e-01 -1.661541205630712170e-01 -8.067399690603416218e-02
4.011400000000000000e+04 1.318405357637546516e-01 -1.592104450503519786e-01 -4.765391141606656333e-02
6.335000000000000000e+03 2.366509311604181320e-01 -1.650760020351640378e-01 1.221721926639212086e-01
1.754000000000000000e+04 2.366509311604181320e-01 -1.650760020351640378e-01 1.221721926639212086e-01
6.508000000000000000e+03 2.366509311604181320e-01 -1.650760020351640378e-01 1.221721926639212086e-01
6.338000000000000000e+03 1.325534898648017545e-01 -4.852551053621390054e-02 1.242377456916834433e-01
6.262000000000000000e+03 1.088360851496155135e-01 -3.155204017864576826e-02 1.315802353279273973e-01
6.608000000000000000e+03 2.621184250318151499e-01 -1.422120879266550730e-01 1.405729415081609091e-01
6.310000000000000000e+03 6.453872877103616901e-02 -6.826841799204608208e-02 1.430668331240205760e-01
6.376000000000000000e+03 6.453872877103616901e-02 -6.826841799204608208e-02 1.430668331240205760e-01
6.318000000000000000e+03 6.453872877103616901e-02 -6.826841799204608208e-02 1.430668331240205760e-01
9.920000000000000000e+03 1.839538176773434230e-01 8.869562425029720032e-02 1.533071146400715179e-01
9.921000000000000000e+03 1.760003335843984829e-01 8.393689286192085319e-02 1.580382420240855623e-01
6.635000000000000000e+03 1.334021794565982688e-01 -1.227667294517864605e-01 1.727071802043607107e-01
3.866500000000000000e+04 7.329373818843265553e-02 -1.884271419722232110e-01 1.099128634246273606e-01
6.279000000000000000e+03 7.329373818843265553e-02 -1.884271419722232110e-01 1.099128634246273606e-01
4.054000000000000000e+03 1.812747949451125606e-01 5.132332693853136618e-02 1.912124529237573256e-01
6.328000000000000000e+03 -1.725432768188124300e-01 2.522806794600302993e-01 -3.765740708024090111e-02
6.416000000000000000e+03 -2.465912880505714000e-01 3.519828137416105562e-01 1.253832441859774605e-01
6.451000000000000000e+03 5.757606441716305312e-01 -7.102864579939733858e-01 2.785343796589980769e-01
6.719000000000000000e+03 6.153108038598471552e-01 -6.018230260696491030e-01 3.159407460813969948e-01
6.245000000000000000e+03 5.511191950644782622e-01 -3.976892438273260666e-02 4.531636833170740175e-01
6.246000000000000000e+03 1.236145421921097665e-01 1.070974148472139120e-01 -6.517639764306792927e-02
6.272000000000000000e+03 1.383109104800119837e-01 1.532081284095010432e-01 9.192885281835216915e-02
6.322000000000000000e+03 1.479562258809599129e-01 1.306043998997683531e-01 1.496287472449466804e-01
6.726000000000000000e+03 1.951998085853459131e-01 2.259676749702439480e-01 1.696021389540565139e-01
6.761000000000000000e+03 1.042509577757098072e-01 1.060331201603137430e-01 1.012064886650740902e-01
6.762000000000000000e+03 5.033997584556981764e-01 2.792790820647876870e-01 1.039414423932427667e-01
6.460000000000000000e+03 -2.250423829596410741e-01 -6.620127712511312268e-01 -1.683150621326223728e-01
6.461000000000000000e+03 1.222632047627785212e-01 -3.649306512081302856e-01 -1.870231407675397861e-01
6.381000000000000000e+03 1.222632047627785212e-01 -3.649306512081302856e-01 -1.870231407675397861e-01
6.382000000000000000e+03 2.120288621798467332e-01 -3.570705108680467532e-01 -1.848775987679296406e-01
6.571000000000000000e+03 5.432342444619795430e-01 -5.282650672276290038e-03 -3.864069985743228131e-01
6.368000000000000000e+03 3.846616297389573447e-01 -1.876215977612663011e-01 -1.626588374810857829e-01
6.572000000000000000e+03 -2.886629162300371476e-01 -9.316673563808031133e-02 -2.274334249109344341e-01
6.570000000000000000e+03 -2.448715945124302351e-02 -5.566208337726230582e-02 -2.080080651033000549e-01
6.359000000000000000e+03 -8.975796433744687164e-02 7.075791900798655831e-02 -2.069767817682564015e-01
6.309000000000000000e+03 -8.975796433744687164e-02 7.075791900798655831e-02 -2.069767817682564015e-01
6.733000000000000000e+03 4.010149791389316931e-02 4.582008014101468518e-02 -1.632449527677692913e-01
6.393000000000000000e+03 -9.388383965510893603e-02 -9.748146172601046544e-02 -1.458181300923673263e-01
6.501000000000000000e+03 -2.084889999121237736e-01 -1.644058677672450841e-01 -1.259999782512970512e-01
6.502000000000000000e+03 1.526017773518075771e-01 -1.276815484887041663e-01 -3.621275357344941881e-01
6.348000000000000000e+03 1.642881789709376150e-01 -1.303024680009201575e-03 -2.202147296753658168e-01
6.253000000000000000e+03 1.117447340456134697e-01 -2.730271771120129642e-02 -1.631761289972804008e-01
6.254000000000000000e+03 1.021876786987157004e-01 1.696013609730329108e-01 -2.469892235480468656e-01
6.527000000000000000e+03 8.014199783710473923e-02 2.549331445525027107e-01 -1.133622136326657426e-01
6.364000000000000000e+03 8.014199783710473923e-02 2.549331445525027107e-01 -1.133622136326657426e-01
6.303000000000000000e+03 6.096645545327827875e-01 -6.285753759156769149e-01 -1.902015338857143689e-01
6.400000000000000000e+03 5.257558555295105407e-02 -7.218971844197259458e-01 -1.136272957403186012e-01
6.456000000000000000e+03 3.424274422937294560e-01 -2.311167237333098257e-01 -3.001924166841192232e-01
6.323000000000000000e+03 4.250738557744551116e-01 -4.372670522093589085e-01 -1.310942001213035724e-01
6.720000000000000000e+03 4.558551238769688041e-01 2.842320403726059652e-01 -2.102721219335670355e-01
6.379000000000000000e+03 -7.272278478334470719e-02 -5.687827940595315823e-01 -3.520157521634349251e+00
6.420000000000000000e+03 -7.334640834387062824e-01 -1.323595253181920839e+00 -3.549799947065537253e+00
6.356000000000000000e+03 -4.556761874304706694e-01 4.205619221030136856e-01 -3.998600985807389208e+00
6.578000000000000000e+03 -4.556761874304706694e-01 4.205619221030136856e-01 -3.998600985807389208e+00
6.579000000000000000e+03 -9.256396996182392201e-01 -7.376183142368422097e-01 -2.592659303652748548e+00
6.569000000000000000e+03 -1.143811030907214032e+00 2.278770552260741766e+00 -4.423050618339523510e-01
6.627000000000000000e+03 -2.243193482736938194e-01 -1.484766623593319679e+00 -2.192654917195262954e+00
6.678000000000000000e+03 7.901200917249671107e-01 -1.413622144732686436e+00 -1.576701451883517180e+00
6.269000000000000000e+03 -5.380548064485237703e-01 -1.253369238825472465e+00 -2.573007236759160321e+00
6.270000000000000000e+03 -2.402778070076524664e+00 2.466390765126842410e-01 -1.713077147400845490e+00
6.409000000000000000e+03 -6.555684490296238565e-01 3.557473403228854636e-01 -2.221675047323513397e+00
6.324000000000000000e+03 -6.399237304150027228e-01 5.986622317430452256e-01 -2.051342895060139782e+00
6.609000000000000000e+03 3.475326953479527248e-01 3.727011182993589244e-01 -6.027240670670082068e-01
6.410000000000000000e+03 -9.714076790330938849e-02 8.061556585050588808e-02 -8.739308752792442903e-01
6.522000000000000000e+03 1.047057861811282464e-01 1.697475769297884796e-01 -5.852874345538854328e-01
6.394000000000000000e+03 -1.043633360714917302e-01 3.717912794530917608e-01 -4.820318346826564238e-01
6.277000000000000000e+03 -1.043633360714917302e-01 3.717912794530917608e-01 -4.820318346826564238e-01
6.319000000000000000e+03 6.262923572025869134e-02 -1.449958109457405442e-02 -4.318276407842329689e-01
6.434000000000000000e+03 -7.199405301243899657e-02 -1.734065455257844945e-01 -4.104717141372677958e-01
6.645000000000000000e+03 1.376946395773344989e+00 1.369800746387323187e+00 -5.643179479619160333e-01
6.298000000000000000e+03 -1.552940153488847841e+00 4.174157107326124105e-01 -7.543699906440188840e-01
6.644000000000000000e+03 -1.415388963782337584e+00 -1.051534761204697688e+00 -1.294600068225104650e+00
6.475000000000000000e+03 -9.771369410855932358e-01 -2.119316080993556284e-01 -1.550075233328158220e+00
6.297000000000000000e+03 6.240188739091099279e-01 -8.421691726885462970e-01 -1.112305990020798774e+00
6.278000000000000000e+03 4.390444997676556937e-02 -1.147005041366476519e+00 -1.127975237027776245e+00
6.266000000000000000e+03 -5.890546617432379506e-01 3.123281792816818836e-01 -1.123676585400701811e+00
6.406000000000000000e+03 1.892342414444021514e-01 6.862303354877283823e-01 -1.164489321663301880e+00
