# star id 	 star_x_coords [pc] 	 star_y_coords [pc] 	 star_z_coords [pc] 
3.081500000000000000e+04 1.349085316399894818e+00 1.556791700317859295e+00 1.245722486556247288e+00
3.180300000000000000e+04 1.853231204569379287e+00 3.066851747978738274e-02 -2.217706319521164371e-01
3.298600000000000000e+04 1.300177372056228187e+00 7.362937583399311592e-01 5.645187934737732061e-01
3.165800000000000000e+04 1.638381773759847615e+00 1.060948977744091692e+00 1.089756246450776400e+00
3.982800000000000000e+04 7.252493645907662767e-01 7.296492785114008228e-01 3.233096451779922109e-01
3.380500000000000000e+04 1.588916520504974894e+00 1.805564846243505883e+00 3.636232273485405786e-01
3.598600000000000000e+04 1.588916520504974894e+00 1.805564846243505883e+00 3.636232273485405786e-01
3.598500000000000000e+04 -1.884484300313257421e+00 -1.702315848503454632e+00 -1.639363659532332873e+00
6.221000000000000000e+03 -1.447930884743475310e+00 -1.429131980331331597e+00 -1.411160741745945968e+00
1.298100000000000000e+04 -2.452819386338385144e-01 -2.129482350990663519e-02 -2.568283620701145020e-02
1.298200000000000000e+04 -2.452819386338385144e-01 -2.129482350990663519e-02 -2.568283620701145020e-02
3.337000000000000000e+04 -1.195549571472055206e+00 -7.689577937974458877e-01 -5.208760692300729023e-02
3.374500000000000000e+04 -1.815558199685447960e+00 -1.026278811613709152e+00 -5.570154301727497925e-02
2.801900000000000000e+04 -1.815558199685447960e+00 -1.026278811613709152e+00 -5.570154301727497925e-02
3.374400000000000000e+04 -1.394313038218457201e+00 -1.729929031119063154e+00 -4.634022218436376073e-01
