# star id 	 star_x_coords [pc] 	 star_y_coords [pc] 	 star_z_coords [pc] 
2.246400000000000000e+04 1.361800665465324300e+00 -1.524408475371377136e+00 -1.059820999507898875e+00
2.246200000000000000e+04 -5.576518084488668592e-03 1.628378975033683673e+00 4.711020577439697377e-01
1.981100000000000000e+04 -5.576518084488668592e-03 1.628378975033683673e+00 4.711020577439697377e-01
1.244000000000000000e+03 1.155428300563521304e+00 8.007000908835806285e-01 9.162361288619571553e-01
1.701500000000000000e+04 -2.390273044184425544e-01 -4.856808661851275133e-01 -3.081337934722796490e-01
3.323400000000000000e+04 -2.390273044184425544e-01 -4.856808661851275133e-01 -3.081337934722796490e-01
3.323500000000000000e+04 1.442273196032033411e+00 -1.299568594252775711e+00 -1.308450215290474006e+00
3.493000000000000000e+03 5.064715572377167518e-01 9.396759246544412747e-01 1.301127918167555464e+00
3.231900000000000000e+04 -2.711208344407438631e-01 -1.263178577268128322e+00 -2.735100681837785430e-01
1.978000000000000000e+04 1.277888895103124867e+00 7.346390067786536804e-01 2.206093336414525652e+00
3.224600000000000000e+04 5.177942781091289248e-01 1.862467168979044629e+00 2.187680229845764046e+00
2.075000000000000000e+04 -6.580190592398906801e-01 4.475645686656548605e-02 -1.409063396113545252e+00
2.182500000000000000e+04 -4.992114838864978310e-01 -9.680342390516685214e-01 -4.847299502468800370e-01
3.477000000000000000e+03 -8.001067905616920939e-01 -2.152707614255966462e-01 -4.241240954845402200e-01
3.478000000000000000e+03 -9.071546661547102985e-01 9.842026161346240087e-01 -1.733672914148414179e-01
2.790100000000000000e+04 3.296187527948646334e-01 -2.276448425553116550e+00 -9.016378634422217431e-01
2.182900000000000000e+04 -3.084684164227340375e-01 -3.238919609690725565e+00 -1.715255058159218748e+00
2.706900000000000000e+04 -1.547123197765699842e+00 1.767182485157029248e+00 4.768195279866738190e-01
1.025500000000000000e+04 -1.110863549659981686e+00 1.366808707601865791e+00 3.360652675730406713e-01
