# star id 	 star_x_coords [pc] 	 star_y_coords [pc] 	 star_z_coords [pc] 
5.068000000000000000e+03 3.730970750040363271e-01 -7.216345349782116170e-01 -1.740152955333137186e+00
5.005000000000000000e+03 1.715090631008138189e-01 -5.275130447671374512e-01 -1.115473513892382584e+00
5.043000000000000000e+03 8.156073053520032090e-01 -1.512472515858100941e-01 -5.492797027878353333e-01
5.044000000000000000e+03 3.118808875076517495e-01 -5.206557939277818292e-01 -1.006799361057559850e-01
5.048000000000000000e+03 3.364271054814800266e-01 1.413476696195661297e-01 -1.686116915729328980e+00
5.049000000000000000e+03 6.676906221803911023e-01 6.233876473156807485e-01 -2.639740801290464844e+00
4.951000000000000000e+03 5.450241188577642504e-01 1.511390516790642735e+00 -2.021510571842590309e+00
1.207400000000000000e+04 1.964971541886281869e+00 9.010404444026494097e-01 -3.205922027425600618e-01
4.984000000000000000e+03 2.378721967237027002e+00 6.896082877819367241e-01 -1.272160838601195110e-01
5.075000000000000000e+03 1.937411625778004520e+00 1.589075604367127248e+00 1.852998095150653057e-01
5.036000000000000000e+03 8.489975620676837309e-01 -1.992180995263261423e+00 2.931711072350502434e+00
5.099000000000000000e+03 8.489975620676837309e-01 -1.992180995263261423e+00 2.931711072350502434e+00
4.992000000000000000e+03 1.013582213480514582e+00 -1.219162437651534425e+00 2.547975937412374492e+00
5.067000000000000000e+03 1.156493063849076464e+00 1.441047261280016478e+00 2.668847218978100955e-01
5.060000000000000000e+03 1.273169343167985801e-01 1.576535601434343015e+00 1.115266667064467754e+00
5.003000000000000000e+03 2.909047760303806740e-02 8.119438864949026780e-01 1.062589136066620199e+00
5.596000000000000000e+03 -5.639359961410406186e-03 8.190662173486877862e-01 1.078078296294179950e+00
8.944000000000000000e+03 6.293114637767089903e-01 -7.190802443350845508e-01 5.443145163031957168e-01
1.189200000000000000e+04 6.293114637767089903e-01 -7.190802443350845508e-01 5.443145163031957168e-01
7.205000000000000000e+03 7.536058617226970568e-01 -3.190591795797543817e-01 1.924650765735670177e+00
7.204000000000000000e+03 1.748457397424541426e+00 -8.333613857975246120e-01 8.988819118703759159e-01
5.125000000000000000e+03 -9.353636189594638495e-01 -1.010858894992682222e+00 -7.130182289321922440e-01
5.028000000000000000e+03 -2.206188132768989618e+00 -1.028188259459388076e+00 -7.410554371938786744e-01
5.004000000000000000e+03 -6.637446140657594640e-01 -9.326992406490155485e-01 -5.699765073220390832e-01
4.946000000000000000e+03 -5.806576605776712086e-01 -7.838996675952627502e-01 -2.925696381883113872e-02
5.086000000000000000e+03 -5.806576605776712086e-01 -7.838996675952627502e-01 -2.925696381883113872e-02
4.954000000000000000e+03 -3.426123089741171412e+00 2.436436351737834016e-01 -1.896818794535398922e+00
5.017000000000000000e+03 -1.793960998234293669e+00 5.475903827977033345e-01 -8.212328549108178777e-01
4.883000000000000000e+03 -2.354856315482173557e+00 6.039313680721898336e-01 -8.288710941246222319e-01
4.878000000000000000e+03 -9.305081292063839271e-01 3.135856304403832340e-01 -6.249219023523266969e-03
4.999000000000000000e+03 -5.856214232770113881e-01 1.121345174118252963e+00 1.120404854216445756e-01
7.144000000000000000e+03 -2.288111956385048273e+00 1.088610785433833605e+00 2.251771815436356405e-01
