# star id 	 star_x_coords [pc] 	 star_y_coords [pc] 	 star_z_coords [pc] 
1.103600000000000000e+04 -6.013618189382707868e-01 -1.141171138707127497e+00 -1.859156657351899611e+00
1.103500000000000000e+04 -6.013618189382707868e-01 -1.141171138707127497e+00 -1.859156657351899611e+00
1.104300000000000000e+04 1.603961719067587666e+00 3.624662878696796042e-01 -8.246748248768085432e-01
1.112000000000000000e+04 1.603961719067587666e+00 3.624662878696796042e-01 -8.246748248768085432e-01
1.104200000000000000e+04 2.089034886061966745e+00 -8.069261984605358151e-02 -3.734488749085436154e-01
1.110400000000000000e+04 -1.164028569605237706e+00 -9.637275500436564002e-01 -5.555308281684929739e-01
1.107100000000000000e+04 -5.172161994666080176e-01 -6.602289884183605295e-01 -2.459421139402472534e+00
1.097700000000000000e+04 -7.674059327476800973e-01 5.853263466595612918e-01 -1.616630286415819739e+00
1.109000000000000000e+04 -5.678306142577849158e-01 1.172148160229708136e+00 -1.863285241801300174e+00
1.108900000000000000e+04 -7.289394983217007962e-01 2.526697072939105837e-01 -1.321570754628851319e+00
1.099600000000000000e+04 -7.289394983217007962e-01 2.526697072939105837e-01 -1.321570754628851319e+00
1.113800000000000000e+04 -9.443865667041251299e-03 -1.151132692139747782e+00 2.275496660307076979e-01
1.110800000000000000e+04 -1.171203318262135085e+00 -2.115325001911428693e+00 -7.281800375366032085e-02
1.116200000000000000e+04 1.787659719558067906e-01 8.520873803391757484e-01 2.346613694601742850e+00
1.112700000000000000e+04 6.146189325961106675e-01 -2.853397955850009993e-01 1.144224214656830441e-02
1.110200000000000000e+04 4.149305148920241493e-01 1.006394413970581603e+00 1.005486551889042346e+00
1.110100000000000000e+04 5.045610087723080284e-01 3.654286444102603504e-01 1.568240081166756283e+00
1.105200000000000000e+04 2.793941205374821379e-01 -1.211644791336974336e-01 7.465534256020305293e-01
1.103300000000000000e+04 -3.190745878052680951e-02 2.937287323529975680e-01 2.883551708399814117e+00
1.107700000000000000e+04 -5.893219116685592951e-01 9.581714424571061706e-01 2.955940916736750523e+00
1.103400000000000000e+04 -1.792426969965461581e-01 1.053358829082848391e+00 3.065183946114778735e+00
