# x(pc), y(pc), z(pc),radii at birth (pc), particle tag
2.260269535056306722e+01 -4.501407759794811625e+01 1.841572459300518361e+01 1.437990753902134156e+00 2.202800000000000000e+04
1.894496911901323344e+01 -4.943836643775701134e+01 1.514803782001813737e+01 1.616603635863274713e+00 1.446200000000000000e+04
2.352791584434149641e+01 -4.712037258832352649e+01 2.144247837415135649e+01 1.437990753902134156e+00 2.189400000000000000e+04
1.709149295779777233e+01 -4.671362006649289356e+01 1.923398655833408810e+01 1.137787552780093581e+00 2.239800000000000000e+04
1.537037128207786907e+01 -5.986616903514516963e+01 2.832760429180561346e+01 1.616603635863274713e+00 1.385400000000000000e+04
-2.208016687824337243e+00 -3.203986035718878611e+01 3.971221501610125415e+01 1.279112184604114910e+00 1.867900000000000000e+04
1.376704413242447700e+01 -3.527134009544365512e+01 5.674473129197621546e+01 1.012077385270144125e+00 2.105800000000000000e+04
1.012719557135712911e+01 -3.417517696241966974e+01 5.849420180743057074e+01 1.137787552780093581e+00 2.097400000000000000e+04
1.402211555152835132e+01 -3.429101435268123055e+01 5.783279264608192705e+01 1.137787552780093581e+00 2.132100000000000000e+04
1.245719776439532822e+01 -3.578489065863787033e+01 5.934422026186616250e+01 1.012077385270144125e+00 2.140500000000000000e+04
1.126000683611851727e+01 -3.694933849658062996e+01 6.295727310917632025e+01 1.279112184604114910e+00 2.121800000000000000e+04
1.113972237252871622e+01 -3.670464506685065231e+01 6.325855731405550131e+01 1.137787552780093581e+00 2.112900000000000000e+04
-8.642287742223185631e+00 -1.866407800871915157e+01 5.900946964822869489e+01 1.437990753902134156e+00 1.772500000000000000e+04
-1.268611375594742974e+01 -1.543990655109698729e+01 6.434521619850302443e+01 1.616603635863274713e+00 1.757200000000000000e+04
-1.010727462189801251e+01 -1.910840154248355205e+01 6.543694736454779104e+01 1.616603635863274713e+00 1.817500000000000000e+04
-1.226279630967231249e+01 -1.150121289386953016e+01 6.008347466394536696e+01 1.437990753902134156e+00 1.805000000000000000e+04
2.848664574908366554e+00 -2.751909630503609350e+01 5.603398595710852703e+01 1.279112184604114910e+00 2.061800000000000000e+04
6.241803739359340630e-01 -2.478006197225931473e+01 5.598368991795108940e+01 1.279112184604114910e+00 2.030800000000000000e+04
4.678782362469576128e+00 -2.881767364762739447e+01 6.246771814186137561e+01 1.279112184604114910e+00 2.086400000000000000e+04
-6.951803566462319672e+00 -1.869185122433269441e+01 5.403688914707296220e+01 1.137787552780093581e+00 1.847400000000000000e+04
2.973673863069409506e+00 -1.025818040972925971e+01 4.036340176436117844e+01 1.437990753902134156e+00 1.835300000000000000e+04
-2.990495635774912397e+00 -1.225254467282806203e+01 4.496346789284903167e+01 1.817402030155348847e+00 1.694700000000000000e+04
5.235275974408864386e+00 -7.279595080039346300e+00 4.253636768258496659e+01 1.437990753902134156e+00 1.643400000000000000e+04
-5.833442303828330289e+00 -1.200016928906812019e+01 4.637511311554911941e+01 1.616603635863274713e+00 1.785900000000000000e+04
-9.117261400773989388e-01 -2.031909283029373015e+01 4.132333805485320255e+01 1.279112184604114910e+00 1.956300000000000000e+04
-1.733836986056314533e+00 -2.079968027352531479e+01 5.127205747261116642e+01 1.437990753902134156e+00 1.994200000000000000e+04
7.425557699180774796e-01 -4.595864035881271903e+00 3.705472971588491760e+01 1.437990753902134156e+00 1.511500000000000000e+04
5.911444955520341438e+00 -1.427032231137447482e+01 2.551857252756647298e+01 2.043141600042852168e+00 1.874800000000000000e+04
2.556825908506976663e+00 -1.590616041520717516e+01 3.789031117338298316e+01 1.437990753902134156e+00 1.855900000000000000e+04
1.602770926540832086e+00 -1.999552846948416729e+01 3.734713903351112663e+01 1.437990753902134156e+00 1.908300000000000000e+04
5.843861727052513944e-01 -1.869846040142657984e+01 3.709324235438744211e+01 1.437990753902134156e+00 1.941200000000000000e+04
1.443422066814694560e+01 -1.545671175557828647e+01 1.261346045335969457e+01 1.437990753902134156e+00 1.922800000000000000e+04
6.874345126676462137e+00 -1.173255839136220002e+00 1.342300002472229359e+01 1.437990753902134156e+00 1.567900000000000000e+04
6.621140341618142244e+00 -1.331479769300142335e+00 1.318928504707538885e+01 1.437990753902134156e+00 1.545300000000000000e+04
1.118670175006661260e+01 -3.312780292385433256e+01 2.997566312427262236e-01 1.137787552780093581e+00 2.073100000000000000e+04
1.189279288291136893e+01 -3.377036910096201439e+01 1.101734016709218889e+00 1.437990753902134156e+00 2.009800000000000000e+04
1.134708617822482246e+01 -4.118269767138503568e+01 3.008683446742701939e+00 1.616603635863274713e+00 1.967700000000000000e+04
1.876861112814475163e+01 -4.803132630013605819e+01 5.636317446908113205e+00 1.616603635863274713e+00 1.410300000000000000e+04
1.258679984986431677e+01 -1.374352980028946725e+01 -8.306776542884604098e+00 1.279112184604114910e+00 1.531300000000000000e+04
1.779740441953818220e+01 -2.127349796779748203e+01 -1.465195822286239746e+01 1.279112184604114910e+00 1.676900000000000000e+04
2.144768601141297637e+01 -2.561474558932896528e+01 -7.531431866364527217e+00 1.279112184604114910e+00 1.630200000000000000e+04
1.404061456135157648e+01 -2.212779626162355129e+01 -8.768774642030548350e+00 1.279112184604114910e+00 1.665500000000000000e+04
1.480625157646722556e+01 -1.683901845569284106e+01 -1.062642230256290077e+01 1.137787552780093581e+00 1.654100000000000000e+04
1.373809894637389561e+01 -1.554877163859469213e+01 -1.340434058830451747e+01 1.437990753902134156e+00 1.596000000000000000e+04
1.381016683050616045e+01 -1.841027859355866525e+01 -1.675835340415924080e+01 1.437990753902134156e+00 1.721300000000000000e+04
6.335528906487110312e+00 -1.907683216171390228e+01 -1.273112219922845334e+01 1.279112184604114910e+00 1.748100000000000000e+04
6.138015999383392263e+00 -1.209193814091993779e+01 -7.863323517065456514e+00 1.137787552780093581e+00 1.617600000000000000e+04
9.094055507804030825e+00 -1.597072610027688100e+01 2.192079825513340019e+00 1.279112184604114910e+00 1.482500000000000000e+04
1.357819511128461620e+01 -2.561140376695870202e+01 -9.363689326156213744e-01 1.437990753902134156e+00 2.041300000000000000e+04
1.695319552396982132e+01 -1.895534159198510693e+01 -4.685778853768423069e+00 1.012077385270144125e+00 1.741200000000000000e+04
9.603118213872997799e+00 -1.349982051707388564e+01 2.998045328137457499e+00 1.012077385270144125e+00 1.504000000000000000e+04
4.046410339922226029e+01 -2.024911364110887035e+01 -1.033504145880602820e+01 1.616603635863274713e+00 1.359800000000000000e+04
3.820663441297625695e+01 -1.501811649881724264e+01 -2.937942122818957102e+01 1.137787552780093581e+00 1.436900000000000000e+04
2.765438099444926578e+01 -4.827812881293123581e+01 2.681711689204098903e+01 1.012077385270144125e+00 2.234900000000000000e+04
2.831754126825077833e+01 -4.556188609946650558e+01 2.708701553733061473e+01 1.437990753902134156e+00 2.220300000000000000e+04
2.403212459620500141e+01 -4.587796730568928893e+01 1.868070666702615057e+01 2.043141600042852168e+00 2.147400000000000000e+04
