# star id 	 star_x_coords [pc] 	 star_y_coords [pc] 	 star_z_coords [pc] 
2.048200000000000000e+04 -1.550830397367249702e+00 -1.064684712522744547e+00 8.303432991691295229e-02
2.053900000000000000e+04 2.828479285493088469e-01 6.981273728688464075e-02 -7.860360656549332248e-01
2.041300000000000000e+04 -1.350773207582108171e+00 7.598328687399735770e-01 5.394214133621737517e-01
2.044100000000000000e+04 -1.385965643317732088e+00 1.390624822038692088e+00 9.935383026373507676e-01
2.044200000000000000e+04 4.168668922436253865e-01 1.062551695169645427e+00 6.837998919851173696e-02
2.076300000000000000e+04 1.357523864367706778e-01 5.837728356201807856e-01 1.322077886304231953e+00
2.035300000000000000e+04 8.990957647611281800e-01 1.362501647109940706e+00 1.061585585968032319e-01
2.053300000000000000e+04 -3.469009318622156002e-01 -2.639539915831516481e+00 4.796442168251537908e-01
2.043900000000000000e+04 -6.430666174750854225e-02 -2.043560348162479556e+00 -5.984532027188578240e-01
3.020000000000000000e+04 -3.643707289833528762e-01 -1.833949642479169029e+00 6.259656323473450357e-02
2.028200000000000000e+04 -2.100651619527418745e+00 -1.919004298835826461e+00 8.551365603639915491e-01
2.041100000000000000e+04 7.937767180187904614e-02 3.181745747684097125e-01 -2.854781879091916608e-02
2.041000000000000000e+04 5.848894819096983611e-02 5.434119118191205189e-02 1.920864494569229919e-02
2.076400000000000000e+04 5.848894819096983611e-02 5.434119118191205189e-02 1.920864494569229919e-02
2.035400000000000000e+04 5.848894819096983611e-02 5.434119118191205189e-02 1.920864494569229919e-02
2.047300000000000000e+04 -6.264689765467323923e-02 8.881758567452280317e-02 1.548001072310896120e-01
2.030400000000000000e+04 -6.264689765467323923e-02 8.881758567452280317e-02 1.548001072310896120e-01
2.038900000000000000e+04 -6.264689765467323923e-02 8.881758567452280317e-02 1.548001072310896120e-01
2.032700000000000000e+04 1.846998238001589243e-01 -2.057889704756554750e-01 9.458365536145407759e-02
2.024600000000000000e+04 2.312108356016153721e-01 -1.051349818732880692e-01 1.856522149419248535e-02
2.043500000000000000e+04 2.312108356016153721e-01 -1.051349818732880692e-01 1.856522149419248535e-02
2.053700000000000000e+04 3.052708806430928234e-01 2.884506500344876656e-01 1.657657950452318119e-02
2.053800000000000000e+04 6.841005498786927319e-01 -2.322270410167455168e-01 3.010962522760181059e-01
2.048500000000000000e+04 -1.910084470956405767e-01 -3.162796910141096873e-01 -5.907017287253069071e-02
2.048600000000000000e+04 2.831563366924427783e-02 -4.192923661199472463e-01 3.008430557857479926e-01
2.024500000000000000e+04 -2.956503535114691772e-01 4.483373297691493065e-01 7.429255394933420575e-02
2.035700000000000000e+04 1.435514294444359962e-01 5.319794104568416060e-01 2.967997423806991719e-01
1.880300000000000000e+04 1.435514294444359962e-01 5.319794104568416060e-01 2.967997423806991719e-01
2.043400000000000000e+04 -2.756196300025806067e-01 4.424258283463089469e-01 3.939207476710748779e-01
2.056300000000000000e+04 -5.441859801333208679e-01 -6.277950305543278375e-01 2.026376200051771548e-01
2.051000000000000000e+04 -7.025822071323943874e-01 -6.891167452193123211e-01 2.969556882843278345e-01
2.048900000000000000e+04 -9.237252430255438185e-01 5.543848745879742523e-01 2.924177962846599144e-01
2.048700000000000000e+04 7.764780215777804528e-01 3.959007325065364569e-01 4.357400396343464877e-01
2.041800000000000000e+04 -3.922644635989058770e-02 8.111694636993860286e-02 -2.638953627691833503e-01
2.041900000000000000e+04 2.101026776911396610e-02 -7.188974327701913580e-02 -2.220724709543233644e-01
2.052500000000000000e+04 -8.988527894394593432e-02 -6.345455439312530643e-02 -1.771213726738594119e-01
2.032100000000000000e+04 -8.988527894394593432e-02 -6.345455439312530643e-02 -1.771213726738594119e-01
2.050900000000000000e+04 1.297441241068710838e-01 1.031567462223890175e-01 -1.510159672175888090e-01
2.034200000000000000e+04 1.297441241068710838e-01 1.031567462223890175e-01 -1.510159672175888090e-01
2.033900000000000000e+04 3.358835930117720636e-02 3.475150547257044309e-02 -1.453139552646902644e-01
2.043000000000000000e+04 7.418121072307712893e-01 3.044727223583301168e-01 -2.779968194906317080e-01
2.056700000000000000e+04 7.418121072307712893e-01 3.044727223583301168e-01 -2.779968194906317080e-01
2.037800000000000000e+04 5.020224780191000491e-01 -7.019617743679873456e-02 -1.591766675559540545e-01
2.053500000000000000e+04 3.668456122214607262e-01 -1.978806601942899590e-01 -1.563630559732445136e-01
2.038500000000000000e+04 3.668456122214607262e-01 -1.978806601942899590e-01 -1.563630559732445136e-01
2.031600000000000000e+04 1.427487869678998322e-01 3.832436839523758465e-01 -4.046586262559515035e-01
2.047100000000000000e+04 1.427487869678998322e-01 3.832436839523758465e-01 -4.046586262559515035e-01
2.035200000000000000e+04 2.026100443350884461e-01 3.811213380982643173e-01 -1.485509118890462332e-01
2.031500000000000000e+04 2.026100443350884461e-01 3.811213380982643173e-01 -1.485509118890462332e-01
2.024000000000000000e+04 2.235943072867954129e-01 -4.052176217383873791e-01 -2.557582798405491076e-01
2.024100000000000000e+04 1.738079473720901547e-01 -3.347628832167153234e-01 -2.314446624108086326e-01
2.038300000000000000e+04 3.894091760704228022e-01 3.783166995405551347e-01 -4.999270877796746504e-01
2.038400000000000000e+04 3.894091760704228022e-01 3.783166995405551347e-01 -4.999270877796746504e-01
2.027400000000000000e+04 5.271766713269201432e-01 5.285551218786501693e-01 -4.464568074036066037e-01
2.027300000000000000e+04 4.007800500264409038e-01 3.806178682304697247e-01 -2.551855027145037980e-01
2.023900000000000000e+04 2.857763615416430980e-01 3.849541635525923766e-01 -2.193649397097203746e-01
2.045900000000000000e+04 2.857763615416430980e-01 3.849541635525923766e-01 -2.193649397097203746e-01
2.049600000000000000e+04 -6.141607276345126820e-01 -4.595323194969793690e-01 -5.503995170552116178e-01
