# star id 	 star_x_coords [pc] 	 star_y_coords [pc] 	 star_z_coords [pc] 
4.014100000000000000e+04 -1.118069920855404575e+00 1.040634758224133094e+00 3.791760006124746951e-01
3.878700000000000000e+04 -6.575735139625962233e-01 7.767788632924208514e-01 1.093448148626144700e+00
3.880000000000000000e+04 -1.168738557368129705e-01 -8.606586281184647191e-02 2.635985491263426184e-02
4.015600000000000000e+04 5.431782587168427767e-01 -1.626254139650349373e-01 2.283422758691600052e-01
3.985400000000000000e+04 3.353436906654110317e-01 -4.780013029730483254e-01 -9.362348210072752863e-01
3.877500000000000000e+04 9.314861206939824001e-01 -2.353977695931348535e-01 -3.482086780146502747e-01
3.989900000000000000e+04 1.236924352105774005e+00 -4.021704048573404577e-01 1.013170384798627310e-01
3.978500000000000000e+04 8.639155732015240119e-01 -4.898269264839854031e-01 1.403034782531094038e-01
3.985300000000000000e+04 -5.357985834629346300e-01 3.592972102450602279e-01 -1.329078237039894361e+00
3.876700000000000000e+04 5.278536194793446157e-01 4.386741315078346304e-01 -8.578474972777172525e-01
3.970700000000000000e+04 5.278536194793446157e-01 4.386741315078346304e-01 -8.578474972777172525e-01
4.004900000000000000e+04 5.278536194793446157e-01 4.386741315078346304e-01 -8.578474972777172525e-01
3.970900000000000000e+04 -1.853059471640037259e-01 1.430624941431233310e-01 -9.076547228460398742e-01
3.970800000000000000e+04 -8.311857818969059508e-01 5.592589682291801978e-01 -1.712642391716201473e-02
3.984200000000000000e+04 -5.364099659817043175e-01 5.898202857887753225e-01 4.622938780962400074e-01
3.983200000000000000e+04 -1.288054377660230898e+00 -1.396033391553816116e+00 6.194131116997141362e-01
4.047400000000000000e+04 8.193025378322005281e-02 -6.371798733168070328e-01 7.418164205609443229e-01
3.986100000000000000e+04 -5.649450332582972578e-01 -3.805951425694722445e-01 9.611353743581645404e-01
3.995800000000000000e+04 3.718169938087640958e-01 -4.638410024404322485e-01 1.445579982509862305e+00
