# star id 	 star_x_coords [pc] 	 star_y_coords [pc] 	 star_z_coords [pc] 
2.457100000000000000e+04 -4.100727989652071415e+00 9.365656169842537793e-01 1.029122557839784236e+00
2.434100000000000000e+04 -4.004809284737262942e+00 1.703694380592025936e+00 1.809204214442871717e+00
2.423900000000000000e+04 -3.958545604887135028e+00 8.123479046827100092e-01 2.286221653050859004e+00
2.398900000000000000e+04 -3.997892172488761275e+00 -3.530681721917261484e+00 1.397755951132580776e+00
2.448300000000000000e+04 -2.571429650794399890e+00 1.318606696016402680e+00 2.388501054366102494e+00
2.433500000000000000e+04 -1.883661200285729365e+00 1.314478671406575927e+00 1.023123093404890938e+00
2.408000000000000000e+04 -2.338244894756783765e+00 1.339357411413175214e+00 1.435016061353394434e+00
2.445800000000000000e+04 -2.338244894756783765e+00 1.339357411413175214e+00 1.435016061353394434e+00
2.430000000000000000e+04 -3.418116509992543683e+00 1.146461010212718179e+00 -4.562778610746960339e-01
2.409300000000000000e+04 -2.868934738791878658e+00 6.638773702048581526e-01 3.298491141360997858e+00
2.448500000000000000e+04 -2.868934738791878658e+00 6.638773702048581526e-01 3.298491141360997858e+00
2.417200000000000000e+04 -2.868934738791878658e+00 6.638773702048581526e-01 3.298491141360997858e+00
2.447600000000000000e+04 -2.868934738791878658e+00 6.638773702048581526e-01 3.298491141360997858e+00
2.439500000000000000e+04 -3.023548099317522997e+00 6.014053411583120123e-01 -5.764112949510149519e-01
2.408600000000000000e+04 -2.438107961420811876e+00 2.314159526011849266e+00 -5.501931407369085036e-01
2.383500000000000000e+04 -3.068377666007890525e+00 1.408674592850033491e+00 4.210850008696809255e-01
2.439400000000000000e+04 -3.421315352248782915e+00 1.586328198316081739e+00 2.421133334211575061e+00
2.399400000000000000e+04 -2.432161421461529471e+00 1.858330672844317633e+00 -5.460150456553236609e-01
2.419900000000000000e+04 -1.993406176964967358e+00 3.122720233880158958e+00 -3.285735899538764215e-01
2.452700000000000000e+04 -2.476966310903634394e+00 -2.412219972971072934e+00 -1.932672193474189726e-01
2.447800000000000000e+04 -2.001406960246484346e+00 -4.562126353745270535e-01 2.761049346760856338e+00
2.400200000000000000e+04 -1.969972812124041184e+00 -2.783496291875309225e+00 1.362234973289417894e+00
2.424100000000000000e+04 -3.290303639957571136e+00 -1.222497099043621915e+00 -6.745710517887459901e-02
2.638000000000000000e+04 -3.638434592290948899e+00 -1.101264198744914324e+00 2.424549275434060291e-01
2.447500000000000000e+04 -3.356386328832911659e+00 -1.741147536502055004e+00 -5.203572473257054298e-01
2.407900000000000000e+04 -2.652053290160310439e+00 -1.130783434840125778e+00 -2.148823997903690497e-01
2.458600000000000000e+04 -2.314057661321015757e+00 -1.448253336143835668e+00 3.360752555750394777e-01
2.409900000000000000e+04 -2.488329578306860412e+00 2.391752848650412488e-01 -3.681708085189541180e-01
2.436100000000000000e+04 -1.882568152535640138e+00 -7.641008411533789513e-02 3.453128428991192322e-01
2.417600000000000000e+04 -2.095394566203296449e+00 -6.909769952818294314e-01 5.355608992974225657e-02
2.417700000000000000e+04 -1.812718753572823971e+00 -2.048270369079006059e-01 1.978539667439846994e+00
2.386600000000000000e+04 -3.229546661077165481e+00 -3.117059674694772298e+00 1.138358714851975151e+00
2.405000000000000000e+04 -3.098626479197662320e+00 -1.913562911548467582e+00 1.584063810446636467e+00
2.421100000000000000e+04 -2.247643128536566337e+00 9.296540090067537676e-01 -8.898894809257029692e-01
2.446700000000000000e+04 -2.170742590426826268e+00 -6.438690628062886390e-01 -2.911305143678646346e+00
2.382200000000000000e+04 -2.170742590426826268e+00 -6.438690628062886390e-01 -2.911305143678646346e+00
2.382300000000000000e+04 -2.589544829898187572e+00 -2.851863208777558611e-01 -2.725232866535293397e+00
2.428300000000000000e+04 -2.589544829898187572e+00 -2.851863208777558611e-01 -2.725232866535293397e+00
2.418600000000000000e+04 -2.589544829898187572e+00 -2.851863208777558611e-01 -2.725232866535293397e+00
2.426300000000000000e+04 -2.589544829898187572e+00 -2.851863208777558611e-01 -2.725232866535293397e+00
2.383000000000000000e+04 -1.862976130357139937e+00 -1.429203515073410813e+00 -1.114983454192213230e+00
2.448800000000000000e+04 -2.724174429843927214e+00 -1.778740419275536055e+00 -1.042310154923399068e+00
2.385800000000000000e+04 -3.772845472607855299e-02 -2.596297929769008306e+00 -3.705976596168383708e+00
2.404300000000000000e+04 -1.436078525728206046e+00 -3.077796983859741431e+00 5.340742374033311535e-01
2.386000000000000000e+04 1.829625239746235366e-02 -2.941403617980455465e+00 -6.550093005547665825e-01
2.401700000000000000e+04 -1.144169506113186685e+00 -1.910227992232677252e+00 -1.074708850859536824e+00
2.470100000000000000e+04 2.435491815821777095e+00 -2.999376032208829201e-01 -1.585843564270490447e+00
2.402600000000000000e+04 2.435491815821777095e+00 -2.999376032208829201e-01 -1.585843564270490447e+00
2.384300000000000000e+04 3.149307768108201344e+00 -3.722808980045329008e-01 -7.775389865316242322e-01
2.408200000000000000e+04 3.029511381876162091e+00 -6.637929853801409763e-01 -5.290649045754634017e-01
2.408300000000000000e+04 4.366486015731766201e+00 -5.860745664806614741e-01 -1.300232578013293505e+00
2.437000000000000000e+04 -1.402468922705679688e-03 -1.791772962948854797e+00 7.229967700321680013e-01
2.437100000000000000e+04 4.098020832397494928e+00 -7.502759233860984978e-01 -3.256385691296941332e-01
2.454400000000000000e+04 3.717412541512246094e+00 -1.446249148568298892e+00 9.723628374217696546e-03
2.633600000000000000e+04 1.837603036211191920e+00 -8.960479425433334200e-01 1.404218593731911824e-01
2.430300000000000000e+04 -7.577094526740069114e-01 -2.183513217296379594e+00 4.581566157590089006e-01
2.430400000000000000e+04 1.131201303151385673e+00 -2.107489838430637974e+00 -2.423971118064969232e-01
2.445900000000000000e+04 4.162640913990856006e-02 -2.481168564987981995e+00 -4.313880845244000284e-01
2.430500000000000000e+04 -7.292895613384757780e-01 -1.967153310531401189e+00 -4.767340388319780686e-01
2.384900000000000000e+04 4.310062294878491684e-02 -1.811322852180310861e+00 -1.747171205200999111e-01
2.446100000000000000e+04 -7.597931030962001842e-02 -2.046065740313196102e+00 2.515148651368690480e-01
2.410300000000000000e+04 -7.597931030962001842e-02 -2.046065740313196102e+00 2.515148651368690480e-01
2.438500000000000000e+04 2.306268975911265784e+00 -7.288777336383134298e-02 2.457864125436373115e-01
2.437600000000000000e+04 2.936207975487164390e+00 -7.041871116809801379e-01 7.112769930585187694e-01
2.427400000000000000e+04 2.998464481739858911e+00 -8.736689625473559317e-01 7.029513172972201573e-01
2.416900000000000000e+04 2.981009781600917563e+00 -1.610238550228189069e-01 6.355375686268871505e-01
2.402800000000000000e+04 3.283203614598008357e+00 -6.808634448221226876e-01 1.110083479002369700e+00
2.403700000000000000e+04 1.483694798440964746e+00 -1.535006475631064404e+00 2.136049414369068700e+00
2.447400000000000000e+04 3.392292869709663705e+00 -4.076844015922631570e-01 2.181589432731385614e+00
2.441100000000000000e+04 1.892803260654474684e+00 -2.975030643073921510e-01 1.618301143388762853e+00
2.441000000000000000e+04 8.600291793554646347e-01 -5.803649177559577765e-02 2.610100220131471360e+00
2.410400000000000000e+04 -1.321088132564824491e+00 -1.270613358347063127e+00 -1.726419815699642868e+00
2.432100000000000000e+04 2.669259396717833965e+00 -1.560927525460968468e+00 -2.281140070450348389e+00
2.440600000000000000e+04 6.570224783365574694e-02 -1.496389033233995747e+00 -2.417301582251269565e+00
2.387200000000000000e+04 -1.684297795567388789e+00 -5.215852225995405433e-01 -2.269312815838674169e+00
2.428700000000000000e+04 2.745911232156885262e+00 -3.538843186588565004e-01 -2.248925666206773144e+00
2.433600000000000000e+04 3.131952290917183745e-01 -2.223561132611422408e-01 -1.995499039544441189e+00
2.430100000000000000e+04 3.131952290917183745e-01 -2.223561132611422408e-01 -1.995499039544441189e+00
2.430200000000000000e+04 -5.962901641461257896e-01 -6.301627963156732903e-01 -2.283727375695519868e+00
2.430800000000000000e+04 3.746055085461279077e+00 -8.440353649582732487e-02 -2.342120994851711657e+00
2.406200000000000000e+04 3.746055085461279077e+00 -8.440353649582732487e-02 -2.342120994851711657e+00
2.427500000000000000e+04 1.551698046037131462e+00 -3.011338578624531692e-01 -2.608726127822976082e+00
2.406700000000000000e+04 2.250815777835981635e-01 -2.755443051805542609e+00 -3.454642788107349816e+00
2.406800000000000000e+04 2.250815777835981635e-01 -2.755443051805542609e+00 -3.454642788107349816e+00
2.406900000000000000e+04 -2.335239647741076396e-01 -2.034902774832730188e+00 -2.734766654705012456e+00
2.423000000000000000e+04 4.607720920220970129e-02 -2.780861422071765787e+00 -2.907166023142139011e+00
2.425800000000000000e+04 3.966616482028612722e+00 -8.026584334916435637e-01 -3.144500350878985273e+00
2.418700000000000000e+04 3.556505421996206451e+00 -1.436337122451675441e+00 -2.771757255763191097e+00
2.405900000000000000e+04 3.556505421996206451e+00 -1.436337122451675441e+00 -2.771757255763191097e+00
2.440900000000000000e+04 1.060948640661578679e+00 -1.782706729069957419e+00 -3.633095408680702576e+00
2.424500000000000000e+04 1.060948640661578679e+00 -1.782706729069957419e+00 -3.633095408680702576e+00
2.426600000000000000e+04 1.060948640661578679e+00 -1.782706729069957419e+00 -3.633095408680702576e+00
2.426700000000000000e+04 1.060948640661578679e+00 -1.782706729069957419e+00 -3.633095408680702576e+00
2.447900000000000000e+04 1.203121839410883354e+00 -6.725852281299182778e-01 -3.361485883387260287e+00
2.439800000000000000e+04 6.269081412531818387e-01 -1.918686249165517665e-01 -2.919632994643265533e+00
2.429800000000000000e+04 4.091784710622064836e+00 -1.604549252984242003e-01 -3.517168104445005383e+00
2.441800000000000000e+04 4.091412175881572466e-01 -1.326291074074219978e+00 -3.484802822911490239e-01
2.424600000000000000e+04 -1.223730631683793035e+00 -1.308467096541804153e+00 -1.108140206051473342e-01
2.407700000000000000e+04 4.446607154433763753e-01 -1.179847540132612949e+00 -2.799217126041355641e-01
2.407800000000000000e+04 4.714408551943733983e-01 -7.171064897442818165e-01 -2.546581568995662792e-01
2.407000000000000000e+04 5.017644438644879301e-01 -7.517970415401435957e-01 -2.811320207343754873e-01
2.411700000000000000e+04 4.823867319566801370e-01 -7.217810842147542871e-01 -1.922965167053263258e-01
2.409500000000000000e+04 4.823867319566801370e-01 -7.217810842147542871e-01 -1.922965167053263258e-01
2.406500000000000000e+04 -2.697285362855978974e-01 -9.803277469623310481e-01 -3.802122893961268346e-01
2.444800000000000000e+04 1.500727221154420477e+00 -7.667511954474832692e-01 -2.859756751635558203e-01
2.449700000000000000e+04 -2.022969869375401686e-02 -9.358955448484351791e-01 -3.396802422666809207e-01
2.442100000000000000e+04 4.268683704508475785e-01 -1.558610262376873834e+00 8.492348072222455357e-02
2.439700000000000000e+04 3.669274339018073761e-01 -1.307402883572606811e+00 3.788085082758243516e-01
2.425300000000000000e+04 9.990433796541964284e-01 -1.633513066344136178e+00 1.053530800103885667e-01
2.425400000000000000e+04 -1.460372719467528668e-01 -1.725860324714091121e+00 3.741903136335480440e-01
2.433200000000000000e+04 -1.587056004591445912e+00 -8.334236685766143182e-01 2.674648648253992178e-01
2.424000000000000000e+04 -3.847220045699373259e-01 -1.169652719239707039e+00 1.965017550087253539e-01
2.438300000000000000e+04 -3.560694927294036916e-01 -1.202158060727981592e+00 3.640508186059321361e-01
2.410800000000000000e+04 -1.039541924666423256e+00 -8.240619973819889310e-01 1.418861542936014075e-01
2.457300000000000000e+04 -8.768421938146104821e-01 -9.993135761149716245e-01 4.976093463657349503e-01
2.436000000000000000e+04 2.121702927028934482e-01 -1.018681222608023518e+00 -6.084827641274159760e-03
2.447100000000000000e+04 2.109277089585646081e-01 -9.773528019482000673e-01 4.152069556640469727e-02
2.403400000000000000e+04 -1.510527577816702660e-01 -1.077677451775642226e+00 4.031148267906417004e-01
2.393800000000000000e+04 -1.307688706852871974e+00 -5.091492939122304051e-01 -1.321655217972335095e-01
2.403500000000000000e+04 2.634454604168752212e-01 -3.904965528656134666e-01 -2.427899763119398813e-01
2.426400000000000000e+04 -7.551803444369795670e-01 -3.650882209780093035e-01 -4.317716442482577577e-01
2.415200000000000000e+04 -3.389752296448449442e-01 -3.555052525984052636e-01 -3.963890676081831543e-01
2.410900000000000000e+04 1.356604615868121755e+00 -3.171653751718821468e-01 -2.546993657895200158e-01
2.426500000000000000e+04 1.559437799610762454e+00 -4.042422614819116689e-01 -2.242026735661397652e-01
2.425700000000000000e+04 -8.215840970383823105e-01 -3.829946778458861445e-01 -7.705404038659935395e-02
2.419300000000000000e+04 1.576467558807053138e-01 -2.433178986940021105e-01 -4.139260329659038007e-01
2.432600000000000000e+04 -8.898109343404172478e-01 -1.350440981687427211e+00 7.213174947307265938e-01
2.401200000000000000e+04 -8.898109343404172478e-01 -1.350440981687427211e+00 7.213174947307265938e-01
2.426100000000000000e+04 -1.763746565379022968e-01 -1.425463264689113885e+00 7.508343077107753061e-01
2.613900000000000000e+04 1.910029431947037892e-01 -1.541581231493594828e+00 8.338858541667661939e-01
2.407100000000000000e+04 2.783372981650984457e-01 -1.718755841306986554e+00 5.020685247385898720e-01
2.449500000000000000e+04 -1.479420156796706465e+00 6.464188460853392826e-03 -1.765589004788239436e-01
2.441900000000000000e+04 -6.415221410349403186e-01 -1.286895241999275186e-01 -2.280134668245352714e-01
2.434000000000000000e+04 -3.909185060707613957e-01 -1.469453690259712175e-01 -2.489251182989420386e-01
2.434500000000000000e+04 1.818903310625387348e+00 7.669923906981068740e-02 -1.365005839527100306e-01
2.436600000000000000e+04 6.717877687595432690e-01 -1.066979040297269421e+00 1.037080471197725728e+00
2.409400000000000000e+04 -5.356302764346736467e-01 -8.855058041304602057e-01 5.322931622973072763e-01
2.443900000000000000e+04 -3.878850029227436380e-01 -7.617812631156937186e-01 9.380643207029208952e-01
2.632400000000000000e+04 1.081447395075088025e-01 -1.336150018550625873e-01 -5.060620752562670077e-01
2.428100000000000000e+04 1.199228798099341020e-01 -7.494960587894183845e-02 -3.344459282268701372e-01
2.615200000000000000e+04 -4.006445893317334139e-02 -8.164979746963183516e-01 6.896361825843371207e-01
2.688800000000000000e+04 -5.106921464231106711e-02 -8.178465734711011237e-01 9.045268113280542366e-01
2.688900000000000000e+04 5.235251174312907096e-01 -4.491811259227063147e-01 1.496128911667398143e-01
2.415800000000000000e+04 -6.023054536618559496e-01 -5.175179127395637124e-01 6.327463351030360172e-02
2.442300000000000000e+04 -5.010635509417369349e-01 -6.353796541739171744e-01 1.338469456356961018e-03
2.434700000000000000e+04 -6.322915490739404731e-01 -2.418816928877447481e-01 1.891963785044339375e-01
2.452600000000000000e+04 -5.311715946097308461e-01 -1.571212901050159871e+00 1.063679762503312531e+00
2.394600000000000000e+04 -8.265749345923580904e-01 -5.711947057480131207e-01 2.173861040727587124e-01
2.448000000000000000e+04 -8.652522963453179727e-01 -3.139775627003160707e-01 3.837591428295326068e-01
2.754700000000000000e+04 6.669697566726995319e-01 -9.067544448149078562e-02 4.915734321279217056e-01
2.457500000000000000e+04 -5.712102797509572838e-01 5.065664193980978780e-02 2.991600588291589702e-01
2.419700000000000000e+04 -1.586393139444723488e+00 -1.222951538386524817e+00 1.086119930140412748e+00
2.403600000000000000e+04 6.878430300871656300e-01 -8.990005667995717431e-01 1.053872961816651355e+00
2.425000000000000000e+04 -6.552989762288348174e-01 -1.110490636311382673e+00 1.422322998336710498e+00
2.394700000000000000e+04 -6.552989762288348174e-01 -1.110490636311382673e+00 1.422322998336710498e+00
2.424900000000000000e+04 7.976690382193396545e-01 -9.645777619374200640e-01 1.307022202140174727e+00
2.453100000000000000e+04 1.527493738573468818e-01 -8.273901470382867274e-01 1.512514594017119407e+00
2.655500000000000000e+04 3.544778681308713431e-01 -4.760261695788443603e-01 8.678923521969181820e-01
2.637000000000000000e+04 4.277895363438091181e-01 -5.813682610171753140e-01 9.710507094533227246e-01
2.633200000000000000e+04 -7.578016780596783519e-01 -1.338356925629000216e+00 1.948286960561318892e+00
2.415600000000000000e+04 -5.979724539785848947e-01 6.664416829089248040e-02 4.709309132411618748e-01
2.704900000000000000e+04 -1.102479898628530464e+00 1.085352117683413553e-01 6.566959387529038850e-01
2.421800000000000000e+04 4.580261883342018336e-01 -3.327737257595231313e-01 1.200717703813495518e+00
2.391800000000000000e+04 7.091835753612230064e-01 -6.498172447290500031e-01 1.130579810274099373e+00
2.662100000000000000e+04 -7.750342443412705506e-01 -5.459114863117235927e-01 1.264591830387274740e+00
2.394900000000000000e+04 4.134605896021810167e-01 3.969692194320373346e-02 1.453170911665978338e+00
2.647100000000000000e+04 7.886790380832735536e-01 -1.119311160308171793e-01 1.772960232186946428e+00
2.657700000000000000e+04 -1.274189033366553758e+00 -3.753889410321562536e-01 -9.377866353864590110e-01
2.384700000000000000e+04 3.440219383527534092e-01 -1.115770000788771199e+00 -6.162562226081718109e-01
2.610500000000000000e+04 -6.799688535080719021e-01 -1.088928476660342426e+00 -7.500548849922523686e-01
2.610600000000000000e+04 -6.755262772640406865e-01 -9.546740743013089059e-01 -6.695757796909873605e-01
2.655400000000000000e+04 7.258087008502513982e-01 -2.409142184105377282e-01 -1.045301238106659980e+00
2.437500000000000000e+04 -2.288592063938921228e-01 -6.349023936629123455e-01 -5.378480839378738665e-01
2.403800000000000000e+04 8.108425001132673060e-01 -5.571579114295843738e-01 -1.033358510397633268e+00
2.451600000000000000e+04 7.295701903049263137e-01 -2.298774953477362715e-01 -9.232149771372633040e-01
2.402000000000000000e+04 1.076530515614024353e+00 -3.671719496385748016e-01 -6.369845996252792020e-01
2.679200000000000000e+04 -1.349924278996184057e-01 -4.369616633978665732e-01 -8.044043558224274193e-01
2.450000000000000000e+04 2.261563582675307771e-01 -6.660036907626931679e-02 -8.891430175813184178e-01
2.635300000000000000e+04 8.928693184790859050e-02 -6.273313857357720735e-02 -6.698790379380312743e-01
2.455200000000000000e+04 -4.019134635619536766e-02 -1.749254149889196697e-01 -5.572745932043261519e-01
2.654300000000000000e+04 2.752871858878194189e-01 3.548553835739198803e-02 -1.467201886562349955e+00
2.411600000000000000e+04 -1.060953617480464573e-01 -5.045068157356666916e-01 7.488440681346162364e-01
2.439200000000000000e+04 -5.481595008230044641e-02 -5.317889955970684923e-01 5.146813777668768353e-01
2.633800000000000000e+04 -4.703882224095679021e-01 -6.945597779406114114e-01 5.428617396534320960e-01
2.429600000000000000e+04 1.442726478624933861e-02 -4.758999831646377743e-01 5.352630303082008822e-01
2.393100000000000000e+04 1.271492236054285740e-01 -5.237833783963026235e-01 4.830071254358330179e-01
2.659500000000000000e+04 1.271492236054285740e-01 -5.237833783963026235e-01 4.830071254358330179e-01
2.621700000000000000e+04 -5.146277344846197366e-01 -3.998812912090556893e-01 6.142861533404158081e-01
2.621600000000000000e+04 2.165009428962321181e-01 -1.131794565445005674e-01 5.428268268074987191e-01
2.621500000000000000e+04 2.165009428962321181e-01 -1.131794565445005674e-01 5.428268268074987191e-01
2.633700000000000000e+04 -4.979695799634953346e-02 -5.352086317313364816e-01 3.133253313585129263e-01
2.753700000000000000e+04 -2.684572625968968396e-01 -4.971080196685022656e-01 4.266329439349902941e-01
2.621400000000000000e+04 6.007131995337999797e-02 -6.902296139152355181e-01 2.512792479640069132e-01
2.621300000000000000e+04 6.671435127411484700e-02 -4.441848956218734656e-01 3.310252131920634611e-01
2.411400000000000000e+04 1.113976405508054768e-01 -5.861854134991943965e-01 3.094277155998668150e-01
2.624900000000000000e+04 7.788994432759466235e-02 -6.033479122119018712e-01 2.360708052823525804e-01
2.412200000000000000e+04 3.944267662094489424e-01 -4.023981139286689768e-01 2.928800940700284627e-01
2.662500000000000000e+04 -1.167226314532712195e-01 -3.751184865697467785e-01 2.510934883532058848e-01
2.627500000000000000e+04 -4.366917442932560789e-02 -2.248940792176483683e-01 2.261921202939021214e-01
2.440800000000000000e+04 -2.722505646448780681e-02 -1.550101164649504426e-01 2.694745554649529140e-01
2.389200000000000000e+04 -9.318922633022452828e-02 -2.794300842926702444e-01 2.645383323875307724e-01
2.642900000000000000e+04 -1.028789908919662821e-01 -2.893533820709706106e-01 2.094233529332711896e-01
2.397400000000000000e+04 6.209175963613233762e-02 -1.782734835306172272e-01 2.817429811862695033e-01
2.412100000000000000e+04 -1.567046937180549548e-01 -3.565997948201129475e-01 3.431755662416691166e-01
2.412000000000000000e+04 -8.656648226246943523e-02 -2.145137350388779396e-01 3.146199304878223302e-01
2.397500000000000000e+04 -2.280976918785455609e-01 -2.506176772663479824e-01 2.814430754221461939e-01
2.698200000000000000e+04 -2.280976918785455609e-01 -2.506176772663479824e-01 2.814430754221461939e-01
2.698300000000000000e+04 -2.280976918785455609e-01 -2.506176772663479824e-01 2.814430754221461939e-01
2.654800000000000000e+04 -1.163965614525039882e-01 -2.688991938848346308e-01 2.358097256058471203e-01
2.449100000000000000e+04 -8.225142951522457224e-02 -2.852367836151188385e-01 2.770865825292645468e-01
2.440700000000000000e+04 -2.803464002553823775e-03 -1.774622039071971358e-01 4.771966106363407789e-01
2.458500000000000000e+04 -3.511877197390589345e-01 -3.197481364122722880e-01 2.573293076616920416e-01
2.457000000000000000e+04 -2.789875326215849327e-01 -2.916853323035439871e-01 2.355845458362466616e-01
2.643400000000000000e+04 -2.513771963891713312e-01 -1.481485813731353574e-01 2.766064110453783087e-01
2.657100000000000000e+04 -4.803584385339121354e-01 -2.649853195013349705e-01 4.345601608798119742e-01
2.416000000000000000e+04 -4.803584385339121354e-01 -2.649853195013349705e-01 4.345601608798119742e-01
2.455500000000000000e+04 -2.655007523765249289e-01 -2.337265795227807530e-01 4.636835078000274279e-01
2.413600000000000000e+04 1.557370857289441801e-01 -4.139417105383387252e-01 2.639797196106883348e-01
2.659900000000000000e+04 2.288199762180909147e-02 -2.219018035469417782e-01 2.717239727725626608e-01
2.436300000000000000e+04 2.288199762180909147e-02 -2.219018035469417782e-01 2.717239727725626608e-01
2.642800000000000000e+04 2.035304061560339051e-01 -3.087313800309203771e-01 3.058123937244943136e-01
2.421500000000000000e+04 3.976952538627642753e-02 -3.596983479167903397e-01 2.743595544476562509e-01
2.654000000000000000e+04 -1.016555390611983967e-02 -2.198894575709715582e-01 3.135053810304384569e-01
2.620000000000000000e+04 1.988721410656069111e-02 -3.852565880285254707e-01 3.990074730092061372e-01
2.418500000000000000e+04 2.018311936232208836e-01 -4.176985941913073930e-01 5.175806321751679206e-01
2.422800000000000000e+04 -1.077583760106932687e-01 -1.858991486441397001e-01 2.397596826316714669e-01
2.426800000000000000e+04 -1.508515361203421890e-02 -9.773878900294619143e-02 2.720581852417467417e-01
2.674200000000000000e+04 -7.415275001501697716e-02 -6.241073004032671179e-02 3.150159949150435068e-01
2.459400000000000000e+04 -7.415275001501697716e-02 -6.241073004032671179e-02 3.150159949150435068e-01
2.436400000000000000e+04 -7.415275001501697716e-02 -6.241073004032671179e-02 3.150159949150435068e-01
2.446600000000000000e+04 -6.473508740455713451e-03 -7.868832051320850951e-02 2.249926174517042909e-01
2.383600000000000000e+04 -1.380108002165911785e-01 -1.014508669920815009e-01 2.420325675610968119e-01
2.449000000000000000e+04 -7.087004378608696697e-02 -8.582762262250298591e-02 2.927910724684466004e-01
2.460300000000000000e+04 -7.087004378608696697e-02 -8.582762262250298591e-02 2.927910724684466004e-01
2.443100000000000000e+04 -8.379289961590075109e-02 1.082018847331482903e-01 2.736758593937622663e-01
2.431500000000000000e+04 -2.580814365937413868e-01 -9.252418359416481053e-02 3.356570446765800853e-01
2.431600000000000000e+04 -1.226548210089930535e-01 -1.068291140249186810e-01 4.466982175492830720e-01
2.400100000000000000e+04 -5.942074782819872780e-02 -9.614766000764518594e-02 2.349837470056286293e-01
2.428400000000000000e+04 -7.187885629916479502e-02 2.087991040639280982e-03 3.052319429782102134e-01
2.424300000000000000e+04 -1.002025300714137757e-01 9.272971212482161718e-03 3.790842338223967545e-01
2.427600000000000000e+04 -1.132954307483515777e-01 -5.858609306484652279e-02 3.457649351660165848e-01
2.435100000000000000e+04 -2.585722721500474108e-01 -7.109861587963450802e-03 3.821218932961016890e-01
2.403000000000000000e+04 -7.067753889661787525e-02 -2.347186194827060035e-01 3.091900550249420121e-01
2.456300000000000000e+04 -4.517072637493413367e-02 1.243753331702635023e-02 4.314843640161996063e-01
2.387100000000000000e+04 -1.871409497605043271e-01 -2.065936365681864118e-01 2.878132803408703921e-01
2.410100000000000000e+04 7.539806221731737423e-02 3.592168339798718080e-02 2.382430268911548410e-01
2.452400000000000000e+04 2.306282040434410874e-01 -1.447584395087773146e-01 2.840290459986647420e-01
2.644400000000000000e+04 1.497531472874555902e-01 -1.446939054027041038e-02 2.911692885798515817e-01
2.634000000000000000e+04 1.118577251655494820e-02 -1.017890296362651270e-01 3.572179452153676493e-01
2.449900000000000000e+04 9.233348793216578088e-03 -2.523034991621386780e-02 3.501292709570833495e-01
2.429900000000000000e+04 4.353847368092544912e-02 -1.095854705386045680e-01 3.514249203926453902e-01
2.441300000000000000e+04 4.210307509694644068e-02 -5.276598622467076893e-02 3.590247070802803364e-01
2.653500000000000000e+04 2.152287936972641091e-02 5.645539890966233543e-02 3.887233562908676276e-01
2.434800000000000000e+04 2.152287936972641091e-02 5.645539890966233543e-02 3.887233562908676276e-01
2.703400000000000000e+04 -1.235464100486183270e-02 2.575074315240044598e-02 2.997385018997249517e-01
2.399900000000000000e+04 -3.871264363135935582e-01 -7.198941012572959153e-01 3.064680836694293475e-01
2.703500000000000000e+04 -3.078575879669926962e-01 -6.906127659242571326e-01 3.532415381421429856e-01
2.640400000000000000e+04 -3.222197976250811280e-01 -6.580143370315454376e-01 3.840585805302794142e-01
2.456900000000000000e+04 -2.860128870035936188e-01 -1.935983863705956765e-01 3.981951027667065546e-01
2.453400000000000000e+04 -1.882021455433573465e-01 6.006032393599980423e-02 2.990476330924281001e-01
2.456800000000000000e+04 -1.928457155459710748e-01 1.143198669706748660e-01 2.581184671258114349e-01
2.405800000000000000e+04 -1.425613105751182275e-01 8.809618989822354251e-02 3.074361288025642125e-01
2.454500000000000000e+04 2.808172252532870061e-02 7.354033090066991463e-02 3.950222555297671079e-01
2.703600000000000000e+04 2.808172252532870061e-02 7.354033090066991463e-02 3.950222555297671079e-01
2.454700000000000000e+04 -2.149227316507023033e-01 -6.780318080727738561e-01 1.074232524543816680e-01
2.673400000000000000e+04 2.007146696129780139e-03 -6.433607382387833695e-01 1.831801069970282470e-01
2.418000000000000000e+04 -1.626815957328631157e-02 -6.883596772519666729e-01 2.183436261076963092e-01
2.664400000000000000e+04 -2.325420073412942656e-02 -5.294410785852505796e-01 1.317975444432448739e-01
2.644100000000000000e+04 3.341581386974468160e-01 -1.620401360316350292e-01 3.434842214487332512e-02
2.448600000000000000e+04 3.514234187236411344e-01 -5.116964335563523036e-02 2.441300260006613598e-01
2.422600000000000000e+04 -5.893688904760097103e-02 -1.504467668306830319e-01 1.627970231679540802e-01
2.429300000000000000e+04 -5.893688904760097103e-02 -1.504467668306830319e-01 1.627970231679540802e-01
2.429200000000000000e+04 -5.893688904760097103e-02 -1.504467668306830319e-01 1.627970231679540802e-01
2.387300000000000000e+04 -1.865060300983856223e-01 -4.234024496622623701e-02 8.890381165848282308e-02
2.439900000000000000e+04 -2.498571367487727457e-01 -3.619271462788731242e-02 6.566692637235860275e-03
2.614300000000000000e+04 -2.498571367487727457e-01 -3.619271462788731242e-02 6.566692637235860275e-03
2.427900000000000000e+04 -7.093271503609344109e-02 7.439452293306203501e-02 -9.495893073790284689e-03
2.394800000000000000e+04 -1.363942598932226247e-01 1.070866743553722245e-02 6.513524173536211492e-02
2.644200000000000000e+04 -2.690094202509385468e-01 -8.464551513054630050e-02 6.179445557445717441e-02
2.638800000000000000e+04 -1.222767317609338988e-01 -1.672023803789102203e-01 5.974773964814517058e-02
2.426200000000000000e+04 -1.397413621338756684e-01 -1.479399158648675439e-01 6.555413143436794599e-02
2.457900000000000000e+04 -3.691158079162448757e-02 -9.676899858959586709e-02 8.576332548919651799e-02
2.448900000000000000e+04 -7.587132332979251714e-02 5.262959020664936816e-02 1.046770007027220117e-01
2.452300000000000000e+04 4.464176982260426030e-02 -5.028658033322130905e-02 6.199948423741830084e-02
2.622800000000000000e+04 -1.482997081273964568e-01 -9.822918184225670757e-02 1.142743718684187115e-01
2.407400000000000000e+04 -1.135709110383942289e-01 -1.920915401669844869e-01 9.450991310887957297e-02
2.422900000000000000e+04 -1.325749816280250570e-01 2.578235227704794852e-02 1.134984038741890799e-01
2.428000000000000000e+04 -2.239464781891342682e-02 -3.601402086728455743e-02 6.718658856837578242e-02
2.382100000000000000e+04 -4.302602056898763294e-02 -1.503246041997385873e-02 9.914814371275326721e-02
2.433400000000000000e+04 -4.302602056898763294e-02 -1.503246041997385873e-02 9.914814371275326721e-02
2.460800000000000000e+04 -4.381805358990220611e-02 -1.482486040334833888e-01 7.651806520846093917e-02
2.452100000000000000e+04 -1.424328350195338544e-01 -2.096663978994968147e-01 2.319983983834390529e-01
2.656500000000000000e+04 -7.253029094680130129e-02 -1.958650981256511159e-01 1.219592476044084606e-01
2.656600000000000000e+04 -1.687834461040864653e-01 -7.994434025980012848e-02 1.879404553155410440e-01
2.410200000000000000e+04 -1.687834461040864653e-01 -7.994434025980012848e-02 1.879404553155410440e-01
2.622200000000000000e+04 -1.687834461040864653e-01 -7.994434025980012848e-02 1.879404553155410440e-01
2.622300000000000000e+04 -1.405272775010786290e-01 -1.397894488558364401e-01 1.634840308747129711e-01
2.622400000000000000e+04 -5.973403866039461718e-02 -1.369409842740765271e-01 1.812946892396922749e-01
2.622500000000000000e+04 -4.896501164824940133e-02 6.703094314435986689e-02 2.312125223634780014e-01
2.441400000000000000e+04 -1.156255529025145279e-01 1.223975449323972953e-01 1.654079654936850829e-01
2.391100000000000000e+04 -5.929545577957640035e-02 -9.302000852760272664e-02 1.516088541998357186e-01
2.452900000000000000e+04 -5.929545577957640035e-02 -9.302000852760272664e-02 1.516088541998357186e-01
2.414600000000000000e+04 -5.929545577957640035e-02 -9.302000852760272664e-02 1.516088541998357186e-01
2.443800000000000000e+04 -1.198556525063310119e-01 -1.854614475764009285e-01 1.467386748910541883e-01
2.396100000000000000e+04 -6.615208646502424017e-02 6.249260237893849990e-04 2.453975872876696940e-01
2.445700000000000000e+04 -1.289279006955723617e-02 -7.417023108810383292e-02 1.936051025887195465e-01
2.392200000000000000e+04 -1.289279006955723617e-02 -7.417023108810383292e-02 1.936051025887195465e-01
2.432800000000000000e+04 -8.150658565810431355e-03 8.158292390237420477e-02 2.420794286966980735e-01
2.671000000000000000e+04 -8.150658565810431355e-03 8.158292390237420477e-02 2.420794286966980735e-01
2.400400000000000000e+04 -2.877388039867412317e-02 -3.377548223156168206e-02 2.420702151621441089e-01
2.381000000000000000e+04 -1.664577399891697951e-02 -2.770422039681363913e-02 1.090743104613522974e-01
2.611300000000000000e+04 -9.005180224660591648e-02 -8.752890148983283325e-02 2.191678000447154773e-01
2.403300000000000000e+04 -9.005180224660591648e-02 -8.752890148983283325e-02 2.191678000447154773e-01
2.442500000000000000e+04 -9.005180224660591648e-02 -8.752890148983283325e-02 2.191678000447154773e-01
2.645200000000000000e+04 -2.665903016001891501e-01 -2.204664066527186606e-01 2.518492154421494433e-01
2.754400000000000000e+04 -1.075825138042887374e-01 -1.298259714925222852e-01 1.351277896427518499e-01
2.411000000000000000e+04 -1.746931312009394333e-01 -1.022266406639573688e-01 2.849266457809704889e-01
2.644600000000000000e+04 2.324060963667022861e-01 -4.524161449650137001e-01 2.310837653422339599e-01
2.407600000000000000e+04 -6.375854039369244219e-02 -2.215490563468165419e-01 2.348850382540206283e-01
2.420600000000000000e+04 5.913589924898587924e-02 -1.473922969049539233e-01 -3.149540401233252851e-02
2.632700000000000000e+04 2.013727606809823101e-02 -1.546351107866428265e-01 8.093630650124339354e-02
2.399600000000000000e+04 4.874121869420378061e-03 -2.025313510875008660e-01 6.840586401106918402e-02
2.454600000000000000e+04 3.735045887667354236e-02 -7.993661685175368348e-02 -1.097045207639268938e-02
2.422300000000000000e+04 9.217221291042676512e-02 -1.759641589368214909e-01 9.368534339486700446e-03
2.440200000000000000e+04 9.335841299999003695e-02 -4.972523255986516233e-02 2.359174099868255325e-02
2.457800000000000000e+04 9.335841299999003695e-02 -4.972523255986516233e-02 2.359174099868255325e-02
2.447200000000000000e+04 1.800180204346304436e-01 -8.516184867545462112e-02 1.744727853946415053e-02
2.641400000000000000e+04 9.954585256181758268e-02 -1.596448784752908523e-01 2.686509416719218279e-02
2.457700000000000000e+04 9.954585256181758268e-02 -1.596448784752908523e-01 2.686509416719218279e-02
2.453200000000000000e+04 9.766881142529371118e-02 -5.647565799623066596e-02 8.293268062870140511e-02
2.383900000000000000e+04 1.977932597499858502e-01 -6.432088322191020779e-02 1.303281254477468565e-01
2.453600000000000000e+04 -1.039744322804381227e-02 1.726634345007482807e-02 1.268296284773668958e-01
2.455100000000000000e+04 4.695290752837877335e-02 -6.989606712522800080e-03 2.045979302852884985e-01
2.431800000000000000e+04 3.052102996169452354e-01 -1.411019222615124136e-01 1.582915668679163446e-01
2.413500000000000000e+04 9.015735353784748440e-02 -4.884508726938463496e-02 1.904609527793610368e-01
2.454100000000000000e+04 8.692472960898101064e-02 -1.582851919812213737e-01 2.006929317258396850e-01
2.454200000000000000e+04 2.330345406288927279e-01 -1.500616460104140515e-01 1.007351537984817469e-01
2.626700000000000000e+04 3.412111308129794907e-02 -4.368262373616005334e-02 2.763671773043228086e-01
2.385000000000000000e+04 4.548387736803078951e-01 -2.633576687676395522e-01 2.097142737631543241e-01
2.403900000000000000e+04 3.161111182170657230e-01 -2.584973979673748090e-01 2.304065384464450972e-01
2.446200000000000000e+04 3.023959971450977946e-01 -3.538140994944001250e-01 1.397393850498787060e-01
2.446300000000000000e+04 3.899438933042063127e-01 -2.947650042685694416e-01 1.924588933138977609e-01
2.446400000000000000e+04 -2.215639998280494183e-01 -2.764358436730134372e-01 -2.997171562455491767e-03
2.400900000000000000e+04 -2.001900296620249264e-01 -3.825068780632818743e-01 1.442957029800595592e-02
2.442400000000000000e+04 -1.984564256948004868e-01 -2.156781174361128706e-01 1.404561806714355043e-02
2.405100000000000000e+04 5.061838945934482581e-03 -2.098945374036134126e-01 1.311337079261960525e-01
2.411500000000000000e+04 -3.973643412201965930e-02 -2.145219508911253570e-01 1.567186363414236894e-01
2.636800000000000000e+04 -3.172147520635348883e-02 -1.528375617321131585e-01 3.108570697820312034e-02
2.459200000000000000e+04 -7.096679289942642299e-02 -1.755179619995317353e-01 1.892365793321317824e-01
2.444400000000000000e+04 6.949613917825558929e-03 -2.015225552306247891e-01 1.793803587311373349e-01
2.626100000000000000e+04 -4.220457438664482197e-02 -1.916457130456450386e-01 1.522485771241264274e-01
2.402100000000000000e+04 -2.014744026080421690e-01 -3.657205668949643496e-01 2.268330110834284596e-01
2.399200000000000000e+04 -2.389778741429893216e-02 -3.569444891090824967e-01 1.908573196735261490e-01
2.424700000000000000e+04 -2.389778741429893216e-02 -3.569444891090824967e-01 1.908573196735261490e-01
2.425100000000000000e+04 -4.090151245877393649e-02 -1.596029000205447801e-01 2.014742801558213614e-01
2.938400000000000000e+04 -1.111803200885219667e-02 -2.915168965902950049e-01 2.156701786111767660e-01
2.411100000000000000e+04 -2.411112086181077530e-01 -1.485181706479608010e-01 8.081452335899541595e-02
2.446900000000000000e+04 -3.197929898442595231e-01 -1.649480164209649047e-01 1.904138741475520646e-01
2.442200000000000000e+04 -3.588835026314569632e-01 -3.538183856901611080e-01 2.702393435273080513e-01
2.419000000000000000e+04 2.225974239092494145e-01 -4.264453288200655834e-01 -5.733752517436130347e-02
2.412400000000000000e+04 2.513454124742082740e-01 -2.564472515878151171e-01 5.657205313239899169e-02
2.416700000000000000e+04 1.060051609414358609e-02 -2.605249063970518364e-01 6.067434270450178246e-02
2.458000000000000000e+04 8.542542021568522159e-02 -1.874816666248335650e-01 1.017102126406541629e-01
2.433900000000000000e+04 8.542542021568522159e-02 -1.874816666248335650e-01 1.017102126406541629e-01
2.451000000000000000e+04 1.228665640312698315e-01 -2.790995335323884774e-01 1.868639754163012867e-01
2.391400000000000000e+04 2.196706208684702233e-01 -3.272300254390074770e-01 1.101158709970064820e-01
2.445400000000000000e+04 1.459377479859540472e-01 -3.217849979023696960e-01 1.989159967720581790e-01
2.452000000000000000e+04 4.280785762566097219e-02 -3.360777400975933915e-01 1.789234349589321482e-01
2.625300000000000000e+04 9.367222910600503383e-02 -2.331477649464943624e-01 2.014657589398751725e-01
2.452200000000000000e+04 1.913891034584906947e-01 -1.859033776294580775e-01 2.097877198855400138e-01
2.625400000000000000e+04 2.008430862165226927e-01 1.143251460208603021e-01 1.991416572670345886e-02
2.642500000000000000e+04 9.385054701581907466e-02 1.175952744040102971e-01 1.668245515019748382e-01
2.421900000000000000e+04 -4.837750569990504346e-01 -6.185037321607325111e-01 1.636396163175390939e-02
2.610200000000000000e+04 -3.081081447866864664e-01 -7.274084925504098464e-02 6.355842355496577056e-02
2.610100000000000000e+04 -3.081081447866864664e-01 -7.274084925504098464e-02 6.355842355496577056e-02
2.610000000000000000e+04 -4.145672087975640352e-01 -1.129195963915918810e-01 1.017863787931077013e-01
2.609900000000000000e+04 -3.353638106312217815e-01 -2.262316969693927149e-01 4.771932881958207417e-02
2.655300000000000000e+04 -3.353638106312217815e-01 -2.262316969693927149e-01 4.771932881958207417e-02
2.655200000000000000e+04 -4.662532241621448748e-01 -1.413743696745939360e-01 1.526439132649812791e-01
2.444200000000000000e+04 -4.416181436182142761e-01 -4.109491874216075757e-02 1.192529661489771797e-01
2.395400000000000000e+04 -1.242632072770248897e-01 7.374405072417289375e-02 1.268937830948431156e-01
2.457200000000000000e+04 -8.982325019975689884e-02 1.163589582191804084e-01 7.519931338053709169e-02
2.404700000000000000e+04 -1.355929964401525467e-01 1.229223680706184041e-01 1.478016999593023684e-01
2.408400000000000000e+04 -1.355929964401525467e-01 1.229223680706184041e-01 1.478016999593023684e-01
2.668000000000000000e+04 -8.886583775779399730e-02 1.619373816944857936e-02 2.190407904762281532e-01
2.412900000000000000e+04 4.619819788927372883e-01 -4.984960489650802629e-02 -1.668378782624131418e-01
2.456000000000000000e+04 4.164284086589447043e-01 -6.585960118709976996e-02 -1.019107548604409885e-01
2.423500000000000000e+04 -3.427452620409496831e-01 -1.426383723280082449e-01 -1.812573362493736795e-01
2.643800000000000000e+04 -4.371765773675946321e-01 2.476503208299618564e-03 -1.044520491604430390e-01
2.437700000000000000e+04 -2.655656903182403994e-01 3.100174622295526206e-02 1.510126334082428912e-03
2.395300000000000000e+04 -3.009376538200712048e-01 -4.427910952967408775e-01 -1.604219479678761218e-01
2.405200000000000000e+04 -3.265165495523660866e-01 -2.695961540338629447e-01 -1.977346456779685013e-01
2.402400000000000000e+04 -2.571067676032186000e-01 -4.926739740547816382e-01 -4.546907036289837833e-02
2.402500000000000000e+04 2.449925546268616472e-01 -2.767063155157956089e-01 -1.446024952387148232e-01
2.407500000000000000e+04 6.304272685243006435e-02 -2.458428863316868274e-01 -7.144354725117807448e-02
2.436700000000000000e+04 1.229563892609064624e-02 -8.094655257212934885e-02 -3.103453695581066540e-01
2.436800000000000000e+04 6.708358425106553113e-02 -4.925263240566835066e-02 -1.205580940383441657e-01
2.455800000000000000e+04 9.008982857427838553e-02 -1.441426986004046285e-02 -3.149436649998449411e-02
2.443300000000000000e+04 1.510777027151988250e-01 3.724926663343808286e-02 -5.307712528532704255e-02
2.435800000000000000e+04 1.510777027151988250e-01 3.724926663343808286e-02 -5.307712528532704255e-02
2.443000000000000000e+04 1.819640474791128781e-02 -1.219963874052609754e-01 -4.702867013502043392e-02
2.453300000000000000e+04 7.641946223195361654e-02 -4.897164451507904914e-01 -1.291142711048109959e-01
2.425200000000000000e+04 -3.216214923967442019e-01 -6.176076683698425995e-01 -2.028708015863855962e-01
2.427200000000000000e+04 3.327949568607039055e+00 1.284963451145600288e+00 -3.983601877592576557e+00
2.414200000000000000e+04 -1.060872221790290837e+00 3.531217173100316131e-01 -1.646468602864075592e+00
2.453800000000000000e+04 4.832944174308551055e-01 9.924560792303651624e-01 -2.228223434114767088e+00
2.448100000000000000e+04 4.832944174308551055e-01 9.924560792303651624e-01 -2.228223434114767088e+00
2.428500000000000000e+04 4.832944174308551055e-01 9.924560792303651624e-01 -2.228223434114767088e+00
2.454800000000000000e+04 3.088174717820635351e-01 3.061941300919684750e+00 -2.095201987974419922e+00
2.423600000000000000e+04 3.088174717820635351e-01 3.061941300919684750e+00 -2.095201987974419922e+00
2.656900000000000000e+04 -2.502934864916710467e-01 6.402802529399309606e-01 -1.775072481684304648e+00
2.445500000000000000e+04 3.679317877402965564e+00 3.756025543210199658e-01 -1.710312840247027566e+00
2.405600000000000000e+04 1.437442410529641279e+00 3.074156010392357530e+00 -2.106900473977930233e+00
2.456200000000000000e+04 -1.228831622489323649e+00 1.401578504409698667e+00 -1.839260118759028728e+00
2.414500000000000000e+04 2.746534648418872848e+00 1.518853916182933972e+00 -1.776557625099243864e+00
2.436200000000000000e+04 -4.831186134213538708e-01 1.801837553273500703e+00 -1.769471486445837627e+00
2.418200000000000000e+04 1.538999936432887239e+00 2.147455494743383042e+00 -2.445540276568124227e+00
2.404600000000000000e+04 4.336826236569208959e-01 1.045388346324429563e+00 3.442695029633000559e+00
2.417000000000000000e+04 3.877030398400961531e+00 7.961600191984530284e-01 -1.049909725563210827e+00
2.441700000000000000e+04 2.172765115493334065e+00 1.343469228090924616e+00 -8.902369693527560912e-01
2.404800000000000000e+04 2.081379855814105895e+00 3.994084983455508109e-01 -1.211319827351275080e+00
2.401400000000000000e+04 2.150529206471631483e+00 1.682863967686785145e+00 -7.701394467288622536e-01
2.451400000000000000e+04 2.107883918789951849e+00 2.119582297345132815e+00 -6.052942371268272836e-01
2.447700000000000000e+04 2.699814586726560606e+00 4.009365172361469831e-01 -3.054588478606774515e-01
2.440400000000000000e+04 2.699814586726560606e+00 4.009365172361469831e-01 -3.054588478606774515e-01
2.433100000000000000e+04 -8.735907348603859646e-01 2.831280431762124294e+00 4.003455976888119494e-01
2.432400000000000000e+04 -8.735907348603859646e-01 2.831280431762124294e+00 4.003455976888119494e-01
2.401800000000000000e+04 2.779988756573757769e+00 2.600959289724698920e+00 2.623871246282902803e-01
2.468900000000000000e+04 2.929297461508269862e+00 2.778155114469043951e+00 3.867628251012860119e-01
2.431700000000000000e+04 2.271690732775937249e+00 1.064807996615527941e+00 -5.205057610154426584e-01
2.433300000000000000e+04 1.475792544072362489e+00 7.316925782218106633e-01 3.975670479348693220e+00
2.449300000000000000e+04 1.312542315634573242e+00 9.022332266194723616e-01 4.115013627550069941e+00
2.693400000000000000e+04 1.312542315634573242e+00 9.022332266194723616e-01 4.115013627550069941e+00
2.644900000000000000e+04 -1.543469241555541771e+00 2.037639605374096163e+00 3.674040686745598805e-01
2.404500000000000000e+04 3.217466833017581962e+00 1.548264044263575556e+00 -4.357557314105520163e-02
2.443200000000000000e+04 -2.485667383616601001e-01 2.192881573827207831e+00 1.788240807191670001e-01
2.644800000000000000e+04 -6.888907037109390785e-01 1.972095745329568217e+00 -4.213205864202507200e-02
2.438000000000000000e+04 -6.888907037109390785e-01 1.972095745329568217e+00 -4.213205864202507200e-02
2.387800000000000000e+04 2.955786033010070923e+00 1.190225186654274125e+00 7.308300952470290213e-01
2.438100000000000000e+04 -1.681055285794457177e-01 2.891592586031379142e+00 1.274095722607128778e+00
2.383200000000000000e+04 -1.722467088872107865e+00 2.242415765635897174e+00 7.138769717415982541e-01
2.383100000000000000e+04 2.082168965792419613e+00 7.799833537174976072e-01 1.644545905522107887e+00
2.454000000000000000e+04 2.344011138586381549e-01 2.529214714160445965e+00 1.840092909152943434e+00
2.450200000000000000e+04 -9.535772936031179370e-01 1.701245152840300534e+00 2.417529355933368151e+00
2.443500000000000000e+04 9.236492141326095862e-01 1.504070295704622140e+00 2.063994326661486411e+00
2.443400000000000000e+04 1.101476002812020738e+00 1.974197806432727020e+00 2.422463964324862218e+00
2.409200000000000000e+04 7.019301070628642947e-01 3.262724628921404246e+00 6.544746047659799615e-01
2.444700000000000000e+04 9.658459616633194855e-01 2.687028126568762332e+00 -2.821935931997145985e+00
2.438700000000000000e+04 9.658459616633194855e-01 2.687028126568762332e+00 -2.821935931997145985e+00
2.438600000000000000e+04 2.274373940564927921e+00 1.133074292458047694e+00 -3.410997858961763995e+00
2.454300000000000000e+04 2.274373940564927921e+00 1.133074292458047694e+00 -3.410997858961763995e+00
2.608700000000000000e+04 1.364148110389393764e+00 8.063672402710153619e-01 -2.700957500794245902e+00
2.450500000000000000e+04 -1.537811100822153776e+00 1.587179906160557152e+00 -2.959485747335435235e+00
2.438200000000000000e+04 -1.537811100822153776e+00 1.587179906160557152e+00 -2.959485747335435235e+00
2.422100000000000000e+04 -1.537811100822153776e+00 1.587179906160557152e+00 -2.959485747335435235e+00
2.422000000000000000e+04 -1.537811100822153776e+00 1.587179906160557152e+00 -2.959485747335435235e+00
2.664300000000000000e+04 -1.537811100822153776e+00 1.587179906160557152e+00 -2.959485747335435235e+00
2.450300000000000000e+04 1.987854250391336564e+00 1.996133102405224236e+00 -3.016029466755526300e+00
2.406300000000000000e+04 1.931033915162785775e+00 1.685353310329873011e+00 -2.645466393419951601e+00
2.417900000000000000e+04 5.127749314793561553e-01 3.561287699261882267e+00 1.332107257682309864e+00
2.437300000000000000e+04 1.506741975525756061e-01 4.016783166735436339e+00 1.810338086059147145e+00
2.411900000000000000e+04 1.506741975525756061e-01 4.016783166735436339e+00 1.810338086059147145e+00
2.432000000000000000e+04 4.013134886154858805e-01 3.949575232724527041e-01 -4.025119052490424565e-01
2.389000000000000000e+04 6.335067437264711998e-01 3.817317160076498794e-01 -1.949788356807999889e-01
2.431900000000000000e+04 -5.937337151170396510e-01 5.045260270179028339e-01 -2.277557772884506448e-01
2.697000000000000000e+04 -3.304125127261983152e-01 4.450048059775042475e-01 -5.391016873283263067e-01
2.642600000000000000e+04 -3.948268143863629120e-01 6.009728648270709073e-01 -1.136721139195202568e-01
2.654600000000000000e+04 -2.539589367734009784e-01 6.477483206992502573e-01 -3.619774695237936157e-01
2.423700000000000000e+04 3.006691662168634593e-01 8.317619425582023496e-01 -1.668723372872307209e-01
2.668200000000000000e+04 -8.559736326567133347e-01 1.242706578832496689e+00 -2.272642274466392109e-01
2.400300000000000000e+04 4.081818812342703495e-01 6.831939031617224600e-01 1.091749530220624820e-01
2.456100000000000000e+04 4.081818812342703495e-01 6.831939031617224600e-01 1.091749530220624820e-01
2.623400000000000000e+04 6.426355163299319884e-01 4.257012576156995465e-01 3.937983308344001898e-01
2.440500000000000000e+04 -4.653393083031716060e-01 6.374253600301074130e-01 -4.759657623850443997e-03
2.440300000000000000e+04 -5.613943104290513020e-01 7.427265037670167658e-01 3.613869071466666583e-01
2.665800000000000000e+04 -5.613943104290513020e-01 7.427265037670167658e-01 3.613869071466666583e-01
2.453900000000000000e+04 -4.257706884354490739e-01 6.646995386387146709e-01 2.595517078868709859e-01
2.449600000000000000e+04 -1.013543080238676453e+00 6.329275807904366502e-01 3.113024441797733743e-01
2.448400000000000000e+04 7.749705147980989750e-01 4.338501652180895007e-01 3.105721716284648437e-01
2.409100000000000000e+04 7.586880329541543233e-01 5.494079965309737190e-01 4.449614013491753894e-01
2.420000000000000000e+04 -2.672331513038130879e-01 8.391684422390994769e-01 2.831652567243736485e-02
2.439600000000000000e+04 1.790325447077094623e-01 6.533784838426299757e-01 5.464695161377619570e-02
2.437800000000000000e+04 -1.286441570252350175e-01 7.165314227365655597e-01 3.609468471746168916e-01
2.441500000000000000e+04 -1.416092441487563747e+00 1.090969534470843882e+00 3.977531707824937257e-01
2.423800000000000000e+04 5.647178178122231884e-01 1.014977292079862536e+00 1.989113004475342450e-01
2.626000000000000000e+04 3.611909392601546642e-01 9.421610555691870559e-01 4.187405068278877707e-01
2.459600000000000000e+04 5.834431278057508052e-01 1.057595727309987410e+00 3.772544335345884292e-01
2.679600000000000000e+04 -1.499845888949465689e+00 6.400965702849958916e-01 8.811622168034887181e-01
2.444300000000000000e+04 5.105413177684994253e-01 3.885851137003157874e-01 5.158496903033977787e-01
2.389700000000000000e+04 -7.262598565284861252e-01 3.964930012444227714e-01 6.409362057466410079e-01
2.611400000000000000e+04 -1.100931744536666201e-01 6.543726656934722996e-01 8.077402234663253466e-01
2.405300000000000000e+04 1.285399146738058107e+00 1.380015124752276279e+00 -2.815599933736763205e-01
2.384500000000000000e+04 6.087007584892063505e-01 1.235396253746699813e+00 6.746579044629044120e-01
2.636100000000000000e+04 3.585004645396026035e-01 9.162966194427468736e-01 7.749206342591605789e-01
2.432200000000000000e+04 -1.239796867758215626e+00 1.266950534840518117e+00 7.617826899036828081e-01
2.670100000000000000e+04 -1.907891596404454049e-02 1.275378952326647664e+00 9.621330481643610710e-01
2.654200000000000000e+04 -3.735935837825365979e-02 1.298705647958783516e+00 9.127143055549993278e-01
2.450400000000000000e+04 1.376656938682558007e+00 7.246747850309276373e-01 7.777243285300983189e-02
2.416200000000000000e+04 1.720574910607368224e+00 5.550384092759799159e-01 9.551675198281373014e-02
2.408500000000000000e+04 -1.337807822549521575e+00 3.670457518021379428e-01 1.233504760321721960e+00
2.411200000000000000e+04 4.214406076701635584e-01 1.047503878190596538e+00 1.245165429506840837e+00
2.628100000000000000e+04 -6.449220728832614213e-01 1.016619071858613665e+00 1.090903559241624521e+00
2.408800000000000000e+04 -2.436855420621100166e-01 9.384827896683418658e-01 1.413377545814057612e+00
2.436500000000000000e+04 4.582416215708065010e-01 5.177830890406625031e-01 2.002350930827404341e+00
2.644500000000000000e+04 4.582416215708065010e-01 5.177830890406625031e-01 2.002350930827404341e+00
2.420500000000000000e+04 3.906354384981085559e-01 3.623212592153919331e-01 1.861757971055965299e+00
2.448200000000000000e+04 -3.434085549382075442e-01 6.294872728621925262e-01 1.960047885110810739e+00
2.417800000000000000e+04 -1.522606014968502564e+00 1.122350007381655246e+00 1.773978216714780842e+00
2.418800000000000000e+04 2.455701038412883008e-02 3.716607663169781972e-01 -8.291085398067252754e-01
2.446500000000000000e+04 -6.772038149833292664e-02 6.319213466090047859e-01 -5.746045729161579629e-01
2.409800000000000000e+04 -3.901955897669040496e-01 1.045647764725913476e+00 -5.509655626500489234e-01
2.435000000000000000e+04 -6.793730751678594970e-02 1.083912671625569146e+00 -5.162487770960098032e-01
2.434900000000000000e+04 3.182256842649593409e-01 1.586050968400726902e+00 -1.216415415271384859e+00
2.410600000000000000e+04 2.728570589364807120e-01 1.560735146502580051e+00 -1.657369212307315820e-01
2.410700000000000000e+04 8.188493175260873613e-01 1.504438722907664783e+00 -4.839980826110661383e-01
2.410500000000000000e+04 -4.759276751574077480e-01 1.704579756895242326e+00 4.417131172117336746e-01
2.408700000000000000e+04 -9.266055462249624952e-01 1.679620406185833303e+00 3.390571061536036268e-01
2.382800000000000000e+04 -2.240059121279642795e-01 1.367614371547816177e+00 3.390193612706866588e-01
2.422200000000000000e+04 -8.769001928286002112e-03 1.372763806552242727e+00 5.188258649796750888e-01
2.435700000000000000e+04 1.560092878104128999e+00 1.813611006665766467e+00 1.208427643752671088e+00
2.633300000000000000e+04 2.318348354983328363e-01 1.799196714997890467e+00 1.445306978388288144e+00
2.451500000000000000e+04 -2.413422347142955005e-01 5.090860847592040273e-01 5.104096169003184968e-01
2.429700000000000000e+04 8.007880475715012381e-02 3.442381495750339582e-01 2.069392478205571706e-01
2.443600000000000000e+04 -1.391655874350021804e-01 4.172402521513589591e-01 2.308035937969350471e-01
2.442700000000000000e+04 -8.205971953691459930e-02 4.767910741579015621e-01 3.215947837507968643e-01
2.442800000000000000e+04 -3.292802046202751853e-01 5.491090761380519325e-01 -2.816777901317948363e-01
2.442900000000000000e+04 -3.292802046202751853e-01 5.491090761380519325e-01 -2.816777901317948363e-01
2.411300000000000000e+04 1.049103227437768737e-01 5.125211049470692615e-01 -2.419773279833066226e-01
2.432900000000000000e+04 1.810773840353618880e-01 5.896800587067048127e-01 2.753596765274437530e-01
2.429000000000000000e+04 -3.040461890504957410e-01 2.670521777673968700e-01 1.399254027110856669e-01
2.409700000000000000e+04 5.241298502900804124e-02 3.303403201151979829e-01 3.082636197749010876e+00
2.409600000000000000e+04 -2.018288154282856794e-01 2.883914813095884710e-01 -6.721258611138125616e-02
2.431300000000000000e+04 2.032558730968929694e-01 3.031724874885100007e-01 -7.540444281465852328e-02
2.628600000000000000e+04 -1.964700807729826693e-01 3.639377502943261788e-01 4.120956940178075456e-01
2.442600000000000000e+04 5.736200354232181553e-01 3.086894266044737378e-01 4.241295074904058993e-01
2.438900000000000000e+04 1.704708247471842242e-01 2.656540243802965051e-01 7.025205279381907530e-02
2.455400000000000000e+04 1.135142888625694013e+00 3.085029353277946029e-01 -6.274412626268599524e-03
2.393600000000000000e+04 -1.492903832444056889e-01 2.988152018570104929e-01 7.889832566615950782e-02
2.428800000000000000e+04 3.094704487240562685e-02 2.522434513246878396e-01 2.567657554763229655e-01
2.406000000000000000e+04 -2.808318030444780788e-01 2.820486784970483995e-01 2.818679898380764826e-01
2.404100000000000000e+04 -9.630298533156178564e-02 2.529278889071946423e-01 -1.007368224601933093e+00
2.423100000000000000e+04 5.907192012510620316e-02 2.604562241128860478e-01 1.225161834156267560e-01
2.423200000000000000e+04 -1.576058873774854874e-01 2.440800839671766198e-01 6.357289079330996628e-02
2.622600000000000000e+04 -5.607314467307134009e-01 2.229411081769114844e-01 8.303470203317431242e-02
2.434200000000000000e+04 4.177951680303237936e-02 2.148642948892813820e-01 -7.860394416048706034e-01
2.622900000000000000e+04 1.499451743344010879e+00 2.318528048561177002e-01 6.742179574633553329e-01
2.622700000000000000e+04 -1.051568241614972976e-01 1.853550964484895758e-01 1.470246546226690043e-01
2.415700000000000000e+04 -6.565651432228207796e-01 2.221880716679436318e-01 1.003681671527758112e+00
2.445300000000000000e+04 3.554231430567256211e-02 1.884699907268441166e-01 1.620821324977015365e-01
2.386500000000000000e+04 2.443895455907636460e-01 1.873728998649824007e-01 -7.081217656687499584e-02
2.664500000000000000e+04 5.474043303948548100e-01 1.936893646370236866e-01 2.876079441416834470e-01
2.632000000000000000e+04 4.134201082743800271e-01 1.903231770452293858e-01 5.964681046914250828e-01
2.422500000000000000e+04 -2.344836376049386217e-02 1.786587206262026939e-01 2.529648115848743828e-01
2.432700000000000000e+04 -2.344836376049386217e-02 1.786587206262026939e-01 2.529648115848743828e-01
2.388900000000000000e+04 -2.555458551293270375e-01 1.656065636725685408e-01 7.549310097308818968e-01
2.442000000000000000e+04 -1.518395964551189081e-02 1.654314176828108884e-01 2.195430268401281637e-01
2.430700000000000000e+04 -2.215782005406197186e-02 1.702582676948054541e-01 1.404561372204682357e-02
2.451200000000000000e+04 1.767578273547627532e-01 1.556072692005727731e-01 1.728949276613320762e-01
2.455900000000000000e+04 -1.366946600327167971e-01 1.339910333821023869e-01 9.765239295303729250e-02
