# star id 	 star_x_coords [pc] 	 star_y_coords [pc] 	 star_z_coords [pc] 
4.954600000000000000e+04 -5.155732592024477867e-01 -4.573408496211470720e-01 1.943219620703473538e-02
4.949800000000000000e+04 -3.615258348927383736e-01 2.394463289417139151e-01 -3.376147263854663017e-01
4.950200000000000000e+04 -3.251166566450933715e-01 -8.183693937942493335e-02 -2.563405214045810787e-01
4.952600000000000000e+04 -8.036237032598592123e-03 1.448327490615284319e-01 -1.773610813567523259e-01
4.950300000000000000e+04 -8.036237032598592123e-03 1.448327490615284319e-01 -1.773610813567523259e-01
4.954000000000000000e+04 -5.849702471802515902e-01 -4.289175309207244879e-01 -1.210191769225343883e-01
4.955000000000000000e+04 -3.449879250149052723e-01 -1.818931294124475073e-01 -2.138346477971264648e-02
4.950700000000000000e+04 -3.449879250149052723e-01 -1.818931294124475073e-01 -2.138346477971264648e-02
4.952700000000000000e+04 -1.988702232708305928e-02 -1.547595449390577471e-01 3.085793391686775244e-02
4.949700000000000000e+04 -6.973092968945167058e-01 -4.520059748211764372e-01 -1.057842445124292929e-01
4.951700000000000000e+04 -1.165767989647292779e-02 -1.304863999485021964e-01 5.010237363529523869e-02
4.948900000000000000e+04 -1.856328608568915683e-01 -1.493510806955384851e-01 7.324381925425837991e-02
4.951800000000000000e+04 1.378944117077764986e-01 -4.754740377485227043e-01 9.956171518618317506e-02
4.949200000000000000e+04 -2.130975288125185330e-01 -3.197267298278916314e-01 1.118666702136932312e-01
4.951100000000000000e+04 -3.427397013489681399e-01 -2.734560755791548559e-02 1.847303281938468267e-01
4.947000000000000000e+04 3.991045811913096486e-01 7.498725624707418547e-01 -8.874638333313544791e-02
4.951000000000000000e+04 3.012237894611899947e-01 5.686638342705911953e-01 -1.890471462281997361e-01
4.947500000000000000e+04 2.492662951505124624e-01 2.744971344318898332e-01 -4.431531571859892438e-02
4.952000000000000000e+04 2.492662951505124624e-01 2.744971344318898332e-01 -4.431531571859892438e-02
4.951300000000000000e+04 4.636570516674893838e-01 4.039875156640100329e-01 -2.918780974278334384e-02
4.948500000000000000e+04 4.773981494297458994e-01 5.105048957026632195e-01 1.770567521565880043e-02
4.948600000000000000e+04 3.043867875752326313e-01 -2.314284509656019395e-01 3.338994968447583922e-02
4.951500000000000000e+04 3.360250292750208700e-01 -4.160490268018222082e-01 2.997963974304282964e-01
4.949100000000000000e+04 2.876557679860027861e-01 1.059879814597621817e-01 3.267080203477912281e-01
4.951600000000000000e+04 3.270676561393841553e-01 1.516501870893414150e-01 1.535208339811333644e-01
4.950400000000000000e+04 3.759008098806120302e-01 4.547667532532528867e-02 2.229830807339421295e-01
