# star id 	 star_x_coords [pc] 	 star_y_coords [pc] 	 star_z_coords [pc] 
3.440600000000000000e+04 4.396591541774270695e-01 1.176035183107198456e+00 -1.165984921505324401e+00
3.594500000000000000e+04 -1.652716193369915487e+00 2.068923979663388479e-01 -7.718877294786210541e-01
3.798300000000000000e+04 -2.147438716798806269e+00 4.241904985379072457e-01 -2.807966416800908860e-01
3.798200000000000000e+04 -7.207024481838324448e-01 -7.097538970774257550e-01 -3.060727544910450959e-01
2.365400000000000000e+04 3.609119873587260940e-01 1.703608587145488684e-02 -4.532144368876069862e-01
3.577300000000000000e+04 3.609119873587260940e-01 1.703608587145488684e-02 -4.532144368876069862e-01
2.830000000000000000e+03 3.609119873587260940e-01 1.703608587145488684e-02 -4.532144368876069862e-01
3.464000000000000000e+03 1.090598827402502025e+00 4.196310565998260245e-01 -4.837770632418250116e-01
1.554700000000000000e+04 1.325669438243810561e+00 -1.577786450258900075e-01 5.404636723638152063e-01
1.356800000000000000e+04 1.662002636878334272e+00 -1.051932994438028679e+00 1.356538327041892700e+00
3.798400000000000000e+04 1.330888390230644092e+00 -1.634915094001342162e+00 2.285859098637049946e+00
3.298200000000000000e+04 -2.410697054882561474e+00 1.276523232569204858e+00 1.853013227622613002e-01
