# star id 	 star_x_coords [pc] 	 star_y_coords [pc] 	 star_z_coords [pc] 
8.625000000000000000e+03 5.155785065411322421e-01 6.597682728071774250e-01 1.763165717077811223e+00
8.808000000000000000e+03 8.133056105850897666e-01 -1.358423662889677530e+00 -1.911708545818370908e+00
8.623000000000000000e+03 3.106395218096054123e-01 -1.715715011487084496e+00 2.299369673781512802e-01
8.870000000000000000e+03 -7.981205900444408030e-01 -6.409450424777602962e-01 1.547371992168109500e+00
8.650000000000000000e+03 2.507119845649441459e-02 1.899830896824433069e+00 1.124726883877187333e+00
8.695000000000000000e+03 -3.532485112290331131e-01 -3.647474956579443983e-01 -3.146638769028271554e-01
8.606000000000000000e+03 -1.217804787778440812e+00 3.945482644309450393e-01 -3.908981918444425219e-01
8.607000000000000000e+03 7.710654244405645841e-03 -3.650176804049607426e-01 -2.000120606319200078e-01
8.653000000000000000e+03 3.338360690420216770e-02 -4.587357140411043588e-01 -1.227354156569049337e-01
8.649000000000000000e+03 -2.132273192292117869e-01 -4.121301764931004641e-01 -4.351230983930065577e-02
8.758000000000000000e+03 -7.514907991487476124e-01 8.200292089412997143e-01 3.920340144383658298e-01
8.710000000000000000e+03 -4.021250679255530258e-01 -7.135569741197684834e-01 6.775351603409234258e-01
8.709000000000000000e+03 -7.698580249964308564e-01 -8.509898668185016390e-01 -4.337711376317372469e-01
8.627000000000000000e+03 9.039213269385086846e-01 9.041984783898016076e-02 -4.659181283348630132e-01
8.626000000000000000e+03 7.653188974284361734e-01 -2.438590263874615971e-01 -1.582319635047042539e-01
8.726000000000000000e+03 5.596286217477413061e-01 -8.113298612201447213e-03 -8.700897772634164085e-02
8.727000000000000000e+03 -7.437281487544709080e-01 7.621038738022889447e-03 -4.557353764776053140e-01
8.681000000000000000e+03 -1.011651960222081925e+00 -5.043167359746547618e-02 -1.527967999020916068e-01
8.770000000000000000e+03 -7.550500340289900691e-01 7.896168767805278321e-02 -7.775378033555568891e-02
8.769000000000000000e+03 1.087044684527327831e+00 -8.533346778316541759e-02 -1.770887249373629402e-01
8.618000000000000000e+03 -1.221235196760240171e+00 -6.507016076552716299e-01 3.044667817876529625e-01
8.640000000000000000e+03 1.307533464141350521e+00 -5.117879868323313985e-01 3.890570641970612087e-01
8.729000000000000000e+03 -6.317617959629728830e-02 5.735652130957689110e-01 3.127803123576740063e-01
8.767000000000000000e+03 7.789467043439515237e-01 -7.930669601044826322e-03 2.125597681506121717e-01
8.659000000000000000e+03 -7.814081834094679380e-01 1.096432549172163817e-01 1.467799890755827619e-01
8.772000000000000000e+03 2.714504622339575235e-01 4.564655491534637122e-01 6.885838930249121859e-01
8.720000000000000000e+03 -3.256757992332595109e-01 1.048981447996077065e+00 -2.830107777955106485e-01
8.615000000000000000e+03 1.413108619618547834e+00 -3.477091754653258704e-01 1.106424044455835087e+00
8.742000000000000000e+03 8.563334473360058041e-01 7.972018950894437239e-01 9.024207497815837087e-01
8.690000000000000000e+03 3.110838294725937203e-01 -6.604503171604889644e-01 -1.080985572601662170e+00
8.723000000000000000e+03 -9.393708008593364411e-01 -3.185276167239905476e-01 -1.393850806607304094e+00
8.708000000000000000e+03 -1.051058133274906936e-01 -7.933457876464444780e-02 2.611984275715428794e-01
8.725000000000000000e+03 -3.197553407159219319e-01 7.098775702153403699e-02 2.620184402836116533e-01
8.643000000000000000e+03 4.022254960332105611e-02 2.423804751322933271e-01 3.735872207335262374e-01
8.740000000000000000e+03 -2.291710398047541730e-03 -1.125211816528874920e-01 3.770930343816303321e-02
8.780000000000000000e+03 -2.291710398047541730e-03 -1.125211816528874920e-01 3.770930343816303321e-02
8.641000000000000000e+03 1.065268657746116787e-01 -1.048148272510545098e-01 3.745877990627377585e-02
8.656000000000000000e+03 1.436367574640939893e-03 -1.793054155287805429e-01 7.519693614472089394e-02
8.750000000000000000e+03 2.446468005600621609e-02 -2.573906569474431194e-01 9.992360836085367737e-02
8.612000000000000000e+03 -4.417480121591665920e-02 -1.859655904056225495e-01 1.359644442898257921e-01
8.812000000000000000e+03 3.767840724348303638e-02 -8.472686804581286424e-02 1.669260086575974356e-01
8.621000000000000000e+03 -4.015469777118241268e-01 -1.129132090251516729e-01 1.308256904528519726e-01
8.648000000000000000e+03 -4.026245108304635778e-01 -6.170606004646117526e-02 2.396120234949137284e-01
8.617000000000000000e+03 2.548841589167167854e-01 -2.580616295096476165e-01 2.119985051471076076e-01
8.743000000000000000e+03 -3.573567809189626132e-02 2.264324459769682107e-01 -3.726779491074694306e-02
8.747000000000000000e+03 5.507820152595854779e-02 5.083372861453483438e-02 -3.296673108872028024e-02
8.744000000000000000e+03 7.946474010641679797e-02 1.597058717781720816e-01 -3.163718453180308643e-02
8.661000000000000000e+03 -4.851431398099492753e-02 -2.862352944643475894e-02 -3.382844921081584744e-02
8.660000000000000000e+03 -7.101392685150642592e-03 9.620051222230330268e-02 -9.772367899287814907e-03
8.611000000000000000e+03 -7.101392685150642592e-03 9.620051222230330268e-02 -9.772367899287814907e-03
8.745000000000000000e+03 1.023319418550983073e-02 -3.076664542108886735e-02 1.785354439149955397e-02
8.696000000000000000e+03 3.600787178965703106e-02 -7.764985316917716318e-03 2.730145438857789486e-02
8.756000000000000000e+03 -1.077601399377741132e-01 2.588859482537486656e-02 5.153905999885921574e-02
8.755000000000000000e+03 -2.716153639752860727e-03 1.776510825077082245e-02 6.739316656431526553e-02
8.665000000000000000e+03 9.735276368748202458e-02 8.121927046595800448e-02 7.843844229549290503e-02
8.683000000000000000e+03 1.151778847639732817e-01 -2.264109740578135188e-02 9.721180922987571194e-02
8.662000000000000000e+03 -2.580037365522258597e-02 -4.872329201828762280e-02 1.953140288355825760e-02
8.722000000000000000e+03 -2.580037365522258597e-02 -4.872329201828762280e-02 1.953140288355825760e-02
8.724000000000000000e+03 -7.090252491320114814e-02 5.154270072681299553e-02 1.670984332924376758e-01
8.811000000000000000e+03 1.755170421503748912e-02 6.160247042660671468e-02 1.948770758153273164e-01
8.707000000000000000e+03 4.387335728129215795e-02 2.252179146450785652e-01 1.973808291166250228e-01
8.809000000000000000e+03 -1.772986914512912904e-01 -4.884386372099669416e-02 -2.987948919425775784e-03
8.694000000000000000e+03 -1.772986914512912904e-01 -4.884386372099669416e-02 -2.987948919425775784e-03
8.652000000000000000e+03 -1.402894819184226094e-01 5.237631845786694385e-02 -3.919510568192663413e-02
8.797000000000000000e+03 -1.325321157001368988e-01 1.049887288226543092e-01 3.323357454507913644e-02
8.711000000000000000e+03 -1.325321157001368988e-01 1.049887288226543092e-01 3.323357454507913644e-02
8.635000000000000000e+03 -1.845980709955341581e-01 1.635560165285383505e-01 8.411384344478278763e-02
8.655000000000000000e+03 -1.575168099455197535e-01 1.147755401610908166e-01 8.031542676494041189e-02
8.610000000000000000e+03 -1.693839468302442697e-01 1.326770458037458411e-01 1.447058489395232073e-01
8.700000000000000000e+03 -1.864376067749446975e-01 1.053148289926397752e-01 1.488153244537926412e-01
8.654000000000000000e+03 -1.864376067749446975e-01 1.053148289926397752e-01 1.488153244537926412e-01
8.647000000000000000e+03 -3.098014340755455009e-01 1.469631696459643422e-01 1.649936672420579953e-01
8.761000000000000000e+03 -1.230252527969923904e-01 -3.307862298620278807e-02 1.685688378913567931e-01
8.614000000000000000e+03 -1.811904624510560780e-01 2.689312715467906401e-02 2.275738939394216231e-01
8.679000000000000000e+03 -3.215725583665900444e-01 3.216096110312065548e-01 -2.386689799315888649e-02
8.657000000000000000e+03 4.441012673492394924e-02 3.146541161395148833e-01 -9.962186654149718379e-03
8.645000000000000000e+03 4.441012673492394924e-02 3.146541161395148833e-01 -9.962186654149718379e-03
8.613000000000000000e+03 -3.193765893051647708e-03 -7.912461294968409220e-02 -2.772155633621764537e-01
8.878000000000000000e+03 4.894776359217445361e-02 -2.179316079420630103e-01 -2.227916449771072394e-01
8.753000000000000000e+03 1.449179337105590548e-01 -9.115662782265587794e-02 -1.501785147724490344e-01
8.697000000000000000e+03 1.449179337105590548e-01 -9.115662782265587794e-02 -1.501785147724490344e-01
8.748000000000000000e+03 1.749114606199952959e-02 -8.044431720176703493e-02 -1.000795204742388478e-01
8.691000000000000000e+03 1.749114606199952959e-02 -8.044431720176703493e-02 -1.000795204742388478e-01
8.651000000000000000e+03 1.749114606199952959e-02 -8.044431720176703493e-02 -1.000795204742388478e-01
8.608000000000000000e+03 -3.564757040787469577e-02 -2.777841878770104245e-01 -1.006537478669002894e-01
8.746000000000000000e+03 -6.152667557096691553e-02 -1.590145007127077292e-01 -5.269745116173396582e-02
8.601000000000000000e+03 -3.237277625228855982e-01 -9.128349973210703183e-02 -1.039890177422222450e-01
8.730000000000000000e+03 -2.631105537529023763e-01 -1.012293219232489605e-01 -5.706207852038858164e-02
8.719000000000000000e+03 -2.631105537529023763e-01 -1.012293219232489605e-01 -5.706207852038858164e-02
8.706000000000000000e+03 -5.054671233814644893e-03 5.370686771608745858e-02 -2.896200279053857685e-01
8.712000000000000000e+03 -7.130541388541900005e-02 1.827065416944080312e-01 -2.741396092891221770e-01
8.741000000000000000e+03 5.019319885269624137e-02 2.274625926052209479e-02 -2.412308700009333506e-01
8.776000000000000000e+03 1.442035958133942586e-01 9.479484904841939397e-02 -2.335185442762082175e-01
8.759000000000000000e+03 1.442035958133942586e-01 9.479484904841939397e-02 -2.335185442762082175e-01
8.602000000000000000e+03 5.478037475786834420e-02 1.390225751351934491e-01 -1.772194226718397658e-01
8.692000000000000000e+03 -4.800083298589186143e-02 8.758632196739313258e-02 -1.619820163047194228e-01
8.762000000000000000e+03 -8.607761472762121002e-02 7.461471722005796892e-02 -1.530265781806718906e-01
8.644000000000000000e+03 8.091653488479266798e-02 2.441359863796321861e-02 -1.459049993932950429e-01
8.714000000000000000e+03 -5.718553071105247909e-03 1.033311961141691881e-01 -1.132453203894812077e-01
8.624000000000000000e+03 -1.230202711179728681e-01 -1.395319908445458168e-02 -2.600871088646243834e-01
8.736000000000000000e+03 -1.334369467136795606e-01 8.514799478975731972e-02 -8.107112889739198636e-02
8.701000000000000000e+03 -2.083146745348756212e-01 6.036515688338539576e-02 -5.199851667158839064e-02
8.773000000000000000e+03 3.098967345073617707e-01 7.227986848991463376e-02 -2.565475838928250596e-01
8.760000000000000000e+03 1.803539258535877821e-01 4.420092617737481078e-02 -1.494492506082707450e-01
8.664000000000000000e+03 3.186104128067910324e-01 2.275817671767370598e-01 -7.084353186387204460e-02
8.737000000000000000e+03 -6.735120826376430614e-01 8.606735599513370971e-02 -2.648778744817406050e-01
8.751000000000000000e+03 -2.076988897994169747e-02 1.749691255867489303e-01 -5.617490440260581863e-01
8.646000000000000000e+03 -1.327236536824045743e-01 1.315195620822393607e-01 -4.384654654728308287e-01
8.631000000000000000e+03 2.002700787473798982e-01 2.676411282260886537e-01 -3.436305686709459906e-01
8.766000000000000000e+03 1.670446281017184731e+00 1.360336055357365126e-01 1.128720933080558098e-01
8.658000000000000000e+03 2.480597100745875139e+00 5.822689955005131424e-01 -1.852871657462173971e-01
