# star id 	 star_x_coords [pc] 	 star_y_coords [pc] 	 star_z_coords [pc] 
8.741000000000000000e+03 3.526337206856879902e-01 -3.517534076473793903e-02 3.681168174425977213e-01
8.745000000000000000e+03 -8.637399605328255348e-02 3.266700440046648168e-01 -1.395799427065398390e-01
8.706000000000000000e+03 9.712170532179698057e-02 -3.452285810019688483e-01 3.629549336888970856e-02
8.746000000000000000e+03 -6.528765145759507504e-02 -1.676538087605976557e-01 -1.317274372125538662e-01
8.681000000000000000e+03 -2.991934152929047741e-01 -8.877462257671453472e-02 -1.002519750664276899e-01
8.724000000000000000e+03 -1.452734154530332944e-02 8.615047299085887289e-02 -1.186889865006008904e-01
8.723000000000000000e+03 -4.294635157103243728e-02 1.071974900768424277e-02 -7.482507304855090524e-02
8.666000000000000000e+03 5.187989234308076902e-02 -1.449759250683086975e-01 -7.399470380432404681e-02
8.665000000000000000e+03 -8.042356854296883739e-02 3.027431600287400215e-03 -3.709773598657051252e-02
8.602000000000000000e+03 1.068018000193404760e-01 1.716202126741777079e-01 -3.583164620582124371e-02
8.673000000000000000e+03 1.589044810119020212e-01 -1.731949173132818487e-02 -2.154548496891095510e-02
8.674000000000000000e+03 5.670723445561520748e-02 1.407644828341219068e-01 -1.391444352148596408e-02
8.617000000000000000e+03 4.010641594064168203e-02 -1.528290210583023168e-01 2.335330132635249356e-02
8.618000000000000000e+03 4.010641594064168203e-02 -1.528290210583023168e-01 2.335330132635249356e-02
8.650000000000000000e+03 7.631896868088006158e-02 -4.521986614321349407e-02 5.250381538582615804e-02
8.705000000000000000e+03 7.631896868088006158e-02 -4.521986614321349407e-02 5.250381538582615804e-02
8.622000000000000000e+03 6.486570721114048865e-02 -8.930641897155311426e-02 9.203720364634193629e-02
8.690000000000000000e+03 -5.472360337309112310e-02 1.975520348900730028e-01 1.062604395789321643e-01
8.634000000000000000e+03 -5.472360337309112310e-02 1.975520348900730028e-01 1.062604395789321643e-01
6.149000000000000000e+03 -2.333543345579727202e-01 5.826067600732187657e-02 1.125210568017322998e-01
8.607000000000000000e+03 -2.333543345579727202e-01 5.826067600732187657e-02 1.125210568017322998e-01
8.660000000000000000e+03 1.149721142421640252e-01 -9.459157156414477186e-02 1.345656809758679628e-01
8.637000000000000000e+03 5.478072057456984112e-03 -2.546110637137246613e-01 1.245052752991497869e-01
8.659000000000000000e+03 -2.628926392127937106e-01 -1.086729956999903379e-01 1.490947733508960482e-01
8.687000000000000000e+03 -2.628926392127937106e-01 -1.086729956999903379e-01 1.490947733508960482e-01
8.610000000000000000e+03 -1.248664234297365283e-01 -9.284754293902608424e-02 1.551664914385213478e-01
8.688000000000000000e+03 7.033294989972205258e-02 -1.175667797055695019e-01 2.424414375605650207e-01
8.743000000000000000e+03 7.033294989972205258e-02 -1.175667797055695019e-01 2.424414375605650207e-01
8.716000000000000000e+03 3.238579850082743405e-01 1.108940934678628309e-01 -1.383388581400382122e-01
8.638000000000000000e+03 3.810862592907255930e-01 -1.239086011850503155e-01 6.219748151524129298e-02
8.736000000000000000e+03 3.810862592907255930e-01 -1.239086011850503155e-01 6.219748151524129298e-02
8.629000000000000000e+03 1.966529421924150256e-01 1.857610905909794496e-01 1.507891733476682816e-01
8.654000000000000000e+03 2.762384770102670473e-01 5.125629427398337157e-02 2.156508464778355005e-01
8.786000000000000000e+03 -4.529823804404742305e-01 -2.224510756709676684e-01 -8.548283285025348732e-02
8.808000000000000000e+03 -5.073298983547118723e-01 6.735680924514753087e-02 2.259959386408567639e-01
8.677000000000000000e+03 -6.172981260940559878e-01 8.409565013632658292e-02 2.641185513069856938e-01
8.712000000000000000e+03 1.481374390029230881e-01 4.069150903373710548e-01 -4.035489079556739966e-01
8.711000000000000000e+03 -9.265156940952579134e-02 3.667406477417003430e-01 -2.830835134897924377e-01
8.680000000000000000e+03 3.383170572289486699e-01 3.041736593730917093e-01 -6.161545964894585836e-01
8.740000000000000000e+03 -2.942600596105648947e-02 1.719334958847369421e-01 -3.728170803570378666e-01
8.605000000000000000e+03 -6.001222883719492529e-02 -3.008695886824810373e-01 -3.418516913629474629e-01
8.715000000000000000e+03 1.470022802535737583e-01 -4.950508653929830416e-02 -2.752511805799144895e-01
