# star id 	 star_x_coords [pc] 	 star_y_coords [pc] 	 star_z_coords [pc] 
1.337800000000000000e+04 -2.374030871969790013e-01 -2.023930616945228689e-01 -4.062847466880015190e-02
1.347700000000000000e+04 -2.374030871969790013e-01 -2.023930616945228689e-01 -4.062847466880015190e-02
1.344000000000000000e+04 -2.193540053335230056e-01 -1.392924280094143263e-02 1.144944135718617417e-02
1.334900000000000000e+04 -1.603640391321441427e-01 -3.794310382111643065e-03 4.656609918414744698e-02
3.443200000000000000e+04 -1.603640391321441427e-01 -3.794310382111643065e-03 4.656609918414744698e-02
1.335500000000000000e+04 1.061558893157474870e-01 -9.588371764707415146e-02 -3.243774214429784308e-02
3.443300000000000000e+04 6.938018894931907710e-02 -8.849941386645920893e-02 -3.750693798659554545e-03
1.344100000000000000e+04 6.938018894931907710e-02 -8.849941386645920893e-02 -3.750693798659554545e-03
1.335400000000000000e+04 6.938018894931907710e-02 -8.849941386645920893e-02 -3.750693798659554545e-03
1.336000000000000000e+04 6.505463015099799406e-02 -5.830364611802574260e-02 -3.389784916132931869e-02
1.342100000000000000e+04 6.505463015099799406e-02 -5.830364611802574260e-02 -3.389784916132931869e-02
1.345900000000000000e+04 1.448699766198302541e-02 -1.280140818252033519e-01 -4.464783425144425166e-02
1.346100000000000000e+04 8.104414073206456237e-02 -8.693380812731854590e-02 9.778172293532705339e-02
1.340600000000000000e+04 1.166066425035108267e-01 -9.774358517242043298e-02 1.175757183045220700e-01
1.341700000000000000e+04 -2.712609834301460410e-02 -5.282219562163414928e-02 -4.997043468582340608e-02
1.341600000000000000e+04 -2.940068460677558448e-02 -3.858126255721483489e-02 2.729486192947661038e-02
1.347000000000000000e+04 1.083409914100883498e-01 -2.319106568029161153e-02 1.371862191881056958e-01
1.343300000000000000e+04 -3.328383922575284259e-02 -1.517646764252427172e-01 1.509850087622126580e-01
1.346700000000000000e+04 -6.159865502655037517e-02 -4.042105569725396030e-02 3.508852170275922333e-02
1.331800000000000000e+04 -6.159865502655037517e-02 -4.042105569725396030e-02 3.508852170275922333e-02
1.342600000000000000e+04 7.021200188842868783e-02 -1.409412967329923827e-01 2.314097880490084691e-01
1.343100000000000000e+04 3.671874363705640576e-03 -2.758350002045162341e-03 2.911438309666181112e-01
1.339000000000000000e+04 9.577203106099219099e-02 1.323675691020913536e-01 2.554401583715062429e-01
1.341500000000000000e+04 1.166852603392420917e-02 -1.645077632409774893e-02 2.680579875392474776e-01
1.341300000000000000e+04 5.608596831172718566e-02 -9.194705477025832963e-03 8.619986744811214407e-02
1.340400000000000000e+04 5.608596831172718566e-02 -9.194705477025832963e-03 8.619986744811214407e-02
1.331000000000000000e+04 8.408991191299186596e-02 1.802461226602325439e-03 -3.618000631331952377e-02
1.336300000000000000e+04 8.408991191299186596e-02 1.802461226602325439e-03 -3.618000631331952377e-02
1.345800000000000000e+04 -6.530390507753125462e-02 6.855281769492438393e-02 1.358653645362917217e-01
1.347300000000000000e+04 5.968618090057731251e-02 1.431109858927046563e-01 5.056659498941584729e-02
1.347400000000000000e+04 5.968618090057731251e-02 1.431109858927046563e-01 5.056659498941584729e-02
1.338000000000000000e+04 7.135528873991070498e-02 5.512895374293869111e-02 3.146094501211216254e-02
1.341400000000000000e+04 7.135528873991070498e-02 5.512895374293869111e-02 3.146094501211216254e-02
1.345700000000000000e+04 2.095147563102983668e-02 1.926700274236348154e-01 7.096477974563164537e-02
1.342800000000000000e+04 -2.172711549101435935e-02 1.090911069303512893e-01 2.671490890791972106e-02
1.342700000000000000e+04 -2.128086242436033615e-02 8.330352576217792127e-02 4.119874216755725627e-02
1.343800000000000000e+04 -2.806069165607816274e-02 2.527466266322033750e-01 -6.658614482923042033e-03
1.347900000000000000e+04 1.439571339394625227e-01 5.772823750309297175e-02 1.333206320836062275e-01
1.331900000000000000e+04 -4.372964597218853555e-02 7.048269192905953773e-02 -4.940938990616317028e-03
1.340900000000000000e+04 1.740319336086493252e-02 7.129043608850937908e-02 1.478817777290757363e-01
1.348300000000000000e+04 -1.848424118245262093e-03 1.583279612663335278e-02 2.824097583557261260e-02
1.348200000000000000e+04 -5.938792773264012226e-02 7.681184515892702791e-02 -8.333226807673455028e-03
1.344500000000000000e+04 -5.938792773264012226e-02 7.681184515892702791e-02 -8.333226807673455028e-03
1.342000000000000000e+04 -1.037041473864448449e-01 -6.993382672855874560e-03 -1.448402830805761710e-02
1.343700000000000000e+04 -9.734461005217731611e-02 -1.281376069276836116e-01 -1.365410456228630665e-01
1.348500000000000000e+04 -9.734461005217731611e-02 -1.281376069276836116e-01 -1.365410456228630665e-01
1.344700000000000000e+04 -1.231247275338347436e-01 -7.047876998399549286e-02 -1.135457488057145525e-01
1.347100000000000000e+04 -1.727544176537865184e-01 -4.407255379845542720e-02 -7.503224003964525934e-02
1.342300000000000000e+04 -1.896667764431079206e-01 -4.242880013854244403e-02 -6.453518981031258761e-02
1.342200000000000000e+04 -1.896667764431079206e-01 -4.242880013854244403e-02 -6.453518981031258761e-02
1.336700000000000000e+04 -9.803672518396311375e-03 -8.779318789474910290e-03 -2.076218434886225594e-01
1.339500000000000000e+04 -9.803672518396311375e-03 -8.779318789474910290e-03 -2.076218434886225594e-01
1.340200000000000000e+04 -4.143281814605792590e-02 6.199430706491360077e-02 -2.338655743302364698e-01
1.344600000000000000e+04 5.791852945927544738e-02 5.370784766676406363e-02 -1.307157404445415949e-01
1.343400000000000000e+04 6.810833718479614163e-02 4.391909296082463499e-03 -1.963946051501128665e-01
1.339300000000000000e+04 3.848973787347098607e-02 2.024142162209607854e-02 -1.224036433443913552e-01
1.348400000000000000e+04 1.704847399715241352e-01 1.097979005932270269e-01 -9.499214774946729278e-02
1.347800000000000000e+04 1.704847399715241352e-01 1.097979005932270269e-01 -9.499214774946729278e-02
1.339400000000000000e+04 1.594260140903713818e-02 -5.337094658796281976e-03 -1.118718456615273027e-01
1.340300000000000000e+04 -1.152263968591160648e-01 1.293006475010849421e-02 -1.474003096920242228e-01
1.330200000000000000e+04 3.495439659146963862e-01 2.336310810846486952e-02 2.418650596282923004e-02
1.338400000000000000e+04 2.630424309202066269e-01 9.839307796181451238e-02 1.374903605565052089e-01
1.338300000000000000e+04 2.254563103416398206e-01 3.588969904203209715e-02 -2.605598742379946486e-01
1.335000000000000000e+04 -3.140587313940379488e-01 3.980590820805502972e-01 3.331696178808130071e-02
1.330300000000000000e+04 -3.787274634754567160e-02 -3.080415001731949820e-01 -6.562897314516469294e-02
