# star id 	 star_x_coords [pc] 	 star_y_coords [pc] 	 star_z_coords [pc] 
4.479600000000000000e+04 -1.090152618503026360e+00 2.593126821788004577e+00 -1.815326058693235822e+00
4.478500000000000000e+04 -1.412039348037609443e+00 2.133535311942509338e+00 -1.662347472567875073e+00
4.480000000000000000e+04 -2.923636445920294591e-01 1.998264592214624713e+00 -1.357952603774760902e+00
4.476500000000000000e+04 -4.211727741883635190e-01 2.753915076311997723e+00 -2.724963631679708342e+00
4.501900000000000000e+04 -1.114353648196413360e+00 2.634108608111375815e+00 -3.331694507642545489e+00
4.489600000000000000e+04 -5.174790026950120136e-01 -2.306995548434187526e+00 8.065725576295790233e-01
4.457200000000000000e+04 -4.491697603218938184e-01 1.221243043710842358e-01 7.610115922310072278e-01
4.467100000000000000e+04 -5.332085811105571338e-01 -1.021185820963822266e+00 5.250888568934186651e-01
4.451300000000000000e+04 -7.585063689341211557e-01 -8.832246007904842600e-01 5.182115158027364998e-01
4.487100000000000000e+04 -2.690097249772236410e-01 -1.167370435782032700e+00 5.293109898462482477e-01
4.455200000000000000e+04 -4.327614244093922480e-01 -1.293043967329580823e+00 7.404679143452206347e-01
4.467500000000000000e+04 -5.215907701736171020e-01 -1.969142277907280913e-01 8.429436595599071325e-01
4.502300000000000000e+04 -5.062055482746075086e-01 8.064432981895208741e-01 6.065176304866284340e-01
4.484100000000000000e+04 -3.771889484011410332e-01 1.176871209109094707e+00 1.113670237110959249e+00
4.480400000000000000e+04 -3.217947724267276044e-01 8.031279363546701688e-01 1.068543752059703422e+00
4.501100000000000000e+04 -5.746925539724259124e-01 -8.401196802630295224e-01 -1.699002950393229128e-01
4.485300000000000000e+04 -3.402297870458710349e-01 -8.397667323581856635e-01 1.168370422442208678e-01
4.487700000000000000e+04 -6.493191445218826630e-01 -1.036608538593881690e+00 -9.715539723941013506e-02
4.469100000000000000e+04 -5.247871852507444146e-01 -9.381271332843397204e-01 3.168742920528515583e-01
4.462000000000000000e+04 -7.876077971179711312e-01 -7.546383264599256790e-01 2.308799817284139522e-01
4.462100000000000000e+04 -2.653091812193508758e-01 -1.063481015702265609e+00 4.011622654120401421e-01
4.493100000000000000e+04 -2.776999973966098878e-01 -1.605072752628927901e+00 -1.288022446378374042e-01
4.447200000000000000e+04 -8.539506769035085654e-01 1.059920090457552533e+00 1.936821704413524969e-01
4.458400000000000000e+04 -3.664574986216564412e-01 9.051556391390533918e-01 -1.840537798527641655e-02
4.461600000000000000e+04 -8.635991105584537308e-01 -2.082476308765947692e+00 -2.563135266312119853e-01
4.449500000000000000e+04 -6.778710677060360013e-01 1.321459067437785961e+00 -5.964349668308113195e-01
4.493000000000000000e+04 -1.066711351856042711e+00 5.766294917662122543e-01 1.402639260098901275e-01
4.498000000000000000e+04 -1.761060899209809349e+00 -1.676204609334945417e+00 -2.387125444605580071e-01
4.483400000000000000e+04 -1.981504175009831670e+00 1.230905598242159726e+00 -6.407601015273947098e-01
4.493800000000000000e+04 -5.894705254133612016e-01 2.703076312784560287e-01 -8.174367458091715832e-01
4.466600000000000000e+04 -4.374320068715462639e-01 -7.003408617876658582e-01 -9.066372012654682067e-01
4.467900000000000000e+04 -9.764701815596765755e-01 -2.097965352991479904e-01 -1.328046380654798853e+00
4.464700000000000000e+04 -8.877660169250702893e-01 -3.411660845389121732e-01 -9.733847259705719068e-01
4.449800000000000000e+04 -5.987733911308055212e-01 -2.368680463328729502e-01 -9.867286238455754699e-01
4.458500000000000000e+04 -6.607463353660421035e-01 -4.667368456674267918e-01 -9.430996222798739836e-01
4.483900000000000000e+04 -1.691173798918555349e+00 7.239484493106402851e-01 -9.905130781380453442e-01
4.495500000000000000e+04 -1.318343412417391392e+00 1.682970190714215164e+00 1.001110460592038010e+00
4.451900000000000000e+04 -2.909338222591486556e-01 1.705489025826679494e+00 5.359941204649487645e-01
4.445300000000000000e+04 -6.404681018728979325e-01 1.799306881613745190e+00 -6.858705430458833519e-01
4.468600000000000000e+04 -1.139311061891618237e+00 1.872412152324372414e+00 -1.666751084235416513e+00
4.482700000000000000e+04 -4.027297897703761009e-01 1.375048491919699245e-01 -1.961397079698491197e+00
4.449300000000000000e+04 -7.937832964441042805e-01 -3.015252817593108148e-01 -1.602208996451210510e+00
4.469600000000000000e+04 -8.663911515245956707e-01 -3.851247294572601731e-01 1.754739057659939760e-01
4.472900000000000000e+04 -3.797990657527350322e-01 -2.193604322106921245e-01 3.497977242487451122e-01
4.467700000000000000e+04 -3.108522507312443395e-01 -2.664957784642751903e-02 1.375900973269672534e-01
4.502100000000000000e+04 -2.982874016321375166e-01 -6.103606994423671495e-02 1.215585390322893033e-01
4.486200000000000000e+04 -2.637086443804150804e-01 1.811750688077466975e-01 5.948722473080856332e-01
4.447700000000000000e+04 -5.539392965050069506e-01 3.364636358095225432e-01 2.335146066806395027e-01
4.463400000000000000e+04 -2.833335945733210792e-01 1.935359973010264412e-01 3.191765632567893363e-01
4.489100000000000000e+04 -2.996075002898805906e-01 1.455718455204646489e-01 1.408966088019703022e-01
4.486800000000000000e+04 -6.777611234575431354e-01 1.248586821608341779e-01 4.098128271285652602e-01
4.453300000000000000e+04 -7.163289202146359003e-01 -3.701525432137060534e-01 -1.659040011548764681e-01
4.489200000000000000e+04 -5.862134870313298052e-01 -4.096967403674227626e-01 7.680791926167884753e-03
4.483100000000000000e+04 -8.749870202980503109e-01 -2.068354638637828202e-01 1.388096774739366879e-02
4.491800000000000000e+04 -3.403423669144842734e-01 1.484274390282536160e-01 -1.175317494798289175e-01
4.459600000000000000e+04 -3.403423669144842734e-01 1.484274390282536160e-01 -1.175317494798289175e-01
4.492300000000000000e+04 -2.775567624567543135e-01 1.780336775336905930e-01 2.804334101197625273e-02
4.496600000000000000e+04 -5.518598782571757511e-01 3.767871897911305723e-01 -1.517660728411591720e-01
4.474300000000000000e+04 -2.833569773655426616e-01 1.139684738727879676e-01 -4.948942449025395263e-02
4.465100000000000000e+04 -6.690492048277292270e-01 9.688880777882502571e-02 -8.632969047791405615e-02
4.461400000000000000e+04 -5.438900040541057024e-01 -5.446017062351131699e-01 -6.309508399194108108e-02
4.492100000000000000e+04 -2.682010754936072772e-01 -5.600052108902104919e-01 4.062311922893613314e-02
4.502200000000000000e+04 -3.463318051441603984e-01 -6.789499046401203941e-01 5.942623692954995818e-02
4.476900000000000000e+04 -3.841504263739068392e-01 9.907819192828526411e-02 -1.872218529731100034e-01
4.459500000000000000e+04 -3.898621177632435320e-01 -1.256503207131345334e-01 -3.728433797203223321e-02
4.489700000000000000e+04 -3.369917661831038913e-01 -1.960968028652132489e-02 -2.489526819263865320e-02
4.478100000000000000e+04 -2.645631500165563921e-01 -1.212123816019072819e-01 -8.714496381948322323e-03
4.478200000000000000e+04 -2.645631500165563921e-01 -1.212123816019072819e-01 -8.714496381948322323e-03
4.448600000000000000e+04 -5.027493951288590779e-01 1.035740194085832400e-01 -1.999677142521782969e-02
4.448700000000000000e+04 -4.477398147104452164e-01 5.332178789166164279e-02 -1.073225976929848002e-02
4.450200000000000000e+04 -4.895852774963032061e-01 -1.415072116471094432e-02 2.957407273052936603e-03
4.457300000000000000e+04 -2.775995574328078419e-01 4.202523262506474566e-04 1.483881746643156418e-02
4.470500000000000000e+04 -2.775995574328078419e-01 4.202523262506474566e-04 1.483881746643156418e-02
4.472200000000000000e+04 -2.641774729584369652e-01 3.955582341617969178e-03 3.781389173295401918e-02
4.472300000000000000e+04 -2.641774729584369652e-01 3.955582341617969178e-03 3.781389173295401918e-02
4.472400000000000000e+04 -3.457654228214437353e-01 4.153429342683523373e-02 4.779160323554165757e-02
4.469900000000000000e+04 -4.660617185259923190e-01 -1.644890632038027434e-01 -2.442155668732048923e-02
4.495200000000000000e+04 -5.472236685659481736e-01 -9.106081484297590123e-02 -2.145279838745395296e-02
4.477700000000000000e+04 -2.927280923348689612e-01 5.066336094246537414e-02 7.861206405336673697e-02
4.464600000000000000e+04 -2.927280923348689612e-01 5.066336094246537414e-02 7.861206405336673697e-02
4.489400000000000000e+04 -2.927280923348689612e-01 5.066336094246537414e-02 7.861206405336673697e-02
4.473500000000000000e+04 -3.324988064445904001e-01 1.268519751909735760e-01 -4.891762200960076967e-01
4.475700000000000000e+04 -3.867115825127598328e-01 1.270642241716331000e-01 -2.972875689258085430e-01
4.488700000000000000e+04 -2.719941454259071634e-01 -5.936000767476912188e-03 -3.161507333804181030e-01
4.468400000000000000e+04 -4.709696078478771142e-01 4.355408668033362574e-01 2.749630383681704870e-01
4.470800000000000000e+04 -3.825479471039727741e-01 6.328519621071535539e-01 1.307663546853596870e-01
4.464900000000000000e+04 -3.246544751229407666e-01 4.753071642500401595e-01 -2.487183706880795597e-01
4.481400000000000000e+04 -4.127058386005728607e-01 2.084326467120689585e-01 -6.383588529570314307e-01
4.467600000000000000e+04 -3.318392578806594884e-01 3.351184480921887143e-01 -5.108997784150552945e-01
4.474700000000000000e+04 -6.756331646452906625e-01 2.958349849090780026e-02 -6.877502107938369136e-01
4.461000000000000000e+04 -5.128249837296721125e-01 -1.470343400485774055e-02 -5.107031381721203189e-01
4.446600000000000000e+04 1.219619013223478987e+00 -2.482104241830896285e+00 1.998328711486649922e-01
4.469800000000000000e+04 9.931011547189143585e-01 -2.737039045932277759e+00 -3.771344571169539250e-01
4.461200000000000000e+04 1.197349686947859482e+00 6.180071267840503424e-02 -2.789834037355722884e+00
4.492800000000000000e+04 4.531850491622719801e-01 7.049706713245598166e-01 -2.567853989170430395e+00
4.448500000000000000e+04 5.938236696316891994e-01 1.738894187541063729e+00 -2.350361247233301754e+00
4.462200000000000000e+04 9.140239840456843012e-02 -8.425076901039432187e-01 2.706753445612982034e+00
4.479700000000000000e+04 2.609953733538020515e+00 4.095082814829567042e-01 1.109158779239795223e+00
4.484500000000000000e+04 3.292877361519970236e+00 1.173458575309069829e+00 1.211818408399917502e+00
4.486000000000000000e+04 3.271095704940762516e+00 -2.726368477128175982e-01 1.720790195737706085e+00
4.501700000000000000e+04 3.271095704940762516e+00 -2.726368477128175982e-01 1.720790195737706085e+00
4.500100000000000000e+04 5.938855756685939014e-01 -1.874463187412061416e+00 -5.543915640362353514e-01
4.469700000000000000e+04 5.020935907816976851e-01 -2.342864840879357757e+00 -4.342600536307390513e-01
4.482600000000000000e+04 1.148771683677523470e+00 -1.324472600740492112e+00 -7.779842173655548976e-01
4.474800000000000000e+04 9.142582132724896837e-02 -6.954175063500684928e-01 -1.010241251156271503e+00
4.465700000000000000e+04 9.586247209654175094e-01 -6.487000955666815116e-01 -9.384640997149471531e-01
4.448200000000000000e+04 9.045155246565173002e-02 -4.504252011272313894e-01 -1.234482956473655690e+00
4.498100000000000000e+04 7.849894411357638546e-01 1.998863181582066773e-02 -1.094175006870523603e+00
4.490900000000000000e+04 7.210999308497889615e-02 -9.025905638456634961e-01 -5.393986615124166661e-01
4.471600000000000000e+04 -2.130536330009817902e-01 -1.079073295602654525e+00 6.517361933479683955e-01
4.474900000000000000e+04 7.734129813435686174e-01 -6.011630883385095103e-01 -5.814490854096288075e-01
4.479500000000000000e+04 7.734129813435686174e-01 -6.011630883385095103e-01 -5.814490854096288075e-01
4.479100000000000000e+04 1.291786617828080352e+00 -1.820787542727231312e-01 -3.534553930944390743e-01
4.448400000000000000e+04 1.291786617828080352e+00 -1.820787542727231312e-01 -3.534553930944390743e-01
4.493200000000000000e+04 2.451523536590514141e-01 -2.050967167681534420e-01 9.074438231129811072e-01
4.493300000000000000e+04 1.552526345963002541e+00 -9.280050053003208177e-02 8.527962857840947208e-01
4.451400000000000000e+04 8.172033829023916951e-02 1.286896798907349648e+00 -3.058405945088686906e-01
4.476400000000000000e+04 -1.748318620731481587e-01 1.067596644016276741e+00 -2.464731702306544037e-01
4.491900000000000000e+04 8.825487316240412383e-01 -3.038634039218379712e-01 5.008676961319551424e-01
4.458600000000000000e+04 4.920081173783614759e-01 1.145847408855701133e+00 -2.712392495682003357e-01
4.476800000000000000e+04 1.935480879908197949e-01 -9.920376878243359897e-01 2.564542875733444305e-02
4.488500000000000000e+04 1.935480879908197949e-01 -9.920376878243359897e-01 2.564542875733444305e-02
4.444700000000000000e+04 1.904638711096424686e-01 -1.007401151782730153e+00 1.086613532187037379e-01
4.446100000000000000e+04 1.904638711096424686e-01 -1.007401151782730153e+00 1.086613532187037379e-01
4.452400000000000000e+04 1.045101430991053348e-01 3.581436427361808228e-01 -9.918897443233376521e-01
4.446000000000000000e+04 -2.283571258470260545e-01 4.398882966579265030e-01 -8.630419482828735056e-01
4.473100000000000000e+04 1.137423229999882324e+00 -7.279788587904505448e-01 1.373301275138288702e+00
4.483200000000000000e+04 1.062193387605447015e+00 5.138384956767794165e-01 2.217707435804605609e-01
4.454300000000000000e+04 2.210245817330758200e-01 6.512490033288997893e-02 1.099792836194982470e+00
4.454200000000000000e+04 -2.549497167848926438e-01 8.585654841447478702e-01 1.239976973417356021e-01
4.495900000000000000e+04 4.050923089140496813e-01 7.912006708748720030e-01 3.684528955750643320e-01
4.495400000000000000e+04 1.010160494289124244e+00 3.052555026689418582e-01 6.476851978591717796e-01
4.486300000000000000e+04 1.010160494289124244e+00 3.052555026689418582e-01 6.476851978591717796e-01
4.496500000000000000e+04 5.488680962743899272e-01 6.133550036213506473e-01 6.090589945012361284e-01
4.470600000000000000e+04 1.049194525866823824e+00 -5.117906858794611935e-01 1.761304716839728002e+00
4.461300000000000000e+04 2.497657464267888372e-01 1.209692087994753251e+00 6.495436365805247192e-01
4.480500000000000000e+04 2.468458240401503190e-01 8.495393911650950258e-01 7.054685604504520313e-01
4.493900000000000000e+04 1.350713365785310316e+00 1.122698974358200985e+00 5.288350905077230379e-01
4.485100000000000000e+04 1.240613471362507880e+00 1.073401096011380673e+00 9.958244800285243059e-01
4.493500000000000000e+04 1.229355399332348497e+00 1.401117983282063051e+00 1.326546176921382880e+00
4.450500000000000000e+04 4.677442492098293769e-02 1.308143714463426477e+00 1.105745569754976287e+00
4.484200000000000000e+04 1.305034647150051796e+00 1.245972731769839470e+00 1.607844490984227548e+00
4.472000000000000000e+04 6.014503132814752462e-01 -1.479076004380516451e+00 -1.759272894249434671e+00
4.446500000000000000e+04 1.274895995767025170e+00 3.151590380222870635e-01 -1.554674022019765900e+00
4.464200000000000000e+04 1.163773999254118507e+00 1.195104714416004299e+00 -1.509384219463601795e+00
4.480600000000000000e+04 1.778430000464652494e+00 -1.970503358597852639e+00 -1.061480474342097580e+00
4.480800000000000000e+04 1.742761661567783449e+00 1.433493011323847099e+00 6.127659998446226552e-01
4.480700000000000000e+04 1.883480521931602425e+00 -6.982498453946561767e-02 9.130199488157515475e-01
4.479900000000000000e+04 1.782063310935910749e+00 1.129070327196529888e+00 7.204192815038403808e-01
4.483800000000000000e+04 1.656635347065133601e+00 9.596401384328743234e-01 2.168877400673601130e-01
4.475900000000000000e+04 1.953564708520474369e+00 9.261763247153851353e-01 1.666087623923537819e+00
4.477800000000000000e+04 -2.261301229766843335e-01 -6.126827770636538162e-01 4.920889475413403602e-01
4.481900000000000000e+04 -1.333028099733724048e-01 1.001337385914382594e-01 4.408905217572716140e-01
4.481800000000000000e+04 -1.049728092377506528e-01 5.032126414755566657e-02 5.086263020972054960e-01
4.481000000000000000e+04 -2.211661491365930488e-01 1.861621137811653171e-02 5.170558822662911780e-01
4.479800000000000000e+04 -1.253486784688107036e-01 -7.327278339898555259e-01 2.979601887321052800e-01
4.464100000000000000e+04 -1.219812411223415438e-01 1.364849112609505255e-01 6.941807525969956316e-01
4.481100000000000000e+04 8.482787107340072907e-03 -2.287545367512251460e-01 2.104940333940206187e-01
4.462600000000000000e+04 -1.294836711047651079e-01 -3.339935612113293928e-01 1.195005565263578262e-01
4.494900000000000000e+04 -1.906812585687589490e-01 -2.470263865922674995e-01 1.966423093481850515e-01
4.471900000000000000e+04 -2.152578166381715619e-01 -4.468214059059647525e-01 3.004505301551034790e-01
4.496700000000000000e+04 -1.461566268583567307e-01 -2.123053661935472292e-01 3.804687307676459795e-01
4.456800000000000000e+04 -5.415776960967377818e-02 -2.304436597593451097e-01 4.117656949022325819e-01
4.456700000000000000e+04 -8.314583639094053069e-02 -1.756428161823890832e-01 1.794622113742470049e-01
4.477900000000000000e+04 -1.500988060828944981e-01 -1.371695489481936647e-01 1.697331281475129572e-01
4.448800000000000000e+04 -5.119604655916987213e-02 1.003042504241022925e-01 1.184888112771709245e-01
4.484900000000000000e+04 -4.192011705848130987e-02 -3.027805851276355043e-02 1.257227622516303711e-01
4.463300000000000000e+04 -4.192011705848130987e-02 -3.027805851276355043e-02 1.257227622516303711e-01
4.448300000000000000e+04 -4.192011705848130987e-02 -3.027805851276355043e-02 1.257227622516303711e-01
4.445900000000000000e+04 2.428440522902519660e-02 4.863907822789315105e-02 1.484449131255622945e-01
4.457900000000000000e+04 -4.552263849771520654e-02 3.433485928887591854e-02 1.631755227990048240e-01
4.471100000000000000e+04 1.184993747753537718e-02 2.381664529580973522e-02 1.989679942361348708e-01
4.477000000000000000e+04 -6.956093243388750125e-02 2.527923662378839254e-02 2.499364763827109925e-01
4.500300000000000000e+04 -1.043417644876853956e-02 9.630006786790090700e-02 2.208863089749861786e-01
4.466400000000000000e+04 -1.189074388238111624e-01 -8.270111657252243731e-02 2.385263949831859520e-01
4.456900000000000000e+04 -1.189074388238111624e-01 -8.270111657252243731e-02 2.385263949831859520e-01
4.445000000000000000e+04 -1.736338683556937212e-01 -8.544182054349391819e-02 2.150151260461043989e-01
4.464500000000000000e+04 -1.736338683556937212e-01 -8.544182054349391819e-02 2.150151260461043989e-01
4.456200000000000000e+04 -3.187958142586921895e-02 -1.319449310721410029e-01 2.675906458815013877e-01
4.489000000000000000e+04 -1.894667053963985381e-01 -3.314456837860291216e-02 1.751868757917272035e-01
4.470300000000000000e+04 -2.051287037863858131e-01 -3.966150566677129063e-02 2.308379705960135198e-01
4.486100000000000000e+04 -2.051287037863858131e-01 -3.966150566677129063e-02 2.308379705960135198e-01
4.468100000000000000e+04 -2.149407702159180644e-01 -6.195615969772916287e-05 1.759019470470590818e-01
4.468200000000000000e+04 -1.280500433047677689e-01 -8.113934260634891871e-02 3.011592850453119752e-01
4.475000000000000000e+04 2.223017651135705819e-02 -1.812870788294560498e-01 1.441777560781574152e-01
4.490000000000000000e+04 2.223017651135705819e-02 -1.812870788294560498e-01 1.441777560781574152e-01
4.475100000000000000e+04 -1.743515151797794260e-01 8.691504898466462237e-02 3.966801512980033806e-01
4.483700000000000000e+04 3.184578689399586438e-02 -3.616639794577736211e-02 4.225035788399011949e-01
4.479000000000000000e+04 2.674052991903295151e-01 -1.799865932967037452e-01 6.462189454183722148e-01
4.449700000000000000e+04 5.042752203104328146e-02 -4.733054204963735856e-01 1.595340118507877492e-01
4.458800000000000000e+04 1.101165725148405272e-01 -2.721441862459954564e-01 1.897444927601554809e-01
4.490500000000000000e+04 1.263980204529389084e-01 -3.985703072992095031e-01 2.757703696086615253e-01
4.482100000000000000e+04 1.047759024727383803e-01 -2.390143343832846767e-01 1.510686211423077907e-01
4.480900000000000000e+04 -1.796972996032764058e-02 3.196141088087216531e-01 1.698227481819145623e-01
4.484300000000000000e+04 -4.759418674950666173e-03 3.294373696226386983e-01 1.741393814980618515e-01
4.494200000000000000e+04 -1.673580774619551903e-01 2.023200223286636401e-01 1.779585691584202323e-01
4.495300000000000000e+04 -2.112515597112292198e-01 1.601757762444577793e-01 2.890047352222495647e-01
4.468000000000000000e+04 9.838870848633973765e-02 2.850960773534296777e-01 4.688817978135695341e-01
4.477300000000000000e+04 2.487377093554812291e-01 -1.853346897882062194e-01 1.311219107830190467e-01
4.455900000000000000e+04 1.014653366639208798e-01 7.648249307891319404e-02 1.831131578944997784e-01
4.470400000000000000e+04 2.359667344948377377e-01 -2.046467845941890573e-02 1.230778953644566798e-01
4.483000000000000000e+04 3.230188979748618294e-01 6.735166270904358043e-02 1.662402576288819489e-01
4.491200000000000000e+04 2.643668550249174132e-01 3.013543412771468866e-02 1.620343700160837841e-01
4.464000000000000000e+04 1.193127113515970450e-01 -8.609958921935856324e-02 2.326386808928333494e-01
4.482800000000000000e+04 1.320608929628690476e-01 -6.957464234346844023e-03 3.007436166568204783e-01
4.455800000000000000e+04 1.076226666963862044e-01 1.196524577625268648e-02 3.235076966699317325e-01
4.479400000000000000e+04 5.669871668507653339e-02 1.198518543057502939e-02 1.574199693668916211e-01
4.478600000000000000e+04 5.669871668507653339e-02 1.198518543057502939e-02 1.574199693668916211e-01
4.482500000000000000e+04 -2.180024149984376436e-01 -8.226002461251056275e-01 -1.637612263985097627e-01
4.473900000000000000e+04 -8.142284027599089313e-03 -5.586848388254992415e-01 -1.219698609683028678e-02
4.487900000000000000e+04 -3.313109102174394138e-02 -2.062326320897085452e-01 -1.069254658171505667e-01
4.487800000000000000e+04 -3.313109102174394138e-02 -2.062326320897085452e-01 -1.069254658171505667e-01
4.471700000000000000e+04 -1.232171165741533514e-01 -2.142374738032657433e-01 -1.261064154991355934e-01
4.469200000000000000e+04 -6.225942337570700147e-02 -2.309830154995466955e-01 -7.892101772307569263e-02
4.500900000000000000e+04 -9.565415549459999056e-02 -4.147818384049202223e-01 -1.535814544391271852e-01
4.500800000000000000e+04 -1.032720827452919821e-01 -2.254552224910639779e-01 -5.934381761061757743e-02
4.473200000000000000e+04 -1.032720827452919821e-01 -2.254552224910639779e-01 -5.934381761061757743e-02
4.460900000000000000e+04 -1.837353301484654367e-01 -2.903560476521676037e-01 -1.407028600110500349e-01
4.485900000000000000e+04 4.493924002929361450e-03 -2.996414854794409166e-01 2.687727499295888833e-02
4.476200000000000000e+04 -5.003194837746605117e-02 -2.557940903495250495e-01 9.127781043058824650e-02
4.478700000000000000e+04 2.307253048326174394e-01 -2.185667219497275937e-01 -9.433082892721067481e-02
4.481300000000000000e+04 2.612308935823648426e-02 -1.943713012855852185e-01 -7.773315334424779621e-02
4.446200000000000000e+04 -2.045815901593641684e-01 -1.917817425793799657e-01 -1.757370344636814963e-01
4.481600000000000000e+04 -1.363243311998587615e-01 -1.625558582129826846e-01 -2.656056814629437213e-03
4.492000000000000000e+04 -1.363243311998587615e-01 -1.625558582129826846e-01 -2.656056814629437213e-03
4.445700000000000000e+04 -9.166505795886337182e-02 -1.389954313850694234e-04 -1.628806241100058116e-01
4.444600000000000000e+04 -3.437598717144396687e-02 -1.934901618326989592e-03 -1.916029257434725963e-01
4.480200000000000000e+04 -5.180608594156410618e-02 -5.189054777491719506e-02 -1.845515370068202543e-01
4.480100000000000000e+04 4.437973580832021980e-02 -3.606566090088847432e-02 -1.290205562088306834e-01
4.447300000000000000e+04 -4.659116347522740398e-02 8.289249705981660554e-02 -1.601068347194196662e-01
4.448000000000000000e+04 -1.257165462528462285e-01 7.336973983598227278e-04 -1.176531551680692900e-01
4.447900000000000000e+04 -1.486219611248884576e-02 3.029072697914614309e-02 -1.238149919406321686e-01
4.501600000000000000e+04 -1.486219611248884576e-02 3.029072697914614309e-02 -1.238149919406321686e-01
4.469400000000000000e+04 -1.454646545947468894e-01 1.211105022198921688e-02 -1.650261696020951518e-01
4.472500000000000000e+04 3.947052766588399209e-02 8.708495424070861191e-02 -9.570534307915323780e-02
4.470700000000000000e+04 -1.698666444767411576e-01 -2.804505916634525420e-02 -1.310484064946511040e-01
4.468700000000000000e+04 -1.698666444767411576e-01 -2.804505916634525420e-02 -1.310484064946511040e-01
4.463600000000000000e+04 -8.122533342043425364e-02 -4.885325757747693842e-02 -8.580623333879522363e-02
4.467800000000000000e+04 -3.638154156249129301e-03 -5.447150830619307271e-03 -9.988757940082493292e-02
4.478400000000000000e+04 -1.636961929305016383e-01 1.581450502793302348e-02 -9.737492600554986666e-02
4.478300000000000000e+04 -1.636961929305016383e-01 1.581450502793302348e-02 -9.737492600554986666e-02
4.481500000000000000e+04 -8.076233559978618359e-02 -1.100271025184440532e-01 -4.696325809243440119e-02
4.466900000000000000e+04 -7.154462706037634234e-02 -3.078575981518838489e-03 -4.722895308407437653e-02
4.451000000000000000e+04 -1.759597691976182432e-01 -1.150513485938660097e-01 -6.521903610727264322e-02
4.446800000000000000e+04 -1.759597691976182432e-01 -1.150513485938660097e-01 -6.521903610727264322e-02
4.446700000000000000e+04 -9.047373860511243038e-02 -1.146235299070781366e-01 -7.205941586637720775e-02
4.454800000000000000e+04 -8.649246940106536385e-02 -1.288924943593343642e-01 -1.369784140925744964e-02
4.475500000000000000e+04 -2.035228728991853586e-01 -1.487705639779335343e-01 -1.023070056373800440e-01
4.445100000000000000e+04 -2.035228728991853586e-01 -1.487705639779335343e-01 -1.023070056373800440e-01
4.445200000000000000e+04 -2.035228728991853586e-01 -1.487705639779335343e-01 -1.023070056373800440e-01
4.464400000000000000e+04 -4.282905175813311871e-02 -5.281243365033105874e-02 -5.639610867262945249e-04
4.478000000000000000e+04 -4.282905175813311871e-02 -5.281243365033105874e-02 -5.639610867262945249e-04
4.465200000000000000e+04 -2.033894563588773963e-01 -1.147889648003115326e-01 -1.842981848820688384e-01
4.452900000000000000e+04 -1.718566718344050059e-02 -3.999430301377060459e-03 6.339038667224627943e-04
4.466700000000000000e+04 -1.045147491990405797e-01 -4.555925728644183437e-02 8.496242786986130113e-04
4.460100000000000000e+04 -1.045147491990405797e-01 -4.555925728644183437e-02 8.496242786986130113e-04
4.482200000000000000e+04 -1.111506040853669219e-01 5.098715534909104008e-02 1.661706075449664866e-02
4.482300000000000000e+04 -1.996815687222408542e-01 -8.337504426457087447e-02 2.524497559685379144e-02
4.477500000000000000e+04 -1.895656411887784998e-01 8.973867598456308770e-04 2.844816637436942131e-02
4.477600000000000000e+04 -6.623584776201596469e-02 -1.494552763769689818e-01 -2.421861364856248144e-02
4.477200000000000000e+04 -1.985332905226755429e-02 -1.648467245640290457e-01 3.040200794364622539e-03
4.479200000000000000e+04 -1.253371330148809193e-01 -1.843660326966301000e-02 2.668586932430194736e-02
4.479300000000000000e+04 -1.253371330148809193e-01 -1.843660326966301000e-02 2.668586932430194736e-02
4.451100000000000000e+04 -1.253371330148809193e-01 -1.843660326966301000e-02 2.668586932430194736e-02
4.468500000000000000e+04 -1.226939241807656344e-01 2.287215873958814427e-02 2.115414785889946359e-02
4.483300000000000000e+04 -1.888401677652780108e-01 -1.085508399756491826e-01 3.688400863137708541e-02
4.444800000000000000e+04 -1.888401677652780108e-01 -1.085508399756491826e-01 3.688400863137708541e-02
4.444900000000000000e+04 -2.225887624176152713e-01 6.518925447565493414e-03 -6.946996138394645470e-02
4.474500000000000000e+04 -1.180834190757025226e-01 -1.629925489127685978e-01 -9.516704256860641920e-02
4.491700000000000000e+04 5.008189041575406009e-04 -1.629904231518963797e-01 -5.676416566700481781e-03
4.462900000000000000e+04 -1.203165483409520675e-01 -1.154586701301809626e-01 6.786704006515265064e-02
4.494700000000000000e+04 -1.203165483409520675e-01 -1.154586701301809626e-01 6.786704006515265064e-02
4.450300000000000000e+04 -7.862465914726612937e-02 -5.240763064193743048e-04 6.781839325600103052e-02
4.486500000000000000e+04 -7.862465914726612937e-02 -5.240763064193743048e-04 6.781839325600103052e-02
4.490100000000000000e+04 -1.249204625190998286e-01 3.806905058186771384e-02 8.260754377977086449e-02
4.490300000000000000e+04 -1.530042477160122871e-01 3.598504764264021105e-02 8.026109381982315938e-02
4.466000000000000000e+04 -1.530042477160122871e-01 3.598504764264021105e-02 8.026109381982315938e-02
4.476000000000000000e+04 -2.439591167473622590e-01 -1.132787056737925013e-01 -1.789569203891083760e-01
4.495000000000000000e+04 -1.442322664532298404e-01 -1.005497383347631057e-02 8.312688162564541017e-02
4.461800000000000000e+04 -5.558587528167890923e-02 5.937236534840906188e-02 8.762661706454544230e-02
4.461900000000000000e+04 -2.034854190308692523e-01 -1.922944900757386222e-01 2.523264456701568292e-02
4.448900000000000000e+04 -2.034854190308692523e-01 -1.922944900757386222e-01 2.523264456701568292e-02
4.449600000000000000e+04 -2.260399044494931786e-01 -1.556902248304368186e-01 9.610951707898074403e-02
4.447000000000000000e+04 -9.160595845753505273e-02 -2.226312585881373707e-02 9.682482305434270131e-02
4.483500000000000000e+04 4.510551699510756407e-02 -1.268099193724765428e-01 1.051865079281633086e-01
4.477400000000000000e+04 -7.189568998725803795e-02 -1.726439786384048602e-02 1.115492780394369277e-01
4.485800000000000000e+04 -1.389598476839921659e-01 -1.641642548528352563e-01 1.135886480841392654e-01
4.469000000000000000e+04 -6.943783087174892898e-02 -4.947236327372195319e-02 1.133863295219228462e-01
4.468900000000000000e+04 -2.593351207605678610e-01 -3.817094367941820110e-02 -6.150046596647662511e-02
4.470200000000000000e+04 2.254700611351267980e-02 2.378828054929726932e-02 1.179701761478462174e-01
4.447600000000000000e+04 2.032662614998059780e-01 1.133877759378378869e-01 3.899422763460904662e-01
4.463900000000000000e+04 6.586003583009869544e-02 2.815300752329932266e-01 1.951882458926306185e-01
4.463800000000000000e+04 7.737565376501720493e-02 1.562142584567567383e-01 2.385488149324537233e-01
4.469500000000000000e+04 1.269866538304142978e-01 2.884949732469550554e-01 1.759496428503268817e-01
4.465500000000000000e+04 1.269866538304142978e-01 2.884949732469550554e-01 1.759496428503268817e-01
4.463000000000000000e+04 9.730471854794586761e-02 1.753332914196192860e-01 2.436290848972824108e-01
4.488200000000000000e+04 7.912812375431599321e-02 1.144523308844043186e-01 2.305244570999818166e-01
4.463200000000000000e+04 2.795620660964459603e-02 2.377870505447674532e-01 -1.299193863988090669e-01
4.451600000000000000e+04 2.795620660964459603e-02 2.377870505447674532e-01 -1.299193863988090669e-01
4.451700000000000000e+04 -1.099663638646575237e-01 2.336212610816801316e-01 -6.402816656139975748e-02
4.482400000000000000e+04 -6.605665648493186382e-02 1.699330596538430882e-01 -1.422091978983797134e-01
4.490400000000000000e+04 4.681852428214483552e-02 2.594634032876257379e-01 -8.530601176877539160e-03
4.462400000000000000e+04 -3.079988140746081626e-02 1.936483294577300285e-01 1.103703864146332592e-02
4.462500000000000000e+04 -4.669542189799358312e-02 1.422377173427378239e-01 -1.427204859913899782e-02
4.462800000000000000e+04 -4.669542189799358312e-02 1.422377173427378239e-01 -1.427204859913899782e-02
4.447800000000000000e+04 -4.669542189799358312e-02 1.422377173427378239e-01 -1.427204859913899782e-02
4.476100000000000000e+04 -5.095876683802202933e-02 2.588635590693684208e-01 3.340208420778800757e-02
4.493700000000000000e+04 -9.631683295481252571e-04 4.118345723701111183e-01 9.727998157238637589e-02
4.488600000000000000e+04 -7.895976024587980646e-02 1.434020092478647257e-01 9.430121519147860454e-02
4.485600000000000000e+04 -2.064743748017860980e-01 1.434348192395589194e-01 9.977724680324584483e-02
4.485500000000000000e+04 -2.064743748017860980e-01 1.434348192395589194e-01 9.977724680324584483e-02
4.485400000000000000e+04 -9.122868368362446745e-02 1.150678733400383180e-01 3.074502949020541109e-02
4.466100000000000000e+04 2.915966014273578821e-01 -1.860399553471836498e-01 2.456997766229740421e-02
4.485700000000000000e+04 1.696698263452560695e-01 -1.232164630922198967e-01 -1.524626497170462613e-01
4.445800000000000000e+04 2.400622883913570149e-01 -6.404277551530412893e-02 -1.840746046691901228e-01
4.483600000000000000e+04 2.130529775885463550e-01 7.148971681019133939e-02 -5.872382153728139542e-02
4.463100000000000000e+04 8.049280651482604299e-02 3.786603161276502760e-02 -1.466638133914770492e-01
4.475800000000000000e+04 7.662767811032722420e-02 -8.097564891423303379e-02 2.179736591378755861e-02
4.494300000000000000e+04 7.662767811032722420e-02 -8.097564891423303379e-02 2.179736591378755861e-02
4.487400000000000000e+04 9.163787340870044318e-02 -1.338791546266406840e-01 7.496202581013555744e-02
4.487300000000000000e+04 6.642931592026002363e-02 6.052231594624402078e-02 4.203600301440957310e-03
4.493400000000000000e+04 1.127330443411267424e-01 1.712349745825179070e-01 4.445969782475067689e-02
4.463700000000000000e+04 1.127330443411267424e-01 1.712349745825179070e-01 4.445969782475067689e-02
4.464300000000000000e+04 1.625884332863734016e-01 1.096397731176921297e-01 4.399771106136718402e-02
4.498700000000000000e+04 -1.609968164301278648e-01 1.536541985441459701e-01 -2.646631997868240660e-01
4.494400000000000000e+04 -1.776932915350641906e-01 1.702872628633542718e-01 -2.404421204411644197e-01
4.471200000000000000e+04 -1.988512649443521241e-01 1.352489509288403724e-01 -2.569537790721252435e-01
4.451200000000000000e+04 3.811806940174733427e-02 2.664284548945232700e-01 -2.395655886541643298e-01
4.455400000000000000e+04 3.811806940174733427e-02 2.664284548945232700e-01 -2.395655886541643298e-01
4.496100000000000000e+04 -1.088011657034542168e-01 2.173437228344425876e-01 -2.104289143560702513e-01
4.496000000000000000e+04 -1.642559167684680688e-01 1.367260911455616679e-01 -1.966702511728453118e-01
4.475300000000000000e+04 1.192341176732156782e-01 2.795633289517951425e-01 -1.997881277149105017e-01
4.458200000000000000e+04 -8.916789810660930016e-02 -7.309219815054888159e-01 -3.660794545798964350e-01
4.450100000000000000e+04 7.037742906135235899e-03 -5.366006835579355538e-01 -3.323367290831722443e-01
4.447100000000000000e+04 -1.421799758358872623e-01 -7.054753838376797148e-01 -3.208098336157991781e-01
4.472800000000000000e+04 -2.889005170240466214e-02 -3.040300167458553915e-01 -2.429559364656732612e-01
4.492600000000000000e+04 2.626383920156740714e-01 -4.538359727572611746e-01 -2.919615678751803500e-01
4.485000000000000000e+04 1.512459835912238759e-01 -2.295293851067867763e-01 -2.576813987548138840e-01
4.465300000000000000e+04 3.574392247810465051e-02 -1.828227907883075432e-01 -3.797554784121608407e-01
4.460200000000000000e+04 4.856173307933886463e-02 -8.106637383616543957e-02 -3.582964256056264674e-01
4.476700000000000000e+04 -1.681867272286865500e-01 -3.068357533207688448e-02 -3.786301641789524552e-01
4.475600000000000000e+04 -5.573993852351577516e-02 -1.063058485432009093e-01 -2.368441940868102336e-01
4.488000000000000000e+04 -1.479073576674920787e-01 -3.843560105261190074e-02 -2.288681380568036161e-01
4.470900000000000000e+04 -1.484642388813313119e-01 -1.091041377392656386e-01 -2.117020337851016620e-01
4.494600000000000000e+04 -3.129894556323620236e-02 9.547722576186856713e-02 -2.041716452690671701e-01
4.465400000000000000e+04 -1.267055759152242445e-01 1.453321139440788556e-02 -2.080102838002115817e-01
4.452600000000000000e+04 -1.267055759152242445e-01 1.453321139440788556e-02 -2.080102838002115817e-01
4.456600000000000000e+04 -9.437024269735161397e-02 -5.208291368812467681e-02 -2.056188031053949317e-01
4.456500000000000000e+04 1.771119087393913105e-01 2.202447961651898822e-02 -3.859861378117717123e-01
4.492400000000000000e+04 1.328379482064008243e-01 -9.864440916449268570e-02 -3.213731989344168483e-01
4.492500000000000000e+04 1.784152625913577594e-01 5.861244033654600116e-02 -3.102099442695465115e-01
4.486600000000000000e+04 7.247193368297644156e-02 -1.604816095800032372e-01 -3.923980634366213138e-01
4.467400000000000000e+04 1.913397619637180469e-01 -1.156155526107625064e-01 -2.299245733647996559e-01
4.488100000000000000e+04 1.913397619637180469e-01 -1.156155526107625064e-01 -2.299245733647996559e-01
4.481200000000000000e+04 7.065199655318110672e-02 -7.237813363609291173e-02 -2.813595865469515900e-01
4.459000000000000000e+04 2.880199136269823157e-01 -7.274033590525021964e-01 -4.626953019045476623e-01
4.487500000000000000e+04 -6.848494491839574039e-02 5.559434095549846688e-01 -1.588629190238819433e-01
4.484600000000000000e+04 -6.197466236176296661e-02 6.974255575188976763e-01 3.798565338481729725e-02
4.474200000000000000e+04 -9.947750777544683842e-02 4.639909422809012085e-01 2.638936933689777220e-01
4.465900000000000000e+04 -7.832732314477652835e-02 5.965400335875301607e-01 3.478470864597262846e-01
4.465800000000000000e+04 2.560363446089866102e-01 4.607689516703175059e-01 2.161109674694721150e-01
4.444500000000000000e+04 3.487635268552935486e-01 4.346057020679978677e-01 2.522328510037219473e-01
4.491300000000000000e+04 2.648912126459208594e-01 6.393783710559262090e-01 3.948608865703668869e-01
4.495600000000000000e+04 -6.325423991179945915e-02 6.309609593737803834e-01 5.917422265305987139e-01
4.484400000000000000e+04 1.631759352151505027e-01 4.406047404335851070e-01 6.181203243564468153e-01
4.489800000000000000e+04 4.009846829592618178e-01 -1.452288950781763788e-01 -4.521344658718504661e-01
4.490800000000000000e+04 5.136295176291696407e-01 -1.017066074012689114e-01 -2.204645996854388557e-01
4.487200000000000000e+04 6.542291725524194135e-01 -2.549514162774499937e-01 2.095621498310684672e-01
4.481700000000000000e+04 3.766765822446416223e-01 -1.284850414606495406e-01 3.158222546418265608e-01
4.480300000000000000e+04 4.149174518188658567e-01 -1.294290201785628369e-01 4.114820673579409060e-01
4.484700000000000000e+04 2.777010444983432080e-01 6.524316523306481486e-01 -3.965601435725751855e-01
4.464800000000000000e+04 5.227201528432772193e-01 -8.033690080372934972e-01 -5.182031508162943112e-02
4.482900000000000000e+04 4.123874831297484889e-01 1.797006678575314709e-01 -4.017083547373232477e-01
4.484000000000000000e+04 4.123874831297484889e-01 1.797006678575314709e-01 -4.017083547373232477e-01
4.445600000000000000e+04 6.230423383059076059e-01 -2.337974746827313766e-01 -2.529765370632848231e-01
4.445400000000000000e+04 3.263531254683016414e-01 -3.406766365404223507e-02 -5.168242277782084670e-01
4.495800000000000000e+04 -4.323831914118727582e-01 -1.463898202812075056e+00 3.865468940371350470e+00
4.445500000000000000e+04 -3.718935729734766937e-01 1.139485342184656247e-01 3.453790950626157041e+00
