# star id 	 star_x_coords [pc] 	 star_y_coords [pc] 	 star_z_coords [pc] 
3.235100000000000000e+04 -7.568355216287443454e-01 5.738381846115485629e-01 -1.989473323647814595e-01
3.240300000000000000e+04 6.011539868449773394e-01 5.731471844648763359e-01 -2.317860593110232514e-01
3.241400000000000000e+04 3.844266804186204922e-01 -5.491681489351138978e-01 -2.014998839886033011e-01
3.241300000000000000e+04 1.812103762931229767e-01 -6.853713157934429034e-01 2.069401933851189312e-01
3.230600000000000000e+04 2.058409994242538232e-01 -7.730643693163932184e-01 2.378708515230663068e-01
3.231400000000000000e+04 -5.686565337299214207e-01 -5.353861226227261128e-01 -9.443632857127681746e-02
3.233600000000000000e+04 -4.285352984654693387e-01 -7.449478384229442085e-01 -2.043721829188775985e-01
3.238200000000000000e+04 -4.285352984654693387e-01 -7.449478384229442085e-01 -2.043721829188775985e-01
3.229400000000000000e+04 -2.880368153409946785e-01 -5.657299998621478920e-01 -4.662828799419216352e-02
3.240100000000000000e+04 -4.990818600356874413e-01 -5.666950920193372099e-01 1.855038747566908341e-01
3.239900000000000000e+04 4.436238212587042540e-01 -1.524075799789326169e-01 1.176086819552928375e-01
3.239800000000000000e+04 4.648176866607727220e-01 -4.055877794000339875e-01 -2.030859745405422245e-02
3.236800000000000000e+04 4.934526116735540313e-01 -2.199465486570151285e-02 2.517725578727691982e-02
3.236000000000000000e+04 8.744550686489915847e-01 -1.946311891221004231e-01 1.328053819776258138e-01
3.235200000000000000e+04 8.037927846768795348e-01 3.779748481584910280e-03 2.198562844118256976e-01
3.240400000000000000e+04 -8.211363017305828294e-01 4.584450454569131139e-01 -1.840181827752687127e-01
3.235800000000000000e+04 -7.675383372630832923e-01 4.359676980707987148e-01 -3.947039316001621501e-02
3.231700000000000000e+04 -6.167184807622945186e-01 2.581356317422827118e-01 3.437175943454917615e-02
3.230900000000000000e+04 -8.667763741639262776e-01 2.264883282668774811e-01 2.474008178588356088e-01
3.245300000000000000e+04 4.330850942398640768e-01 5.251901670394998334e-01 -1.968625853280911997e-01
3.234800000000000000e+04 7.089096766533131699e-01 9.715267162416418856e-02 -2.430763483724440732e-01
3.252700000000000000e+04 7.089096766533131699e-01 9.715267162416418856e-02 -2.430763483724440732e-01
3.244400000000000000e+04 5.643799122750579045e-01 5.007741636527285323e-02 -2.251895945032877933e-01
3.244800000000000000e+04 3.953236945644675870e-01 -3.573039158344295529e-01 -3.219982160178140873e-01
3.235000000000000000e+04 6.677104399218265485e-01 -1.907053602594848130e-01 -5.398966431553215983e-01
3.234900000000000000e+04 5.985524982004619687e-01 -3.741648240342785314e-01 -4.680119452376452216e-01
3.234100000000000000e+04 7.492013876343932566e-01 -3.896845400122783687e-01 -3.476647009256126353e-01
3.247800000000000000e+04 -1.773979004369010681e-01 -1.327404806788905489e-01 -5.680315394877464286e-01
3.230800000000000000e+04 2.907481403575005174e-01 1.660342851786000828e-01 -6.585928630080850610e-01
3.230700000000000000e+04 3.016925364848077606e-01 4.209793053138031205e-01 -5.643932680725178841e-01
3.238600000000000000e+04 -6.652419054808191845e-01 2.467276900903732084e-01 -7.209777979167455442e-01
3.229800000000000000e+04 -1.001992251101896159e+00 1.183196361073868275e-01 -5.906657211754353654e-01
3.254600000000000000e+04 -6.156961830834433158e-01 3.976419180499082273e-01 -5.215035403614702858e-01
3.230000000000000000e+04 -1.022486545454576401e+00 2.058803748337485473e-01 -6.675034739274128270e-01
3.240600000000000000e+04 -9.884455235515829941e-01 1.691871337758477090e-01 -5.058541860326499773e-01
3.231800000000000000e+04 -7.521108371803393311e-01 1.537229147020129361e-01 -3.126738441278185121e-01
3.254500000000000000e+04 -8.635108811487413050e-01 5.225688789250155786e-01 -3.038559248159522497e-01
3.235400000000000000e+04 -8.635108811487413050e-01 5.225688789250155786e-01 -3.038559248159522497e-01
3.226600000000000000e+04 4.475090843040590016e-01 9.968100947307911852e-02 -3.095895808203579236e-01
3.226500000000000000e+04 -4.398348756828411865e-01 5.340276414274578443e-01 -6.411881998318502696e-01
3.245400000000000000e+04 -4.044360938879734135e-01 3.887087646484217451e-01 -5.772440795456628138e-01
3.234600000000000000e+04 -4.499925645969540255e-01 5.272880062656057909e-01 -4.482621145692498033e-01
3.228800000000000000e+04 -7.481866586895904447e-01 1.856160494121157356e-01 -9.148600842017629020e-01
3.259000000000000000e+04 -9.035502889744293498e-01 1.127529225162220428e-01 -8.183572812069517255e-01
3.228600000000000000e+04 1.164849894103170413e-01 1.464174582692945314e-01 -4.151312772467719014e-03
3.250100000000000000e+04 3.508120686549887068e-02 1.096645042751398513e-01 1.750974147729777997e-02
3.245000000000000000e+04 3.508120686549887068e-02 1.096645042751398513e-01 1.750974147729777997e-02
3.246100000000000000e+04 1.052712215452515920e-01 1.072057252499774016e-01 1.591375223648938686e-02
3.255200000000000000e+04 1.052712215452515920e-01 1.072057252499774016e-01 1.591375223648938686e-02
3.231900000000000000e+04 2.073051784683599408e-02 2.143393009390242021e-01 3.619094328395178195e-02
3.252500000000000000e+04 -3.571534835920431306e-03 1.003575045579623293e-01 8.403613291878286873e-02
3.258400000000000000e+04 1.227732834098560488e-02 1.714421841170414851e-01 1.866892012184528937e-01
3.245100000000000000e+04 1.227732834098560488e-02 1.714421841170414851e-01 1.866892012184528937e-01
3.255600000000000000e+04 -2.116426480495903206e-02 5.435512747610937723e-02 2.126573611237390082e-01
3.256000000000000000e+04 -2.116426480495903206e-02 5.435512747610937723e-02 2.126573611237390082e-01
3.247300000000000000e+04 -9.676568243222760657e-02 2.194332031969370433e-01 1.770909246548804106e-01
3.250900000000000000e+04 -3.137219550139818125e-01 -3.660029903035884047e-01 1.363016061094270981e-01
3.229900000000000000e+04 -3.137219550139818125e-01 -3.660029903035884047e-01 1.363016061094270981e-01
3.255400000000000000e+04 -1.225555161146161254e-01 1.920939898469331553e-01 6.043189752158895089e-03
3.255300000000000000e+04 -2.282277495616966689e-01 4.016121237376379938e-02 1.894784949070853486e-01
3.248400000000000000e+04 -5.064162691758866686e-02 -1.126525069924255718e-02 2.683153869678989167e-03
3.238100000000000000e+04 -5.064162691758866686e-02 -1.126525069924255718e-02 2.683153869678989167e-03
3.238300000000000000e+04 6.476192084858212183e-02 -7.548687452523816788e-02 6.291670589717313078e-02
3.252200000000000000e+04 -2.496807336864037552e-02 1.473764380445041766e-02 8.531572837454604041e-02
3.234400000000000000e+04 -1.978939648097366444e-04 -7.431095889183980674e-02 1.156757765005451688e-01
3.252000000000000000e+04 5.028706975625851783e-02 1.997155760186464235e-02 1.300170706192389503e-01
3.250200000000000000e+04 6.037531871523782456e-02 -1.160942247133860405e-01 1.370066931380939934e-01
3.228700000000000000e+04 1.587105897242935271e-02 -1.113038163805279979e-01 1.953670771340334511e-01
3.252600000000000000e+04 -7.046808014905536766e-04 3.255203154551522537e-01 4.419490451457264157e-02
3.225200000000000000e+04 -2.257536928287322553e-01 -8.538300969049750222e-02 5.565441374966439980e-02
3.236400000000000000e+04 -1.634318845252522578e-01 -1.907301386603172944e-01 1.195416052403324159e-01
3.241100000000000000e+04 -1.718197847303102321e-01 3.062551390002656859e-01 1.961834522897270006e-01
3.238500000000000000e+04 -4.476512280930933230e-03 -2.461973625215341244e-01 1.111349991565795392e-01
3.242000000000000000e+04 -1.737249834533116655e-02 -3.273994763755103676e-01 1.362161264986632148e-01
3.228100000000000000e+04 7.817910894676316502e-02 -2.880157128906946085e-01 2.460813781183190940e-01
3.227800000000000000e+04 2.121328617382189918e-01 8.661643609152669399e-02 1.284598192341057654e-01
3.246700000000000000e+04 2.935373301549546454e-01 -1.492057884175546079e-01 2.133349538414250901e-01
3.244700000000000000e+04 1.689731489273498255e-01 2.351634384275014256e-02 1.013086125293831685e-01
3.225600000000000000e+04 1.608401417870979344e-01 -2.839106664482793363e-02 3.189525686093830359e-02
3.225500000000000000e+04 7.344164849946110962e-02 -3.408382964222536060e-01 -1.793433133111612676e-01
3.224900000000000000e+04 1.227277033551814611e-01 -3.240896929138390448e-01 -8.641412290993244483e-02
3.246200000000000000e+04 4.335930765407880472e-02 1.660624282744893598e-01 -2.385420196509180357e-01
3.235900000000000000e+04 9.150553419966200863e-02 9.493117123674688074e-02 -2.049265975573106857e-01
3.222400000000000000e+04 4.020101772704265386e-02 1.613457634161572507e-01 -2.116977749820065924e-01
3.235500000000000000e+04 1.708671523714144769e-02 2.577814539033411734e-01 -1.947614261015289117e-01
3.255900000000000000e+04 -2.275295194665716281e-02 8.259307909518609492e-02 -1.645917781592700635e-01
3.252900000000000000e+04 1.093546642498282040e-01 7.874628668884886551e-02 -1.498188259732842198e-01
3.242200000000000000e+04 1.093546642498282040e-01 7.874628668884886551e-02 -1.498188259732842198e-01
3.253000000000000000e+04 1.539953376168554655e-01 1.787364029484996841e-01 -1.295198073195216182e-01
3.229000000000000000e+04 3.982997076727201602e-02 1.061126662724527492e-01 -1.343662396199896136e-01
3.253100000000000000e+04 3.982997076727201602e-02 1.061126662724527492e-01 -1.343662396199896136e-01
3.248500000000000000e+04 8.608923172551641301e-02 4.320538676486007645e-02 -1.361178014908794864e-01
3.236300000000000000e+04 6.407580453787886654e-02 3.961847729010647967e-02 -1.766766925101634911e-01
3.228900000000000000e+04 6.407580453787886654e-02 3.961847729010647967e-02 -1.766766925101634911e-01
3.231600000000000000e+04 5.008086147294932289e-02 1.755569137546739711e-01 -1.220337466657390735e-01
3.246000000000000000e+04 5.008086147294932289e-02 1.755569137546739711e-01 -1.220337466657390735e-01
3.247600000000000000e+04 6.906713197609093413e-02 1.294808012813608578e-01 -1.328140482341204631e-01
3.247700000000000000e+04 4.006828546387453116e-02 1.252195955533910166e-01 -1.201341864730132158e-01
3.225400000000000000e+04 7.851907521313705729e-03 9.463923466953083619e-02 -1.190237072997497592e-01
3.249300000000000000e+04 4.310352022180552467e-02 2.569348609189257004e-01 -1.110207112822934050e-01
3.231500000000000000e+04 6.079377166793165088e-02 1.066813803299688779e-01 -9.935878448407464703e-02
3.240800000000000000e+04 -4.204168114547712776e-03 2.117378348795422305e-01 -9.553064541650257979e-02
3.229300000000000000e+04 -4.204168114547712776e-03 2.117378348795422305e-01 -9.553064541650257979e-02
3.240900000000000000e+04 -4.204168114547712776e-03 2.117378348795422305e-01 -9.553064541650257979e-02
3.248100000000000000e+04 2.016758698524512283e-02 2.083606714558574602e-01 -9.867526093563938616e-02
3.239700000000000000e+04 -5.170207191282116810e-02 1.156336285482617576e-01 -9.141436050189355456e-02
3.241700000000000000e+04 -5.170207191282116810e-02 1.156336285482617576e-01 -9.141436050189355456e-02
3.233900000000000000e+04 3.861641063173237853e-02 1.348844701612179620e-01 -8.713998460669358792e-02
3.245600000000000000e+04 1.022829346605931278e-01 1.531587221689290068e-01 -8.765256129593979040e-02
3.246300000000000000e+04 -1.898747197138561660e-03 1.124122995033496331e-01 -7.835606885124235532e-02
3.228400000000000000e+04 -1.898747197138561660e-03 1.124122995033496331e-01 -7.835606885124235532e-02
3.254300000000000000e+04 3.257170089600691654e-02 1.499432069880466400e-01 -7.141594084690083832e-02
3.237600000000000000e+04 1.345156159093789938e-01 1.644408585074246254e-01 -6.157500874258658996e-02
3.244200000000000000e+04 6.436958987130481091e-03 1.775485647928731758e-01 -5.567134826938158199e-02
3.233100000000000000e+04 -4.684380838121882107e-02 1.249305334670571810e-01 -5.369138986150545634e-02
3.227400000000000000e+04 1.241594436292814407e-02 1.941727787130949068e-01 -4.527756607536304045e-02
3.242100000000000000e+04 5.070634646845917359e-02 1.516368914918548860e-01 -2.609312970176702606e-02
3.249000000000000000e+04 3.711439297564567141e-02 6.786220116919716716e-02 -2.777537167482080349e-02
3.243400000000000000e+04 -2.167956097040502073e-02 7.153176094390634177e-02 -1.587532797737267742e-02
3.243200000000000000e+04 1.750246464202831476e-02 1.665440275645542201e-01 -1.456713534760822881e-02
3.243300000000000000e+04 1.750246464202831476e-02 1.665440275645542201e-01 -1.456713534760822881e-02
3.239200000000000000e+04 1.750246464202831476e-02 1.665440275645542201e-01 -1.456713534760822881e-02
3.252300000000000000e+04 3.813751578073905080e-01 3.704192656810301187e-02 -1.501665525746744834e-01
3.241900000000000000e+04 3.043361578726830885e-01 2.104773580143111111e-01 -1.355155120417030901e-01
3.227100000000000000e+04 2.586951696755193097e-01 4.176047335437083063e-02 -1.042344584641874405e-01
3.244300000000000000e+04 1.677876757817173825e-01 4.058795855208874315e-02 -9.091273446506775713e-02
3.232800000000000000e+04 1.677876757817173825e-01 4.058795855208874315e-02 -9.091273446506775713e-02
3.241500000000000000e+04 -1.845008125925460263e-01 2.053524676590425813e-01 -2.062487850647620746e-01
3.225700000000000000e+04 -1.294557247092384955e-01 1.839719169552282985e-01 -1.296874990805214622e-01
3.240700000000000000e+04 -2.623952243743303825e-01 1.483748620704128385e-01 -1.176136944282575314e-01
3.232200000000000000e+04 -2.882654843248531051e-01 2.010924004546805755e-01 -9.395030950831539940e-02
3.243900000000000000e+04 -2.882654843248531051e-01 2.010924004546805755e-01 -9.395030950831539940e-02
3.238800000000000000e+04 1.024771467231317956e-01 -2.507935362776159138e-03 -8.130201734983799611e-02
3.238700000000000000e+04 2.382330869821203123e-04 6.799081551496222176e-04 -4.886547547291897331e-02
3.225300000000000000e+04 -3.057474939996751573e-02 -2.663296937740922132e-02 -2.865058156542943379e-02
3.239000000000000000e+04 6.646360592348798946e-02 4.512925496352955257e-01 -9.418265890227672799e-02
3.239100000000000000e+04 6.716693964006026363e-02 3.863500230734779883e-01 -5.894101571264087625e-02
3.248000000000000000e+04 -9.481800303488086001e-02 2.819752529371069016e-01 -4.577713021716789399e-02
3.238900000000000000e+04 -9.481800303488086001e-02 2.819752529371069016e-01 -4.577713021716789399e-02
3.233200000000000000e+04 1.686226020491687905e-01 -1.824230210915125383e-01 -1.909124572108247264e-01
3.237000000000000000e+04 2.115389972210977021e-01 -7.796739842414135424e-02 -7.110547691794977254e-03
3.233300000000000000e+04 2.911478358425156898e-01 3.229192590169223109e-01 -2.357533828302642576e-01
3.224800000000000000e+04 2.911478358425156898e-01 3.229192590169223109e-01 -2.357533828302642576e-01
3.238400000000000000e+04 3.791243339587282435e-01 -4.271409858182693142e-01 -2.057634799267127335e-01
3.251500000000000000e+04 1.809280252911378284e-01 -3.463972345794799068e-01 -2.334162472905170205e-01
3.243500000000000000e+04 2.945129940114199485e-01 -3.376553200986966985e-01 -5.218185828243804281e-02
3.253200000000000000e+04 -1.559760963797529598e-01 -2.374994829197074608e-01 -2.084307193199883557e-01
3.244900000000000000e+04 -1.559760963797529598e-01 -2.374994829197074608e-01 -2.084307193199883557e-01
3.249900000000000000e+04 -2.022914666532784622e-01 -3.433512010832222572e-01 -1.899129174040652401e-01
3.250000000000000000e+04 -1.260009110750814898e-01 -3.558785712887893027e-01 -1.126146112883006367e-01
3.246600000000000000e+04 1.561036398963153715e-01 -7.030625452105265794e-02 -3.562732151016057003e-01
3.244100000000000000e+04 -5.548037970854124978e-03 -1.555518907189359368e-01 -3.537557411310210398e-01
3.246400000000000000e+04 4.047834585217984227e-01 -5.065983764705839221e-02 -4.191610900207756174e-01
3.227300000000000000e+04 -5.805557592520926846e-02 1.833188042781466187e-01 -5.129643066189313316e-01
3.244000000000000000e+04 -3.034353615224461009e-02 1.747772159860541130e-01 -3.801510245036183733e-01
3.220500000000000000e+04 9.277946794322389223e-02 1.207202339372863698e-01 -3.295989639655800829e-01
3.244600000000000000e+04 2.597508869118314578e-02 6.428032364071434301e-02 -3.242705631691222834e-01
3.227900000000000000e+04 3.188155184862750957e-02 2.208483854268217250e-01 -2.749990090959215649e-01
3.245700000000000000e+04 2.298213441815875058e-01 2.561632764088521697e-01 -2.977458618281190184e-01
3.241600000000000000e+04 2.298213441815875058e-01 2.561632764088521697e-01 -2.977458618281190184e-01
3.229500000000000000e+04 1.582595654605256641e-01 4.172505811426496791e-02 -2.719363083177412932e-01
3.230500000000000000e+04 2.627227667154059532e-01 2.548482122221078505e-01 -2.627255624627231612e-01
3.238000000000000000e+04 1.104356858780377593e-01 4.216862098436169326e-01 -3.355865064553427146e-01
3.236900000000000000e+04 6.500717604595962484e-02 3.352245101371349456e-01 -3.288093085729606457e-01
3.236500000000000000e+04 1.037183806612560488e-01 3.752243290078589588e-01 -2.796027996444081509e-01
3.234700000000000000e+04 -2.355249489048389933e-01 -5.667517566087765246e-02 -4.293725448742655715e-01
3.247200000000000000e+04 3.377526017477094911e-01 3.601593867637782331e-01 -4.466957269422557886e-01
3.246900000000000000e+04 2.456771844708072194e-01 4.380877552677397979e-01 -4.285674415539908466e-01
3.249400000000000000e+04 3.242833406369882709e-01 4.876891374192804385e-01 -3.428379178451770315e-01
3.221800000000000000e+04 -1.661391484081065073e-01 3.567033019486358647e-01 -3.754719972530438099e-01
3.240200000000000000e+04 -1.284561254681690912e-01 5.661696156992026552e-01 2.707829132735319888e-01
3.232100000000000000e+04 -5.864037170621472228e-01 -2.501499570305112385e-01 6.777051278045931326e-01
3.250400000000000000e+04 -4.610861465435860396e-01 -2.525050830976178773e-01 3.038685274832566563e-01
3.251100000000000000e+04 -3.206694692764173737e-01 -2.413698700331954328e-01 5.382023210191100304e-01
3.227600000000000000e+04 -5.440635115950200884e-01 -3.128485484177208065e-01 2.794992346279840945e-01
3.232400000000000000e+04 -1.509533248641830028e-01 -4.111350149419727984e-01 6.407250168353826325e-01
3.237500000000000000e+04 -5.708586352346074477e-01 -1.898009027458007481e-01 7.442252850626260852e-01
3.247400000000000000e+04 -1.406935765446775122e-01 -2.975252321602734895e-01 7.552411017339579757e-01
3.247900000000000000e+04 -8.955325261464963660e-01 3.234008773259655634e-01 2.522083316233363348e-01
3.250300000000000000e+04 -8.955325261464963660e-01 3.234008773259655634e-01 2.522083316233363348e-01
3.251400000000000000e+04 3.542791510730367577e-01 -5.559918113709745313e-01 2.635690833854695825e-01
3.224500000000000000e+04 1.931934323643318407e-01 -5.052483954209892048e-01 3.582973700286089525e-01
3.231300000000000000e+04 4.247325147769487330e-02 -5.902778326660920172e-01 7.375258129911550498e-01
3.241000000000000000e+04 4.799301635136146160e-01 -5.807572586151836802e-01 5.921190238362505909e-01
3.246800000000000000e+04 -1.923687532949003298e-02 -5.655899441035208142e-01 7.958148558473041589e-01
3.252400000000000000e+04 2.639595109858916544e-01 -2.256700823655313215e-01 6.101382258725855934e-01
3.241800000000000000e+04 1.835519239981735495e-01 -2.790197345725760059e-01 6.801793545196730406e-01
3.248200000000000000e+04 3.373320965309289932e-02 -1.175933783490288320e-01 6.925287498779724160e-01
3.226000000000000000e+04 7.767944544242837424e-01 -2.507381431938231486e-01 2.606706003141034955e-01
3.237900000000000000e+04 8.220841121613418068e-01 -1.219743361249898683e-01 3.255012365604841307e-01
3.233500000000000000e+04 5.210403738325624090e-01 -1.914666780871572271e-01 2.814450323351316285e-01
3.240000000000000000e+04 4.595134749145444175e-01 -4.732835579727678876e-01 3.619521194869221858e-01
3.233400000000000000e+04 -5.597869418713230516e-02 4.204536720957294804e-01 5.396802133385421030e-01
3.245500000000000000e+04 8.548159770560914694e-02 1.105743624655426416e-01 5.507686306815209321e-01
3.239300000000000000e+04 3.637000917107258147e-02 -3.879512953197092884e-01 8.126149594215270611e-01
3.255100000000000000e+04 -1.314863094985909697e-01 -3.359519333006772968e-01 4.254024628687673726e-01
3.229600000000000000e+04 -1.796077828434903267e-01 -2.381910317639128749e-01 4.018055404828579924e-01
3.255500000000000000e+04 -1.304304452243556511e-01 -6.166884267119465690e-02 4.844624428765023083e-01
3.243800000000000000e+04 -1.304304452243556511e-01 -6.166884267119465690e-02 4.844624428765023083e-01
3.246500000000000000e+04 -1.127873453923200486e-01 2.637689514607681751e-01 3.977976849050506303e-01
3.254100000000000000e+04 9.602128137907328664e-02 1.656161222653298459e-01 3.482594966383274482e-01
3.237100000000000000e+04 1.697579298772211587e-02 1.727442940019665585e-01 3.116905331943833346e-01
3.226100000000000000e+04 -2.950892488662759661e-02 -4.036445513146214026e-02 4.953790896007816968e-01
3.222600000000000000e+04 9.764560556971701999e-02 -8.525732467212288057e-02 3.112786028004101979e-01
3.222700000000000000e+04 -3.688968292369310120e-02 -1.242961689945305537e-01 2.691042649364909778e-01
3.226400000000000000e+04 -6.947677760901882493e-02 -1.373348111874079791e-01 3.582740641721962049e-01
3.228500000000000000e+04 -7.437553373480909613e-02 -4.756831991480421351e-01 4.157882728880366585e-01
3.244500000000000000e+04 7.707861105494373533e-03 -4.142243967320595743e-01 4.084633971271891539e-01
3.224600000000000000e+04 6.326700369042725924e-02 -3.682621408988371314e-01 4.014894058313949188e-01
3.265200000000000000e+04 3.728173383649391326e-02 -3.488224370242951622e-01 3.759913777230110554e-01
3.243700000000000000e+04 3.728173383649391326e-02 -3.488224370242951622e-01 3.759913777230110554e-01
3.235600000000000000e+04 6.987775175111465842e-02 -2.933802014858892804e-01 3.697033493974011265e-01
3.234500000000000000e+04 -1.740125860707308902e-02 -2.551575514011412693e-01 3.701022372890392376e-01
3.232500000000000000e+04 1.320319938188561082e-01 -4.517463612552683472e-01 3.642587305169193712e-01
3.236200000000000000e+04 6.008685822557424672e-03 -4.179171846231062304e-01 3.404766949855897451e-01
3.237700000000000000e+04 1.294346151756187169e-01 -3.816427288745503077e-01 3.162624976217678352e-01
3.237800000000000000e+04 -8.697974893484428094e-02 -4.202532715039186684e-01 3.969401153548552941e-01
3.234200000000000000e+04 2.135019070165284916e-01 -2.391326687657073791e-01 4.872014898500189872e-01
3.253500000000000000e+04 3.092780656836069397e-01 -3.400124650303846252e-01 3.586493167036195473e-01
3.232300000000000000e+04 2.238624352396243467e-01 2.055755305612110284e-01 3.084432306435687110e-01
3.243600000000000000e+04 1.802058984463030811e-01 -1.080929377888981691e-01 4.970404658523790431e-01
3.229700000000000000e+04 2.562463506517289602e-01 -2.256064603159577686e-01 4.946754026066777499e-01
3.248600000000000000e+04 2.870800362478647116e-01 -2.116509744995642706e-01 2.820969449146630836e-01
