# star id 	 star_x_coords [pc] 	 star_y_coords [pc] 	 star_z_coords [pc] 
3.939000000000000000e+03 1.880633301692000714e-01 2.563621112707050287e+00 1.819016544786180134e+00
3.698000000000000000e+03 -1.218754975893148185e-01 -3.511142837720448995e-01 -6.343580988746140292e-01
3.949000000000000000e+03 -4.898634859103481176e-01 -5.166093037571570790e-01 -1.927300763279333751e-01
3.940000000000000000e+03 -2.286445761480990768e-01 -2.214762988168530455e-01 -1.061484951324302983e-01
3.843000000000000000e+03 -8.277470882168813660e-02 -1.392971338522102087e-01 5.109117474773938739e-03
4.457000000000000000e+03 2.791039286954912768e-01 1.347277161156732461e-01 7.033594978906876349e-03
4.376000000000000000e+03 -2.286445761480990768e-01 -2.214762988168530455e-01 -1.061484951324302983e-01
3.643000000000000000e+03 -2.286445761480990768e-01 -2.214762988168530455e-01 -1.061484951324302983e-01
3.656000000000000000e+03 -1.299053007532506854e-01 -2.208428036305107867e-01 2.875565618386133337e-02
3.985000000000000000e+03 3.731210995979949985e-02 -7.305050590960924239e-01 -5.122530560560107915e-01
3.653000000000000000e+03 3.294140304637949157e-02 -4.746931381387433646e-01 -4.889655280476148391e-01
4.453000000000000000e+03 3.294140304637949157e-02 -4.746931381387433646e-01 -4.889655280476148391e-01
3.679000000000000000e+03 2.108127843556530934e-01 -4.152945212060501490e-01 -1.988023766882776044e-01
3.834000000000000000e+03 -7.641221180131196888e-02 -2.527180620415556689e-01 -7.858822458062775240e-02
3.648000000000000000e+03 -7.641221180131196888e-02 -2.527180620415556689e-01 -7.858822458062775240e-02
4.384000000000000000e+03 5.271889078177025567e-01 -5.961879684608675234e-01 -1.900420043168082884e-02
3.842000000000000000e+03 -2.012274111061174153e-01 -4.342972264141202743e-01 -2.424917895291116565e-01
3.948000000000000000e+03 -3.443040685214384666e-01 -7.668182434447956553e-02 -3.714509919044530761e-01
3.587000000000000000e+03 -2.012274111061174153e-01 -4.342972264141202743e-01 -2.424917895291116565e-01
3.998000000000000000e+03 -1.364476032648553883e-03 -3.321801708655058860e-02 -3.322670921151598122e-01
4.359000000000000000e+03 4.855816361177005547e-01 -9.594784990260762925e-02 -2.783880579525970234e-01
3.672000000000000000e+03 -1.218754975893148185e-01 -3.511142837720448995e-01 -6.343580988746140292e-01
3.717000000000000000e+03 4.380851689081168843e-01 -3.457644150416783191e-01 -6.865248639723233737e-01
4.406000000000000000e+03 4.380851689081168843e-01 -3.457644150416783191e-01 -6.865248639723233737e-01
3.613000000000000000e+03 3.874535222100234932e-01 1.629488958347558025e-01 -9.116318694079836860e-01
3.979000000000000000e+03 2.366495146553120321e-01 2.550781975111391375e-01 -7.280308086726137162e-01
3.754000000000000000e+03 7.634582361987156673e-01 -1.147683648530044564e+00 -7.376726729689409012e-01
3.620000000000000000e+03 1.162931752914772687e+00 -5.285661131749428421e-01 -9.237861032741392364e-01
3.867000000000000000e+03 1.162931752914772687e+00 -5.285661131749428421e-01 -9.237861032741392364e-01
3.619000000000000000e+03 -1.179020233576864030e-01 -8.423409278126925415e-02 -3.408345381802746488e-01
3.755000000000000000e+03 -1.179020233576864030e-01 -8.423409278126925415e-02 -3.408345381802746488e-01
3.616000000000000000e+03 -2.247155455616507425e-01 -1.768085352427561929e-02 -3.380778693878312424e-01
3.636000000000000000e+03 -2.074200152651712870e-01 3.927097946159499031e-01 -3.078595994470845199e-01
3.635000000000000000e+03 -2.860334991043202990e-01 3.747910976623209933e-01 -2.671969091500585591e-01
4.310000000000000000e+03 -3.735286755121194346e-01 -1.612700258445443069e-02 -1.746875036673714021e-01
4.309000000000000000e+03 -3.735286755121194346e-01 -1.612700258445443069e-02 -1.746875036673714021e-01
3.973000000000000000e+03 -1.241191263742678075e-01 3.285667271376979670e-02 -1.533951299033731175e-01
4.427000000000000000e+03 -1.241191263742678075e-01 3.285667271376979670e-02 -1.533951299033731175e-01
3.631000000000000000e+03 -5.444635838535134553e-01 -1.196686258011290249e-01 -1.191214515344540814e-02
3.936000000000000000e+03 -2.985305722298789988e-01 -4.463810053231043184e-03 4.090391596190556811e-02
3.935000000000000000e+03 -2.985305722298789988e-01 -4.463810053231043184e-03 4.090391596190556811e-02
4.327000000000000000e+03 -2.609670536645580796e-02 -5.216163427810016628e-02 -3.938632567489435132e-01
4.326000000000000000e+03 -2.609670536645580796e-02 -5.216163427810016628e-02 -3.938632567489435132e-01
4.375000000000000000e+03 -2.794691130398518908e-02 1.920655615382536041e-01 -3.581881185440920490e-01
3.626000000000000000e+03 -1.364476032648553883e-03 -3.321801708655058860e-02 -3.322670921151598122e-01
3.924000000000000000e+03 1.277070992687754369e-01 -1.046574196174070437e-01 -1.037585296855638717e-01
4.378000000000000000e+03 -4.118214322431867913e-03 4.269877425487678124e-01 -9.003730496159789709e-02
3.668000000000000000e+03 4.416163282084539787e-02 2.299152117271177076e-01 -7.049622347280148915e-02
3.830000000000000000e+03 4.416163282084539787e-02 2.299152117271177076e-01 -7.049622347280148915e-02
4.379000000000000000e+03 -9.141719240079737574e-02 -4.554860310268793455e-02 -3.587888930005931343e-01
3.641000000000000000e+03 -1.070437070435730220e-01 -2.545849985016559458e-01 -6.561364671642593294e-01
3.560000000000000000e+03 -8.277470882168813660e-02 -1.392971338522102087e-01 5.109117474773938739e-03
3.680000000000000000e+03 7.012187327483729860e-01 2.514724353235351373e-01 1.681555381369577162e-01
3.978000000000000000e+03 7.068539976991985441e-01 2.526697670025654929e-01 2.998027710701478554e-01
4.462000000000000000e+03 8.235629266581270258e-01 4.202301523728273480e-01 5.013035230109608165e-01
3.964000000000000000e+03 6.363603327297369106e-01 -5.276376724547127139e-01 5.188899295093563069e-02
3.673000000000000000e+03 6.353850362331456836e-01 6.914377184618274441e-01 9.013853884580669273e-02
4.446000000000000000e+03 8.535518249069014018e-01 6.560505433058700930e-01 2.664138733543097715e-01
3.634000000000000000e+03 -1.030882163909836891e+00 -1.366517985989066375e+00 9.272895470168975862e-01
4.441000000000000000e+03 -5.895228969241941286e-01 -1.079487944250921316e+00 1.234214974288249778e+00
3.860000000000000000e+03 -3.007066019356443576e-01 -9.932125867123389185e-01 4.812174123550789773e-01
3.649000000000000000e+03 -2.462043917677476657e-01 -4.152050777531357539e-02 1.294987283633872721e-01
4.420000000000000000e+03 -6.203617769464813136e-01 4.507099393701707868e-01 1.561841736078264375e-01
3.667000000000000000e+03 -3.162693412050998631e-01 6.058349547084702635e-01 9.080808783936333839e-02
3.567000000000000000e+03 3.668137896032135359e-01 -5.391287888729721089e-01 1.695879098202226487e-01
4.408000000000000000e+03 -1.109354338596915568e+00 8.802194643214527048e-01 2.994668162906464204e-01
3.555000000000000000e+03 -3.278957914811257979e-01 -5.597238004048641358e-01 -7.441416574842207865e-01
3.607000000000000000e+03 1.591559393780499931e+00 1.897657891109219008e-01 3.967532269892757313e-01
4.019000000000000000e+03 8.535518249069014018e-01 6.560505433058700930e-01 2.664138733543097715e-01
3.840000000000000000e+03 -1.654102731903037693e-01 2.719080372205340268e-01 1.453235109013348847e-01
3.582000000000000000e+03 3.391884023654938574e-01 -1.183534425407898993e+00 4.613947565423899277e-01
4.444000000000000000e+03 2.122648912464342175e-01 -1.357824467298627269e-01 6.399942848363480152e-01
3.815000000000000000e+03 9.795687785384643576e-03 -1.487724090169706415e-02 1.097266250786503861e-01
4.479000000000000000e+03 1.090075961456307141e-01 7.320348841670920592e-02 1.293127840793033556e-01
4.387000000000000000e+03 1.937389750222564544e-01 3.424593343033706105e-01 2.719795115762195792e-01
3.640000000000000000e+03 -3.444883847149924350e-01 -4.070650792820416086e-01 1.001017084238498001e-01
4.443000000000000000e+03 -1.331283452636853326e-01 -2.329920908033393800e-01 2.396074949677711174e-01
3.647000000000000000e+03 -3.162693412050998631e-01 6.058349547084702635e-01 9.080808783936333839e-02
3.863000000000000000e+03 -1.070437070435730220e-01 -2.545849985016559458e-01 -6.561364671642593294e-01
3.633000000000000000e+03 2.895244466682243001e-01 -7.312224567229463901e-03 2.012851578353291870e-01
4.438000000000000000e+03 -1.031207617068105264e+00 1.287626236230988042e+00 6.882561602604226891e-01
4.364000000000000000e+03 5.271889078177025567e-01 -5.961879684608675234e-01 -1.900420043168082884e-02
4.410000000000000000e+03 1.691021209150562754e-01 -2.925073479540820642e-01 1.699843456350436099e-02
4.407000000000000000e+03 -3.019754498815245825e-01 8.333266533161065581e-02 -4.814988563428954649e-01
4.362000000000000000e+03 -1.727866436175702347e-01 -7.157000874682140079e-02 8.940793660771362283e-02
4.411000000000000000e+03 -1.727866436175702347e-01 -7.157000874682140079e-02 8.940793660771362283e-02
3.718000000000000000e+03 -2.462043917677476657e-01 -4.152050777531357539e-02 1.294987283633872721e-01
4.303000000000000000e+03 -9.206735838057511501e-01 1.653225052892395297e-01 1.305538016443250626e+00
3.638000000000000000e+03 2.380846404320777765e-01 9.465299142371712549e-01 7.513393092297064868e-01
3.953000000000000000e+03 -1.071384407828986696e+00 2.033164831468038614e+00 7.084727622573439021e-02
4.404000000000000000e+03 -3.444883847149924350e-01 -4.070650792820416086e-01 1.001017084238498001e-01
3.554000000000000000e+03 -3.452408562589255325e-01 1.231032124822537099e+00 5.988188195979091688e-01
3.829000000000000000e+03 -4.855665804406612551e-01 1.777472471581670987e+00 8.781439712469705228e-01
4.301000000000000000e+03 1.072036291468208447e+00 2.171406711428289782e-01 1.411487097355006881e+00
4.452000000000000000e+03 1.142109941645770732e+00 2.709402991772762448e-01 1.890832926721401464e+00
3.952000000000000000e+03 -1.102267966708666336e+00 1.535422560937611536e-01 1.906534253617266472e+00
3.753000000000000000e+03 -5.966539814438363010e-01 1.960098887780421961e+00 1.905605998352797315e+00
4.419000000000000000e+03 8.671206530252106859e-02 -3.604191977619564113e-02 1.379137569444509381e+00
4.302000000000000000e+03 1.705223463010554497e-01 5.514557008090861245e-01 3.157560632967459924e-01
4.058000000000000000e+03 -6.582763770618669241e-01 -2.661215738977062983e-01 -5.560878948653993348e-01
3.642000000000000000e+03 1.557066123044990036e-01 -1.283262027150080087e+00 -1.526388883301734722e-01
3.614000000000000000e+03 2.459148000110928933e-01 -9.173675989186698132e-01 -7.507055569141130036e-02
4.009000000000000000e+03 3.244417815512576908e-01 -8.693456230430136600e-01 -1.825931778189584520e-01
3.965000000000000000e+03 -1.617810742186804873e-01 -2.131193320798487889e-01 -3.758346550894628990e-01
4.405000000000000000e+03 1.705223463010554497e-01 5.514557008090861245e-01 3.157560632967459924e-01
3.908000000000000000e+03 -3.829211684459892240e-01 -3.590540597712035265e-01 -3.853140917975395041e-01
3.688000000000000000e+03 -1.442854389595140674e-01 -3.079566522239396420e-01 -3.504805597012961016e-01
4.451000000000000000e+03 -1.654102731903037693e-01 2.719080372205340268e-01 1.453235109013348847e-01
4.450000000000000000e+03 5.666991189881969149e-01 -4.904916663759451012e-02 -1.886402182735992028e+00
3.984000000000000000e+03 1.112863608071563704e-01 6.874054927480557353e-01 -2.188210418001787616e+00
