# star id 	 star_x_coords [pc] 	 star_y_coords [pc] 	 star_z_coords [pc] 
3.705200000000000000e+04 -5.521404222569685771e-01 7.525595556503574812e-01 -8.111719623829287684e-01
3.704600000000000000e+04 9.236034640100854176e-01 -1.041060097845466714e+00 -3.289377396625923211e-01
3.704800000000000000e+04 6.191487395588524123e-02 2.070995919199560831e-01 -2.494624197401265064e-01
3.705500000000000000e+04 -4.227184522790139454e-03 -2.986290494456653732e-01 -1.904795047585423617e-01
3.709700000000000000e+04 9.233655521666861432e-01 -1.463635000148556742e+00 8.872862902791212036e-03
3.709800000000000000e+04 9.233655521666861432e-01 -1.463635000148556742e+00 8.872862902791212036e-03
3.705400000000000000e+04 -6.783305874843250649e-01 8.059905967222675827e-01 9.130335084870750961e-01
3.705600000000000000e+04 -4.075150788953294523e-01 1.228537943562770351e+00 4.811539411086585005e-01
3.705300000000000000e+04 -4.075150788953294523e-01 1.228537943562770351e+00 4.811539411086585005e-01
3.704700000000000000e+04 -9.600267875278092333e-01 3.221567816643968740e-01 -2.408941146239413911e-01
