# halo_id 	 x_coord [pc] 	 y_coord [pc] 	 z_coord [pc] 	 vir_rad [pc]
0.000000000000000000e+00 -6.778493277914822102e+01 -7.843127712933346629e+01 -3.027456459682434797e+01 3.297615028655676461e+00
1.000000000000000000e+00 -6.171725461864843965e+01 -6.740040783211588860e+01 -4.130544673232361674e+01 2.627911745664683885e+00
2.000000000000000000e+00 -6.549768360285088420e+01 -5.425185167090967298e+01 -3.620481387991458178e+01 2.286961557323996086e+00
3.000000000000000000e+00 -4.672239226382225752e+01 -5.498197921831160784e+01 -1.712743358360603452e+01 4.531894912101843254e+00
4.000000000000000000e+00 -5.665652758954092860e+01 -4.185009883716702461e+01 -1.610178649844601750e+01 2.049203093193007419e+00
5.000000000000000000e+00 -5.369897058838978410e+01 -3.865924836415797472e+01 -1.817909822752699256e+01 2.349484539230219937e+00
6.000000000000000000e+00 -5.008076155046001077e+01 -4.298209001962095499e+01 -1.833798616519197822e+01 1.869692192555604926e+00
7.000000000000000000e+00 -5.127792031317949295e+01 -3.560963722970336676e+01 -1.871868794644251466e+01 1.277573481618743623e+00
8.000000000000000000e+00 -5.226197788584977388e+01 -9.498320368118584156e+00 -4.351323398062959313e+01 1.063884145538401960e+01
9.000000000000000000e+00 -5.025942881824448705e+01 -3.104650942608714104e+00 -4.341924849385395646e+01 5.291084025456414430e+00
1.000000000000000000e+01 -4.668534572096541524e+01 -1.113950575748458505e+01 -4.188018340338021517e+01 1.685482602073306024e+00
1.100000000000000000e+01 -5.005866899294778705e+01 -1.470703159226104617e+01 -3.457212726352736354e+01 2.653780279201105596e+00
1.200000000000000000e+01 -4.837195799080654979e+01 -6.955229724757373333e+00 -3.709928531758487225e+01 1.620452132450224569e+00
1.300000000000000000e+01 -4.613401902792975307e+01 -1.527920418232679367e+01 -1.208160177897661924e+01 2.597641225830626954e+00
1.400000000000000000e+01 -4.830116198677569628e+01 -4.645722111221402884e+00 -3.477450518403202295e+01 1.902496840821134905e+00
1.500000000000000000e+01 -4.937584112863987684e+01 -2.110213178209960461e+00 -3.450548016186803579e+01 1.605471016497983960e+00
1.600000000000000000e+01 -4.283682286785915494e+01 -6.813354850187897682e+01 -1.921730383997783065e+01 3.140875094006013502e+00
1.700000000000000000e+01 -4.677231951477006078e+01 -7.213946234434843063e+01 -1.237914660247042775e+01 1.980297173711147662e+00
1.800000000000000000e+01 -9.740093660075217485e+00 -5.431238955166190863e+01 -2.856062323879450560e+01 2.336611842123563321e+00
1.900000000000000000e+01 -4.222652070363983512e+01 -6.356705525331199169e+01 -2.111063754558563232e+01 2.710696183357451439e+00
2.000000000000000000e+01 -2.553260588971897960e+01 -2.250104131922125816e+01 -8.617418374214321375e+01 3.411515699445559324e+00
2.100000000000000000e+01 -4.564146102359518409e+01 -2.903921110695227981e+01 -2.441004754137247801e+01 1.696301467763918769e+00
2.200000000000000000e+01 -4.444068947480991483e+01 -3.114547924511134624e+01 -1.683956075180321932e+01 3.080697394484489315e+00
2.300000000000000000e+01 -9.579557484015822411e+00 6.515601089689880610e+00 -3.782938692020252347e+01 5.500304782097934719e+00
2.400000000000000000e+01 -1.601895601628348231e+01 -8.074970345012843609e+00 -3.293196876300498843e+01 1.363785065642712180e+00
2.500000000000000000e+01 -1.193456374062225223e+01 4.124258064199239016e+00 -3.176577384350821376e+01 1.880863787892307570e+00
2.600000000000000000e+01 -1.564257823256775737e+01 5.928345260210335255e+00 -3.593692175997421145e+01 1.553924952702959494e+00
2.700000000000000000e+01 -8.471213850192725658e+00 7.408283206168562174e+00 -3.360837603686377406e+01 1.884135721659448315e+00
2.800000000000000000e+01 -3.470223522465676069e+01 8.957491060718894005e-01 -2.314120407123118639e+01 2.062010825607045295e+00
2.900000000000000000e+01 -3.531711288401857018e+01 4.384989144280552864e+00 -2.127929166285321116e+01 1.960479166929118389e+00
3.000000000000000000e+01 -3.438039365131407976e+01 5.912089679855853319e+00 -2.460666103521361947e+01 1.678452554795245355e+00
3.100000000000000000e+01 -3.354768310859799385e+01 8.091916399542242289e+00 -2.191429607011377811e+01 1.802260522160530343e+00
3.200000000000000000e+01 -3.432929664244875312e+01 1.052447313722223043e+01 -2.062440805882215500e+01 3.127458196365272336e+00
3.300000000000000000e+01 -2.986309539061039686e+01 5.482114834710955620e+00 -2.416186246788129210e+01 2.168819470730846799e+00
3.400000000000000000e+01 -3.195945884380489588e+01 1.132567937672138214e+01 -2.383964876225218177e+01 1.926266860169438822e+00
3.500000000000000000e+01 -7.077541982755064964e+00 3.452648262027651072e+00 -1.612804398592561483e+01 1.766362292256139277e+00
3.600000000000000000e+01 -1.979510480933822691e+02 -4.704939520778134465e+01 1.297257133247330785e+01 2.751064475038503154e+00
3.700000000000000000e+01 -1.548842374067753553e+02 -2.654555164044722915e+01 6.836623522313311696e+01 3.204196936494539294e+00
3.800000000000000000e+01 -5.358079907996580005e+01 -8.378655423363670707e+01 -6.748600024729967117e+00 3.908496624973364142e+00
3.900000000000000000e+01 -5.300735637079924345e+01 -7.708557315170764923e+01 -8.435185901354998350e+00 1.869717112808552573e+00
4.000000000000000000e+01 -4.685764117818325758e+01 -3.473213962186127901e+01 -7.322028155438601971e+00 4.279698042693984128e+00
4.100000000000000000e+01 -4.727607059385627508e+01 -3.728386454330757260e+01 -6.669546694494783878e+00 1.784632022450977518e+00
4.200000000000000000e+01 -4.605794076249003410e+01 -2.086883413605391979e+01 -1.106588557129725814e+01 2.339643048371639722e+00
4.300000000000000000e+01 -4.267191709345206618e+01 -1.873046767665073276e+01 -1.042192527884617448e+01 2.520818337666320463e+00
4.400000000000000000e+01 -4.224205301888287067e+01 -1.943678700132295489e+01 -5.136270839720964432e-01 2.921368150675970110e+00
4.500000000000000000e+01 -1.046174833495169878e+02 1.099220049474388361e+01 5.368204656476154923e+01 2.698339095143968969e+00
4.600000000000000000e+01 -4.480818517180159688e+01 -9.742833033669739962e+00 -9.382507133763283491e+00 1.497565340658121746e+00
4.700000000000000000e+01 -4.443211600044742227e+01 -9.645907418336719275e+00 -1.165297240577638149e+01 2.537814040002730032e+00
4.800000000000000000e+01 -3.838967810012400150e+01 6.580490845721215010e+00 1.238613341818563640e+02 2.999606349817046436e+00
4.900000000000000000e+01 -1.534584287321195006e+01 -6.351391387265175581e+01 2.842788307927548885e+00 2.468747134825963752e+00
5.000000000000000000e+01 -3.785825696727260947e+01 -3.513907156093046069e+01 -2.442107489798218012e+00 2.802861645087805442e+00
5.100000000000000000e+01 -2.781468327762559056e+01 -3.145540674589574337e+01 -1.015503888297826052e+01 1.468062382108593189e+00
5.200000000000000000e+01 -2.727291604503989220e+01 -2.952857080567628145e+01 -9.743492345791310072e+00 2.516424954624582710e+00
5.300000000000000000e+01 -3.849894556589424610e+01 -3.703589345002546906e+01 4.725871556438505650e-01 1.251223823351549802e+00
5.400000000000000000e+01 -1.246556120552122593e+01 8.895281170960515738e+00 -5.200453982222825289e+00 1.363455412035669223e+00
5.500000000000000000e+01 -3.194820804847404361e+01 4.114360235631465912e+00 2.381677216943353415e+01 7.837575869578327747e+00
5.600000000000000000e+01 -8.548499657120555639e+01 8.325698017561808228e+01 -3.227917562425136566e+01 2.007123426485354578e+00
5.700000000000000000e+01 -7.454578977217897773e+01 1.165417668344452977e+02 -2.034701256733387709e+01 2.542866297365252493e+00
5.800000000000000000e+01 -5.563072780240327120e+01 4.139213780174031854e+01 -4.459732724353671074e+00 2.230371716585038744e+00
5.900000000000000000e+01 -5.495590573176741600e+01 4.822652741009369493e+01 -1.394991906359791756e+00 2.599521862478068268e+00
6.000000000000000000e+01 -4.978642329154536128e+01 3.213947867508977652e+01 -3.316735624801367521e+01 1.833685906847699609e+00
6.100000000000000000e+01 -3.704114433657377958e+01 1.635085619892925024e+01 -2.846323422202840447e+01 1.723141113331940311e+00
6.200000000000000000e+01 -5.068998542614281178e+01 1.271757556181401014e+02 -9.774858830682933331e+01 2.894565875281426059e+00
6.300000000000000000e+01 -4.398407683195546269e+01 5.404310334147885442e+01 -1.755284601822495461e-01 2.096681643386652194e+00
6.400000000000000000e+01 -3.366765585402026772e+01 5.586650297464802861e+01 7.868135347962379456e-03 1.637856302391244911e+00
6.500000000000000000e+01 -4.312331649055704474e+01 9.460179865872487426e+01 2.569400979671627283e+00 2.582327978273988744e+00
6.600000000000000000e+01 -1.045878955908119678e+01 1.583303541550412774e+01 -2.188784921402111650e+01 2.341191591333469102e+00
6.700000000000000000e+01 -1.666015564464032650e+01 3.133282559411600232e+01 -2.001603749161586165e+01 1.684888166012839417e+00
6.800000000000000000e+01 -2.642033385951071978e+01 1.552907868474721909e+01 -9.411667505279183388e+00 1.691103650794346658e+00
6.900000000000000000e+01 -1.505573618272319436e+01 1.329921020939946175e+01 -1.485285479202866554e+01 1.370884113517758962e+00
7.000000000000000000e+01 -1.761903226701542735e+01 4.194746262580156326e+01 -2.084059617109596729e+01 1.636535166984669054e+00
7.100000000000000000e+01 -1.863989356160163879e+01 4.558861321536824107e+01 -2.185765927797183394e+01 3.204562787178132144e+00
7.200000000000000000e+01 -1.609100796189159155e+01 4.014278919249773026e+01 -1.992291639558970928e+01 1.792929222841471049e+00
7.300000000000000000e+01 -2.291317083360627294e+01 2.979359773127362132e+01 3.949909741058945656e-01 2.424675653637347050e+00
7.400000000000000000e+01 -2.051889715297147632e+01 3.050696028023958206e+01 -1.768395684659481049e+00 2.336255092609853978e+00
7.500000000000000000e+01 -2.436029026703909039e+01 3.412358530284836888e+01 1.040659544011577964e+01 3.320096693441615621e+00
7.600000000000000000e+01 -1.104192344797775149e+01 1.707250164449214935e+01 -2.228145138826221228e+00 1.276275265156888050e+00
7.700000000000000000e+01 -8.860588817391544580e+00 2.804051706753671169e+01 9.345675702206790447e-01 4.265760420480964932e+00
7.800000000000000000e+01 -1.511950132669880986e+01 2.684361019497737288e+01 4.272461547516286373e+00 1.811667372121989139e+00
7.900000000000000000e+01 -1.366653043683618307e+01 3.136610355833545327e+01 1.249718522652983665e+00 2.715030614131456410e+00
8.000000000000000000e+01 -9.644943665713071823e+00 3.238594382256269455e+01 5.042750501073896885e+00 4.646971024400587069e+00
8.100000000000000000e+01 -1.062383286282420158e+01 3.105928445560857654e+01 5.757454280741512775e+00 2.285747548873894974e+00
8.200000000000000000e+01 -1.200577374314889312e+01 3.070077698351815343e+01 1.306368847843259573e+01 1.722801058137124919e+00
8.300000000000000000e+01 -4.822293698322027922e+00 4.010825871955603361e+01 1.161881708633154631e+01 7.794630969558543399e+00
8.400000000000000000e+01 -3.093950961483642459e+01 4.148912606295198202e+01 1.739248782396316528e+00 2.451767432063692187e+00
8.500000000000000000e+01 -1.625910272262990475e+01 5.368115561362355947e+01 1.125688315276056528e+01 2.142051027997983859e+00
8.600000000000000000e+01 -2.050864613382145762e+01 5.936718131182715297e+01 1.217168538691475987e+01 2.770485029813706479e+00
8.700000000000000000e+01 -1.585381793738342822e+02 6.745718544861301780e+01 1.022695394312031567e+02 1.602575577005007190e+00
8.800000000000000000e+01 -1.112413812251761556e+02 1.962177741993218660e+01 1.630121683422476053e+01 2.413807607018519263e+00
8.900000000000000000e+01 -1.188077410850673914e+02 9.462009011628106236e+01 5.029418996628373861e+01 2.069295198325117102e+00
9.000000000000000000e+01 -1.131983485808596015e+02 1.086305533987469971e+02 5.211838722275570035e+01 2.464095785793622539e+00
9.100000000000000000e+01 -8.555553202610462904e+01 3.536943692155182362e+01 2.203440929064527154e+01 2.408780464923244047e+00
9.200000000000000000e+01 -8.494253270793706179e+01 3.958505734289065003e+01 2.025774085242301226e+01 1.940522244160559850e+00
9.300000000000000000e+01 -6.219470954453572631e+01 5.694921819306910038e+01 8.844265141757205129e+01 1.611547279474413452e+00
9.400000000000000000e+01 -9.391194332391023636e+00 3.155689778458327055e+01 1.646193564683198929e+01 4.300183341063651632e+00
9.500000000000000000e+01 -4.331831370247527957e+01 3.988310527103021741e+01 7.521360039850696921e+01 2.246793508733719413e+00
9.600000000000000000e+01 -2.796804226702079177e+01 5.845547061739489436e+01 1.944376888684928417e+01 4.280920224598453672e+00
9.700000000000000000e+01 5.785438777506351471e+01 -8.162739356700330973e+01 -3.935119782388210297e+01 2.970048827015905335e+00
9.800000000000000000e+01 3.913993941852822900e+01 -8.505776710901409388e+01 -2.040508417692035437e+01 1.352033329007338747e+00
9.900000000000000000e+01 6.945028564147651196e+01 -4.175776380114257336e+01 -1.722964730206876993e+01 4.363985216247237453e+00
1.000000000000000000e+02 7.074763459200039506e+01 -4.468322720378637314e+01 -1.969326198007911444e+01 2.460517000619109051e+00
1.010000000000000000e+02 6.744258578168228269e+01 -4.279619230004027486e+01 -1.347063520783558488e+01 2.858281412508887787e+00
1.020000000000000000e+02 6.569085176102817059e+01 -4.025154861621558666e+01 -2.125278953928500414e+01 2.411892650786431336e+00
1.030000000000000000e+02 7.100022359332069755e+01 -4.315796133549883962e+01 -2.567693395121023059e+01 2.127152570698700895e+00
1.040000000000000000e+02 5.816662972141057253e+01 -3.731816312298178673e+01 -1.759052744135260582e+01 2.494203571428839528e+00
1.050000000000000000e+02 1.759100509490817785e+02 -2.388071560477837920e+02 -6.054996415087953210e+01 1.174447901962156537e+00
1.060000000000000000e+02 1.700098984311334789e+02 -1.377897951845079660e+02 -1.898033511685207486e+01 2.383265422785573406e+00
1.070000000000000000e+02 1.257277228008024395e+02 -6.774471277883276343e+01 -3.832708356017246842e+01 1.983243490153202560e+00
1.080000000000000000e+02 8.003882295591756701e+01 -4.261436512088403106e+01 -2.245815228298306465e+01 3.928339605297654469e+00
1.090000000000000000e+02 1.661389434500597417e+02 -2.387660382920876145e+01 -2.668606800539419055e+01 1.897219173085829658e+00
1.100000000000000000e+02 9.057260490953922272e-02 -5.533708948502317071e+01 -1.047105164919048548e+01 3.561753764378845499e+00
1.110000000000000000e+02 3.958881919924169779e+01 -4.397641690913587809e+01 -6.635751327499747276e+00 1.795605329127846428e+00
1.120000000000000000e+02 2.908047683071345091e+01 -4.188166191428899765e+01 4.221546904183924198e+00 2.582031286349547816e+00
1.130000000000000000e+02 3.594381568487733603e+00 -3.260697790002450347e+01 2.067223452962934971e+00 2.966566904248584713e+00
1.140000000000000000e+02 1.374135436862707138e+01 -1.767179379425942898e+01 -2.768575003836303949e+00 6.689142057897953464e+00
1.150000000000000000e+02 5.423531980719417334e+00 -2.349508853396400809e+01 -6.042994912713766098e-01 1.593543517206905458e+00
1.160000000000000000e+02 1.315872686170041561e+01 -2.765289086988195777e+01 -7.131750757806003094e+00 1.892867103480590174e+00
1.170000000000000000e+02 1.348466055747121572e+01 -2.137452472187578678e+01 -7.137525928672403097e+00 3.195427992199259215e+00
1.180000000000000000e+02 1.835935970069840550e+01 -2.000145431468263268e+01 -6.963215283118188381e+00 1.529340093958850177e+00
1.190000000000000000e+02 1.537748131481930614e+01 -1.588013165863230824e+01 -6.144766163080930710e+00 3.455360168579209468e+00
1.200000000000000000e+02 1.786699174530804157e+01 -1.967941250465810299e+01 9.557547257281839848e-01 1.804082010291838900e+00
1.210000000000000000e+02 2.555619111703708768e+01 -2.390961939794942737e+01 -8.565962487366050482e+00 2.303149564663504734e+00
1.220000000000000000e+02 2.660308677563443780e+01 -2.566087195882573724e+01 -5.039505596272647381e+00 2.044991571039646239e+00
1.230000000000000000e+02 2.403325123619288206e+01 -1.654722311347723007e+01 -1.067088627349585295e+01 2.034724348883135914e+00
1.240000000000000000e+02 2.296878755465149879e+01 -2.055055033555254340e+01 -3.129631991032510996e+00 3.394510245998403786e+00
1.250000000000000000e+02 3.783641203213483095e+01 -3.289839108288288116e+01 -1.100986710051074624e+01 1.548797017416199795e+00
1.260000000000000000e+02 3.371042995061725378e+01 -2.902368226973339915e+01 1.703023264044895768e+01 3.182522726175081473e+00
1.270000000000000000e+02 4.163550869515165687e+01 -1.653081389050930738e+01 6.200000793207436800e+00 2.049437492157386576e+00
1.280000000000000000e+02 3.272409614920616150e+01 -2.095971582503989339e+01 2.207534883031621575e+01 3.166843700897916225e+00
1.290000000000000000e+02 2.834747636043466628e+02 -7.783523282269015908e+01 -7.260771491099148989e+00 1.713017279839115892e+00
1.300000000000000000e+02 1.892405555909499526e+01 -1.320350155327469110e+01 -3.902314501814544201e+00 2.804729821276325197e+00
1.310000000000000000e+02 1.796052642306312919e+01 -1.411595231434330344e+01 -1.760393883101642132e+00 1.714557060727906146e+00
1.320000000000000000e+02 9.808921696152538061e+00 4.884161482099443674e+01 -3.617746262950822711e+01 2.064068053003412562e+00
1.330000000000000000e+02 -5.184104837477207184e+00 2.571289390698075294e+01 3.992070466279983521e+00 1.740642841684312936e+00
1.340000000000000000e+02 -3.683620901312679052e+00 2.980565218022093177e+01 -4.902481287717819214e-02 4.098215771799660345e+00
1.350000000000000000e+02 -4.449675516691058874e+00 3.115545225329697132e+01 3.393379910849034786e+00 2.106937832514882203e+00
1.360000000000000000e+02 -3.587464817333966494e+00 3.167712292075157166e+01 5.542422641068696976e+00 2.404323872595735434e+00
1.370000000000000000e+02 -1.585328865796327591e+00 3.484536142507568002e+01 8.648049376904964447e+00 4.775367095594426736e+00
1.380000000000000000e+02 3.458486702293157578e-01 3.809789412701502442e+01 6.828476774040609598e+00 2.027044840245585178e+00
1.390000000000000000e+02 3.645409678015857935e+01 1.500703270919620991e+01 -4.961346356710419059e+01 1.949486916682998450e+00
1.400000000000000000e+02 2.530911780754104257e+01 -1.234836448682472110e+01 -1.629483149852603674e+00 4.107203097163028893e+00
1.410000000000000000e+02 3.724916562624275684e+01 -5.940951466094702482e+00 2.388949260115623474e+00 2.722703308444989645e+00
1.420000000000000000e+02 4.383569509675726295e+01 8.973543797666206956e+01 -1.367086996375583112e+02 2.824304118913820716e+00
1.430000000000000000e+02 1.525460246759466827e+02 8.511884353589266539e+00 -3.773392513487488031e+01 1.630071857103978417e+01
1.440000000000000000e+02 1.339848964242264628e+02 -1.162007382325828075e+01 -4.222885088995099068e+00 2.846782368054370238e+00
1.450000000000000000e+02 1.379807398281991482e+02 1.676415598299354315e+01 -3.979510670620948076e+01 3.742740828562355127e+00
1.460000000000000000e+02 1.360987596944905818e+02 2.136119800340384245e+01 -3.900961734028533101e+01 1.077436325847810350e+00
1.470000000000000000e+02 9.740406183525919914e+01 3.853460999531671405e+01 -1.260647684009745717e+01 1.999978492354473891e+00
1.480000000000000000e+02 1.443033923581242561e+01 -7.649269018322229385e+00 1.041622292669489980e+01 2.147544588988393510e+00
1.490000000000000000e+02 -3.359706489834934473e+00 2.410609108116477728e+01 1.101879084575921297e+01 2.094973322501851865e+00
1.500000000000000000e+02 1.808289414923638105e+01 2.298273916309699416e+01 7.982765365857630968e+00 1.682707817532234529e+00
1.510000000000000000e+02 -2.293635780457407236e+00 3.558589812554419041e+01 1.364069606550037861e+01 4.259699401180608191e+00
1.520000000000000000e+02 -5.454443256836384535e+00 4.080365593079477549e+01 8.275985642801970243e+00 2.350052579691368049e+00
1.530000000000000000e+02 -7.122219097800552845e-01 3.924587199836969376e+01 1.594725741539150476e+01 3.093070233247342760e+00
1.540000000000000000e+02 5.519278436433523893e+00 3.884583997959271073e+01 1.715217648120597005e+01 2.953998860673574534e+00
1.550000000000000000e+02 3.454951085615903139e+00 3.742762153828516603e+01 1.959540746873244643e+01 2.327411821428167826e+00
1.560000000000000000e+02 -3.553302036132663488e+00 4.447529344540089369e+01 1.591208198107779026e+01 1.937924722545524281e+00
1.570000000000000000e+02 -3.576299789361655712e+00 4.696970210317522287e+01 1.446785688074305654e+01 2.853374239047574701e+00
1.580000000000000000e+02 -3.762112054973840714e-01 4.464231507899239659e+01 1.714477193076163530e+01 2.386086922974602675e+00
1.590000000000000000e+02 3.331300276331603527e+00 4.576421595830470324e+01 1.792850346863269806e+01 1.688665245337261922e+00
1.600000000000000000e+02 -4.903229405172169209e+00 5.796788007859140635e+01 2.189196794573217630e+01 2.306937837211505915e+00
1.610000000000000000e+02 6.023564303293824196e+00 6.128629565611481667e+01 1.381305194832384586e+01 2.018787994175220035e+00
1.620000000000000000e+02 1.140910653537139297e+01 6.624623778322711587e+01 1.514147167699411511e+01 5.405937928466307163e+00
1.630000000000000000e+02 8.181045763194561005e+00 7.009763476485386491e+01 1.340404357435181737e+01 2.446227166729932900e+00
1.640000000000000000e+02 2.887629373650997877e+01 4.440108985500410199e+01 2.432695287419483066e+01 2.311416176496578156e+00
1.650000000000000000e+02 3.130932503612712026e+01 4.547449166933074594e+01 2.696380399493500590e+01 6.270342830808644408e+00
1.660000000000000000e+02 3.194888019608333707e+01 4.172415627865120769e+01 2.562940816022455692e+01 2.522676253684606351e+00
1.670000000000000000e+02 5.688562296191230416e+01 7.625010338611900806e+00 3.960777486534789205e+01 1.635423933071740388e+00
