# star id 	 star_x_coords [pc] 	 star_y_coords [pc] 	 star_z_coords [pc] 
1.993200000000000000e+04 -1.128281531720176645e-03 1.301640556383754088e+00 -8.896512176858690779e-01
1.993100000000000000e+04 -1.294823567413161847e+00 1.714749363874821242e+00 -7.870313645554380955e-01
1.993400000000000000e+04 -5.276068426612825490e-01 -8.645806970381038070e-01 -5.059812220868131760e-01
1.983100000000000000e+04 -5.276068426612825490e-01 -8.645806970381038070e-01 -5.059812220868131760e-01
1.979300000000000000e+04 9.236726623197579755e-01 -1.337628189293411651e-01 -2.598263739682149520e-01
1.978300000000000000e+04 5.045798899206737076e-01 2.499248276670513746e-01 -1.766005663155421068e-01
1.980700000000000000e+04 4.980916970032103208e-01 -8.344496699393033623e-02 -1.126127421176157384e-01
1.992900000000000000e+04 -1.121659552375207980e+00 -1.009794650538397676e+00 -8.189234025334091172e-02
1.992700000000000000e+04 3.180073758568555675e-01 -1.006148113503700259e+00 4.684393028879352272e-01
1.992800000000000000e+04 3.180073758568555675e-01 -1.006148113503700259e+00 4.684393028879352272e-01
1.980400000000000000e+04 6.516987791748363179e-01 -2.823859318011461284e-01 6.044644818135309627e-01
1.973800000000000000e+04 1.199695687882494255e+00 4.375463175133269544e-01 3.569707655024134674e-01
1.983000000000000000e+04 -3.252845377439719243e-01 6.330317671280596414e-01 5.424450926236210613e-01
1.978500000000000000e+04 -3.252845377439719243e-01 6.330317671280596414e-01 5.424450926236210613e-01
1.979200000000000000e+04 -1.941460365354688022e-01 3.085280930166067748e-01 4.212882305253122794e-01
