# star id 	 star_x_coords [pc] 	 star_y_coords [pc] 	 star_z_coords [pc] 
4.094500000000000000e+04 -1.381371188507003467e-01 1.049382349003362691e-01 -2.442742091615741629e-01
4.098400000000000000e+04 -1.381371188507003467e-01 1.049382349003362691e-01 -2.442742091615741629e-01
4.099900000000000000e+04 1.264155948815997021e-01 7.366707689892049160e-02 -1.241917848881080033e-01
4.095000000000000000e+04 -3.600539862880225428e-02 9.753315565882392235e-02 -9.998961525110416915e-02
4.100500000000000000e+04 -3.600539862880225428e-02 9.753315565882392235e-02 -9.998961525110416915e-02
4.095400000000000000e+04 -1.622900610600765958e-01 -6.498219177836439542e-03 -2.143651653189238004e-02
4.095600000000000000e+04 -3.371164890649893664e-01 7.058971324000040681e-02 4.396224679142335390e-02
4.099400000000000000e+04 -1.599015854785790225e-02 9.359819174382089102e-02 1.628233846187754352e-01
4.098100000000000000e+04 -5.306983983643931424e-02 7.461522805116249657e-02 2.650250762457062592e-02
4.098900000000000000e+04 -7.448206120375289174e-02 -1.171715980058545270e-01 -8.589627793575616010e-02
4.096600000000000000e+04 -7.448206120375289174e-02 -1.171715980058545270e-01 -8.589627793575616010e-02
4.095100000000000000e+04 1.517095290650871675e-02 -9.148070330743163225e-02 -5.557487498953150862e-02
4.096700000000000000e+04 -2.424704454040522705e-01 -4.643857047291977125e-02 -1.863581273400782834e-02
4.098500000000000000e+04 -2.424704454040522705e-01 -4.643857047291977125e-02 -1.863581273400782834e-02
4.100400000000000000e+04 6.975892444206976961e-02 -1.146909666307021070e-01 1.188544205203925230e-01
4.095700000000000000e+04 -3.069825100154588426e-02 -6.660469202979335535e-02 1.670802928146066790e-01
4.099500000000000000e+04 5.664091218833462449e-01 5.043242032671990671e-02 3.689851418155605245e-01
4.094600000000000000e+04 5.173959478442711202e-01 -1.631447845217870452e-02 9.458945631249804364e-02
4.098600000000000000e+04 2.862043178498936413e-01 -1.450360120729543567e-01 1.159975643290600544e-01
