# star id 	 star_x_coords [pc] 	 star_y_coords [pc] 	 star_z_coords [pc] 
1.588400000000000000e+04 -8.407084618408067200e-02 -6.268703044187291518e-01 1.023069387533848129e-01
1.584000000000000000e+04 1.787684372514952713e-02 -5.298562932460155750e-01 3.059306607267728850e-01
1.592500000000000000e+04 1.228979427225240784e-01 4.687574868642585546e-01 -3.995927830549224069e-01
1.577400000000000000e+04 -9.483304848823692623e-02 5.305883455063382659e-01 -4.721808189786642629e-01
1.594200000000000000e+04 -1.271569480204775004e-01 4.339527847027067065e-01 -5.689488563979487878e-01
1.601300000000000000e+04 -7.140254035217008521e-02 4.045729413642717986e-01 -2.081398841376778108e-01
1.600900000000000000e+04 -7.140254035217008521e-02 4.045729413642717986e-01 -2.081398841376778108e-01
1.594700000000000000e+04 2.287137342266918338e-01 5.442534984083624572e-01 7.271957687111552104e-02
1.589100000000000000e+04 2.399554096588047969e-01 4.763637246228473732e-01 -1.220341340894606219e-01
1.590100000000000000e+04 7.913856844973921056e-02 4.966878764686926129e-01 2.286206640710322091e-01
1.586300000000000000e+04 6.054392928653413719e-01 -1.183738841507357975e-01 2.879971551906166383e-01
1.585900000000000000e+04 8.011667959606185718e-01 -4.734518370738927118e-02 -1.198039750122426028e-02
1.597800000000000000e+04 5.698903194690876362e-01 6.262693396081520092e-02 8.535817381661203740e-02
1.592300000000000000e+04 -2.614313178827201156e-01 -4.668285197939030517e-01 3.908449851548763121e-01
1.593200000000000000e+04 -3.044141511522626686e-01 -3.239344836626063540e-01 5.051445033918593452e-01
1.595400000000000000e+04 -2.841783233227186400e-01 -2.088063732567766451e-01 4.570649928669858753e-01
1.584400000000000000e+04 -8.874072487031448020e-02 -2.982857855088090204e-01 3.597849869812783652e-01
1.586700000000000000e+04 -9.361317572579874735e-02 2.356086916714246193e-01 4.260128684107602481e-01
1.589500000000000000e+04 -4.855401155693250814e-02 1.663683175794532509e-01 3.966013292405339286e-01
1.598400000000000000e+04 -3.995881063959272339e-01 -3.119785404499939574e-01 1.556877039833111098e-01
1.589000000000000000e+04 -3.931421688530267744e-02 -1.827410066742913841e-01 1.048293881052089205e-01
1.601100000000000000e+04 -1.851448837378733003e-01 -1.613562156176575613e-01 1.544867438721500008e-01
1.584700000000000000e+04 -2.204380827895118244e-01 -2.388210352695119276e-01 1.244940497166489024e-01
1.595200000000000000e+04 -1.237385122365681767e-01 -4.326553322506754284e-02 1.272993027217594886e-01
1.585500000000000000e+04 -1.308789056333807821e-01 3.608746788093841751e-02 1.229746789549839292e-01
1.597500000000000000e+04 1.776857173902079978e-03 4.261166671822169683e-02 -1.377675166734970702e-01
1.597400000000000000e+04 -2.380428869708062223e-02 7.703376923027049905e-02 -1.410963867208696598e-01
1.590600000000000000e+04 1.366374197208397590e-02 1.101003021424094008e-01 -1.140345023762421306e-01
1.596700000000000000e+04 -4.904571877753571840e-02 -2.059014406663672858e-03 -9.288523165594142483e-02
1.596600000000000000e+04 -4.416428782640036133e-02 3.439238779532294288e-02 -7.472502086324261938e-02
1.584500000000000000e+04 -4.416428782640036133e-02 3.439238779532294288e-02 -7.472502086324261938e-02
1.592400000000000000e+04 -4.416428782640036133e-02 3.439238779532294288e-02 -7.472502086324261938e-02
1.600500000000000000e+04 -3.039568566032802011e-02 -5.529085065000893806e-02 -7.957989921819752510e-02
1.598500000000000000e+04 -8.691933286249309276e-02 -2.631545467518403569e-02 -1.546827069136647026e-01
1.596200000000000000e+04 -8.867828373669528474e-02 7.100190534936912101e-02 -7.258368577691243217e-02
1.596100000000000000e+04 -5.050307252529684376e-02 6.820225431848792041e-03 -4.373818285799657701e-02
1.601200000000000000e+04 -5.050307252529684376e-02 6.820225431848792041e-03 -4.373818285799657701e-02
1.599600000000000000e+04 -5.050307252529684376e-02 6.820225431848792041e-03 -4.373818285799657701e-02
1.582200000000000000e+04 -5.454696353960297728e-02 6.424535018602850478e-02 -4.500516813149602058e-02
1.600100000000000000e+04 -1.010994778329834531e-01 -5.644529389947017251e-02 -9.289024992339989240e-02
1.595300000000000000e+04 2.074819861049892467e-02 -7.115345319893995324e-02 -3.132836520612514164e-02
1.585700000000000000e+04 3.232659638750501330e-02 -3.824232107968272842e-02 -2.294163088863498956e-02
1.594100000000000000e+04 3.232659638750501330e-02 -3.824232107968272842e-02 -2.294163088863498956e-02
1.589600000000000000e+04 -1.287575693115012854e-01 9.307988654641752291e-02 5.684407447803963009e-03
1.596500000000000000e+04 -7.597810282330641485e-02 1.071766734165426893e-01 5.788538970415757490e-03
1.595800000000000000e+04 -3.776885829665754812e-02 1.985761794768703403e-02 1.181952976300593150e-02
1.584200000000000000e+04 2.145089345866324493e-03 -4.519488963554696426e-03 2.639644234574589632e-02
1.588300000000000000e+04 -6.243272224558271688e-02 -8.899772761405611021e-02 5.532896242288742883e-02
1.594400000000000000e+04 -1.102101747222494765e-02 -1.192096127731043786e-01 -5.189986135380841858e-02
1.587700000000000000e+04 -6.120379170458711826e-02 -8.407661879194039400e-02 6.350147503028402696e-02
1.584100000000000000e+04 2.832750018340401965e-02 -6.387420860443082660e-02 7.010616855672680003e-02
1.587800000000000000e+04 -2.163621622929206012e-01 7.844170820619678075e-02 4.448455785315275079e-02
1.587900000000000000e+04 -1.386165305169315687e-01 -2.047329100255490530e-02 8.223010829050636517e-02
1.599900000000000000e+04 -1.386165305169315687e-01 -2.047329100255490530e-02 8.223010829050636517e-02
1.589400000000000000e+04 -2.378500660680948897e-01 4.917293501786224041e-02 7.014548310331036873e-02
1.583200000000000000e+04 -1.122645383786995410e-01 -2.221590486005338150e-01 -6.128014942046000613e-02
1.598800000000000000e+04 -8.647243323841280471e-02 -2.538435157693776922e-01 -2.607128264177482890e-02
1.599100000000000000e+04 -5.360235725858508715e-02 -3.130244505476049710e-01 4.777570754226978522e-02
1.597000000000000000e+04 -2.237766340086979611e-01 -1.802105685282424652e-01 3.926763672929212134e-03
1.597100000000000000e+04 -8.345085239970906343e-02 2.820810601249670313e-01 -9.115701836352663179e-02
1.583000000000000000e+04 -7.807050371031110103e-02 1.823712735976763533e-01 1.163480425768526061e-03
1.597200000000000000e+04 -4.860193443097493571e-02 2.526480259499754855e-01 3.035215843702943062e-02
1.595700000000000000e+04 -5.306805747866683021e-03 3.486317328453347741e-01 6.314599491742178827e-02
1.581500000000000000e+04 -4.492782466297384758e-02 1.333852855884256616e-01 2.245154444346475486e-02
1.586100000000000000e+04 -3.609090672593708859e-01 2.286732663101251894e-01 3.377326463113661248e-02
1.596800000000000000e+04 -1.906166649660576695e-01 2.966978016019770070e-01 1.129746161601037358e-01
1.596900000000000000e+04 4.116075408556074677e-02 -2.824829197881539855e-02 -4.539960405031706614e-02
1.598600000000000000e+04 4.116075408556074677e-02 -2.824829197881539855e-02 -4.539960405031706614e-02
1.596300000000000000e+04 9.742485111963983258e-02 8.042393905155198475e-02 -7.731455326418057439e-02
1.599300000000000000e+04 2.079480522860599478e-01 7.951010292124105483e-02 -8.293697419163059692e-02
1.592800000000000000e+04 2.079480522860599478e-01 7.951010292124105483e-02 -8.293697419163059692e-02
1.600800000000000000e+04 2.026433233216113905e-01 -9.405707244315575366e-02 -9.408517213730149820e-03
1.586900000000000000e+04 7.446880918287934747e-02 -3.058660558268044838e-02 1.044216118174468022e-02
1.577500000000000000e+04 1.011558481760044259e-01 -5.226325662364939006e-02 4.007007112828908646e-02
1.589300000000000000e+04 1.011558481760044259e-01 -5.226325662364939006e-02 4.007007112828908646e-02
1.594800000000000000e+04 2.244717802704370158e-01 -7.711782342108319810e-02 4.555954041635423835e-02
1.600700000000000000e+04 5.034038479421454326e-02 -9.437714483233916596e-02 -2.914792184303927058e-02
1.594500000000000000e+04 2.478588740360079257e-01 -1.239550062399890074e-01 5.286751272840461979e-02
1.586800000000000000e+04 6.728232087282037810e-02 -1.303425651886254144e-01 1.578659479606336902e-02
1.596400000000000000e+04 1.572109634773566356e-01 -1.948714471645232038e-01 -1.551088170909409314e-02
1.598700000000000000e+04 8.887692622027909550e-02 -3.246586507060578164e-01 5.105319806754593515e-02
1.600000000000000000e+04 1.944887902056189333e-01 -2.628467942194729901e-01 6.945768758232162554e-02
1.599000000000000000e+04 5.066248683024809907e-02 -3.374176064576679401e-01 1.168686392379250094e-01
1.598900000000000000e+04 2.915628659457896177e-01 -1.379914419361600864e-01 1.473126522580869846e-01
1.593500000000000000e+04 9.955827244088766292e-02 3.130719108624202551e-01 1.677105505128473339e-01
1.588900000000000000e+04 -2.372557672316730759e-01 -4.255480990808013786e-02 -2.215013313772491443e-01
1.600600000000000000e+04 2.662666474629338254e-01 -9.715497794299032819e-02 -3.190602217895239789e-01
1.597600000000000000e+04 9.619288129527081566e-02 -1.036473919267666410e-01 -2.177495529373469907e-01
1.597900000000000000e+04 9.929070428717423624e-02 -1.506451760719951238e-02 -2.112033749040200803e-01
1.594600000000000000e+04 -4.086296505415187852e-02 -1.508691290128840734e-01 -3.181826240109799642e-01
1.600300000000000000e+04 -1.397507067305419071e-01 -2.815163390148365252e-01 -2.296967054365470773e-01
1.587100000000000000e+04 -1.243353623050644785e-01 2.026954553586779451e-01 -4.134279503036530912e-01
1.598300000000000000e+04 1.222491770716311876e-01 1.423253904660759517e-01 -1.868888456746109483e-01
1.587200000000000000e+04 4.526580737149661360e-01 9.801748947592958672e-02 2.364382323846143663e-01
