# star id 	 star_x_coords [pc] 	 star_y_coords [pc] 	 star_z_coords [pc] 
9.969000000000000000e+03 2.214106531939918909e-01 -9.383588860055880332e-02 -1.719299513773698607e+00
9.944000000000000000e+03 5.824020031101113659e-01 -1.007559787252603201e-01 -1.433170516197748157e+00
9.943000000000000000e+03 5.824020031101113659e-01 -1.007559787252603201e-01 -1.433170516197748157e+00
9.091000000000000000e+03 -1.687151940655084559e+00 4.232885199911606833e-03 -9.976709898868989512e-01
9.922000000000000000e+03 -1.165982592169278576e+00 8.716276249229810702e-01 7.284611784619841046e-01
9.921000000000000000e+03 1.148147407151157040e+00 2.611551870116120000e-01 -8.290472760203186908e-01
9.954000000000000000e+03 -8.738691606381010502e-01 -6.059193118074137629e-01 -2.577147495555678347e-01
9.917000000000000000e+03 -8.738691606381010502e-01 -6.059193118074137629e-01 -2.577147495555678347e-01
9.916000000000000000e+03 1.160337065830752579e+00 -5.361009862914407620e-01 -1.851355335295679083e-01
9.999000000000000000e+03 -6.907870816978487483e-01 -3.579665736570483148e-01 -5.270468715879417232e-02
9.918000000000000000e+03 8.948529145690997666e-02 -6.397622342824043074e-01 6.048218994443743668e-03
9.075000000000000000e+03 8.948529145690997666e-02 -6.397622342824043074e-01 6.048218994443743668e-03
9.019000000000000000e+03 2.120032773154321148e-01 1.266347163074090787e-01 5.843521720734656810e-03
9.018000000000000000e+03 1.119335764671347988e+00 -6.638208086260615204e-01 1.870143951326781462e-01
9.911000000000000000e+03 1.119335764671347988e+00 -6.638208086260615204e-01 1.870143951326781462e-01
9.931000000000000000e+03 -6.524779857663745020e-01 4.976802358959098171e-02 2.777263265733722619e-01
9.926000000000000000e+03 -6.524779857663745020e-01 4.976802358959098171e-02 2.777263265733722619e-01
9.905000000000000000e+03 -1.463955703755743798e-01 4.460904613402227881e-02 4.852116728377353638e-01
9.077000000000000000e+03 2.148402035624314976e-01 -3.771739718075473036e-02 5.742842415159756797e-01
9.929000000000000000e+03 2.148402035624314976e-01 -3.771739718075473036e-02 5.742842415159756797e-01
9.908000000000000000e+03 5.954425960560101316e-01 -1.543547855154265847e-01 8.709620939128654982e-01
9.076000000000000000e+03 6.858314183400651132e-01 -2.690486185140930075e-01 1.066000019041759117e+00
9.082000000000000000e+03 6.858314183400651132e-01 -2.690486185140930075e-01 1.066000019041759117e+00
9.927000000000000000e+03 1.465463657902866146e+00 -4.813024678940429624e-01 6.416616938316224150e-01
9.904000000000000000e+03 -7.208493179948760599e-01 1.056375980191418762e+00 -1.053842822775642674e+00
9.948000000000000000e+03 -2.736416116352202721e-01 9.380098607780489317e-01 3.041402916588751282e-01
9.945000000000000000e+03 -6.600373125965077747e-01 6.057018082383898161e-01 3.711725973930839473e-01
9.933000000000000000e+03 -8.868094383453168916e-01 5.886786705410447240e-01 -6.222642373652575998e-02
9.932000000000000000e+03 3.361657055983755527e-01 7.817810855482729693e-01 9.043485295824140735e-01
9.910000000000000000e+03 -3.695567105238097838e-01 4.633848766383152906e-01 -7.878788726616505755e-01
9.906000000000000000e+03 -8.688538598320292294e-01 4.158816410639314398e-01 5.356286616189507299e-01
