# star id 	 star_x_coords [pc] 	 star_y_coords [pc] 	 star_z_coords [pc] 
1.799600000000000000e+04 7.471328204167164699e-01 -6.699450505696802338e-02 1.655269024164084612e+00
1.802500000000000000e+04 4.654156976402745727e-02 -4.347061660609092826e-01 7.839581699870201703e-01
1.789500000000000000e+04 4.654156976402745727e-02 -4.347061660609092826e-01 7.839581699870201703e-01
1.798900000000000000e+04 8.750843598187785233e-02 1.201803561340675230e-01 9.208372949485230663e-01
1.789600000000000000e+04 -1.026860422762876368e-01 1.271971215947093725e+00 -1.483198271369090548e-02
1.797800000000000000e+04 4.699843338940183912e-01 -1.996712246481067154e-01 -1.402555241245650564e+00
1.802400000000000000e+04 4.744048075529185837e-01 6.284957838506635142e-01 -6.261370574476572415e-01
1.713700000000000000e+04 -4.476537226754526699e-01 6.269620214460580598e-01 -5.558509157440987281e-01
1.792600000000000000e+04 -1.171554337909554988e-01 5.745570099134766906e-01 -4.766237877572798709e-01
1.791900000000000000e+04 -5.023624681963489991e-01 -9.228543161531952421e-01 -4.718170926332767579e-01
1.804400000000000000e+04 -7.430667887177691000e-01 -1.282378446951259576e+00 -4.387191063037683136e-01
