# star id 	 star_x_coords [pc] 	 star_y_coords [pc] 	 star_z_coords [pc] 
1.770300000000000000e+04 -1.087104818198413980e+00 1.270896621714850738e+00 -1.698138376329154653e-01
1.781200000000000000e+04 -7.890367851882604810e-01 9.690440644781297408e-01 8.353865541760683300e-01
1.805200000000000000e+04 -3.495742299939177400e-01 -1.392366971237386508e-01 -3.246396255144645693e-02
1.823000000000000000e+04 -1.472542871924428454e+00 6.894486267602673024e-02 1.256992159449765722e-01
1.783300000000000000e+04 -1.472542871924428454e+00 6.894486267602673024e-02 1.256992159449765722e-01
1.767300000000000000e+04 1.158797418772547161e+00 -6.709909003163687657e-01 -8.548784210901132496e-01
1.783400000000000000e+04 1.549898133063116745e+00 -6.323192264640979943e-01 -2.498717474113902881e-01
1.764000000000000000e+04 5.893804930486137295e-01 -8.582309050560184005e-01 -1.344832918584607739e+00
1.764800000000000000e+04 8.870805120979525782e-01 -3.649863913418016637e-02 7.413517416515489344e-01
1.805300000000000000e+04 8.870805120979525782e-01 -3.649863913418016637e-02 7.413517416515489344e-01
