# star id 	 star_x_coords [pc] 	 star_y_coords [pc] 	 star_z_coords [pc] 
2.086100000000000000e+04 1.148986426012985618e+00 1.410188314066395776e+00 -7.175518194797447791e-01
8.320000000000000000e+03 -3.675518315727543950e-03 8.061447585110066427e-01 -5.223459274711572675e-02
9.944000000000000000e+03 1.152737390022267050e-01 9.973802580690360742e-01 -4.978472324660678794e-01
3.972000000000000000e+03 1.152737390022267050e-01 9.973802580690360742e-01 -4.978472324660678794e-01
2.807200000000000000e+04 -6.879637709876931240e-01 -7.600222056526284575e-01 7.873692785132817562e-01
2.207300000000000000e+04 -1.235012265413818255e+00 -8.850848602752101613e-01 8.427764517121083543e-01
1.385800000000000000e+04 1.019979557715728902e-01 -3.491907635558959555e-01 3.916358003607314231e-01
2.086000000000000000e+04 6.410321236887916996e-01 -8.376832833516836274e-01 -4.164804116189451122e-01
1.155000000000000000e+03 -1.959124332977673077e-01 -1.379112480537958874e+00 1.601797508040974094e-01
