# star id 	 star_x_coords [pc] 	 star_y_coords [pc] 	 star_z_coords [pc] 
1.348200000000000000e+04 -1.793029923475767617e+00 4.923971897533618858e-02 4.436299612340004472e-01
1.331900000000000000e+04 -1.793029923475767617e+00 4.923971897533618858e-02 4.436299612340004472e-01
1.331800000000000000e+04 7.953942781493275049e-01 5.258145258968447422e-01 9.317305003476530345e-01
1.341500000000000000e+04 5.407516716166576032e-01 -9.145614128548729127e-01 1.654631911318343640e+00
1.348500000000000000e+04 1.802566895014514614e-01 -1.535441870285843891e+00 7.925187006768510400e-01
1.340600000000000000e+04 -4.914550979523824026e-01 -9.162731171305154021e-01 -2.498325731251576087e-01
1.348300000000000000e+04 6.798546149141522221e-01 -1.335661141294721688e-01 2.969329762761052649e-01
1.335500000000000000e+04 6.798546149141522221e-01 -1.335661141294721688e-01 2.969329762761052649e-01
1.335400000000000000e+04 1.125057196239787061e+00 6.666138320793066896e-01 -3.056591548682128234e-01
1.342800000000000000e+04 1.679862663566339620e+00 1.585500328280410542e+00 2.094592420241720987e-01
1.342700000000000000e+04 2.724457199672869478e-02 -8.472560268801387906e-02 4.201353303961123942e-01
1.348400000000000000e+04 -4.201915383419674299e-02 3.533436614916496410e-02 5.357019152176203391e-01
1.344600000000000000e+04 -4.524787583548572911e-02 -2.465416205980552888e-01 1.007873152673044004e+00
1.341700000000000000e+04 3.349431734804007021e-01 -8.264115364742963266e-02 1.705911934061710156e-02
1.340300000000000000e+04 3.129203940630524983e-01 2.515837608227826649e-01 2.649354287539846808e-01
1.347300000000000000e+04 -3.354836155228468897e-03 2.581516937087826591e-01 -1.867285985133744219e-01
1.347400000000000000e+04 -6.535746398155595216e-02 4.194425676244506462e-02 -8.541270187301819306e-02
1.344700000000000000e+04 -4.205718362739716554e-01 6.605658260289715145e-02 -4.235162986014451292e-02
1.342100000000000000e+04 -2.024197057442123082e-02 1.480140458892691413e-01 -2.616356051849066944e-02
1.334900000000000000e+04 -2.024197057442123082e-02 1.480140458892691413e-01 -2.616356051849066944e-02
1.335000000000000000e+04 -6.224009736975943952e-02 2.375034627529757358e-01 3.939358695355110740e-02
1.345700000000000000e+04 -2.909436047171070072e-01 8.729273720952690496e-02 1.090768264156043443e-01
1.343100000000000000e+04 -2.909436047171070072e-01 8.729273720952690496e-02 1.090768264156043443e-01
1.345800000000000000e+04 -2.909436047171070072e-01 8.729273720952690496e-02 1.090768264156043443e-01
1.534900000000000000e+04 -3.259723442604816057e-01 1.952483859499629659e-01 1.125001886034890930e-01
1.534800000000000000e+04 -4.211659366242876956e-01 2.343278902011469711e-01 1.982550869669825744e-01
1.342300000000000000e+04 -7.673002531481287747e-02 -1.270754912090659161e-01 2.922703101932988545e-02
1.341600000000000000e+04 -7.673002531481287747e-02 -1.270754912090659161e-01 2.922703101932988545e-02
1.340900000000000000e+04 -2.924146302355445926e-01 -1.280305680833144777e-01 9.409621586486416334e-02
1.342200000000000000e+04 -5.172960550299237070e-01 2.129073371123055836e-01 3.644330014195897860e-01
1.342000000000000000e+04 5.374906737759879150e-01 -2.179680267571662000e-01 -1.378104966221354033e-01
1.338000000000000000e+04 4.992891137879240659e-02 -4.505957385306054164e-01 -1.592702028843717699e-01
1.347700000000000000e+04 1.809791894070862384e-01 -6.007926477801426302e-01 3.124621560122395891e-01
1.341300000000000000e+04 -1.178467605408783925e-02 -3.087268698348140106e-01 -1.716256988733739774e-01
1.334100000000000000e+04 2.026925279579927519e-01 5.285834349672704491e-01 8.418822920174129365e-02
1.343400000000000000e+04 6.625535215090749830e-02 5.393643042553932787e-01 1.399609444464431363e-01
1.344500000000000000e+04 -2.364560731957610074e-01 -1.482397451056982618e-01 -2.579966972355229871e-02
1.340200000000000000e+04 5.691481667275155587e-02 1.141826458202785943e-01 -3.119810461048171391e-01
1.342600000000000000e+04 5.691481667275155587e-02 1.141826458202785943e-01 -3.119810461048171391e-01
1.336000000000000000e+04 1.549037616607193968e-01 -2.240827707654702294e-02 -2.707664737686634737e-01
1.339000000000000000e+04 1.549037616607193968e-01 -2.240827707654702294e-02 -2.707664737686634737e-01
1.338300000000000000e+04 5.218976599859281862e-01 -1.351606313059185993e-01 -4.545454761295957269e-01
1.338400000000000000e+04 5.218976599859281862e-01 -1.351606313059185993e-01 -4.545454761295957269e-01
1.856000000000000000e+04 -2.055255180777848523e-02 1.251058386589569693e-01 -6.434047206626800630e-01
1.339300000000000000e+04 -8.742035983677709510e-02 -5.241837182749620183e-02 -5.253718683434396297e-01
1.335900000000000000e+04 -8.742035983677709510e-02 -5.241837182749620183e-02 -5.253718683434396297e-01
1.346500000000000000e+04 -3.216383599260197457e-01 8.046925443301589098e-02 -4.042148288087652475e-01
1.347000000000000000e+04 -3.216383599260197457e-01 8.046925443301589098e-02 -4.042148288087652475e-01
1.337800000000000000e+04 -1.166724489550006183e-01 4.441061237944055051e-02 -3.105231221351676396e-01
1.347900000000000000e+04 -3.356902752423884806e-01 -8.395490212217637804e-02 -2.789668617650118421e-01
1.341400000000000000e+04 -3.356902752423884806e-01 -8.395490212217637804e-02 -2.789668617650118421e-01
1.344000000000000000e+04 -2.045711803902854342e-01 3.428455333556676976e-01 -2.520745923643659125e-01
1.340400000000000000e+04 -2.045711803902854342e-01 3.428455333556676976e-01 -2.520745923643659125e-01
1.345100000000000000e+04 -1.108602516228387458e-01 -7.139408972776095652e-04 -2.413159029247875509e-01
1.339500000000000000e+04 4.140467242497436473e-02 -2.074008262326785257e-01 -5.925322262738639267e-01
1.339400000000000000e+04 4.162863415550717150e-01 -1.640052543663230722e-01 -4.228545027181951355e-01
1.344100000000000000e+04 4.162863415550717150e-01 -1.640052543663230722e-01 -4.228545027181951355e-01
