# star id 	 star_x_coords [pc] 	 star_y_coords [pc] 	 star_z_coords [pc] 
8.212000000000000000e+03 4.097591230913408822e-01 -1.884567798371961089e-02 -1.079539898608778969e-01
8.308000000000000000e+03 1.139343427985934909e-01 1.301067858031927926e-01 -8.869844832483053665e-02
8.218000000000000000e+03 1.264597305029511176e-01 -9.895187728444909681e-02 -4.709528648433192188e-02
8.250000000000000000e+03 -8.074439768270025297e-02 -5.092973141108814161e-02 -3.748502799517439144e-03
8.240000000000000000e+03 -8.074439768270025297e-02 -5.092973141108814161e-02 -3.748502799517439144e-03
8.241000000000000000e+03 -8.074439768270025297e-02 -5.092973141108814161e-02 -3.748502799517439144e-03
8.242000000000000000e+03 -9.676253900146747355e-02 3.218910128547491922e-01 1.067244897294088446e-01
8.239000000000000000e+03 -3.916501943376147210e-01 6.068880102856155645e-02 -2.669637507320032910e-01
8.266000000000000000e+03 -3.179965331895573399e-01 -1.153094453912046902e-01 1.536071180382165835e-01
8.253000000000000000e+03 3.984892656652974097e-01 -1.267903987451433068e-01 2.616253776096506556e-01
