# star id 	 star_x_coords [pc] 	 star_y_coords [pc] 	 star_z_coords [pc] 
2.242200000000000000e+04 -1.416091142029273442e+00 4.274176198256576242e-01 -1.062697245675590096e+00
2.223300000000000000e+04 8.955324960558357361e-01 -1.320122966446835022e+00 -9.415150545165946738e-01
8.620000000000000000e+02 -4.855660528838612322e-01 7.643056827331022873e-01 -1.557619631906845825e-01
2.242900000000000000e+04 -5.823329288371752455e-01 1.829425177970257721e+00 -2.568868353119579950e-01
2.242800000000000000e+04 7.536380470578762925e-02 9.192714062072191439e-01 -7.688763945493093388e-02
2.233700000000000000e+04 1.222615700266693750e+00 -8.451927169093984560e-01 8.133307061793715320e-03
1.732600000000000000e+04 1.211174020482545188e+00 -2.192582419263899851e-02 -1.406476227469717344e-01
2.243700000000000000e+04 5.420419320170069000e-01 -7.466165310959098633e-01 6.170801110551717983e-01
2.241200000000000000e+04 -7.081005145197849515e-01 -1.375387280657328404e+00 5.382466419436564564e-01
2.315800000000000000e+04 -3.773186572137277039e-01 1.844127152243792978e-01 7.354681516850742895e-01
9.151000000000000000e+03 -3.773186572137277039e-01 1.844127152243792978e-01 7.354681516850742895e-01
