# star id 	 star_x_coords [pc] 	 star_y_coords [pc] 	 star_z_coords [pc] 
8.643000000000000000e+03 -3.734225377093380871e-01 2.872279814500107165e-01 -2.164015407047799044e-01
8.710000000000000000e+03 4.902406576049500586e-01 -3.232210327082007950e-02 1.300607646716684940e-01
8.709000000000000000e+03 7.559145602852694878e-01 1.738471474659855076e-01 -4.153769179666255695e-02
8.770000000000000000e+03 7.545575552504146799e-02 -2.914086632877781469e-01 -2.041758237382396146e-03
8.769000000000000000e+03 1.290157358859289616e-03 2.304810138978128364e-01 -3.850260535001837070e-02
8.648000000000000000e+03 2.179724646317282577e-02 1.076200826202002858e-01 -3.121906240241401065e-02
8.758000000000000000e+03 3.643699735198424605e-02 1.307423653797119556e-01 2.063884503922963631e-02
8.610000000000000000e+03 4.787719802160239624e-02 1.001602142215460844e-01 6.566784305336170746e-02
8.727000000000000000e+03 -4.079839074300650736e-03 8.901100630273006686e-02 3.521423320337646601e-02
8.808000000000000000e+03 4.478601732736819940e-02 7.919322643311232923e-02 7.333904380385547483e-02
8.664000000000000000e+03 5.177913439491277359e-02 1.620063388741810328e-01 8.264208324449384691e-02
8.809000000000000000e+03 -2.265094092876296372e-02 3.912259955829977542e-02 -5.243530754225389501e-02
8.697000000000000000e+03 -1.345881519753788780e-02 9.228741562442888124e-02 6.811823281356055304e-02
8.708000000000000000e+03 8.923772323581147248e-02 5.838903902502323717e-02 9.250817617309792240e-02
8.661000000000000000e+03 8.923772323581147248e-02 5.838903902502323717e-02 9.250817617309792240e-02
8.736000000000000000e+03 6.903039440152269890e-02 1.835992658280263257e-01 1.021605527094493482e-01
8.625000000000000000e+03 -2.702060002680184425e-02 1.017321857033071097e-02 1.203862689123411656e-01
8.707000000000000000e+03 -2.702060002680184425e-02 1.017321857033071097e-02 1.203862689123411656e-01
8.737000000000000000e+03 3.321592908861248361e-03 1.726888598623208537e-01 1.525527809483691044e-01
8.635000000000000000e+03 -4.112592280857541027e-02 4.924869660436037577e-03 2.638742444599984083e-02
8.631000000000000000e+03 1.062392481524412347e-01 -4.298647487110507370e-03 -3.238917299535160055e-02
8.657000000000000000e+03 -5.621068412747121101e-02 1.281945546581484408e-01 8.360087960585360634e-02
8.753000000000000000e+03 -5.744752850744561101e-02 2.422670152712305125e-01 1.047360281925477921e-01
8.608000000000000000e+03 -6.540426339854121807e-02 1.106740469645277614e-01 2.934741068108337458e-02
8.786000000000000000e+03 -6.613266561407726840e-02 3.909041280885539038e-02 1.668685932443594311e-01
8.870000000000000000e+03 -2.076316188781888172e-01 -3.710227105942953685e-01 9.999197109877400180e-03
8.796000000000000000e+03 -1.054145015207339497e-01 1.336296601753899083e-01 4.743641724998326481e-02
8.611000000000000000e+03 -1.017698882247231040e-01 2.903567974384557715e-02 5.993658148661040741e-02
8.660000000000000000e+03 -1.869191264247689332e-01 1.076234943740130845e-01 1.607599213795936066e-01
8.759000000000000000e+03 7.879986243649739208e-02 -1.186187652354711020e-01 -3.736463596098360540e-02
8.653000000000000000e+03 7.687687210228943968e-03 -5.805336198275323767e-02 -1.068951150399755079e-02
8.612000000000000000e+03 -4.629541277434157109e-02 -4.255788456702624956e-02 -2.814543682583803275e-02
8.690000000000000000e+03 -4.629541277434157109e-02 -4.255788456702624956e-02 -2.814543682583803275e-02
8.757000000000000000e+03 -1.061850994621238442e-02 -3.061407201041888015e-02 1.442716571511510892e-01
8.811000000000000000e+03 -6.015612262692826562e-02 -4.042269550952504176e-02 1.671540479767941179e-02
8.756000000000000000e+03 -6.015612262692826562e-02 -4.042269550952504176e-02 1.671540479767941179e-02
8.614000000000000000e+03 -1.464768772103752781e-01 -2.193337380521862556e-01 2.578442726196783497e-02
8.755000000000000000e+03 -2.303383704452670599e-01 -2.302340973052521278e-01 -3.128294445008350522e-02
8.700000000000000000e+03 -1.158530538288928824e-01 -1.730793060437916253e-01 1.463186612000981768e-01
8.688000000000000000e+03 1.278820810353380466e-01 -3.226507470011243939e-01 -1.391023376296516290e-01
8.633000000000000000e+03 2.911812892958209886e-02 7.522737715870420061e-02 -1.824039352793391799e-01
8.606000000000000000e+03 -2.802595202540913988e-02 3.340523673168949159e-02 -1.511126425329081258e-01
8.607000000000000000e+03 -2.802595202540913988e-02 3.340523673168949159e-02 -1.511126425329081258e-01
8.750000000000000000e+03 -6.581013351990350202e-03 1.221155868203682715e-01 -1.303284092198850885e-01
8.761000000000000000e+03 2.244238063106962500e-02 -9.585496592841025176e-03 -1.443057338119757560e-01
8.795000000000000000e+03 2.244238063106962500e-02 -9.585496592841025176e-03 -1.443057338119757560e-01
8.651000000000000000e+03 -1.340227994428175862e-01 -5.171164820570632870e-01 -7.656999843314338250e-02
8.701000000000000000e+03 -1.827659323687100823e-01 4.969309317475811838e-02 -1.591237935872698017e-01
8.792000000000000000e+03 -1.119077771875609528e-01 1.061218527933238676e-01 -1.355968557178215406e-01
8.726000000000000000e+03 -8.978893767613982391e-02 -2.882722639779622398e-03 -8.546538998015762445e-02
8.656000000000000000e+03 -8.978893767613982391e-02 -2.882722639779622398e-03 -8.546538998015762445e-02
8.601000000000000000e+03 -8.224420811492194616e-02 -4.643996434223751635e-04 -8.146067565573389402e-02
8.711000000000000000e+03 -8.224420811492194616e-02 -4.643996434223751635e-04 -8.146067565573389402e-02
8.749000000000000000e+03 -2.111880831348855736e-02 -1.318307555545281673e-01 -2.935135738344030187e-01
8.720000000000000000e+03 1.028057735172183129e-01 -9.538326332893820592e-02 -1.873483596842788756e-01
8.623000000000000000e+03 7.218706641967997939e-02 -1.056813524127599990e-01 -1.555385601853629396e-01
8.742000000000000000e+03 -1.942465277558369507e-02 -9.027411705997501201e-02 -1.412943041180767523e-01
8.743000000000000000e+03 -4.192047871752180299e-02 -6.464116744771430945e-02 -1.532881492007902580e-01
8.691000000000000000e+03 1.022412131080656650e-01 -4.350107006718761937e-02 -9.448502073939835100e-02
8.723000000000000000e+03 1.022412131080656650e-01 -4.350107006718761937e-02 -9.448502073939835100e-02
8.696000000000000000e+03 -1.259349471997239789e-02 -8.297324745708500870e-02 -8.862562042840238519e-02
8.722000000000000000e+03 -3.758585859805663176e-02 -1.836567818427123910e-01 -8.137347159068042401e-02
8.617000000000000000e+03 -6.305527469346827729e-02 -2.012567466943853134e-01 -1.805088403464054636e-01
8.751000000000000000e+03 -1.518631326454311647e-02 -1.380045235253444247e-01 -7.350998412100295809e-02
8.766000000000000000e+03 -4.608911149218641867e-02 -9.408335451745841738e-02 -6.487886404188714096e-02
8.615000000000000000e+03 -5.318725930170131733e-02 -1.860204043833801890e-01 -6.133763523642699056e-02
8.746000000000000000e+03 -8.505169995203232247e-04 -8.122159971690567914e-02 -6.007453923145078534e-02
8.694000000000000000e+03 -1.772833037384913268e-01 -6.358521678686468448e-02 -2.359842306257746714e-01
8.791000000000000000e+03 -1.334857272449383458e-01 -9.747438534848917868e-02 -1.669318584838350716e-01
8.695000000000000000e+03 -1.334857272449383458e-01 -9.747438534848917868e-02 -1.669318584838350716e-01
8.665000000000000000e+03 -2.071949457332493694e-01 -2.068106859501348538e-01 -1.741475138236694420e-01
8.760000000000000000e+03 -1.631755917740562722e-01 -8.054948078750445717e-02 -1.530626837695763243e-01
8.730000000000000000e+03 -1.631755917740562722e-01 -8.054948078750445717e-02 -1.530626837695763243e-01
8.748000000000000000e+03 -1.631755917740562722e-01 -8.054948078750445717e-02 -1.530626837695763243e-01
8.662000000000000000e+03 -2.785902720391675302e-01 -1.249940387374621764e-01 -9.381861557325521517e-02
8.659000000000000000e+03 -2.338558788321449811e-01 -1.561225729760833403e-01 -6.788413088355582659e-02
8.776000000000000000e+03 -2.155260577353530493e-01 -6.997547330703746127e-02 -5.848291310306308333e-02
8.619000000000000000e+03 3.703949020206493969e-01 -5.900512375978017587e-02 -1.752875670442506362e-01
8.624000000000000000e+03 2.064885409380465831e-01 -1.740469869715512985e-01 -1.051243160579957703e-01
8.686000000000000000e+03 1.999337949341182252e-01 9.188116837903237411e-02 -2.912694474726151839e-02
8.780000000000000000e+03 2.055861368293392388e-01 1.271351251494952095e-01 1.107677603930454779e-01
8.679000000000000000e+03 3.983741100534032853e-01 5.296760892778973329e-02 -4.016820088689598833e-02
8.645000000000000000e+03 2.487215801338535925e-01 -2.476209929781436614e-02 1.600108252502252526e-02
8.724000000000000000e+03 4.056525107609942893e-01 -3.659827301728757476e-02 1.641475164596926106e-01
8.649000000000000000e+03 2.201661361135620609e-01 -1.688629953992188959e-01 1.704948568242059537e-01
8.650000000000000000e+03 -2.128769916554560382e-01 2.610424090163432354e-01 -1.679447690855226938e-01
8.647000000000000000e+03 -2.234979923533089163e-01 2.731720836754050197e-01 -2.302538545037720041e-01
8.744000000000000000e+03 -8.708073657071935259e-02 4.431118741425859042e-01 -1.010132964507022280e-01
8.714000000000000000e+03 -9.216399362017568819e-02 3.296577801343270053e-01 6.150363750248288852e-02
8.677000000000000000e+03 -3.284098491664408925e-01 3.379213397279112741e-02 -3.415816956881911892e-01
8.658000000000000000e+03 -3.487447542818600255e-01 -2.423079162187011804e-01 -4.973807546434869664e-01
8.655000000000000000e+03 -4.071747542170740530e-01 -8.396578793200948354e-02 -3.612277512290376080e-01
8.706000000000000000e+03 7.769630418301431973e-02 -8.206087058604438766e-02 -3.560676936006643700e-01
8.626000000000000000e+03 1.770559850389759049e-01 -1.587531904387251558e-02 3.021820471292357979e-01
8.627000000000000000e+03 2.341508040692588111e-01 1.998109945910142571e-01 6.634584216578787164e-01
8.767000000000000000e+03 9.499079622574413406e-02 -1.344845552146178846e-02 6.129568329108963098e-01
8.621000000000000000e+03 1.126564771906828355e-01 -5.729753816017968404e-02 5.442553003782251153e-01
8.618000000000000000e+03 5.021610568081769088e-01 4.960206593028804178e-01 3.473393675390497037e-01
8.646000000000000000e+03 4.731868672057046865e-01 2.827057743738681239e-01 7.410627417478963253e-01
8.762000000000000000e+03 4.665699686608419938e-01 3.183491909350379956e-01 6.268898424131776892e-01
8.644000000000000000e+03 -1.474158002568515258e-02 1.968156885131042699e-01 3.368108892067738225e-01
8.613000000000000000e+03 -4.742166907405476195e-04 2.450555327785259863e-01 4.619552845634160576e-01
8.729000000000000000e+03 -3.094514595055102291e-01 -1.564872388444031870e-01 2.525946017351827777e-01
8.652000000000000000e+03 1.799600996119963270e-01 -2.257477482930534407e-01 3.012245042501007219e-01
