# x(pc), y(pc), z(pc),radii at birth (pc), particle tag
-2.144540158641765402e+02 6.480139088176660778e+01 1.332707801329622157e+02 1.254851381005308353e+00 5.189100000000000000e+04
-1.802570522365340651e+02 4.670605488585518827e+01 1.083586598280074327e+02 1.116207240523348521e+00 5.141100000000000000e+04
-1.955018714759924023e+02 9.341834871137206164e+01 1.399934857975098623e+02 1.254851381005308353e+00 5.200000000000000000e+04
-1.788047841071567916e+02 8.987244942562158201e+01 1.413168318247515174e+02 1.116207240523348521e+00 5.210700000000000000e+04
-1.867017724842880853e+02 1.228298579192017002e+02 2.048784211813575098e+02 1.585941662833181276e+00 4.937000000000000000e+04
-1.639870961367233519e+02 8.138891592072918968e+01 2.177208778523109061e+02 1.116207240523348521e+00 4.993400000000000000e+04
-1.663223550723791107e+02 8.239267792069600205e+01 2.177408580699024014e+02 2.004389520530348356e+00 4.952200000000000000e+04
-3.688791564005600065e+01 2.750584086002132622e+01 -6.567309306826011550e+01 1.585941662833181276e+00 1.720000000000000000e+02
-8.077870679670445497e+01 5.719097939883662463e+01 -4.822482201394317514e+01 1.782931532380114481e+00 3.930000000000000000e+02
-2.937388553869182317e+01 6.735069254936453476e+00 -4.322909966785019265e+01 2.004389520530348356e+00 1.158800000000000000e+04
-3.895906564107772851e+01 2.561722288104581580e+00 -3.947705807876804585e+01 1.585941662833181276e+00 2.352500000000000000e+04
-8.526929447687516017e+01 1.187259884652594906e+02 2.253164907939678017e+02 1.410716515037685470e+00 5.117200000000000000e+04
-2.418948607158742448e+01 3.080193968221389866e+01 -2.095213679684615471e+01 2.004389520530348356e+00 4.361600000000000000e+04
-3.020841642785958925e+01 2.850710894541495222e+01 -2.728029748027024226e+01 1.410716515037685470e+00 2.995000000000000000e+03
-2.307894170437563730e+01 2.332031424404341635e+01 -1.781867975436734852e+01 2.004389520530348356e+00 1.524400000000000000e+04
-3.880573452236257026e+01 2.372062253306056689e+01 1.714222692011153626e+00 1.410716515037685470e+00 1.035000000000000000e+03
-3.789886532440780798e+01 3.283690235651317124e+01 5.870605336477940916e+00 2.004389520530348356e+00 4.103300000000000000e+04
-3.556116171347709809e+01 3.127398407974721195e+01 5.972854507240555222e+00 1.782931532380114481e+00 4.156700000000000000e+04
-2.990575399006412738e+01 1.285146188256021027e+01 -4.898474073269109552e-01 1.585941662833181276e+00 3.587000000000000000e+03
-1.744093744327517470e+01 2.075395348040603949e+01 -1.840594874481350729e+00 1.782931532380114481e+00 5.853000000000000000e+03
-5.170613948836483331e+01 3.923959778086602235e+00 -1.422913067081540417e+00 1.782931532380114481e+00 2.243100000000000000e+04
-2.760206816557906961e+01 1.568986632592439179e+01 -1.011434235064321818e+01 1.782931532380114481e+00 3.783500000000000000e+04
-6.192517772259651565e+01 3.364039193501104563e+01 5.991637341227039393e+00 2.847898431177402934e+00 1.898100000000000000e+04
-5.972938914803685151e+01 -1.867936612703858046e+01 9.826408244696496652e+00 1.585941662833181276e+00 3.996900000000000000e+04
-2.045066036634429807e+01 -1.797607271347175129e+01 3.836856159652126763e+01 1.254851381005308353e+00 2.757000000000000000e+04
-4.926220284465069454e+01 9.479757829628795207e+00 1.587307923770718432e+01 1.116207240523348521e+00 4.764900000000000000e+04
-4.992283938323162573e+01 5.662922651171702881e+01 9.031051598628675237e+00 2.533244093502620586e+00 2.682900000000000000e+04
-8.178705349444018680e+01 1.006506163109622918e+02 -1.269897275050370844e+01 1.254851381005308353e+00 7.539000000000000000e+03
-6.813362563792051674e+01 9.213292193934542240e+01 2.382285925493265122e+00 1.782931532380114481e+00 7.358000000000000000e+03
-6.683353441433411035e+01 5.402512556324708726e+01 2.104248548708437028e+01 1.254851381005308353e+00 1.729300000000000000e+04
-6.131064229759878259e+01 5.137437563495088000e+01 1.436210140903313537e+01 1.410716515037685470e+00 2.461800000000000000e+04
-5.753340340406306552e+01 5.510974032560944380e+01 1.883511088275332312e+01 2.253354813153502167e+00 2.608200000000000000e+04
-5.711235323410913622e+01 5.394846741984180483e+01 1.586521556399211619e+01 2.533244093502620586e+00 2.378900000000000000e+04
-1.243008388828054365e+02 5.488135858376008969e+01 3.999361054639557267e+01 2.004389520530348356e+00 3.212800000000000000e+04
-1.037140331134257707e+02 5.744486588946753614e+01 5.117031432479767439e+00 1.782931532380114481e+00 4.772800000000000000e+04
-1.111812651306707380e+02 5.390646453761375057e+01 6.021507505310986552e+00 1.410716515037685470e+00 4.845800000000000000e+04
-1.129408076343610361e+02 1.067238707430535669e+02 2.687605916040658460e+00 1.410716515037685470e+00 7.628000000000000000e+03
-1.581506466648563105e+02 4.504445962244966495e+01 2.065573911640279547e+01 1.585941662833181276e+00 3.058100000000000000e+04
-1.153178107608393077e+02 4.040954024781013487e+01 -1.869309124859886140e+01 1.410716515037685470e+00 1.099000000000000000e+04
-1.009883265705937987e+02 -3.731034269525815716e+01 -2.236502181029200642e+01 1.410716515037685470e+00 1.718500000000000000e+04
-9.554969090241783647e+01 1.691393458276832007e+01 4.159161058022031199e+01 2.253354813153502167e+00 2.916800000000000000e+04
-9.754319581435667885e+01 1.196635815986262408e+01 3.836922688870910747e+01 2.253354813153502167e+00 2.981500000000000000e+04
-1.020782927254460475e+02 -3.220568667136014085e+01 4.748165442530277147e+01 1.585941662833181276e+00 3.719100000000000000e+04
-5.423802006167570511e+01 1.261934643749607687e+01 6.042419654194406320e+01 1.782931532380114481e+00 5.302600000000000000e+04
-4.233490053612212023e+01 -2.875863493560096273e+01 6.772627957224048600e+01 2.253354813153502167e+00 3.088500000000000000e+04
-5.231486151302443943e+01 1.472221407460570397e+01 7.470879013748269415e+01 1.116207240523348521e+00 5.329500000000000000e+04
-7.990564754761700783e+01 2.710444583533371699e+01 9.326617931258691385e+01 1.254851381005308353e+00 5.130000000000000000e+04
-4.726909953251693253e+01 3.118400509931289477e+01 1.193061896581223493e+02 1.410716515037685470e+00 5.148000000000000000e+04
-4.660035132482121867e+01 3.089548757623501984e+01 1.150711133350256006e+02 1.585941662833181276e+00 5.279600000000000000e+04
-5.358622886593517620e+01 2.782525387535367756e+01 1.499526257895106767e+02 1.782931532380114481e+00 5.161700000000000000e+04
-1.342071774492403620e+02 9.438342429945952006e+01 1.457928474414658524e+02 1.585941662833181276e+00 5.220200000000000000e+04
-1.469911487790585056e+02 4.353900593916058881e+01 1.865896055896345729e+02 1.116207240523348521e+00 5.001500000000000000e+04
-1.182069446510206632e+02 4.843001272333262364e+01 8.936334762764187190e+01 1.254851381005308353e+00 5.106100000000000000e+04
-1.216328976744858892e+02 4.516289200288257888e+01 8.686251870588421298e+01 1.585941662833181276e+00 5.086000000000000000e+04
-1.217292383913994769e+02 4.603933638994322308e+01 8.722288642100998857e+01 2.253354813153502167e+00 5.010100000000000000e+04
-1.217982950460484233e+02 4.651255303551045017e+01 8.748567998500067233e+01 1.782931532380114481e+00 5.058500000000000000e+04
1.109147459145186758e+02 1.096302110249994115e+02 8.594295929801774037e+01 1.585941662833181276e+00 1.311700000000000000e+04
1.785758988632408162e+01 9.345543937003564849e+01 1.472761278913002059e+02 1.254851381005308353e+00 8.814000000000000000e+03
6.568785834250898681e+00 -1.860867621170281083e+01 6.144250323877450626e+01 1.782931532380114481e+00 6.120000000000000000e+02
-5.249349062904948404e+00 -3.089100717368513660e+00 1.456774960360101261e+02 1.254851381005308353e+00 5.337700000000000000e+04
8.384898988489908334e+01 -2.973263537703780202e+01 -5.022152224519289554e+00 1.782931532380114481e+00 4.415400000000000000e+04
7.153661250869127741e+01 -1.320337024886309152e+01 -1.731208037515053277e+01 2.004389520530348356e+00 2.086500000000000000e+04
8.556030901630825269e+01 -9.495761564645185615e+00 -3.111841686142207308e+01 2.533244093502620586e+00 1.027400000000000000e+04
1.123090512942246448e+02 -2.840746536957222190e+01 -1.171978481072803113e+01 1.254851381005308353e+00 2.013700000000000000e+04
1.012680976373924722e+02 -3.302224547690840950e+01 -1.714778785079044354e+01 2.533244093502620586e+00 1.210600000000000000e+04
3.140300235047839905e+01 4.750988356629007114e+01 8.791200283326222831e+00 1.254851381005308353e+00 1.112800000000000000e+04
-3.495030216411318946e+00 3.458317355537769977e+00 1.825945421591720930e+01 2.253354813153502167e+00 1.740700000000000000e+04
-5.322474734826959875e+00 1.133904964333725829e+01 1.928272693936071747e+01 2.253354813153502167e+00 2.839600000000000000e+04
-5.941165886934319573e+00 9.554907126818875440e+00 1.666323705106211506e+01 1.585941662833181276e+00 1.329700000000000000e+04
-8.708092165726034395e+00 1.978635653188932508e+01 1.006009923366472769e+01 1.585941662833181276e+00 2.477000000000000000e+04
-1.012186415047703036e+01 -2.907849430725419071e-02 3.103762255389587565e+01 2.004389520530348356e+00 5.241100000000000000e+04
2.268495209820543224e+01 -1.705126911550931723e+01 3.833437662351276742e+01 2.004389520530348356e+00 1.273500000000000000e+04
3.597100634072140224e+01 -3.508277924624890520e+00 8.093293812285086375e+00 1.410716515037685470e+00 1.481400000000000000e+04
5.722526450957393429e+00 -2.214748455980330988e+01 4.293341818938917243e+01 1.782931532380114481e+00 1.494800000000000000e+04
3.652111640716228180e+01 1.831645845329166988e+01 2.570314371891053540e+01 2.004389520530348356e+00 1.839000000000000000e+04
3.380739418643779004e+01 1.168315021260501751e+01 6.315244917309574824e-01 2.004389520530348356e+00 1.601400000000000000e+04
2.613624685359580013e+01 2.128053610541499552e+01 6.404088851491585466e+00 1.585941662833181276e+00 3.850600000000000000e+04
4.008395054010971847e+01 -1.795295923976751595e+01 -4.029177506245350315e+00 2.004389520530348356e+00 6.210000000000000000e+03
3.095469096286458566e+01 -1.284558014983325869e+01 -1.895756847311495719e+01 1.585941662833181276e+00 6.000000000000000000e+00
1.296218843100518825e+01 -4.705291361010393025e-01 -7.747160193934298000e+00 2.253354813153502167e+00 6.843000000000000000e+03
2.102961886935672453e+01 -8.588505213837148489e+00 -1.238319820617759248e+01 1.782931532380114481e+00 4.802900000000000000e+04
7.737028216111569101e+00 -2.118051017541840775e+00 5.919944870732815723e+00 2.253354813153502167e+00 2.122800000000000000e+04
-1.121164682176840444e+01 -2.458212077118345462e+01 3.755475657254927935e+00 1.585941662833181276e+00 4.083000000000000000e+04
-7.496189275853176959e+00 -1.715560412815105096e+01 -9.500350419336129448e+00 1.254851381005308353e+00 6.775000000000000000e+03
-1.065003833342649386e+01 -1.108908658821764170e+01 4.463474046595337974e+00 1.782931532380114481e+00 2.058100000000000000e+04
2.361675544290345385e+01 -1.975585872201252968e+01 -1.055557319632127999e+01 1.782931532380114481e+00 2.322900000000000000e+04
-6.290913380506465202e+00 -3.349787857715924133e+00 -1.569639314578898492e+01 2.004389520530348356e+00 1.444000000000000000e+04
3.824251133004739511e+00 -4.851542665080694761e-01 -1.860305981855885094e+01 1.410716515037685470e+00 4.830100000000000000e+04
-1.720369032768729323e+00 9.255486077666958966e-01 -6.545363665619249538e+00 2.253354813153502167e+00 4.711700000000000000e+04
1.140082387685957421e+01 1.283999795811186573e+01 -2.933887604281319739e+01 1.254851381005308353e+00 4.911200000000000000e+04
1.178494974912396032e+01 1.358210335317216888e+01 -2.167655380230573314e+01 2.253354813153502167e+00 1.348800000000000000e+04
1.082074014914701543e+01 9.616486818265428838e+00 -1.768838411166932900e+01 1.116207240523348521e+00 4.920900000000000000e+04
1.259959413156395236e+01 8.853659045880567291e+00 -2.115155252674363240e+01 2.533244093502620586e+00 7.742000000000000000e+03
1.375350547388700129e+01 2.071319846741917381e+00 -9.312882450121433564e+00 1.782931532380114481e+00 1.410800000000000000e+04
1.393473151614946559e+01 7.652680982329760795e+00 -1.072319846075468952e+01 1.116207240523348521e+00 4.929200000000000000e+04
1.601409589566994285e+01 1.985040551314617829e+01 -9.899156597533613322e+00 2.004389520530348356e+00 4.016100000000000000e+04
2.041670561613244317e+01 1.436573782544259359e+01 1.111527950305390533e+00 2.533244093502620586e+00 3.495500000000000000e+04
-9.435342024055348276e+00 6.824022712309006700e+00 -1.042655845607601428e+01 1.585941662833181276e+00 2.220200000000000000e+04
-8.668300362880653864e+00 3.282942969966835989e+00 -9.909347055510416169e+00 2.533244093502620586e+00 3.266000000000000000e+04
-7.336449153852962368e+00 8.286197655361467795e+00 -6.019471135122264727e+00 2.253354813153502167e+00 3.358200000000000000e+04
-7.031634655478717910e+00 9.862392104120232261e+00 -6.212007575554654437e+00 2.004389520530348356e+00 3.441500000000000000e+04
-6.177453967200912999e+00 9.068119549054530992e+00 -5.263182152219191501e+00 2.253354813153502167e+00 2.771700000000000000e+04
-3.562954665219817962e-01 1.368714762813424812e+01 3.113582805943919118e-01 2.004389520530348356e+00 3.597700000000000000e+04
-7.680874664760812820e+00 2.639733472241971057e+01 -1.802824542872955904e+00 1.782931532380114481e+00 3.740300000000000000e+04
-1.127912210566313966e+01 2.468130845438753695e+01 -1.241850747829492541e+01 1.254851381005308353e+00 4.900000000000000000e+04
-1.125176415575723965e+01 2.149882529002865894e+01 -7.130727007608155255e-01 1.585941662833181276e+00 2.298000000000000000e+04
1.830376420862007336e+01 2.233518953976831156e+01 -2.306593590447790376e+01 2.847898431177402934e+00 3.872900000000000000e+04
-1.211550909432310519e+01 2.193513724777121965e+01 -1.530089416583358286e+01 2.004389520530348356e+00 4.861300000000000000e+04
-8.836193358718167801e+00 -1.631309027706100423e+01 -5.831761621578097987e+01 1.585941662833181276e+00 2.191500000000000000e+04
3.392904873457954995e+00 -3.247106446922572331e+01 -4.835056904585331239e+01 1.585941662833181276e+00 2.275500000000000000e+04
-1.012229295465489187e+01 -2.587188473309148051e+01 -3.473405711152987152e+01 1.782931532380114481e+00 9.837000000000000000e+03
7.995659046567598516e+00 2.020329551078936348e+01 -5.864838379004552849e+01 1.410716515037685470e+00 1.774000000000000000e+03
3.378577831747474836e+00 1.070601572071740648e+01 -3.837879940426046232e+01 2.004389520530348356e+00 2.020200000000000000e+04
5.037893589345049605e+00 1.646933714418262440e+01 -3.700103961657291762e+01 2.533244093502620586e+00 8.894000000000000000e+03
-1.300317258096612250e+01 1.442307401230266173e+01 -4.080293914973533020e+01 1.585941662833181276e+00 2.578000000000000000e+03
2.392024155468419977e+01 -3.531365423646161616e+01 -6.121286011740327382e+01 1.782931532380114481e+00 3.152300000000000000e+04
2.138410612394642030e+01 -2.067451634740840305e+01 -4.240831464877238943e+01 1.782931532380114481e+00 3.182600000000000000e+04
2.180681100767991509e+01 -3.036655866960226646e+01 -1.078104850209907966e+02 2.004389520530348356e+00 4.444100000000000000e+04
3.173783705901443497e+01 -1.570027125971355808e+01 -8.450101572201255351e+01 2.004389520530348356e+00 1.124200000000000000e+04
8.824837371057100199e+00 -1.381391304940521181e+01 -3.687778110421482580e+01 1.410716515037685470e+00 1.344000000000000000e+03
3.416200361311356204e+01 -1.880615102095508107e+01 -4.402020697623126466e+01 1.782931532380114481e+00 4.185000000000000000e+04
1.315473787616585639e+02 -3.750961192490500196e+01 -4.990669996698487410e+01 2.253354813153502167e+00 4.590000000000000000e+03
7.310582396482617185e+01 -1.710725366491096366e+01 -8.288983868003585087e+01 2.847898431177402934e+00 2.503800000000000000e+04
1.220913981652131071e+02 -6.674654876407386439e+01 -6.000200095076274920e+01 2.004389520530348356e+00 4.653700000000000000e+04
6.125001373843517882e+01 -6.288594375956121496e+01 -3.532696289960698977e+01 1.585941662833181276e+00 3.692500000000000000e+04
3.472129420150658063e+01 -4.721838799381757923e+01 -4.431959430323394855e+01 1.782931532380114481e+00 8.598000000000000000e+03
3.105236773900653446e+01 -4.528494791957364640e+01 -6.532847326613503469e+01 1.782931532380114481e+00 4.244500000000000000e+04
5.348392011215002384e+01 -5.496964952145724226e+01 -2.765028434421459025e+01 2.004389520530348356e+00 3.648700000000000000e+04
-3.095849220611885055e+00 -5.104740608539428592e+01 -1.020151591696142468e+01 1.585941662833181276e+00 1.878600000000000000e+04
4.864288597918512380e+01 -3.829049163063135808e+01 -4.470397739726490016e+00 1.782931532380114481e+00 4.052000000000000000e+04
1.921326773346246908e+00 -4.583680749165072399e+01 -4.128001995007159763e+01 2.253354813153502167e+00 1.663300000000000000e+04
1.001530834809641135e+02 -8.280179069102142364e+01 -1.451369583436397903e+01 1.782931532380114481e+00 4.323200000000000000e+04
1.006975035606612181e+02 -8.240610390324940226e+01 -1.555042943895996466e+01 1.782931532380114481e+00 4.280600000000000000e+04
3.234316826146795876e+01 -1.189622904762718179e+02 -9.863890349502428379e+00 1.585941662833181276e+00 5.456000000000000000e+03
2.674404185026779146e+01 -8.332264635307882372e+01 2.215676043981941490e+01 1.410716515037685470e+00 3.377000000000000000e+03
1.079238492185654934e+02 -7.302254457050413805e+01 -1.445589916128459862e+01 1.782931532380114481e+00 4.215000000000000000e+04
1.140408914459396215e+02 -6.565081863710689447e+01 -2.341011286684722137e+01 1.254851381005308353e+00 1.827000000000000000e+04
1.193785916335566242e+02 -5.038801243524829943e+01 -1.210139299367759591e+01 1.782931532380114481e+00 1.802600000000000000e+04
9.964251025332890777e+01 -5.694341468487994007e+01 -4.917609127986233730e+00 1.254851381005308353e+00 4.639700000000000000e+04
9.647911435811842296e+01 -6.527542485570604924e+01 -5.780364725360105815e+00 1.782931532380114481e+00 3.818300000000000000e+04
1.012153296922084138e+02 -5.030732908844855444e+01 4.022434404841467526e+00 1.782931532380114481e+00 4.552300000000000000e+04
9.486569922244784436e+01 -4.660862415449604157e+01 1.960541647290737099e+00 2.004389520530348356e+00 4.502600000000000000e+04
9.843456189150543878e+01 -4.547904118696529707e+01 4.622784199615866285e+00 1.585941662833181276e+00 4.614100000000000000e+04
9.725964595372819588e+01 -4.540098929936790739e+01 4.095836184229098009e+00 1.585941662833181276e+00 4.587800000000000000e+04
-1.266116161816016294e+01 -4.220754416457727132e+01 6.254166461992350179e+01 1.410716515037685470e+00 2.332000000000000000e+03
3.698145779927477061e+00 -4.489421451747390535e+01 5.345297517093299433e+01 1.410716515037685470e+00 2.077000000000000000e+03
-5.936926061615883299e+01 -6.324706796886905380e+01 2.498565702407696776e+01 1.782931532380114481e+00 4.207000000000000000e+03
-2.412486019665783132e+01 -4.322271854168199212e+01 2.952612460029677255e+00 1.782931532380114481e+00 3.969900000000000000e+04
-2.577721571589313854e+01 -7.024326960482092375e+01 -1.320238505064391177e+02 1.782931532380114481e+00 1.576600000000000000e+04
