# x(pc), y(pc), z(pc),radii at birth (pc), particle tag
-2.179211541376467220e+00 -3.356906268170570229e+01 -8.147762623965994067e+01 1.174383084530941757e+00 7.628000000000000000e+03
-9.293570332854510951e+00 -2.988667528902784198e+01 -8.131818684623486604e+01 1.484241950940868859e+00 7.358000000000000000e+03
-7.200554796680675551e+00 -3.404960714512912290e+01 -8.023189409709696918e+01 1.044629604703790404e+00 7.539000000000000000e+03
-3.561144743094617127e+01 9.595144956589602714e+01 3.510662750976447644e+00 1.320253248636851673e+00 5.456000000000000000e+03
-3.059579272266830330e+01 9.428139270824549101e+01 9.783870977819928427e+00 1.875856522416313732e+00 4.590000000000000000e+03
-4.861895443548107920e+01 7.634170279409802617e+01 -3.251425467037807238e+01 1.320253248636851673e+00 1.720000000000000000e+02
-1.657829103934114201e+01 7.899161057052894286e+00 -2.385026628943193572e+01 1.484241950940868859e+00 3.930000000000000000e+02
-2.814318249401512162e+01 -2.527069775176879318e+01 -2.144751392331763640e+01 1.174383084530941757e+00 1.344000000000000000e+03
-2.020006370229107517e+01 -2.852048066120304171e+01 -5.666447201826528612e+00 1.174383084530941757e+00 2.332000000000000000e+03
-1.985508824603743960e+01 -2.833894773237653197e+01 -6.067980557261493324e+00 1.174383084530941757e+00 2.077000000000000000e+03
-1.397212902225155240e+01 -3.037930676532569407e+01 -6.825926761788890795e-01 1.320253248636851673e+00 6.000000000000000000e+00
3.552330721388341317e+01 2.199152128508237714e-01 2.870381174727909013e+01 1.484241950940868859e+00 4.207000000000000000e+03
2.423688202993934482e+01 5.031514221798983222e+00 4.007735523334342531e+01 1.875856522416313732e+00 6.843000000000000000e+03
5.912014571303132904e+00 -6.736515677312736372e+00 -2.563237380918680142e+00 1.174383084530941757e+00 1.774000000000000000e+03
9.602922354469187738e+00 -1.115304829292022326e+01 3.101119938921448238e+01 1.668599695707853936e+00 6.210000000000000000e+03
1.641006626113706446e+01 -7.315136293622168218e+00 3.445773360577299371e+01 1.484241950940868859e+00 5.853000000000000000e+03
1.521040549977745648e+01 -1.269985656902405502e+01 -5.615004839265085224e+01 1.044629604703790404e+00 6.775000000000000000e+03
2.516185349255759540e+00 -6.634597103307624089e+00 -1.178684044812453280e+01 1.484241950940868859e+00 6.120000000000000000e+02
6.015845495132654541e+00 -4.714920893016885550e+00 -1.115071379625106296e+01 1.174383084530941757e+00 2.995000000000000000e+03
5.594214510932290274e+00 -3.991470554346227217e+00 -1.180066295040327162e+01 1.320253248636851673e+00 2.578000000000000000e+03
1.258305090919138713e+01 -1.379224773227994127e+01 -1.485389124563703866e+01 1.174383084530941757e+00 1.035000000000000000e+03
6.086184650084073056e+00 -1.033263781906104128e+00 -1.743643953683935521e+01 1.320253248636851673e+00 3.587000000000000000e+03
2.973807431239523780e+01 -2.051100023161469110e+01 -1.019983202879328310e+01 1.174383084530941757e+00 3.377000000000000000e+03
