# x(pc), y(pc), z(pc),radii at birth (pc), particle tag
-4.362678512402662356e+00 3.916832891332061450e+01 5.783500297168011173e+01 1.811058956454461688e+00 1.576600000000000000e+04
1.755807597095678219e+01 8.054900230406744299e+01 7.013476188552245105e+01 1.610961386191898548e+00 1.311700000000000000e+04
3.900615906366008545e+01 2.089163606396105166e+01 3.820261014509950570e+01 1.432971896664247291e+00 1.099000000000000000e+04
-5.560888217312223603e+00 4.045968337971911666e+01 3.684975421100445203e+01 1.610961386191898548e+00 2.191500000000000000e+04
1.622946020961037128e+00 1.786844397448032851e+01 4.885175135448051265e+00 1.811058956454461688e+00 3.783500000000000000e+04
-1.832399893921126566e+00 2.590230254934989773e+01 2.750939252815126412e+00 1.811058956454461688e+00 3.818300000000000000e+04
-2.890106897758701887e+00 3.159678042955913213e+01 4.821604728357876724e+01 1.811058956454461688e+00 3.152300000000000000e+04
2.611606072686842950e+01 -4.712690262915392836e+00 1.380651647051643138e+01 2.892826711057820521e+00 1.898100000000000000e+04
6.603281369580688676e+00 -2.489564275225694701e+01 6.678028987749162759e+00 1.432971896664247291e+00 1.035000000000000000e+03
-5.142545167753387325e-01 4.578305592928947121e+00 2.167280889753619988e+01 2.036010652935176690e+00 2.020200000000000000e+04
-4.801853410777893849e+00 -2.260574695989484351e+00 3.489154083461266964e+01 2.036010652935176690e+00 1.158800000000000000e+04
-2.475616074999229088e+00 -9.670764010821052636e+00 9.647870555426795391e+00 1.432971896664247291e+00 7.628000000000000000e+03
8.499781737362962275e+00 -1.494841304541682181e+00 7.321576880190399095e+00 1.811058956454461688e+00 2.243100000000000000e+04
4.396857398018887864e+01 -8.436555368904352648e+00 3.250121885646725772e+00 1.274647843349938636e+00 2.013700000000000000e+04
4.600067025281126121e+01 -8.832942961220021871e+00 9.479673268574931200e+00 2.288903607523036676e+00 2.916800000000000000e+04
5.012601868523850612e+01 -1.086734878309287566e+01 9.185446585487941462e+00 2.288903607523036676e+00 2.981500000000000000e+04
-8.685890802082472106e-01 1.349465254256536895e+01 4.261331143241018538e+01 1.811058956454461688e+00 7.358000000000000000e+03
6.948119630708649197e+01 -1.890944210602170017e+01 7.402339484192409280e+00 1.811058956454461688e+00 1.802600000000000000e+04
1.714038209289345582e+00 4.017174274269848411e+01 8.953078107140133568e+01 1.610961386191898548e+00 4.937000000000000000e+04
2.186953910926380473e+01 1.938218940762573084e+01 9.556233429602244200e+01 1.133816460977902452e+00 4.993400000000000000e+04
2.071146511575327764e+01 1.798253286892380132e+01 9.253114255934865184e+01 2.036010652935176690e+00 4.952200000000000000e+04
2.629152185541731512e+01 2.936453315087281979e+01 8.275746976510203012e+01 2.036010652935176690e+00 1.444000000000000000e+04
8.009777491151672280e+01 4.996244380747641856e+01 1.001746943314608558e+02 1.274647843349938636e+00 8.814000000000000000e+03
1.779645392808094471e+02 -1.364355316719217370e+01 -8.246029485692073990e+01 1.610961386191898548e+00 5.456000000000000000e+03
1.112358425071734871e+02 1.270135105568811262e+01 8.573915662282124117e+01 1.432971896664247291e+00 5.117200000000000000e+04
1.393567909128442466e+02 -2.596724493319483518e+00 -3.074505466038558055e+01 1.610961386191898548e+00 4.083000000000000000e+04
7.338010142387336998e+01 -1.999525809351811390e+01 1.654959629163846868e+00 1.133816460977902452e+00 5.001500000000000000e+04
1.098902380699036314e+02 -2.342165937030456835e+00 -1.166880522193003955e+01 1.811058956454461688e+00 4.052000000000000000e+04
3.711820953446914473e+01 -2.175247424998124757e+01 -5.669470911078369646e+00 2.036010652935176690e+00 2.086500000000000000e+04
3.635612394875153797e+01 -1.908825021997515137e+01 -8.120806596254178444e+00 2.288903607523036676e+00 4.711700000000000000e+04
6.075752650200878691e+01 5.181240438831754780e+00 -3.745531996933351593e+01 1.274647843349938636e+00 6.775000000000000000e+03
4.197841536652603622e+01 4.052999741298805958e+01 -1.438145012255486677e+01 1.811058956454461688e+00 3.969900000000000000e+04
4.857420180076429261e+01 2.527076658223045058e+01 -1.878759227365464923e+01 1.610961386191898548e+00 3.996900000000000000e+04
1.035500829774171905e+01 3.128480209092450792e+01 -2.626050246131111976e+01 1.432971896664247291e+00 2.077000000000000000e+03
-2.693658699026189485e+00 4.416258888688990858e+00 -1.518170357213241317e+01 1.133816460977902452e+00 5.371700000000000000e+04
2.075357696732397783e-01 4.293545424927588172e+00 -6.281779793745726259e+00 1.610961386191898548e+00 2.298000000000000000e+04
1.714746042156622519e+00 1.576450152189854315e+01 1.374433963721363450e-01 1.610961386191898548e+00 3.587000000000000000e+03
4.317147868374541453e+00 3.195612690647974485e+00 -1.526721143831331950e+00 1.811058956454461688e+00 3.740300000000000000e+04
1.482433690612004895e+01 -9.142520339451635891e+00 -8.413337300635827631e+00 1.432971896664247291e+00 5.348000000000000000e+04
5.058180848274487218e-01 -1.530067413701988777e+01 -9.677225829762209131e+00 2.036010652935176690e+00 1.524400000000000000e+04
2.166639859703663618e+01 -5.970968230476589866e+00 -8.788542556896649316e+00 1.133816460977902452e+00 5.377500000000000000e+04
1.484611175071458433e+01 -1.171603647781411350e+00 -4.643270326134349979e+00 1.274647843349938636e+00 5.384600000000000000e+04
2.413425273880014288e+01 -3.790478851517764092e+00 -1.647183474103660572e+01 1.432971896664247291e+00 5.394900000000000000e+04
-2.152860682900544109e+00 -1.100954798693133796e+01 -4.303110425413911599e+01 1.274647843349938636e+00 5.189100000000000000e+04
1.658866078571799818e+01 -7.785406087451247181e+00 -4.267816206400111412e+01 2.036010652935176690e+00 5.241100000000000000e+04
1.668868370530417522e+01 -5.136407847120270986e+00 -3.876903905630298652e+01 1.274647843349938636e+00 5.200000000000000000e+04
3.634785912893315896e+01 -1.148734903456823986e+01 -4.702786444035104552e+01 1.811058956454461688e+00 4.207000000000000000e+03
6.055794119800722086e+01 2.630190731227903456e+01 -8.873200295578544683e+01 2.288903607523036676e+00 3.088500000000000000e+04
7.011916911280350462e+01 -2.018850653656957306e+01 -7.888054612825258971e+01 1.133816460977902452e+00 5.141100000000000000e+04
3.150534128274762935e+01 -1.281519877523525430e+01 -5.213572605386683989e+01 1.133816460977902452e+00 5.210700000000000000e+04
1.464963666409635152e+02 -6.371051452419620631e+01 -1.544141248795249339e+02 1.811058956454461688e+00 5.302600000000000000e+04
1.295992910697020477e+02 -5.032310729591164034e+01 -1.444015429470606762e+02 1.274647843349938636e+00 5.130000000000000000e+04
1.269916283859514863e+02 -4.744576244686350464e+01 -1.066842033887532608e+02 1.274647843349938636e+00 5.106100000000000000e+04
1.240842217597655122e+02 -4.593662663410016478e+01 -1.101882091752779473e+02 1.811058956454461688e+00 5.058500000000000000e+04
1.238311871149617787e+02 -4.671325155953192620e+01 -1.096329011305005992e+02 2.288903607523036676e+00 5.010100000000000000e+04
1.247112822675961610e+02 -4.683226365626429555e+01 -1.101766087357751474e+02 1.610961386191898548e+00 5.086000000000000000e+04
5.453595256899480859e+01 -3.628986870951999322e+01 -8.063286319443344041e+01 1.610961386191898548e+00 5.220200000000000000e+04
3.575387545526967870e+01 -4.735595460626585407e+01 -2.235838504600556575e+01 2.036010652935176690e+00 3.648700000000000000e+04
5.004389318926618557e+01 -4.126967907210674014e+01 -2.831280263803896702e+01 1.610961386191898548e+00 2.477000000000000000e+04
3.757789354022728645e+01 -3.646512592374604367e+01 -9.075223147501672472e+00 1.610961386191898548e+00 3.692500000000000000e+04
8.617352058861671082e+01 -4.891084451308639558e+01 -3.086112979212353480e+01 1.274647843349938636e+00 1.729300000000000000e+04
1.080427430258599060e+02 -4.748397134880809034e+01 -1.915199236992154441e+00 1.811058956454461688e+00 4.802900000000000000e+04
1.167187367669112206e+02 -5.127749787785215574e+01 -1.186429394581667474e+01 1.811058956454461688e+00 4.772800000000000000e+04
1.173397736756634657e+02 -5.030237339256290596e+01 -1.613186608222898499e+00 1.432971896664247291e+00 4.830100000000000000e+04
1.223412123099291335e+02 -5.989053676201667287e+01 -1.013640077679037255e+01 1.432971896664247291e+00 4.845800000000000000e+04
1.136312778127163199e+02 -3.092654711676027546e+01 -4.250639627693254852e+01 1.133816460977902452e+00 4.764900000000000000e+04
1.597593739672335005e+02 -9.618439518848725811e+01 -1.256331628244244456e+02 1.274647843349938636e+00 5.337700000000000000e+04
1.625135973414920443e+02 -5.804432365692700557e+01 -9.194911688378877557e+01 1.811058956454461688e+00 5.161700000000000000e+04
1.555871161026715015e+02 -1.070477076224231467e+02 6.994544673396703161e+01 1.811058956454461688e+00 4.244500000000000000e+04
1.704565487115133919e+02 -4.455312109913399610e+01 3.471800646357385034e+01 2.288903607523036676e+00 4.590000000000000000e+03
1.442954911606582584e+02 -1.026244301177298155e+02 1.050393417166860210e+01 2.036010652935176690e+00 4.444100000000000000e+04
1.157677004131540883e+02 -4.967149179801486980e+01 5.943407621445129507e+01 1.811058956454461688e+00 4.323200000000000000e+04
1.151414799649327847e+02 -4.978621590274591568e+01 5.874820547696251793e+01 1.811058956454461688e+00 4.280600000000000000e+04
5.559970420592397744e+01 -3.434804570207563756e+01 5.429580600556431769e+00 1.274647843349938636e+00 4.900000000000000000e+04
5.103816936230904844e+01 -3.500802070892262918e+01 4.092146110724865338e+00 2.036010652935176690e+00 4.861300000000000000e+04
6.194438729396217980e+01 -4.309513139205099463e+01 1.137703437646933935e+01 1.811058956454461688e+00 4.156700000000000000e+04
6.421297024865812375e+01 -4.564059131936456026e+01 1.132818256512775079e+01 2.036010652935176690e+00 4.103300000000000000e+04
-1.942990376995901514e+01 -2.883593509730177473e+01 4.631464106091231514e+01 2.036010652935176690e+00 3.212800000000000000e+04
-2.396498392036524194e+01 -5.673215013907722692e+01 3.680306093937002476e+00 2.573208404867209698e+00 1.027400000000000000e+04
-3.277096428454342458e+01 -2.442872200591921228e+01 6.839410923124100350e+01 1.610961386191898548e+00 3.058100000000000000e+04
-3.442440805793044234e+01 3.961422609161795005e+00 7.363277228742748548e+01 1.610961386191898548e+00 1.720000000000000000e+02
-4.883464564064192359e+01 1.320643072163974985e+01 4.857944156599059227e+01 2.892826711057820521e+00 2.503800000000000000e+04
-7.111463702828076805e+01 -4.231012110004245486e+00 4.007215652071598555e+01 1.432971896664247291e+00 1.774000000000000000e+03
-2.484784673969832980e+01 -1.708289314457843133e+01 1.160816035437809468e+01 2.036010652935176690e+00 4.016100000000000000e+04
-8.448559250464893466e+01 -9.612206742528920600e+00 1.126309071621923863e+01 1.811058956454461688e+00 3.182600000000000000e+04
-1.549540197348674120e+01 -5.856968860450141534e+00 2.626952425598272356e+01 1.133816460977902452e+00 4.920900000000000000e+04
-1.806251952105705882e+01 -7.528685667014379135e+00 2.829527245517080303e+01 1.610961386191898548e+00 2.578000000000000000e+03
-2.620165510988643831e+01 -3.497465884206008013e+00 2.401131598170855597e+01 1.133816460977902452e+00 4.929200000000000000e+04
-1.560050686077904025e+01 1.980155334154878877e-01 1.836801436204979865e+01 1.432971896664247291e+00 2.995000000000000000e+03
-2.645402817887539371e+01 -2.895162946659331382e+00 1.813086890454099631e+01 2.288903607523036676e+00 6.843000000000000000e+03
-2.425343962867848191e+01 -5.272576186015111022e-01 1.787116481014106384e+01 2.573208404867209698e+00 8.894000000000000000e+03
-3.825818338332095436e+01 4.506557725799444469e+00 2.881554479480886943e+00 2.036010652935176690e+00 3.597700000000000000e+04
-3.125999195869394498e+01 1.247192982267692152e+01 7.622981920099101139e+00 2.892826711057820521e+00 3.872900000000000000e+04
-3.770289559973976878e+01 1.263580496726834035e+01 1.047046610652984633e+01 2.036010652935176690e+00 4.653700000000000000e+04
-3.842056849744113833e+01 2.215709719550826406e+00 4.870111449771251877e+00 1.811058956454461688e+00 1.410800000000000000e+04
-4.561093520998594641e+01 1.859737435061036059e+00 5.749900920951271921e+00 1.274647843349938636e+00 1.112800000000000000e+04
-4.673620607555140793e+01 2.939264585028670496e+01 2.660386768961370052e+00 1.274647843349938636e+00 1.827000000000000000e+04
-4.660461923175106591e+01 2.785593839486953271e+01 1.828011996099890624e+01 2.573208404867209698e+00 1.210600000000000000e+04
-2.436332851971532421e+01 1.487994517476937695e+01 2.533704465505956449e+01 1.274647843349938636e+00 4.911200000000000000e+04
-2.403743538776033972e+01 2.404762359620679391e+01 2.425458216794798716e+01 1.432971896664247291e+00 1.344000000000000000e+03
-3.374522145760145264e+01 2.405786888027835602e+01 3.010030213377918429e+01 1.610961386191898548e+00 6.000000000000000000e+00
-2.553453110431870599e+01 3.908105810461830742e+01 4.097886665827550701e+01 2.288903607523036676e+00 1.663300000000000000e+04
-1.706515393375125811e+01 3.223088723080566353e+01 2.461976496481364407e+01 1.274647843349938636e+00 7.539000000000000000e+03
-2.043882074164422491e+01 4.739109373209961973e+01 2.732953215744477760e+01 1.610961386191898548e+00 2.275500000000000000e+04
-1.493891501567247460e+01 4.306456758050700984e+01 1.901752971438616768e+01 1.811058956454461688e+00 9.837000000000000000e+03
-5.659418223686916605e+01 2.800841676696798999e+01 1.599735983785104843e+01 2.573208404867209698e+00 2.378900000000000000e+04
-6.828210704290249566e+01 2.004040851070415030e+01 1.671293799653681589e+01 2.036010652935176690e+00 6.210000000000000000e+03
-7.838173810620925508e+01 5.343121562262518154e+01 6.784041517470793536e+00 1.811058956454461688e+00 4.215000000000000000e+04
-6.233496549574518042e+01 3.936447674624087512e+01 2.788250214387280579e+01 1.432971896664247291e+00 2.461800000000000000e+04
-5.926848015467508901e+01 3.159523704239221686e+01 2.346667204338905321e+01 2.288903607523036676e+00 2.608200000000000000e+04
-5.485521636280812174e+01 2.364044718560089819e+01 2.346562324382345821e+01 1.811058956454461688e+00 2.322900000000000000e+04
-3.256287771824926125e+01 3.481936684113911440e+01 4.786894308686076727e+01 1.610961386191898548e+00 2.352500000000000000e+04
-5.446311634751585018e+01 3.071002111411267421e+01 6.985304442800980951e+01 2.036010652935176690e+00 1.124200000000000000e+04
-5.658534286712809092e+01 8.835541057405555421e+01 1.647832585747695333e+01 1.610961386191898548e+00 1.878600000000000000e+04
-9.532197602285974369e+01 4.245287315692235275e+00 2.311709648373366122e+01 2.036010652935176690e+00 4.361600000000000000e+04
-1.892983472001090490e+02 1.977491122693682613e+01 5.412902097429809345e+01 1.811058956454461688e+00 3.930000000000000000e+02
-1.700686230324639610e+02 3.730741155779016793e+01 -2.404246304963142578e+01 1.432971896664247291e+00 1.718500000000000000e+04
-3.297706927930325094e+01 2.530845844101584063e+01 -6.345874403576330280e+01 1.811058956454461688e+00 6.120000000000000000e+02
-1.337221442877729416e+01 1.509623579922549474e+01 -4.448217514509998693e+01 2.036010652935176690e+00 1.273500000000000000e+04
-2.442522808658554467e+01 3.986443108679635117e+01 -4.169655613979912800e+01 1.811058956454461688e+00 1.494800000000000000e+04
-8.487256234351659145e+01 4.384222347645977180e+01 -1.145843091841005545e+01 1.811058956454461688e+00 4.552300000000000000e+04
-7.576970053471484334e+01 3.945314274131515475e+01 -1.231943640113564697e+01 2.036010652935176690e+00 4.502600000000000000e+04
-8.158632390780779531e+01 3.926937731925499264e+01 -1.102778794480963853e+01 1.274647843349938636e+00 4.639700000000000000e+04
-7.936088142356577180e+01 3.843889688342135003e+01 -1.169515099526531365e+01 1.610961386191898548e+00 4.614100000000000000e+04
-7.856605369549752993e+01 3.810226628943581773e+01 -1.121881342355258937e+01 1.610961386191898548e+00 4.587800000000000000e+04
-8.059929212848399516e+01 4.164979352818158986e+01 -1.371415314910915484e+01 1.811058956454461688e+00 4.415400000000000000e+04
-2.511775283926209568e+01 4.553101466920366391e+01 -1.109701616640679589e+01 1.432971896664247291e+00 3.377000000000000000e+03
-3.589630399328178356e+01 4.524246674142553104e+01 -3.208330247607131014e+01 1.274647843349938636e+00 2.757000000000000000e+04
-6.082675479517376260e+01 2.963940447659913247e+01 -1.793709855229573336e+01 1.432971896664247291e+00 1.481400000000000000e+04
-1.843923923550216060e+01 4.316962192793221931e+01 -3.171898560365604780e+01 1.432971896664247291e+00 2.332000000000000000e+03
-2.590344170848280569e+01 3.020020514898586583e+01 -7.200412598569279510e+00 1.811058956454461688e+00 2.058100000000000000e+04
-3.645763984376702638e+01 2.089569733026262455e+01 -9.722461191890525711e+00 2.288903607523036676e+00 1.348800000000000000e+04
-3.466115631172906575e+01 1.895552218688216684e+01 -6.529923232559170287e+00 2.573208404867209698e+00 7.742000000000000000e+03
-2.037617384628174833e+01 1.074964293788423220e+01 -2.681839002560540752e+00 2.288903607523036676e+00 3.358200000000000000e+04
-2.228462441704683528e+01 -4.935419951785995352e+00 6.823985502431323402e-01 1.432971896664247291e+00 5.359600000000000000e+04
-4.156168640419439697e+01 4.734365611502357574e+00 -5.687860638472061581e+00 2.288903607523036676e+00 2.122800000000000000e+04
-3.457472743523120329e+01 1.473178604412600734e+00 -4.905920384027749215e+00 2.573208404867209698e+00 3.495500000000000000e+04
-3.070944949356473685e+01 4.290033625470673684e+00 -4.129961439294658199e+00 2.573208404867209698e+00 3.266000000000000000e+04
-1.680972522647033429e+01 8.897339129361677479e+00 -1.892251638233354072e+00 2.288903607523036676e+00 2.771700000000000000e+04
-1.719742385055034006e+01 7.843138266505950362e+00 -8.654185458412896326e-01 2.036010652935176690e+00 3.441500000000000000e+04
-1.554706782141426658e+01 1.146883218627699996e+01 -7.634870957413606440e-01 1.811058956454461688e+00 5.853000000000000000e+03
-1.240083716384626911e+01 7.702150606878827688e+00 -1.641061725387304193e+01 1.610961386191898548e+00 2.220200000000000000e+04
-2.532431533910355270e+01 1.307018229806564058e+01 -1.001453412829423684e+01 1.610961386191898548e+00 1.329700000000000000e+04
-6.023307815813596022e+01 -1.438229019313024826e-01 -7.366449020048404961e+00 1.610961386191898548e+00 3.850600000000000000e+04
-4.272497342167296352e+01 -1.098400649766417914e+01 5.634625552099829793e-02 2.036010652935176690e+00 1.601400000000000000e+04
-2.099015613291306082e+01 -6.529114411148977837e+00 -1.469400605332170606e+01 2.288903607523036676e+00 2.839600000000000000e+04
-1.300385513779217916e+01 -1.070135828189348182e+01 -5.991273837648848577e+00 2.573208404867209698e+00 2.682900000000000000e+04
-1.466735538058364341e+01 -1.352709971208528827e+01 -1.276307790747636695e+01 2.288903607523036676e+00 1.740700000000000000e+04
-7.072902912243235107e+01 -6.030869555127669202e-01 -3.950623257415915646e+01 2.036010652935176690e+00 1.839000000000000000e+04
-4.496643608136696457e+01 -9.027320676367759589e+00 -4.205022199718460030e+01 1.610961386191898548e+00 3.719100000000000000e+04
-2.286690338670535283e+01 -1.110928009775075651e+02 -8.839591046725313106e+01 1.811058956454461688e+00 8.598000000000000000e+03
-2.260956895939051492e+01 -2.734740260056761940e+01 -1.678480849426031440e+01 1.811058956454461688e+00 4.185000000000000000e+04
1.423513739111081122e+02 -6.447577813292969040e+01 -1.724973865775170339e+02 1.133816460977902452e+00 5.329500000000000000e+04
1.178818337672101393e+02 -6.186754068368723836e+01 -1.635890337181787402e+02 1.432971896664247291e+00 5.148000000000000000e+04
1.133450187937984737e+02 -6.405596928235826226e+01 -1.570239879739089588e+02 1.610961386191898548e+00 5.279600000000000000e+04
