# x(pc), y(pc), z(pc),radii at birth (pc), particle tag
-9.921895429931009858e+01 2.873701049205347502e+01 9.466294119923226447e+01 1.718988864126320459e+00 4.244500000000000000e+04
-8.258688517647429705e+01 3.247009008800279162e+01 1.121369477791198790e+02 1.932504531210787357e+00 4.444100000000000000e+04
-7.604529979645080484e-01 7.409956689606907787e+01 7.801127109760919609e+01 1.718988864126320459e+00 1.576600000000000000e+04
1.346638179163795996e+02 -1.042078838550307012e+02 2.142129467542090993e+01 1.718988864126320459e+00 3.930000000000000000e+02
1.571906872568375491e+02 1.594809516464311461e+00 -3.490435362863036772e+01 1.360122885118097535e+00 7.628000000000000000e+03
1.472589355267102746e+02 2.050271955286246595e+01 5.639556369108113643e+00 1.718988864126320459e+00 7.358000000000000000e+03
1.552956642755808048e+02 9.599707919441001991e+00 -2.334735262948555246e+01 1.209847664313886240e+00 7.539000000000000000e+03
1.040943648759576803e+02 7.244728108043422488e+00 2.406586148594376340e+01 1.932504531210787357e+00 4.103300000000000000e+04
1.075784751233642993e+02 8.999263527050469946e+00 2.607837035181773544e+01 1.718988864126320459e+00 4.156700000000000000e+04
1.283072663808554523e+02 1.340425374659877811e+01 -1.167121329082702497e+00 1.209847664313886240e+00 1.729300000000000000e+04
6.976832442381140709e+01 -3.043542745527983229e+01 -2.010696013735058685e+01 1.529063796367363004e+00 2.477000000000000000e+04
6.834645712106519966e+01 -6.628941986003256659e+01 -2.593171366875707307e+01 1.360122885118097535e+00 1.718500000000000000e+04
7.612038969597018934e+01 -4.430132103491082063e+01 9.833578591587590623e+00 2.172540986790120421e+00 3.088500000000000000e+04
1.155814598111192879e+02 -8.293853244236069600e+01 6.862190345565848304e+01 1.529063796367363004e+00 3.058100000000000000e+04
1.237999951479479108e+02 -7.584091128352653755e+01 6.447079435058597596e+01 1.932504531210787357e+00 3.212800000000000000e+04
1.128386966863273670e+02 -7.356105841978190085e+01 6.639683548607932551e+01 2.172540986790120421e+00 2.916800000000000000e+04
1.113555257155967553e+02 -7.362459480145038526e+01 6.547058365755546561e+01 2.172540986790120421e+00 2.981500000000000000e+04
-1.610916219088563039e+01 -4.996650138457535917e+01 5.203722188208811161e+01 1.360122885118097535e+00 2.332000000000000000e+03
-9.335471126732270974e+00 -5.238152512552179729e+01 5.034410743321836179e+01 1.360122885118097535e+00 2.077000000000000000e+03
4.996032569432668424e+01 -8.730838817070269897e+01 1.520136298870210290e+01 1.529063796367363004e+00 3.719100000000000000e+04
3.088668537971457795e+01 -1.027410969562043590e+02 2.672456869640233545e+00 1.718988864126320459e+00 4.207000000000000000e+03
4.059221655639248638e+01 -4.545640620885964722e+01 -1.657481045847584156e+01 1.529063796367363004e+00 3.996900000000000000e+04
5.659693158208217767e+01 -3.146970525673942376e+01 -2.063388810532437034e+01 1.209847664313886240e+00 6.775000000000000000e+03
5.239635905390713333e+01 -1.593695295209947282e+01 -1.530089941238526841e+01 2.172540986790120421e+00 6.843000000000000000e+03
3.677595562249950945e+01 -1.622272642167208190e+01 -7.970664736876519996e+00 1.529063796367363004e+00 4.083000000000000000e+04
3.003860012705078830e+01 -9.369625089644449289e+00 1.247131976017095578e+00 2.442392378933141650e+00 8.894000000000000000e+03
2.872250751087056031e+01 -1.530801536737466328e+01 -9.500857922564218683e+00 2.172540986790120421e+00 1.348800000000000000e+04
2.924898735959586560e+01 -1.457324231728092023e+01 -1.028602168021921592e+01 2.442392378933141650e+00 7.742000000000000000e+03
2.088923243248963857e+01 -3.865949162529219763e+01 -2.118407795314467990e+01 1.932504531210787357e+00 1.601400000000000000e+04
3.170784864717872864e+01 -3.564310621285092395e+01 -1.291114200987834337e+01 2.745762021955798993e+00 3.872900000000000000e+04
3.256017038679883768e+01 -3.471243998541685727e+01 -1.623799788025101876e+01 1.932504531210787357e+00 4.016100000000000000e+04
9.857619392987061246e+00 -1.014276848659045172e+01 -8.435830090261577041e+00 1.932504531210787357e+00 2.020200000000000000e+04
1.192637886458940422e+01 -1.342474511044387597e+01 -2.856123175734390229e-01 1.718988864126320459e+00 5.853000000000000000e+03
-5.147597127984824716e+00 -2.861577281509473281e+01 -2.174343623548257654e+01 1.529063796367363004e+00 2.220200000000000000e+04
-1.405741513747028826e+01 -1.193633995556171001e+01 -2.476926462681392493e+01 1.932504531210787357e+00 3.597700000000000000e+04
-2.318876781723573810e+00 -6.871029145645524139e+00 -2.082774941343253516e+01 1.932504531210787357e+00 3.441500000000000000e+04
-3.926349868039390234e+00 -7.841297516892223207e+00 -1.946828998243647746e+01 2.172540986790120421e+00 3.358200000000000000e+04
-2.798010375730988653e+00 -8.362114393905480725e+00 -1.874161495170891456e+01 2.442392378933141650e+00 3.266000000000000000e+04
2.995480285036228452e+01 -2.158923525470053661e+01 -4.629442065321723732e+01 1.718988864126320459e+00 3.152300000000000000e+04
1.644773023631808329e+01 -3.530908904239790758e+01 -2.684292734193922669e+01 1.718988864126320459e+00 3.969900000000000000e+04
2.038112272646460710e+01 1.067467411619761819e+01 -4.857223771357220699e+01 1.718988864126320459e+00 4.185000000000000000e+04
3.378560696106210237e+00 3.127361409675025183e-01 -2.000231115231213153e+01 1.529063796367363004e+00 3.692500000000000000e+04
8.680470837287330710e+00 8.884836389500915255e-01 -2.744061043564605029e+01 1.360122885118097535e+00 1.481400000000000000e+04
2.027745563734879131e+00 2.510003561661454796e+01 -5.172173935460031657e+01 1.529063796367363004e+00 1.720000000000000000e+02
1.169804523660196161e+00 -1.878941288101640072e+00 -2.077362753286480768e+01 1.718988864126320459e+00 3.783500000000000000e+04
-7.792965422507360351e+00 3.114020829466828122e+00 -3.297037287928268512e+01 2.172540986790120421e+00 2.839600000000000000e+04
-6.882046286602442109e+00 -4.989646897012348425e+00 -2.671793497221469948e+01 2.172540986790120421e+00 2.771700000000000000e+04
-8.639206801859245388e+00 3.108327597090619676e+00 -2.209240649494761044e+01 2.442392378933141650e+00 3.495500000000000000e+04
-1.201965612365435199e+01 2.416242135886857056e+01 -2.303780981017744622e+01 2.172540986790120421e+00 1.740700000000000000e+04
3.128724337914848275e-01 -1.507522182718032053e-02 -1.233066656778095904e+01 1.718988864126320459e+00 3.740300000000000000e+04
1.646828395010916424e+01 -8.971329487432158079e-01 -1.191103366965998944e+01 1.932504531210787357e+00 6.210000000000000000e+03
1.862652809651074648e+01 1.568637642721681580e+01 -8.401042225366817107e+00 1.360122885118097535e+00 1.344000000000000000e+03
2.716679157543229195e+01 -5.519373326845264494e+00 -1.698873224972943063e+01 2.172540986790120421e+00 1.663300000000000000e+04
2.161324863039583022e+01 6.667022813265713665e+00 -2.148898533595828653e+01 1.932504531210787357e+00 3.648700000000000000e+04
2.441580247925856284e+01 -1.742014136481865594e-01 -2.106434250449859746e+01 1.718988864126320459e+00 1.410800000000000000e+04
2.316716787639095188e+01 4.631729344699504480e-01 -2.290704691638511292e+01 1.529063796367363004e+00 2.275500000000000000e+04
2.112601784587140585e+01 -1.125146258026034518e+00 -2.034588984571234604e+01 1.529063796367363004e+00 2.298000000000000000e+04
2.401581038358011000e+01 -4.553486592232105501e+00 -1.668062989495363979e+01 2.172540986790120421e+00 2.122800000000000000e+04
2.870817404194271916e+01 3.172062149035735246e+00 9.706451489326350934e-01 2.442392378933141650e+00 2.378900000000000000e+04
2.673391946568530031e+01 4.017058465457979288e+00 -6.399647635765602693e+00 1.360122885118097535e+00 2.461800000000000000e+04
2.698987410851390933e+01 5.660840174937048275e+00 -5.747139574432878817e+00 1.529063796367363004e+00 2.191500000000000000e+04
2.666320744010909749e+01 1.034931549449426846e+01 1.406816849978101303e+00 1.932504531210787357e+00 2.086500000000000000e+04
3.092699884402133748e+01 -1.671978066712022537e+00 1.549336510174114112e+00 2.442392378933141650e+00 2.682900000000000000e+04
3.351918119166495558e+01 1.195676338910915604e+01 1.441199483200306908e+01 1.718988864126320459e+00 9.837000000000000000e+03
2.843317962380082875e+01 -2.973521490492065933e+00 3.425803179510626517e+00 2.172540986790120421e+00 2.608200000000000000e+04
3.454061209695643697e+01 8.035693899182321687e+00 5.511594159947883931e+00 1.529063796367363004e+00 6.000000000000000000e+00
5.203438145898650191e+01 -1.692320185006407129e+01 4.609074936243423082e+01 1.932504531210787357e+00 1.273500000000000000e+04
4.607516539840995051e+01 8.879253887648644650e+00 6.620117151210367012e+01 1.932504531210787357e+00 1.444000000000000000e+04
2.904770884077677451e+01 1.492526715683332483e+01 2.011695085899594559e+01 1.718988864126320459e+00 1.494800000000000000e+04
2.162823295874949636e+01 -3.495565173840490480e+00 3.096804841486365945e+01 1.718988864126320459e+00 2.322900000000000000e+04
-1.474967028302625849e+01 -8.202761288052700550e+00 6.093867028030192756e+00 2.745762021955798993e+00 1.898100000000000000e+04
-2.403847279347107069e+00 -2.415805038716274922e+01 5.465228282298853912e+01 1.718988864126320459e+00 6.120000000000000000e+02
9.576362934180595587e+00 1.794150586625843147e+01 2.289226553199722236e+00 1.529063796367363004e+00 2.578000000000000000e+03
2.764163841631466223e+00 1.766519025815712496e+01 8.924767337998387617e+00 1.932504531210787357e+00 1.158800000000000000e+04
-1.341899557767976781e+01 8.747244300345339951e+00 2.148521977666762695e+01 1.360122885118097535e+00 2.995000000000000000e+03
-1.589607067676525354e+01 1.118062785624652911e+01 1.845537418541070096e+01 1.718988864126320459e+00 2.243100000000000000e+04
-1.331065755371400705e+01 -2.057445894081952886e+00 2.257028545043446410e+00 1.360122885118097535e+00 1.035000000000000000e+03
8.028837032418372210e-01 1.865242037247569540e+00 1.865547188697155434e+01 1.718988864126320459e+00 4.052000000000000000e+04
-1.100790970543958025e+00 1.936696367074894098e+01 9.193238480076217911e+00 1.932504531210787357e+00 1.524400000000000000e+04
-3.330079704199634705e+01 -8.980975103235819823e-01 4.682839473481843839e+01 1.209847664313886240e+00 2.757000000000000000e+04
-1.903237906484035236e+01 1.744012565183444607e+01 1.022056019144635997e+01 1.529063796367363004e+00 3.850600000000000000e+04
-7.641769543571099632e+01 1.110103850216971644e+01 -8.297064498592334303e+00 1.529063796367363004e+00 1.878600000000000000e+04
-6.323135730727265980e+01 2.180650457210557747e+01 1.481508613332593427e+01 1.718988864126320459e+00 3.818300000000000000e+04
-3.630898170735193276e+01 1.839276295198327560e+01 -1.407428752479476408e+01 1.529063796367363004e+00 3.587000000000000000e+03
-4.680263056617562256e+01 2.058475192699391698e+01 -1.235476914720405262e+01 1.529063796367363004e+00 2.352500000000000000e+04
-3.221760660688128297e+01 6.446674336259385463e+00 -3.250648424642822931e+01 2.442392378933141650e+00 1.027400000000000000e+04
-1.766433361898381449e+01 8.118820006353425711e+00 -4.601937120781730073e+01 1.529063796367363004e+00 1.329700000000000000e+04
-8.992976772711260480e+01 -2.159767766527936672e+01 -6.696635538090254158e+01 1.718988864126320459e+00 8.598000000000000000e+03
-3.311641923901055407e+01 -4.786375592842451709e+01 4.415988556777173102e+01 1.360122885118097535e+00 3.377000000000000000e+03
-4.161080613413425766e+01 -6.799063914915482343e+00 -7.663990739381767980e+01 1.718988864126320459e+00 3.182600000000000000e+04
3.956209675376232582e+01 -8.657509913615261610e+01 -1.268158179706608593e+02 1.209847664313886240e+00 8.814000000000000000e+03
1.369626058687195780e+02 3.946061982407475455e+01 3.741550610014392930e+01 1.360122885118097535e+00 1.099000000000000000e+04
-6.191276377266375164e+01 4.329534027065868429e+01 -1.479747684786837425e+01 1.932504531210787357e+00 4.361600000000000000e+04
-4.101006486500821069e+01 4.782105250465327373e+01 -3.935031256815354794e+01 2.745762021955798993e+00 2.503800000000000000e+04
-4.187558562802595929e+01 3.973940773257391612e+01 -6.410912445592198594e+01 1.932504531210787357e+00 1.124200000000000000e+04
-1.425864743137665314e-01 4.833761468577593945e+01 -3.365716704553189942e+01 1.360122885118097535e+00 1.774000000000000000e+03
5.610258188927961243e+00 4.285604876682041464e+01 -2.051099817424457328e+01 1.718988864126320459e+00 2.058100000000000000e+04
3.284498535503161776e+01 4.559699047775731628e+01 3.630276602526776486e+01 1.209847664313886240e+00 1.112800000000000000e+04
-6.787177618861485939e+01 5.394303716896673961e+01 4.464000240040456902e+01 1.718988864126320459e+00 1.802600000000000000e+04
-6.980513385950108329e+01 4.313434031546073300e+01 2.615706150812524911e+01 1.209847664313886240e+00 1.827000000000000000e+04
-8.609514105333546752e+01 4.127100430069562265e+01 3.398417362016049736e+01 1.529063796367363004e+00 4.587800000000000000e+04
-8.455901272005587543e+01 4.056224119301894859e+01 3.352781413620647299e+01 1.718988864126320459e+00 4.552300000000000000e+04
-8.595826217574297345e+01 4.135553599253051971e+01 3.351409916050045013e+01 1.529063796367363004e+00 4.614100000000000000e+04
-9.070469384605108587e+01 4.402276864091768971e+01 3.362485116960026232e+01 1.209847664313886240e+00 4.639700000000000000e+04
-8.498045447576127742e+01 4.021847794344992622e+01 3.291913500925782898e+01 1.932504531210787357e+00 4.502600000000000000e+04
-8.331900216844663021e+01 3.433781586135635422e+01 3.500420346932861548e+01 1.718988864126320459e+00 4.415400000000000000e+04
-5.459004990332971374e+01 4.814745732081513552e+01 2.137648300393910716e+01 2.442392378933141650e+00 1.210600000000000000e+04
-4.198356273172977637e+01 4.370610136858796579e+01 3.514848115038751786e+01 1.209847664313886240e+00 2.013700000000000000e+04
-3.213961637676244720e+01 6.481634852189259277e+01 3.474584316628758529e+01 1.932504531210787357e+00 1.839000000000000000e+04
-9.911233771700617012e+01 1.750056522911070545e+02 -1.326598508287601064e+01 1.529063796367363004e+00 5.456000000000000000e+03
-1.297621005550920188e+02 1.253993178897535330e+02 5.818617653336276874e+01 2.172540986790120421e+00 4.590000000000000000e+03
-1.020434455147199060e+02 3.892824110018034389e+01 2.873622873499272856e+01 1.718988864126320459e+00 4.215000000000000000e+04
-1.208567629484111734e+02 3.695292681204652752e+01 -4.837651015267672960e+01 1.932504531210787357e+00 4.653700000000000000e+04
-1.050012284605435866e+02 -3.282701350969178122e+01 -8.076229818717706621e+01 1.529063796367363004e+00 1.311700000000000000e+04
-1.035548779585643047e+02 2.905097599027230970e+01 7.174629242074762203e+01 1.718988864126320459e+00 4.323200000000000000e+04
-1.041252603610649601e+02 2.857199567282740560e+01 7.131981793917306334e+01 1.718988864126320459e+00 4.280600000000000000e+04
