# star id 	 star_x_coords [pc] 	 star_y_coords [pc] 	 star_z_coords [pc] 
1.306400000000000000e+04 -8.050083758480361951e-01 8.997321543983716197e-01 2.866192864330606938e+00
1.260600000000000000e+04 -9.749004898232733751e-01 -7.651427065341209754e-02 1.979552841847018740e+00
1.264600000000000000e+04 2.617974931981770226e-02 -4.018778344598459284e-01 1.154633737663138149e+00
1.264500000000000000e+04 1.178288832059823932e-01 -1.526933243841170906e-01 1.470253055963697264e+00
1.211100000000000000e+04 -5.535688902657440735e-01 8.260474475369008474e-01 -3.128617955655954574e-02
1.211000000000000000e+04 -2.846256594321872058e-01 -1.135506366998807692e+00 2.026799768890157338e-01
1.260500000000000000e+04 1.184355522194029398e+00 -5.180206470038974942e-01 2.461845288981372448e-01
1.288700000000000000e+04 5.525653250945055106e-01 1.805130758772044430e-01 3.955591049701823181e-02
1.260400000000000000e+04 5.525653250945055106e-01 1.805130758772044430e-01 3.955591049701823181e-02
1.252300000000000000e+04 2.695186862412821682e-01 -3.484087285856567462e-01 6.607261798806245423e-01
1.252400000000000000e+04 4.220423090603624416e-01 1.035095876611272558e+00 -6.199941856183173172e-01
1.133600000000000000e+04 -4.573426097336454887e-01 2.788866229504840533e-01 -6.952695005635227687e-01
1.244200000000000000e+04 5.485557701182486312e-02 -9.596438295123270734e-01 -1.093231015050722732e+00
1.133500000000000000e+04 -7.899569163989461629e-02 1.072162234644764567e-01 -1.204974132934612641e+00
1.307900000000000000e+04 -6.475477934586972850e-01 -1.762285998601804238e+00 -2.134959817129804094e+00
1.244100000000000000e+04 2.508165478133754789e-01 -2.178865898531583412e-01 4.979109968961967780e-01
1.307800000000000000e+04 2.826159667613072912e-01 -7.375284086207400946e-02 4.115450151867499073e-01
1.155500000000000000e+04 2.826159667613072912e-01 -7.375284086207400946e-02 4.115450151867499073e-01
1.149900000000000000e+04 2.951329042845021178e-01 -4.067761910211302734e-01 2.622621848711919057e-01
1.147500000000000000e+04 -4.698090222984419029e-02 3.680819598266538151e-02 -3.503261011568170602e-02
1.237500000000000000e+04 -8.498901848394702085e-02 -8.281050419713764654e-02 -4.266378690697791853e-03
1.245400000000000000e+04 -8.498901848394702085e-02 -8.281050419713764654e-02 -4.266378690697791853e-03
1.251100000000000000e+04 -1.125261329559510415e-01 4.094562520952038653e-02 5.989893209485686043e-02
1.251000000000000000e+04 -1.208830580434039348e-01 3.875704792038092705e-02 1.640843767905586503e-01
1.243800000000000000e+04 -1.208830580434039348e-01 3.875704792038092705e-02 1.640843767905586503e-01
1.249500000000000000e+04 -9.720532982863261395e-02 -2.017533656934489272e-02 1.609456968725826442e-01
1.243900000000000000e+04 2.541575244268479139e-02 -2.654320195713779640e-01 2.078820566685948279e-01
1.235500000000000000e+04 2.541575244268479139e-02 -2.654320195713779640e-01 2.078820566685948279e-01
1.242500000000000000e+04 -2.364564621671636502e-01 6.142351767997666911e-02 -3.154660239591500215e-02
1.298500000000000000e+04 -2.607476933297725452e-02 1.975511070995601415e-01 -3.728330215572484008e-02
1.298600000000000000e+04 -2.607476933297725452e-02 1.975511070995601415e-01 -3.728330215572484008e-02
1.289000000000000000e+04 -2.667571661710432807e-02 1.836579388759140841e-01 -1.351587122276320940e-02
1.289100000000000000e+04 -6.654403421593002577e-02 1.265644275467465718e-01 1.204001566806489620e-02
1.288500000000000000e+04 5.081997295364892864e-02 1.026562370239361144e-01 5.473740674875493539e-02
1.289400000000000000e+04 5.081997295364892864e-02 1.026562370239361144e-01 5.473740674875493539e-02
1.289500000000000000e+04 1.325561473420027170e-01 -1.224928335581054739e-01 -3.264897257766286032e-02
1.238300000000000000e+04 1.747734460247798438e-01 -1.741010170851318151e-01 9.981299528683429401e-02
1.238400000000000000e+04 1.747734460247798438e-01 -1.741010170851318151e-01 9.981299528683429401e-02
1.288600000000000000e+04 1.140909831100849203e-01 -8.403403318021673840e-02 -3.393875910888333181e-02
1.268500000000000000e+04 1.140909831100849203e-01 -8.403403318021673840e-02 -3.393875910888333181e-02
1.154400000000000000e+04 1.140909831100849203e-01 -8.403403318021673840e-02 -3.393875910888333181e-02
1.238600000000000000e+04 3.224590547741712498e-01 -9.204404639542929090e-02 1.337554415942037167e-01
1.238500000000000000e+04 3.224590547741712498e-01 -9.204404639542929090e-02 1.337554415942037167e-01
1.301200000000000000e+04 5.176504419532790280e-02 9.038122178115060024e-03 7.086507962487509360e-02
1.301100000000000000e+04 5.176504419532790280e-02 9.038122178115060024e-03 7.086507962487509360e-02
1.301000000000000000e+04 2.474520818279906109e-01 3.075800745355223853e-01 -3.503051917966359952e-02
1.293400000000000000e+04 1.094116665688957823e-01 9.431941114579345253e-02 9.294268779157555116e-02
1.293300000000000000e+04 1.041421040290817501e-01 1.037771257669319880e-01 -5.060560750814779851e-02
1.279000000000000000e+04 1.041421040290817501e-01 1.037771257669319880e-01 -5.060560750814779851e-02
1.278900000000000000e+04 -1.765136961515523240e-02 3.798627084166739110e-02 -2.638686553290696679e-01
1.278800000000000000e+04 -1.765136961515523240e-02 3.798627084166739110e-02 -2.638686553290696679e-01
1.235400000000000000e+04 -1.171514015218235727e-01 -7.802418319475634689e-02 -1.749321485444355062e-01
1.265000000000000000e+04 -1.171514015218235727e-01 -7.802418319475634689e-02 -1.749321485444355062e-01
1.268600000000000000e+04 1.732503103250238041e-03 4.218112063333023798e-02 -1.733837209847841621e-01
1.244300000000000000e+04 1.732503103250238041e-03 4.218112063333023798e-02 -1.733837209847841621e-01
1.151800000000000000e+04 1.732503103250238041e-03 4.218112063333023798e-02 -1.733837209847841621e-01
2.787300000000000000e+04 -1.592049709995002615e-01 -3.778389230408762955e-02 -1.406984172515439724e-01
1.258900000000000000e+04 -1.592049709995002615e-01 -3.778389230408762955e-02 -1.406984172515439724e-01
1.264900000000000000e+04 -4.379787849102356745e-02 5.064526934713597939e-03 -1.255292501125762072e-01
1.150700000000000000e+04 -4.379787849102356745e-02 5.064526934713597939e-03 -1.255292501125762072e-01
1.233200000000000000e+04 4.635034250407876755e-02 -1.695481346759919461e-02 -1.251704479231054989e-01
1.233100000000000000e+04 4.635034250407876755e-02 -1.695481346759919461e-02 -1.251704479231054989e-01
1.305100000000000000e+04 -9.431124708324745143e-03 -1.505056854690884904e-01 -1.183401536029684564e-01
1.133700000000000000e+04 -9.431124708324745143e-03 -1.505056854690884904e-01 -1.183401536029684564e-01
1.253500000000000000e+04 2.665227886235399524e-02 -1.936107647886302630e-01 -8.968193996292761483e-02
1.137200000000000000e+04 2.665227886235399524e-02 -1.936107647886302630e-01 -8.968193996292761483e-02
1.236900000000000000e+04 -2.390827406156486035e-01 3.340221017897988531e-01 -2.677448541706795027e-01
1.250900000000000000e+04 -7.987947072759382650e-02 1.817256818614687575e-01 -2.659834373962297605e-01
1.272400000000000000e+04 -7.987947072759382650e-02 1.817256818614687575e-01 -2.659834373962297605e-01
2.700200000000000000e+04 -1.317528890833585820e-01 2.255748096486200893e-01 -1.915760889798043820e-01
1.253400000000000000e+04 -1.317528890833585820e-01 2.255748096486200893e-01 -1.915760889798043820e-01
1.252500000000000000e+04 -1.923072607481337570e-01 1.415183235025381236e-01 -1.619293862052977317e-01
1.304000000000000000e+04 -1.923072607481337570e-01 1.415183235025381236e-01 -1.619293862052977317e-01
1.303900000000000000e+04 -7.294621517511856723e-02 2.615229489936865548e-01 -1.067990394792932562e-01
1.308900000000000000e+04 -2.429318243568800995e-02 1.060546228310279560e-01 -1.066378591089911509e-01
1.248600000000000000e+04 -2.429318243568800995e-02 1.060546228310279560e-01 -1.066378591089911509e-01
1.466100000000000000e+04 -2.346426639471133058e-02 1.118122357137814049e-01 -1.060682914950632494e-01
1.264400000000000000e+04 -2.346426639471133058e-02 1.118122357137814049e-01 -1.060682914950632494e-01
1.240100000000000000e+04 -7.431066091558236053e-02 9.543355876200720900e-02 -8.763323338427575493e-02
1.306300000000000000e+04 -7.431066091558236053e-02 9.543355876200720900e-02 -8.763323338427575493e-02
1.265600000000000000e+04 -7.431066091558236053e-02 9.543355876200720900e-02 -8.763323338427575493e-02
1.132300000000000000e+04 1.212314230985871433e-01 2.043749810525596899e-02 -7.908292594884080984e-02
1.264300000000000000e+04 1.212314230985871433e-01 2.043749810525596899e-02 -7.908292594884080984e-02
1.132200000000000000e+04 7.001726812830888491e-02 1.600159820495328233e-01 -7.154885770321861571e-02
1.300500000000000000e+04 7.001726812830888491e-02 1.600159820495328233e-01 -7.154885770321861571e-02
1.304800000000000000e+04 7.001726812830888491e-02 1.600159820495328233e-01 -7.154885770321861571e-02
1.303800000000000000e+04 9.157207890234708714e-02 1.750296005100757668e-01 -5.622740767086220615e-02
1.300600000000000000e+04 9.157207890234708714e-02 1.750296005100757668e-01 -5.622740767086220615e-02
1.237600000000000000e+04 -3.832975527416984107e-01 -5.728355494616721444e-02 -4.333898466904493318e-01
