# star id 	 star_x_coords [pc] 	 star_y_coords [pc] 	 star_z_coords [pc] 
3.222500000000000000e+04 8.364328066094799397e-01 2.201610843725658739e-01 -4.231911590893316921e-01
3.980400000000000000e+04 1.501109913432586040e+00 3.738666437742690363e-01 -2.433669608744267188e-01
4.512400000000000000e+04 5.017700755474550078e-01 1.393960563056411139e+00 -6.233366545810664627e-01
3.985300000000000000e+04 -4.452320573863772779e-01 -3.434139814713672578e-01 9.876883139787573374e-02
3.210200000000000000e+04 -5.506719295857465113e-02 1.836253695594640689e-01 4.037301679836879931e-02
3.215900000000000000e+04 -7.291589493835388680e-01 -9.018804692148671975e-01 3.677594657902961695e-01
3.455600000000000000e+04 -8.061956803484164880e-01 -2.961605019321087440e-01 7.809031961482597595e-01
3.307400000000000000e+04 2.738135701181860782e-01 -3.049612924356068788e-01 -3.952573334242194258e-01
3.988600000000000000e+04 -1.460741964089997680e+00 -1.043448496342913145e+00 1.148058723197393105e+00
3.984600000000000000e+04 3.832694822018538616e-01 7.182510861738506946e-01 -7.507111251309491751e-01
