# star id 	 star_x_coords [pc] 	 star_y_coords [pc] 	 star_z_coords [pc] 
6.589100000000000000e+04 -2.850251828324630310e-01 7.834624641275134138e-02 4.537118561089332758e-01
2.193100000000000000e+04 -6.342541687387424076e-01 -2.559933169855881374e-01 1.954737317174710887e+00
6.592400000000000000e+04 -2.850251828324630310e-01 7.834624641275134138e-02 4.537118561089332758e-01
6.257900000000000000e+04 1.171775088600836234e+00 4.816649186906829527e-02 -1.493375389757893856e+00
3.177200000000000000e+04 1.171775088600836234e+00 4.816649186906829527e-02 -1.493375389757893856e+00
6.258000000000000000e+04 6.335848919548325853e-01 7.848202978468012958e-01 -5.368246606386670727e-01
6.592300000000000000e+04 6.335848919548325853e-01 7.848202978468012958e-01 -5.368246606386670727e-01
8.234000000000000000e+03 -1.818888768362594277e-01 -7.219183676433971186e-02 -6.313765223455991560e-01
8.235000000000000000e+03 -8.958594073182393203e-01 -6.266773638406704094e-01 9.309063088934426133e-01
6.262300000000000000e+04 -1.449253912376406106e+00 -1.034186753088018662e+00 1.088156598447749257e+00
