# star id 	 star_x_coords [pc] 	 star_y_coords [pc] 	 star_z_coords [pc] 
9.695000000000000000e+03 5.783389608260698367e-01 7.839378852575578094e-01 -9.520105169050481209e-01
9.681000000000000000e+03 5.329308975305337981e-01 1.995768694008148714e-02 -6.658152166749644607e-01
9.613000000000000000e+03 1.702465178398391288e-01 3.487970623268665804e-02 -1.340571836919934867e-03
9.685000000000000000e+03 1.702465178398391288e-01 3.487970623268665804e-02 -1.340571836919934867e-03
9.650000000000000000e+03 5.587631133403938577e-01 3.164880026475032082e-01 2.338690126618985232e-01
9.698000000000000000e+03 5.587631133403938577e-01 3.164880026475032082e-01 2.338690126618985232e-01
9.694000000000000000e+03 8.267595423343720995e-01 2.573191275634911790e-01 3.587401169358557240e-01
9.696000000000000000e+03 6.009282883840150191e-01 -4.148191408805956826e-02 5.193469786960918100e-01
9.678000000000000000e+03 5.043634407152204346e-01 -9.231259960050408608e-02 6.042000536169851443e-01
9.679000000000000000e+03 7.844130190395013358e-01 -4.384582885847976286e-04 1.327671427415388905e+00
9.674000000000000000e+03 1.840395656443302386e+00 1.124899465171225188e-01 1.944278265487973556e+00
9.581000000000000000e+03 -1.033046392147962678e+00 -5.296036484226718244e-01 -1.521718247169005167e+00
9.652000000000000000e+03 -1.033046392147962678e+00 -5.296036484226718244e-01 -1.521718247169005167e+00
9.666000000000000000e+03 -9.758993139711478193e-01 1.622828246818883713e-01 -9.247056398458184390e-01
9.638000000000000000e+03 -2.593491718000720425e+00 -4.865369227362990046e-01 1.799451848852129388e-02
9.582000000000000000e+03 -1.490665247096931267e+00 -3.587456976324574498e-01 3.486796197905377426e-01
