# star id 	 star_x_coords [pc] 	 star_y_coords [pc] 	 star_z_coords [pc] 
4.228400000000000000e+04 -1.254708957089547994e+00 1.200800901905211049e+00 5.772762723735462842e-01
4.227100000000000000e+04 8.820497422287303380e-01 7.812995232279291713e-01 -3.778125801674514506e-01
4.227500000000000000e+04 -1.100424582168770371e+00 4.130585861219557842e-01 7.928381237922579317e-01
4.216400000000000000e+04 9.099184578490451258e-01 -1.023797087863279387e+00 -9.594545686081916713e-01
4.227300000000000000e+04 -1.776429459138455513e-01 -1.079697529873158146e+00 -7.469932795642924006e-01
4.217900000000000000e+04 3.763290026798529198e-01 -2.149146584512564573e-01 -1.864646299956120856e-01
4.227700000000000000e+04 3.996924442921141463e-01 -1.137495110650519337e-01 1.691073490962597958e-01
4.227400000000000000e+04 3.996924442921141463e-01 -1.137495110650519337e-01 1.691073490962597958e-01
4.228300000000000000e+04 3.996924442921141463e-01 -1.137495110650519337e-01 1.691073490962597958e-01
4.142600000000000000e+04 -7.567389272634272857e-01 2.312422268030402961e-01 2.864057815184457567e-01
