# star id 	 star_x_coords [pc] 	 star_y_coords [pc] 	 star_z_coords [pc] 
3.558000000000000000e+04 5.187409757147563028e-01 1.875488354104803967e-01 -1.221428340236489163e+00
3.329700000000000000e+04 -1.801298631362753255e-01 3.747287377794674690e-01 -5.071696802058696107e-01
1.010200000000000000e+04 -1.801298631362753255e-01 3.747287377794674690e-01 -5.071696802058696107e-01
3.772600000000000000e+04 -1.801298631362753255e-01 3.747287377794674690e-01 -5.071696802058696107e-01
3.557600000000000000e+04 -9.713188992411403433e-02 5.714087435348602639e-02 2.957490072919632951e-01
3.557700000000000000e+04 -9.713188992411403433e-02 5.714087435348602639e-02 2.957490072919632951e-01
3.268100000000000000e+04 -9.713188992411403433e-02 5.714087435348602639e-02 2.957490072919632951e-01
3.557800000000000000e+04 -9.713188992411403433e-02 5.714087435348602639e-02 2.957490072919632951e-01
3.268000000000000000e+04 -9.713188992411403433e-02 5.714087435348602639e-02 2.957490072919632951e-01
3.267900000000000000e+04 -1.044947670821714691e+00 2.849571620680362294e-01 -2.928394170562711452e-01
3.557900000000000000e+04 7.290532645495479969e-01 -1.245157903574852121e+00 2.988168197455820518e-01
3.416200000000000000e+04 7.248426421549121201e-01 -5.093282420126312715e-01 1.034929135656266652e+00
