# star id 	 star_x_coords [pc] 	 star_y_coords [pc] 	 star_z_coords [pc] 
5.460000000000000000e+02 -5.208076153750482717e-01 4.755475890217599755e-01 8.669755545506241390e-02
4.790000000000000000e+02 -8.350939232692624614e-01 4.945398474457116667e-01 1.697177449258591153e-01
5.540000000000000000e+02 -1.045741292349433138e+00 4.236445194950233528e-01 3.025785824427926762e-01
4.720000000000000000e+02 -6.231430876209884673e-01 5.919039472500280397e-01 3.986324522687980654e-01
5.150000000000000000e+02 2.036151061598303613e-01 -3.073658089849038433e-01 8.267194253706211526e-02
5.830000000000000000e+02 -1.525790464313203643e-01 -7.114413208260161881e-02 6.347684474374748476e-02
5.450000000000000000e+02 -1.404832110091760455e-01 -2.596093375127406233e-02 6.178694836909981447e-02
5.440000000000000000e+02 -1.404832110091760455e-01 -2.596093375127406233e-02 6.178694836909981447e-02
5.720000000000000000e+02 -1.022517890631391424e-01 -9.646232074990823691e-03 1.377687673116190226e-01
4.020000000000000000e+02 -1.022517890631391424e-01 -9.646232074990823691e-03 1.377687673116190226e-01
4.030000000000000000e+02 -1.114064298991621627e-01 -6.365280961930386283e-02 1.776188114994692313e-01
4.930000000000000000e+02 1.077198538539647643e-02 -1.772580663328433559e-01 3.462652012687650327e-02
5.930000000000000000e+02 -2.348843777385667408e-02 -1.377523548108050555e-01 -3.956702978597892439e-02
4.630000000000000000e+02 -1.146813969510418474e-02 -1.122612889605334452e-01 -4.570661529393493794e-02
4.620000000000000000e+02 7.372547155748776504e-02 -1.993834123393911639e-02 -4.955119497885407398e-02
5.570000000000000000e+02 7.013747534597314370e-02 -6.162306639048464874e-02 -4.916390855793695280e-02
5.880000000000000000e+02 7.013747534597314370e-02 -6.162306639048464874e-02 -4.916390855793695280e-02
4.410000000000000000e+02 7.013747534597314370e-02 -6.162306639048464874e-02 -4.916390855793695280e-02
5.080000000000000000e+02 6.668328869547224258e-02 -1.267017751771515321e-02 -3.226007931407792739e-02
4.010000000000000000e+02 1.175746306224070281e-01 -4.914712401273257925e-02 -2.180173460636769533e-02
4.540000000000000000e+02 1.632047464132639902e-01 -3.688472417000498993e-02 -9.087804844580382735e-03
4.550000000000000000e+02 1.632047464132639902e-01 -3.688472417000498993e-02 -9.087804844580382735e-03
4.640000000000000000e+02 1.410122782742462277e-02 -3.994637147830504276e-02 -1.736372700014587878e-02
4.350000000000000000e+02 -3.891795373101558653e-02 -1.712312673804117225e-02 -3.066491298436169188e-02
5.100000000000000000e+02 2.438048261209502243e-02 4.204549249378075615e-04 2.624623056335728677e-02
4.710000000000000000e+02 2.438048261209502243e-02 4.204549249378075615e-04 2.624623056335728677e-02
5.120000000000000000e+02 3.766630164131612446e-02 -4.825702146642774082e-02 4.182263331483149216e-02
5.340000000000000000e+02 3.766630164131612446e-02 -4.825702146642774082e-02 4.182263331483149216e-02
5.480000000000000000e+02 6.288767351079371792e-02 -4.234102752665647174e-02 6.796789692430138530e-02
4.240000000000000000e+02 6.288767351079371792e-02 -4.234102752665647174e-02 6.796789692430138530e-02
4.250000000000000000e+02 -2.848862170846189201e-02 -2.015638608867931225e-02 6.331108792918138661e-02
4.600000000000000000e+02 -2.848862170846189201e-02 -2.015638608867931225e-02 6.331108792918138661e-02
5.710000000000000000e+02 -6.067002783964881019e-04 -1.605812667218780021e-01 6.556150105472058343e-02
4.470000000000000000e+02 -1.201896130470458957e-02 -5.067165799001127624e-03 8.485960072859954906e-02
5.130000000000000000e+02 -1.201896130470458957e-02 -5.067165799001127624e-03 8.485960072859954906e-02
5.390000000000000000e+02 9.351461735669630571e-02 -1.754328782815077759e-01 -5.728497928852549492e-02
5.270000000000000000e+02 1.459565930155690694e-01 -9.185045160880234150e-02 1.016651904138026197e-01
5.640000000000000000e+02 4.704815388947736210e-03 -9.775126198798433919e-02 1.282238943949156607e-01
4.860000000000000000e+02 -1.167855471683623136e-01 4.601347139497979910e-02 1.458446188116475639e-01
6.080000000000000000e+02 7.141723580144798689e-02 7.362202682915341967e-02 4.256072434106217273e-02
5.610000000000000000e+02 7.141723580144798689e-02 7.362202682915341967e-02 4.256072434106217273e-02
4.330000000000000000e+02 4.959074093546433915e-02 1.205312200538490863e-01 -6.612838279736843461e-02
4.320000000000000000e+02 1.836229161879430194e-01 2.053925116189216915e-01 1.199135923660761271e-01
5.060000000000000000e+02 5.564651829615030465e-02 3.982119933158401182e-02 8.636218074178048099e-02
5.070000000000000000e+02 5.564651829615030465e-02 3.982119933158401182e-02 8.636218074178048099e-02
5.360000000000000000e+02 3.508023239139390625e-02 8.131664701885421564e-02 2.199286497651673500e-01
5.760000000000000000e+02 1.354070540187990446e-02 1.339855254047841449e-01 2.645511794197195066e-01
5.030000000000000000e+02 -1.479734712809772645e-01 1.379645695570337338e-01 -2.071185559161792256e-01
5.010000000000000000e+02 1.327773980998401271e-01 -3.691318870676694175e-01 -1.733908292731962675e-01
4.850000000000000000e+02 5.947822916222378353e-02 -3.264074255235267508e-01 -1.620826253546021611e-01
4.150000000000000000e+02 1.545901058852621190e-01 -5.092389697032793094e-01 -1.174508483403173820e-01
4.130000000000000000e+02 1.480423502088399346e-01 5.397388991754370480e-02 -1.370589113822204830e-01
4.140000000000000000e+02 1.480423502088399346e-01 5.397388991754370480e-02 -1.370589113822204830e-01
5.370000000000000000e+02 6.024820631053984243e-02 4.359381979852861022e-02 -1.255766641109228310e-01
3.960000000000000000e+02 1.599515182432469373e-01 1.487815648489245746e-01 -1.036233658144389835e-01
5.260000000000000000e+02 -6.318656949009238133e-02 3.110810206055925065e-02 -2.305541610191568225e-01
4.990000000000000000e+02 1.244162671899573525e-01 1.834575058179765961e-01 -1.020945173257561400e-01
4.980000000000000000e+02 2.172457923038138006e-01 -1.615277115885804804e-01 -2.358181894010953350e-01
4.650000000000000000e+02 2.437353220309148583e-01 -2.095648257937785530e-01 -1.171333356229116163e-01
5.230000000000000000e+02 1.552221214335816057e-01 -2.346680276984214331e-01 -1.449098983866625723e-01
5.380000000000000000e+02 1.552221214335816057e-01 -2.346680276984214331e-01 -1.449098983866625723e-01
4.900000000000000000e+02 -3.061124066101683638e-02 -1.495478938908956223e-01 -2.572122072467961651e-01
5.300000000000000000e+02 6.694199655186849895e-02 -8.050368585706335622e-02 -1.595989876828141085e-01
5.290000000000000000e+02 6.694199655186849895e-02 -8.050368585706335622e-02 -1.595989876828141085e-01
5.650000000000000000e+02 6.045818645441158878e-02 5.404632990427149508e-03 -1.391395203773146960e-01
5.960000000000000000e+02 6.045818645441158878e-02 5.404632990427149508e-03 -1.391395203773146960e-01
4.670000000000000000e+02 2.853026566457828039e-02 -1.069817945751476707e-01 -1.033320333575056260e-01
5.500000000000000000e+02 2.207376447084783422e-01 3.683271811345889546e-01 1.347489135502266677e-01
5.490000000000000000e+02 1.249683792667894977e-01 3.319833895522075196e-01 1.175070567739666672e-02
5.140000000000000000e+02 -1.530144337737624483e-01 3.935398068191930943e-01 -1.107827879985188169e-01
