# star id 	 star_x_coords [pc] 	 star_y_coords [pc] 	 star_z_coords [pc] 
6.570000000000000000e+03 -7.313239891675493709e-02 2.029774528878965256e+00 1.022558782808708600e+00
6.328000000000000000e+03 -2.074032092107451319e+00 8.223658172088565976e-02 -9.428293504897311550e-02
6.584000000000000000e+03 -1.257089191378966575e+00 1.494084776796260172e+00 8.049973187370014216e-01
6.297000000000000000e+03 4.268323927034671783e-01 3.111319770776317384e-01 6.783320855889058976e-01
6.365000000000000000e+03 -7.064008129188295015e-01 -6.791115097411726254e-02 9.178876223745149332e-01
6.456000000000000000e+03 -4.133811638855107162e-01 2.299772706040048575e-02 9.820967256265689116e-01
6.359000000000000000e+03 -1.390808317708959407e+00 3.045718683524398784e-01 5.263499284573711634e-01
6.460000000000000000e+03 -1.390808317708959407e+00 3.045718683524398784e-01 5.263499284573711634e-01
6.424000000000000000e+03 -7.240517061677564925e-01 -4.498048281643542978e-01 2.635636155643084066e-02
6.461000000000000000e+03 2.642915021198888326e-02 6.844960988139821012e-01 1.197926308145298435e-01
6.394000000000000000e+03 5.408470010079469148e-02 5.989239204487439849e-01 4.557540153030004149e-01
6.418000000000000000e+03 3.769729547547413517e-01 6.551234530938465639e-01 3.047184326303593593e-01
6.298000000000000000e+03 4.580280742366937830e-02 3.845287649446893496e-01 4.233510254366734671e-02
6.475000000000000000e+03 7.721470565993087121e-01 6.560317798031229941e-01 4.079552386412430565e-01
6.340000000000000000e+03 8.436161050330639455e-01 -2.968885253555075820e-01 1.445501695419174837e+00
6.516000000000000000e+03 9.988981775178302769e-01 -1.272772249056788318e+00 9.545049749947338569e-01
6.734000000000000000e+03 -1.820069422311739515e+00 1.210703435367170400e+00 -4.452791121226695736e-01
1.742300000000000000e+04 -4.367784408655737138e-01 -1.530113435096263075e-01 -3.813442258415662423e-01
1.742400000000000000e+04 -5.801223947814477810e-01 2.724510158700264029e-01 -3.216054755385187036e-01
6.322000000000000000e+03 3.301794479613207045e-01 4.924951968006654468e-01 -8.156115900884230996e-02
6.423000000000000000e+03 -5.091833728896304478e-01 6.389722261316341800e-01 -5.407805961858329624e-01
6.425000000000000000e+03 7.803978933119637418e-01 -1.763744736100472110e-01 -1.051325749871807602e-01
6.721000000000000000e+03 -3.157772589107281647e-01 -1.353752938041727027e+00 -4.314001389533785868e-01
6.458000000000000000e+03 -1.084449806510150438e-01 -3.916478487628962668e-01 -1.082847442080158373e+00
6.489000000000000000e+03 -7.520525815510836765e-02 4.164250379607477015e-01 -9.015631834368420527e-01
6.490000000000000000e+03 -2.984911797057065996e-01 3.437465366857352933e-01 -6.681804586457644746e-01
6.368000000000000000e+03 -1.564434536327681258e-01 -1.109402301326897877e+00 -8.907629423236400612e-01
6.504000000000000000e+03 1.231460544289944892e+00 -1.196957402369128509e+00 7.874548802130050262e-01
6.569000000000000000e+03 9.163658886497643152e-01 5.988420524784254795e-01 -1.806112538239851517e+00
6.381000000000000000e+03 9.163658886497643152e-01 5.988420524784254795e-01 -1.806112538239851517e+00
6.382000000000000000e+03 -3.714090001470964353e-01 4.367298371394134904e-02 2.418138040224846463e-01
6.379000000000000000e+03 -4.226318372353290442e-01 -1.195809860871879238e-01 4.567520640236537588e-01
6.420000000000000000e+03 -1.386486743865447124e-01 -3.478054842331710361e-01 3.530392623078384418e-01
6.547000000000000000e+03 2.521173602873929553e-01 7.528644089813241180e-02 4.233398916018131786e-01
6.562000000000000000e+03 8.234868434335851362e-03 -2.542786350544901097e-01 4.106532052402300792e-01
6.242000000000000000e+03 1.343542919530946733e-01 6.896531468771716078e-02 -1.702800184859398769e-02
6.437000000000000000e+03 1.152813809047970040e-01 -1.106127012135793564e-01 9.942396695672783835e-02
6.303000000000000000e+03 8.734056384883359669e-02 -1.117275947950524539e-02 -5.343909402412094778e-02
6.367000000000000000e+03 1.158294028991093683e-01 -2.348447980265824242e-01 1.404937137040533912e-01
6.277000000000000000e+03 7.856566231964734470e-03 2.215834776212348700e-01 -2.295771010810909729e-02
6.435000000000000000e+03 1.469059095076161725e-01 -2.748717530791315866e-01 1.379964510541000777e-01
6.377000000000000000e+03 2.546285224619637688e-01 -6.290164060808489666e-02 1.205914576671816008e-01
6.319000000000000000e+03 2.546285224619637688e-01 -6.290164060808489666e-02 1.205914576671816008e-01
6.482000000000000000e+03 7.232569853797343740e-02 -5.514896889295606286e-02 2.071578013402657348e-01
6.496000000000000000e+03 7.232569853797343740e-02 -5.514896889295606286e-02 2.071578013402657348e-01
6.263000000000000000e+03 -5.252801789023919810e-02 1.745845302082491557e-01 5.625124140969006703e-02
6.550000000000000000e+03 -5.252801789023919810e-02 1.745845302082491557e-01 5.625124140969006703e-02
6.360000000000000000e+03 4.666210190350028597e-02 8.598878238961837894e-02 7.910448650180512686e-02
6.608000000000000000e+03 4.666210190350028597e-02 8.598878238961837894e-02 7.910448650180512686e-02
6.732000000000000000e+03 -5.990895501632564901e-02 2.979663485722650051e-02 5.791959921832301461e-02
6.457000000000000000e+03 -5.990895501632564901e-02 2.979663485722650051e-02 5.791959921832301461e-02
6.417000000000000000e+03 -2.773138080673760442e-01 1.764536826699760752e-01 4.313278606886754574e-01
6.373000000000000000e+03 -3.229424640487366105e-03 1.480067959798869737e-02 1.014640358062379732e-01
6.428000000000000000e+03 -3.229424640487366105e-03 1.480067959798869737e-02 1.014640358062379732e-01
6.502000000000000000e+03 -6.158152271422778767e-02 1.120902926887339390e-01 9.477510987669290898e-02
6.501000000000000000e+03 -1.041427799417959932e-01 -2.627426722456771557e-02 2.597124818590756945e-01
6.261000000000000000e+03 -1.041427799417959932e-01 -2.627426722456771557e-02 2.597124818590756945e-01
6.392000000000000000e+03 -2.093893515069638056e-01 -1.294909776352861641e-01 -1.135800090622751668e-03
6.391000000000000000e+03 -2.093893515069638056e-01 -1.294909776352861641e-01 -1.135800090622751668e-03
6.253000000000000000e+03 -1.002653931381800589e-01 1.995003649206958940e-01 5.585675434746661949e-02
6.644000000000000000e+03 -1.921064789229447456e-01 -1.228671400069138997e-01 1.585694159163821837e-01
6.645000000000000000e+03 -1.921064789229447456e-01 -1.228671400069138997e-01 1.585694159163821837e-01
6.314000000000000000e+03 -2.812911984198294135e-01 -1.631264329206105756e-01 2.373484996845647288e-01
6.315000000000000000e+03 5.275625600603461862e-03 -2.160186034675302125e-01 1.127923384975204613e-01
6.254000000000000000e+03 5.275625600603461862e-03 -2.160186034675302125e-01 1.127923384975204613e-01
6.727000000000000000e+03 -1.354539507914864771e-03 -5.441886751602087458e-02 7.204234651864283023e-02
6.400000000000000000e+03 2.254556209989999616e-02 -1.471661086363278415e-01 -2.697115910264358263e-02
6.323000000000000000e+03 2.254556209989999616e-02 -1.471661086363278415e-01 -2.697115910264358263e-02
6.324000000000000000e+03 4.008378550169311438e-02 -5.215597484695688735e-02 6.018435597204785381e-02
6.522000000000000000e+03 4.008378550169311438e-02 -5.215597484695688735e-02 6.018435597204785381e-02
6.272000000000000000e+03 2.282599724411440434e-01 -3.484439253809439307e-01 7.330845596308677159e-02
6.427000000000000000e+03 -1.166902512743135389e-01 -2.185951330326751929e-01 2.752934268303164345e-01
6.646000000000000000e+03 -3.537023727436192644e-01 -2.343109973818542358e-01 -9.267526095925404661e-03
6.408000000000000000e+03 -5.546457863052580706e-01 -2.285017426567428345e-01 2.544887825834507566e-01
6.309000000000000000e+03 1.067293250303578134e-01 5.477381606789268886e-01 1.867923536971574094e-01
6.349000000000000000e+03 -3.033780453947727551e-01 -1.905714424123772233e-01 9.331929173369246655e-02
6.587000000000000000e+03 -4.938213285280568243e-02 -1.772998462862842572e-01 -1.266345372875576913e-02
6.762000000000000000e+03 -4.938213285280568243e-02 -1.772998462862842572e-01 -1.266345372875576913e-02
6.761000000000000000e+03 -4.211758938241416672e-02 -1.035501838782861839e-01 2.517016170742181203e-04
6.586000000000000000e+03 -1.011236465563811748e-01 -2.754670304336714892e-01 2.493747663168690565e-01
6.274000000000000000e+03 -2.755271940032599787e-02 -1.637185652863974994e-01 1.601807990762011968e-01
6.426000000000000000e+03 -2.755271940032599787e-02 -1.637185652863974994e-01 1.601807990762011968e-01
6.273000000000000000e+03 -5.189351103094708151e-02 -8.952553010867170258e-02 1.342621766468283795e-01
6.558000000000000000e+03 -5.189351103094708151e-02 -8.952553010867170258e-02 1.342621766468283795e-01
6.559000000000000000e+03 -3.705907678591202625e-01 -3.327817209124397380e-01 2.370690564737500949e-01
6.609000000000000000e+03 -1.490706417877518675e-01 7.192746208630662608e-02 1.533260934575579881e-01
6.572000000000000000e+03 -1.490706417877518675e-01 7.192746208630662608e-02 1.533260934575579881e-01
6.571000000000000000e+03 -2.093851904583416967e-01 4.691365306771633215e-01 3.413764827840282123e-03
6.719000000000000000e+03 -9.885772460437891596e-02 1.714571342625825778e-01 -5.609276603451007759e-04
6.720000000000000000e+03 -8.426590505144559984e-02 3.559958826682407818e-02 -6.850505043023957796e-02
6.471000000000000000e+03 8.776631532042244999e-02 3.712581008485926759e-04 -1.559313639213684155e-01
6.470000000000000000e+03 -1.398112471846886251e-01 -1.035087956172020540e-03 9.865849826542927303e-02
6.407000000000000000e+03 -3.112136107337875046e-01 8.729884114768537984e-02 -1.022803399742500119e-01
6.266000000000000000e+03 3.527677016784025454e-03 -7.024686882599961990e-02 1.578845924349394636e-01
6.246000000000000000e+03 3.527677016784025454e-03 -7.024686882599961990e-02 1.578845924349394636e-01
6.245000000000000000e+03 -6.719330162444236976e-02 -2.330472979907289854e-01 -4.549776194001253771e-02
6.329000000000000000e+03 -6.519657565053904591e-02 -5.522000528710702127e-02 3.169243153023870718e-02
6.248000000000000000e+03 -6.519657565053904591e-02 -5.522000528710702127e-02 3.169243153023870718e-02
6.364000000000000000e+03 -2.560119552856434666e-01 -3.373901856151935164e-01 -1.783511009796256985e-02
6.607000000000000000e+03 -1.134992671589834856e+00 7.551041799651869724e-02 -5.848309751509361831e-02
6.487000000000000000e+03 -2.121649651397135017e-01 2.044900709861314780e-01 3.874650292235770621e-02
6.406000000000000000e+03 -3.053232523363291762e-01 3.661553871338876220e-01 -2.173567590757201629e-01
6.305000000000000000e+03 1.007439311662210457e-01 2.412178621918226185e-01 3.096009801948440554e-02
1.507500000000000000e+04 1.726055950188580823e-01 5.148210562237665044e-02 -1.519751584899253771e-01
6.627000000000000000e+03 1.726055950188580823e-01 5.148210562237665044e-02 -1.519751584899253771e-01
6.537000000000000000e+03 1.866181296216922192e-01 1.800769786282030438e-01 -1.191922306384682884e-01
6.536000000000000000e+03 1.603657793475647964e-01 -1.461563925354703031e-02 -9.946460694854408757e-02
6.438000000000000000e+03 3.951696363792933653e-02 -6.826322604019363638e-02 1.804487115699515698e-02
6.604000000000000000e+03 1.405882800548923228e-01 -2.874381630701527968e-03 8.993881626281563513e-03
6.603000000000000000e+03 1.405882800548923228e-01 -2.874381630701527968e-03 8.993881626281563513e-03
6.678000000000000000e+03 1.609674170334045584e-01 1.601139075559867564e-01 -5.695615401819509316e-02
6.641000000000000000e+03 1.609674170334045584e-01 1.601139075559867564e-01 -5.695615401819509316e-02
6.317000000000000000e+03 9.632003087340024194e-03 1.761507648421440919e-01 -2.025719646060153423e-01
6.414000000000000000e+03 9.632003087340024194e-03 1.761507648421440919e-01 -2.025719646060153423e-01
6.622000000000000000e+03 6.780806144764994770e-02 1.329838926139785826e-01 -1.492258728726625350e-01
6.549000000000000000e+03 -5.716886975578461261e-02 6.219523595446485587e-02 3.551637707320765003e-02
6.280000000000000000e+03 1.067864502711657337e-01 -1.158507035305902377e-01 3.046034881066361777e-03
6.479000000000000000e+03 1.396294564782181169e-01 -1.484122547573534234e-01 4.111358955141497518e-02
6.548000000000000000e+03 1.148795878051984687e-01 1.006813724058197579e-01 -1.330264247845889258e-01
6.376000000000000000e+03 1.148795878051984687e-01 1.006813724058197579e-01 -1.330264247845889258e-01
6.288000000000000000e+03 -1.611372199776965886e-01 -3.185302113640808841e-02 -1.306995093845131350e-02
6.448000000000000000e+03 -1.611372199776965886e-01 -3.185302113640808841e-02 -1.306995093845131350e-02
6.267000000000000000e+03 4.070593887539786238e-02 -2.296165673274295216e-01 6.164138902612847914e-02
6.770000000000000000e+03 9.642317740723882480e-02 6.441508226982861629e-03 -4.840255530262282946e-02
6.434000000000000000e+03 9.642317740723882480e-02 6.441508226982861629e-03 -4.840255530262282946e-02
6.528000000000000000e+03 9.642317740723882480e-02 6.441508226982861629e-03 -4.840255530262282946e-02
6.399000000000000000e+03 -5.107525115604971688e-03 1.259862510648979139e-01 1.074190783185002829e-02
6.281000000000000000e+03 -5.107525115604971688e-03 1.259862510648979139e-01 1.074190783185002829e-02
6.369000000000000000e+03 -5.107525115604971688e-03 1.259862510648979139e-01 1.074190783185002829e-02
6.755000000000000000e+03 1.351436280216091745e-01 -3.435769956877896547e-01 3.908633372468273137e-03
6.756000000000000000e+03 1.060423028476762397e-01 -3.300509348527933540e-01 -8.953113613193863785e-02
6.534000000000000000e+03 1.060423028476762397e-01 -3.300509348527933540e-01 -8.953113613193863785e-02
6.726000000000000000e+03 6.196941279363699095e-02 -1.970629088072355373e-01 -1.058962354117056748e-01
6.397000000000000000e+03 1.295354729129059024e-01 1.947113337324832827e-01 -1.724992239809495231e-01
6.402000000000000000e+03 3.057198997180350375e-01 2.800713436791442135e-01 -2.059924119875446991e-01
6.401000000000000000e+03 5.792092034474194406e-02 1.564810615071197120e-01 3.501660159344055501e-05
6.251000000000000000e+03 5.792092034474194406e-02 1.564810615071197120e-01 3.501660159344055501e-05
6.503000000000000000e+03 2.588178117372805787e-01 -5.380521534995210686e-01 -1.119077364337073277e-02
6.268000000000000000e+03 5.475264913897603947e-02 -7.177540996333657830e-01 3.325361319227937429e-02
6.453000000000000000e+03 3.974694851685995900e-01 -6.845563675923074243e-01 7.357241116541501924e-02
6.335000000000000000e+03 4.044398570661655867e-01 -1.775775978188764981e-02 3.168695556350087372e-02
6.269000000000000000e+03 4.044398570661655867e-01 -1.775775978188764981e-02 3.168695556350087372e-02
6.759000000000000000e+03 5.319390003496664576e-01 -1.684410304637662392e-02 1.665826972495736413e-01
6.579000000000000000e+03 3.458144635979536474e-01 -3.939698275665719507e-01 4.368193394754626979e-02
6.270000000000000000e+03 3.458144635979536474e-01 -3.939698275665719507e-01 4.368193394754626979e-02
6.748000000000000000e+03 3.458144635979536474e-01 -3.939698275665719507e-01 4.368193394754626979e-02
6.749000000000000000e+03 5.779587401934236368e-01 -4.042323398516431965e-01 3.315403700791250685e-01
6.255000000000000000e+03 5.779587401934236368e-01 -4.042323398516431965e-01 3.315403700791250685e-01
4.210900000000000000e+04 4.225934990654138801e-01 2.933460603736683936e-01 5.643103648340286327e-01
6.372000000000000000e+03 1.267449701510230398e-01 -1.269435553509659087e-01 -3.017633734439542081e-01
6.585000000000000000e+03 1.788623922838610270e-01 -1.156472145018483388e-01 -7.340830477257043185e-02
6.730000000000000000e+03 4.254209750686257507e-01 2.185647977561071542e-01 2.752457370490191124e-02
6.527000000000000000e+03 2.787061351076758342e-01 2.451348692253549899e-01 -3.429179256657732822e-02
6.295000000000000000e+03 -2.133040804732146967e-01 -2.957635810773595608e-01 -4.714337499975584933e-01
6.296000000000000000e+03 1.984657304836829894e-01 -6.608661243567901522e-01 -4.593037260639007968e-01
6.478000000000000000e+03 9.615871719624635716e-03 -6.163197501117707588e-01 -2.670757743522571559e-01
6.480000000000000000e+03 9.615871719624635716e-03 -6.163197501117707588e-01 -2.670757743522571559e-01
6.409000000000000000e+03 3.699067016601276237e-02 2.445241585173336674e-01 -3.767493362219980213e-01
6.410000000000000000e+03 2.369516622694760599e-01 1.439959343873189468e-01 -4.723716721034065813e-01
6.383000000000000000e+03 2.389198106509908826e-01 -1.793368812013653724e-01 -3.718684956662201557e-01
6.543000000000000000e+03 2.389198106509908826e-01 -1.793368812013653724e-01 -3.718684956662201557e-01
6.544000000000000000e+03 1.473833521166838523e-01 5.155486033617817654e-01 -4.730302018741099346e-01
6.731000000000000000e+03 2.100526234648825152e-01 1.970438013556483625e-01 -3.777134122031640118e-01
6.714000000000000000e+03 2.602414892464679497e-01 2.104712474023253677e-01 -3.469538264427640684e-01
6.578000000000000000e+03 7.289391120041557315e-01 1.342139634769461409e+00 -2.962482943238327948e+00
