# star id 	 star_x_coords [pc] 	 star_y_coords [pc] 	 star_z_coords [pc] 
3.812300000000000000e+04 -8.289645253434327898e-01 3.559418504229086011e-01 -3.172615170253436645e-01
3.804900000000000000e+04 8.990428596832007457e-01 -1.065596515067838368e+00 -6.726057309291846309e-01
3.800400000000000000e+04 9.266833305985393565e-01 -1.030496939214046392e+00 -1.611177445127829344e-01
3.816200000000000000e+04 5.755060099145659080e-01 -5.464715566779005940e-01 -1.234126322225872485e-01
3.799600000000000000e+04 2.435743432278041354e-01 -7.396715820259913698e-01 -1.421844802076048353e+00
3.806900000000000000e+04 -9.490723585757789849e-01 -5.382114746965669383e-01 -3.523626969661108888e-02
3.800900000000000000e+04 -9.568630689990857974e-01 8.978621463280660464e-01 -1.016571671828534917e+00
3.800100000000000000e+04 -9.490723585757789849e-01 -5.382114746965669383e-01 -3.523626969661108888e-02
3.810800000000000000e+04 5.302072599839657840e-01 2.155185605648739511e-01 -4.380153062404499309e-01
3.806100000000000000e+04 -9.047879320203122688e-02 9.055770677356633769e-02 2.713834892510647023e-03
3.799800000000000000e+04 1.819262560319003796e-01 -7.444337042873172550e-01 1.966849595243753690e+00
3.815100000000000000e+04 -1.065471734757483802e-01 8.349018165993697949e-01 6.131545125869948265e-01
3.806200000000000000e+04 8.753000805674719942e-01 1.350868351760396990e+00 -7.441895022753826083e-01
3.799700000000000000e+04 -8.289645253434327898e-01 3.559418504229086011e-01 -3.172615170253436645e-01
3.807000000000000000e+04 6.880828026507579409e-02 4.742356213121325936e-01 8.136143484901801060e-01
3.806500000000000000e+04 7.751797146338645916e-02 8.573530390028167858e-01 7.683934783621104714e-01
3.805800000000000000e+04 3.313964114882939072e-01 -2.300876977962644787e-01 1.118027191501977491e+00
