# star id 	 star_x_coords [pc] 	 star_y_coords [pc] 	 star_z_coords [pc] 
3.874300000000000000e+04 2.299573215495132494e+00 7.713136544961969321e-01 1.305511176606017898e+00
3.861000000000000000e+04 1.960338464769552758e+00 1.197263706321614052e+00 1.513822051852869777e+00
3.865200000000000000e+04 1.917520722337619610e+00 1.577355059311635443e+00 1.828825280312379675e+00
3.865500000000000000e+04 1.353629183744340381e-01 1.151922234494335839e-01 1.547973799533345129e+00
3.863500000000000000e+04 2.182679097332747453e+00 -1.719734040482478576e+00 2.246225940985205227e+00
3.872600000000000000e+04 1.377016185762547806e+00 -1.681394454555018569e+00 1.256630471487746092e+00
4.291500000000000000e+04 1.112437727230926043e+00 -1.933884388930216858e+00 1.234710727022012122e+00
3.869800000000000000e+04 3.632311153727920683e-01 2.177906721081050989e+00 1.292201861824871401e+00
3.916300000000000000e+04 4.697137486678766294e-01 1.394201255264007955e+00 1.561642977196896709e+00
3.902400000000000000e+04 -2.803925193895862478e+00 -1.148979281241814476e+00 -1.903916207059594967e-01
3.907900000000000000e+04 -2.930611661220172692e+00 2.665307600958115586e-01 1.577182755675892167e-01
3.906400000000000000e+04 -2.157853111034293558e+00 1.322658764284689425e+00 1.447111852474165516e-01
3.798100000000000000e+04 -2.029425034832728958e+00 8.917022398007503625e-01 -1.798340101699075433e+00
3.873000000000000000e+04 -1.595267214526451482e+00 1.738137299177111572e-01 -2.421744353130605987e+00
3.868800000000000000e+04 -1.966581158070751290e+00 -1.086025042719178657e+00 3.975273259144387339e-01
3.873900000000000000e+04 -2.518262260766364946e+00 -4.303416141605183043e-01 1.049104512914148302e+00
3.866500000000000000e+04 -2.031381881536622913e+00 8.940616334665705267e-01 -1.738694207150494719e+00
3.906300000000000000e+04 -2.231318739927660388e+00 2.715122816513698467e+00 -1.534975602848042797e+00
3.854400000000000000e+04 -9.506740652223424348e-01 -1.558880744962714004e+00 2.917066051697858597e-01
3.873400000000000000e+04 3.715498212975543169e-01 -8.460752384135972193e-01 -1.635680270670995640e+00
3.884800000000000000e+04 3.715498212975543169e-01 -8.460752384135972193e-01 -1.635680270670995640e+00
3.900100000000000000e+04 1.165399245113859727e+00 -1.816889160803782488e+00 -2.254598297978915866e+00
3.871500000000000000e+04 -9.382348234936359610e-01 -2.412351674277957159e-01 -9.292947252935874758e-01
3.864800000000000000e+04 -1.058349538377963306e+00 -6.839809371367735480e-01 -3.053185006343142049e-01
3.872100000000000000e+04 9.451055796341050197e-01 -1.879908899552759749e+00 -1.544655730947894767e-01
3.854500000000000000e+04 9.451055796341050197e-01 -1.879908899552759749e+00 -1.544655730947894767e-01
3.874500000000000000e+04 2.364428806720582088e-01 -1.804186433324510119e+00 -1.271420397435704785e+00
3.862400000000000000e+04 1.724579877718337428e-01 -8.388740849111684383e-01 -3.899656650176481776e-01
3.856900000000000000e+04 9.100285010642359396e-01 -8.736861475464863247e-01 -6.542270854222920207e-02
3.858000000000000000e+04 -8.540869861823310316e-01 -3.458111932054919180e-02 3.040831018981648981e-01
3.859600000000000000e+04 -8.540869861823310316e-01 -3.458111932054919180e-02 3.040831018981648981e-01
3.902300000000000000e+04 2.360356676929757924e-01 -3.683454289002767723e-01 3.637114014189108957e-01
1.733900000000000000e+04 2.360356676929757924e-01 -3.683454289002767723e-01 3.637114014189108957e-01
3.859500000000000000e+04 5.089765112958888338e-01 1.171433914705488633e-01 5.485189829763115199e-01
3.905500000000000000e+04 1.132400367277567987e+00 -2.351012731076735918e-01 7.122186206655811702e-02
3.739300000000000000e+04 2.779397241444243605e-01 7.548992709889574826e-01 -1.149094747938477212e-01
3.858300000000000000e+04 -1.095962242171393708e+00 1.045255301361216027e+00 -1.431778995099008966e-01
3.806000000000000000e+04 -3.153211684352719146e-01 1.155282934260249306e+00 3.445900830730366238e-01
3.865100000000000000e+04 -1.195501395401737277e+00 3.400218470150591088e-01 4.960423326724736626e-01
3.867100000000000000e+04 -8.521829156134868022e-01 1.172230669807724723e+00 -3.000362759959998016e-01
3.862700000000000000e+04 1.452559757674294794e+00 -2.591052221230363273e+00 -1.472047644713327941e+00
3.862800000000000000e+04 -4.213593647142106491e-01 2.369057317628652015e+00 8.404513871130490088e-01
3.868500000000000000e+04 1.723398210512318229e+00 1.426080232009610427e+00 4.740388092914216145e-01
3.868400000000000000e+04 1.437818325806803799e+00 -4.066922248876210233e-01 4.540839354143599849e-02
3.857700000000000000e+04 -4.028349168527771695e-01 1.479910706775690699e+00 9.911505779925064985e-01
3.863300000000000000e+04 -1.550371011856054970e+00 2.048686943197445487e+00 -1.006930378765780176e+00
4.126800000000000000e+04 -1.557824280619107160e+00 1.438371533582206041e+00 -8.703166021402353181e-01
3.866700000000000000e+04 2.654393644438863831e+00 1.084297670367242006e+00 -1.892162717730201393e-01
3.874200000000000000e+04 1.539507575151958463e+00 1.170844473751500914e+00 -2.374282553565620901e-02
1.367400000000000000e+04 1.132400367277567987e+00 -2.351012731076735918e-01 7.122186206655811702e-02
3.859100000000000000e+04 1.323968649466953806e+00 -4.876418905767891943e-01 -8.145051297138152790e-01
3.903700000000000000e+04 1.033291985297449145e+00 -6.025249287952121335e-01 1.034370746284082543e+00
3.858700000000000000e+04 6.871768383552172565e-01 -2.465178192414732905e+00 -6.655759080162795271e-01
