# star id 	 star_x_coords [pc] 	 star_y_coords [pc] 	 star_z_coords [pc] 
2.327700000000000000e+04 2.631675083983465946e+00 -1.007120443938539722e+00 -1.688945936626558009e+00
1.971000000000000000e+04 2.542184220953543683e+00 -7.519693598957886138e-01 -7.678634097418406412e-01
2.023900000000000000e+04 1.516091314999069350e+00 -5.783397332791651024e-03 -9.482632353582474138e-01
1.697000000000000000e+03 -1.122003112405163261e-01 -2.866868681610412750e-01 -6.825689723338257409e-01
1.943500000000000000e+04 -3.557081980528222331e+00 5.305760424322230051e-01 1.555186802112665134e+00
1.943600000000000000e+04 -9.226852423596360042e-01 -1.068730451849404517e-01 1.337280506275622116e-01
2.079400000000000000e+04 7.876836326535987531e-01 1.109326723641146373e-01 -1.123065699579175458e+00
2.079500000000000000e+04 7.876836326535987531e-01 1.109326723641146373e-01 -1.123065699579175458e+00
2.047500000000000000e+04 7.876836326535987531e-01 1.109326723641146373e-01 -1.123065699579175458e+00
2.079600000000000000e+04 -1.326636217735443823e+00 8.817084282407563478e-01 1.510335497882685729e+00
1.858100000000000000e+04 -4.148229990501276498e-01 1.408065553537412029e-01 1.184465577886896881e+00
1.755300000000000000e+04 -4.148229990501276498e-01 1.408065553537412029e-01 1.184465577886896881e+00
2.337700000000000000e+04 -2.304751775042844564e+00 1.317375168758232462e-01 1.888657144757591055e+00
