# star id 	 star_x_coords [pc] 	 star_y_coords [pc] 	 star_z_coords [pc] 
1.283600000000000000e+04 3.858695053063314617e-01 1.299134056161108219e+00 -2.536446984793769843e-01
1.224600000000000000e+04 -1.443892934572801323e-01 4.098202178860645972e-01 -1.548306303757456703e+00
1.301000000000000000e+04 -1.122120122622774829e+00 -6.489419772922815355e-01 -6.572511074011089249e-01
1.298800000000000000e+04 -1.122120122622774829e+00 -6.489419772922815355e-01 -6.572511074011089249e-01
1.288700000000000000e+04 2.687354269540094265e-01 6.072395744728282807e-01 -3.123806321617195181e-01
1.290800000000000000e+04 -2.127635918894270617e-01 -8.777349747707461347e-01 -3.355585294880825131e-01
1.297700000000000000e+04 6.172845334793066741e-01 -1.292913756477517495e+00 -2.583919663431260005e-01
1.288800000000000000e+04 5.264630728489905209e-01 9.124067489025691202e-01 2.896100207796905579e-01
1.295200000000000000e+04 -6.599841036223494939e-01 -2.947698791841588672e-01 4.946651419027574548e-01
1.291100000000000000e+04 2.526856117015299219e-01 -1.677585162579163125e+00 6.809579759262192056e-01
1.270400000000000000e+04 5.000126277992293922e-01 7.469760013927100317e-01 1.125887786502048016e+00
1.211600000000000000e+04 8.157724737322453734e-01 1.490593672197590536e+00 1.570158343482802366e+00
