# star id 	 star_x_coords [pc] 	 star_y_coords [pc] 	 star_z_coords [pc] 
6.400700000000000000e+04 7.435325891325419434e-01 -1.104242790963777310e+00 -1.008813464672778437e+00
6.403900000000000000e+04 3.430364797187053227e-01 1.103375436875282389e+00 1.017457860481927767e+00
6.388800000000000000e+04 -1.410117987825145747e-01 1.375987202014236743e+00 1.681127262074628703e-01
6.384900000000000000e+04 -1.410117987825145747e-01 1.375987202014236743e+00 1.681127262074628703e-01
6.393400000000000000e+04 -1.038373549840656551e-01 4.076369765633955922e-01 7.041591862586180639e-01
6.407300000000000000e+04 -4.015234808964578406e-01 -1.009322911567625880e+00 -6.502862650765823815e-01
6.385300000000000000e+04 -1.926645987019526274e-01 -5.671506909945129848e-01 -2.470227130320488129e-01
6.404000000000000000e+04 -1.536360785620630054e+00 3.825673685514452416e-01 -2.261285172566065427e-01
6.393500000000000000e+04 -1.308135603212292608e+00 -9.153004288765131946e-02 -2.029944692649188198e-01
6.388500000000000000e+04 -1.227654810275240038e+00 4.267493771085248966e-01 2.224269385599519921e-02
6.388200000000000000e+04 3.715201278483988290e-01 1.077392866504947477e+00 2.454455011162792744e-01
6.386600000000000000e+04 1.323396431444834320e+00 -1.515457098204269215e+00 -2.101499571274079159e-01
6.371700000000000000e+04 2.270714611543553474e+00 -1.861992886811034253e+00 2.198647028359630440e-01
