# star id 	 star_x_coords [pc] 	 star_y_coords [pc] 	 star_z_coords [pc] 
6.935400000000000000e+04 -1.913893791036258563e-02 1.637026325102723945e-01 -5.793135895689687231e-01
6.936200000000000000e+04 -6.479496478058592857e-01 -7.332958087993368679e-01 -3.702908822527746224e-01
6.936100000000000000e+04 -6.149264067900688246e-01 -6.225661495873708873e-01 1.958620261715324773e-01
6.928200000000000000e+04 -6.149264067900688246e-01 -6.225661495873708873e-01 1.958620261715324773e-01
6.928700000000000000e+04 -6.479496478058592857e-01 -7.332958087993368679e-01 -3.702908822527746224e-01
6.932200000000000000e+04 5.617974633397722073e-01 8.286957393100422564e-01 3.888326216153146220e-01
6.928800000000000000e+04 5.617974633397722073e-01 8.286957393100422564e-01 3.888326216153146220e-01
6.808000000000000000e+04 1.088992935122874428e-01 3.047809410971709099e-01 7.596067237957271345e-02
6.928300000000000000e+04 1.273949240299579344e+00 3.320527562034349955e-01 4.119044573294416978e-02
6.935300000000000000e+04 1.088992935122874428e-01 3.047809410971709099e-01 7.596067237957271345e-02
