# star id 	 star_x_coords [pc] 	 star_y_coords [pc] 	 star_z_coords [pc] 
1.969400000000000000e+04 1.495910653538361501e+00 -1.102198654219842311e+00 -1.041868916078598772e+00
1.969200000000000000e+04 9.186343070881086703e-02 1.099083157946676437e-01 4.070822059418333083e-03
1.969300000000000000e+04 6.705586258055529214e-01 -8.409652646794860686e-01 -1.406188132478902730e-02
1.969100000000000000e+04 6.705586258055529214e-01 -8.409652646794860686e-01 -1.406188132478902730e-02
1.969000000000000000e+04 -4.881485563590093335e-01 4.457034778589505919e-01 1.776536425783952211e-01
1.042000000000000000e+03 -4.881485563590093335e-01 4.457034778589505919e-01 1.776536425783952211e-01
1.041000000000000000e+03 -4.881485563590093335e-01 4.457034778589505919e-01 1.776536425783952211e-01
1.111500000000000000e+04 -4.881485563590093335e-01 4.457034778589505919e-01 1.776536425783952211e-01
2.085000000000000000e+04 -4.881485563590093335e-01 4.457034778589505919e-01 1.776536425783952211e-01
1.968900000000000000e+04 -4.881485563590093335e-01 4.457034778589505919e-01 1.776536425783952211e-01
