# star id 	 star_x_coords [pc] 	 star_y_coords [pc] 	 star_z_coords [pc] 
4.951500000000000000e+04 -8.423921962821694365e-01 1.403376567030321098e-01 -8.930059230732183551e-01
4.949100000000000000e+04 -9.976638328359257457e-01 7.713153191687780463e-01 -1.650215336628786389e-01
6.079700000000000000e+04 1.903017361995367196e-01 -1.142088564389140970e-01 -8.518108194168583225e-01
4.951600000000000000e+04 8.839100206879066945e-01 9.262538205251047430e-02 -3.705031224197821160e-01
4.948400000000000000e+04 1.703797237635811257e-01 7.808418657154660991e-01 7.725263036979512776e-03
4.949800000000000000e+04 2.440423421012312133e-01 1.051134698207377483e+00 -6.520597527683786865e-01
4.948900000000000000e+04 -1.100641142740954592e-02 -2.017032958129689746e-01 5.980586794950806251e-01
4.947500000000000000e+04 1.685424958419048380e-01 -2.125450116730078776e+00 1.039267262805978476e+00
1.758200000000000000e+04 2.350639294594714102e-02 -1.175734520888532586e+00 1.279624679678454058e+00
4.949200000000000000e+04 1.703797237635811257e-01 7.808418657154660991e-01 7.725263036979512776e-03
