# star id 	 star_x_coords [pc] 	 star_y_coords [pc] 	 star_z_coords [pc] 
1.972000000000000000e+04 1.248745282499900355e+00 -5.021723878825896215e+00 -5.435511011422917704e-01
1.988900000000000000e+04 -3.544139211563940961e+00 -2.675866573442236440e+00 -1.871225312376481043e+00
2.138300000000000000e+04 -3.810712171380892244e+00 -3.161384575015846909e+00 -8.282232817021535354e-01
2.047300000000000000e+04 3.362503283164141266e+00 -6.969722639221780369e-01 -2.984057485416726774e+00
2.083900000000000000e+04 3.431891650960153584e+00 -1.145503680868252605e+00 -3.639737689174005197e+00
1.977700000000000000e+04 1.603275379431146064e+00 -5.793856148540970530e+00 1.298016911721866506e-01
2.076200000000000000e+04 -3.233919043582069719e-01 -5.143045696137178879e+00 1.220741828884017721e-01
2.081100000000000000e+04 -1.198669373906017910e+00 -1.923375415196888927e+00 -4.748593502799675292e+00
2.015800000000000000e+04 -2.121695954453823418e+00 -3.104171723526786053e+00 -5.990393550271122081e+00
2.015700000000000000e+04 -1.936113398595093571e+00 -2.168268459220481947e+00 -5.675763834936379482e+00
2.015600000000000000e+04 -2.384736496043917242e+00 -1.256398546193152832e+00 -5.213443447979027034e+00
2.079200000000000000e+04 3.289963240321718274e+00 -6.821883844058849178e-01 9.258327152738257126e-01
1.989000000000000000e+04 -1.276298410971833164e+00 -3.373896616498961443e+00 -1.301879361206665919e+00
2.024300000000000000e+04 -1.276298410971833164e+00 -3.373896616498961443e+00 -1.301879361206665919e+00
2.023200000000000000e+04 -1.276298410971833164e+00 -3.373896616498961443e+00 -1.301879361206665919e+00
2.029700000000000000e+04 5.259991384603850406e-01 -2.837015799375145697e+00 -1.576148308080336236e-01
2.015400000000000000e+04 -2.134299291743353422e+00 -2.839846395526634648e+00 -7.850727803597070675e-01
2.023300000000000000e+04 -2.647706785899188731e+00 -3.239857097744774261e+00 -7.763707648886839507e-01
1.985000000000000000e+04 -2.769195523556881255e+00 -4.193906592016478641e+00 -6.701174143888710688e-01
2.048700000000000000e+04 -2.442879562997081422e+00 -3.012279197970260114e+00 -2.986928087906637330e-01
2.048600000000000000e+04 -1.956744035943518867e+00 -4.617306034318363395e+00 -2.109282231015718878e-01
1.972200000000000000e+04 -9.386401535209891733e-01 -2.611758818362361012e+00 -1.548781685645423956e+00
1.972100000000000000e+04 -2.685450536408318101e-01 -2.598399662382643971e+00 -8.207479714230938583e-01
1.971000000000000000e+04 -2.685450536408318101e-01 -2.598399662382643971e+00 -8.207479714230938583e-01
2.023500000000000000e+04 -2.685450536408318101e-01 -2.598399662382643971e+00 -8.207479714230938583e-01
1.991100000000000000e+04 -9.694638309258927222e-01 -8.786192936806456188e-01 -1.471936605370800066e+00
2.023400000000000000e+04 -9.694638309258927222e-01 -8.786192936806456188e-01 -1.471936605370800066e+00
9.231000000000000000e+03 -5.854302989223043596e-01 -1.415473486941875692e+00 -1.618677131538206471e+00
2.013400000000000000e+04 -4.834910029549526200e-01 -5.390622251433043743e-01 -1.572781783031739877e+00
2.086200000000000000e+04 -1.790453739569741742e-02 -9.651381756228527564e-01 -1.699268759861125133e+00
1.986200000000000000e+04 -7.883781270051848367e-01 -6.338968508596973805e-01 -5.616867526361017937e-01
2.046800000000000000e+04 -5.841120197130678093e-01 -6.982607835583767297e-01 -1.455995327464494338e-01
2.083000000000000000e+04 2.155869863181436585e-02 -1.941453005921805364e+00 -8.060931083815336962e-02
2.054600000000000000e+04 1.879589421032417107e+00 -1.879411109209512265e+00 -4.610102806365974359e-01
2.020500000000000000e+04 1.064966165645316210e+00 -2.021817837140593266e+00 -1.179105164030795905e-01
3.067000000000000000e+03 1.064966165645316210e+00 -2.021817837140593266e+00 -1.179105164030795905e-01
1.971400000000000000e+04 1.221130310719431122e+00 -1.823281962645168175e+00 -8.389503538676290617e-02
1.989500000000000000e+04 1.221130310719431122e+00 -1.823281962645168175e+00 -8.389503538676290617e-02
1.365300000000000000e+04 -1.561708692235850293e+00 -2.544931257911133837e+00 -8.064422014654875071e-01
1.975900000000000000e+04 -1.720975238260148643e+00 -1.227991259883289388e+00 -2.088030359430631755e+00
2.025600000000000000e+04 -1.806058766073665112e+00 -1.356699347661034949e+00 -1.277885286359516925e+00
1.972500000000000000e+04 -1.458307758930988740e+00 -1.685441848853001634e+00 -1.066381854099392790e+00
2.046500000000000000e+04 -1.617673484828550556e+00 -8.515654385076940613e-01 -6.539515247299316769e-01
2.058500000000000000e+04 -3.246412918004747183e+00 -7.247681809592059210e-01 -3.717724367279018338e-01
2.027200000000000000e+04 -2.694619927564460227e+00 -9.385362872009954671e-01 -2.650040326934295365e-01
3.502000000000000000e+03 -3.424247858777814457e+00 -7.794367724974282652e-01 -1.382930685300491902e-01
1.986600000000000000e+04 -4.737006737581204163e-01 -2.700411768479407115e+00 6.853177619578367796e-01
1.976000000000000000e+04 4.934383472901195944e-01 -4.512909884521087100e+00 3.360170190764568687e-01
9.677000000000000000e+03 1.356229829534548514e+00 -4.021294429378773572e+00 7.189325530941088616e-01
2.024500000000000000e+04 1.213877100462713798e+00 -3.018064104699223371e+00 1.320742423078727690e+00
2.024600000000000000e+04 4.255317099175641715e-01 -2.615363315784368758e+00 6.350374333579678066e-01
2.074000000000000000e+04 -7.149897812164596189e-01 -9.366443669965791585e-01 5.443910803836731205e-01
2.074100000000000000e+04 -7.585769336063599155e-01 -5.532106307660260569e-01 6.767341219255937901e-01
1.351600000000000000e+04 4.991628041849622832e-01 -1.521409026927654562e+00 4.278818080345896391e-01
1.971300000000000000e+04 -5.952292053121830406e-01 -9.437921207221360298e-01 2.624985587604982129e-01
2.085100000000000000e+04 -2.276462836812811474e-01 -7.291889052589777265e-01 2.797008184307303580e-01
2.028000000000000000e+04 -2.276462836812811474e-01 -7.291889052589777265e-01 2.797008184307303580e-01
2.083800000000000000e+04 -7.871445414051194689e-01 -1.681606888932218880e+00 1.040755270999919269e+00
2.020800000000000000e+04 -8.667333413945073062e-01 -6.714637164877039766e-01 5.835321145558607370e-01
2.084900000000000000e+04 -1.073969113122956287e+00 -1.223554025097883802e+00 1.099092775941800326e+00
2.013800000000000000e+04 -5.327930599688777136e-01 -7.124875188491994749e-01 1.773829149246719084e+00
2.081300000000000000e+04 -5.327930599688777136e-01 -7.124875188491994749e-01 1.773829149246719084e+00
2.025700000000000000e+04 -2.808592008192221101e-01 -4.857554242258617094e-01 1.922143390335170565e+00
2.018800000000000000e+04 -1.175464965915455906e+00 -9.364474633828185901e-01 1.987399281533625661e+00
2.022700000000000000e+04 -1.363311637392904174e+00 -1.988653850642267518e+00 4.963152841656528480e-01
2.022800000000000000e+04 -1.363311637392904174e+00 -1.988653850642267518e+00 4.963152841656528480e-01
2.015500000000000000e+04 7.830183104784360637e-01 -1.551952684940069993e+00 1.950487994107263923e+00
1.977400000000000000e+04 1.101855642003435776e+00 -7.705604405530150913e-01 1.510136546747746777e-01
2.076800000000000000e+04 1.101855642003435776e+00 -7.705604405530150913e-01 1.510136546747746777e-01
1.987400000000000000e+04 2.514553454167938185e+00 -9.754388261099036228e-01 8.723430251787949175e-01
2.019400000000000000e+04 1.965093047013066752e+00 -1.224257195074872850e+00 1.113140964517746134e+00
1.990900000000000000e+04 1.553095981106295653e+00 -1.050182459673389967e+00 1.739072752768501040e+00
2.079300000000000000e+04 1.553095981106295653e+00 -1.050182459673389967e+00 1.739072752768501040e+00
1.365800000000000000e+04 8.821059583403147997e-01 -1.802775937991302424e+00 8.186389237117346340e-01
1.120300000000000000e+04 7.904670460228722106e-01 -1.107604544397699176e+00 1.015705775466031469e+00
2.078600000000000000e+04 -2.078128522076642781e+00 -9.915125387495087317e-01 1.604039700341538754e+00
1.977900000000000000e+04 9.264225459227048987e-02 -6.575196377881988852e-01 2.223933224488644278e+00
2.026300000000000000e+04 9.264225459227048987e-02 -6.575196377881988852e-01 2.223933224488644278e+00
1.888100000000000000e+04 9.264225459227048987e-02 -6.575196377881988852e-01 2.223933224488644278e+00
2.059100000000000000e+04 9.264225459227048987e-02 -6.575196377881988852e-01 2.223933224488644278e+00
1.971900000000000000e+04 7.459941983245492736e-01 -1.963587190497684709e+00 2.881431720851637124e+00
2.019300000000000000e+04 -1.682110474082492146e-01 -1.865972573919154609e+00 3.414544075615387086e+00
1.979500000000000000e+04 1.071217275011431269e+00 -7.910223824646065438e-01 4.232805699035141700e+00
2.076700000000000000e+04 -7.573339807758117104e-01 -2.136593468098452409e+00 -4.079238102152701551e+00
1.982500000000000000e+04 7.132505102079989001e-02 -2.045886861053733075e+00 -3.173915568265745168e+00
2.076100000000000000e+04 -4.846724303732656836e-01 -1.104412589661701638e+00 -2.799027758253846976e+00
2.077200000000000000e+04 -4.846724303732656836e-01 -1.104412589661701638e+00 -2.799027758253846976e+00
2.077100000000000000e+04 1.059289935448578746e+00 -1.323236629753498761e+00 -2.865137743013903560e+00
2.077000000000000000e+04 1.059289935448578746e+00 -1.323236629753498761e+00 -2.865137743013903560e+00
1.977800000000000000e+04 2.343871542266221297e+00 -1.156550986309499152e+00 -2.860818142508420703e+00
2.023900000000000000e+04 2.440690960728591818e+00 -1.092282567341293920e+00 -2.522796329430829321e+00
2.029300000000000000e+04 -2.263917224338747758e+00 -1.481630938288263533e+00 -3.620136448409843943e+00
1.969900000000000000e+04 -1.416046149456260395e+00 -8.361526620098578277e-01 -2.882576177492730540e+00
2.084500000000000000e+04 3.786569129275338952e+00 1.276065335239222165e+00 4.302178606237442082e+00
2.023700000000000000e+04 -3.900333977473579239e+00 2.442180336594201862e-02 -7.374983249604483149e-02
1.967900000000000000e+04 3.442716158363030132e+00 1.589762181701303234e+00 -1.261735032359403874e+00
2.021000000000000000e+04 4.022275088059362957e+00 -2.883701948575634333e-02 -4.229759849485509093e+00
1.975200000000000000e+04 3.894755908117520704e+00 2.990882026413546946e+00 -1.015050111359959928e+00
2.013700000000000000e+04 4.096365597574742168e+00 1.981055927813057949e+00 -7.831881086490142252e-01
2.057800000000000000e+04 3.363701257727022664e+00 3.302967181543325026e+00 -1.893489939384815912e-01
2.013600000000000000e+04 9.053127192359262665e-01 3.997444245698797971e+00 -3.702607362542575942e-01
2.056500000000000000e+04 -3.078989252411449939e+00 4.034962978894530039e+00 -1.440921825940176149e+00
1.351700000000000000e+04 -2.526263818042881582e+00 4.610481833704470844e+00 -7.137577828326167051e-01
2.077700000000000000e+04 -2.265832687309622173e+00 5.040157602479633070e+00 -1.715688827326466992e-01
2.010600000000000000e+04 -3.603093551700542463e+00 3.551902182278590558e+00 6.655049951842162415e-02
2.022600000000000000e+04 2.940065946606420511e+00 1.227530132002777385e+00 2.275855984557996869e+00
2.017400000000000000e+04 3.170244214950081130e+00 3.771044244608470208e+00 7.391683295823847644e-01
2.017500000000000000e+04 3.096265770050454336e+00 1.177201443286232774e+00 3.408367007071467114e+00
2.017600000000000000e+04 3.618703663675329807e+00 2.928614679501224671e+00 1.016603620093838423e+00
1.988600000000000000e+04 2.941540079902210891e+00 5.389201753779273574e-01 2.067991797152376243e+00
2.077600000000000000e+04 2.017292229161142814e+00 5.176345249481462574e+00 8.000000031891119079e-02
2.048500000000000000e+04 1.499581435256452266e+00 4.988419801695430422e+00 1.103491569999590638e-01
2.026800000000000000e+04 1.499581435256452266e+00 4.988419801695430422e+00 1.103491569999590638e-01
2.081900000000000000e+04 1.507370869208177311e+00 4.282849847337661942e+00 4.423276163671978622e-01
2.077500000000000000e+04 1.507370869208177311e+00 4.282849847337661942e+00 4.423276163671978622e-01
2.080600000000000000e+04 7.315952131765719457e-01 3.893672962395363868e+00 1.107119616143048546e+00
2.080500000000000000e+04 -1.657777462414014025e+00 4.013749576466434377e+00 2.037243547374649744e+00
1.988200000000000000e+04 4.946842635091925899e-01 3.428490426177601691e-01 -1.633317107780448918e+00
2.124900000000000000e+04 -8.342043203029056997e-01 6.980298899934798129e-01 -1.041333376037960612e+00
2.076600000000000000e+04 1.694117012514197995e-01 1.525215202465936670e+00 -1.039437722108641715e+00
1.990800000000000000e+04 2.586717601868571137e-02 -2.816027274560743976e-01 -1.226215570941699085e+00
2.017300000000000000e+04 2.820673011642398365e-01 4.842518686322403454e-01 -6.279950614812683796e-01
1.976600000000000000e+04 -9.609816336456020736e-01 1.507945371901300291e+00 -5.951210067516958802e-01
1.974900000000000000e+04 -9.609816336456020736e-01 1.507945371901300291e+00 -5.951210067516958802e-01
1.970200000000000000e+04 -9.609816336456020736e-01 1.507945371901300291e+00 -5.951210067516958802e-01
1.969600000000000000e+04 2.524976325872430039e-02 -3.350559820619789519e-01 -7.631868575666809207e-01
1.991200000000000000e+04 3.259011669334448413e-01 -2.408876965628721223e-01 -3.958781592265996352e-01
1.993700000000000000e+04 4.428913204561339967e-01 1.251708882090683872e+00 -1.905857967964239563e-01
2.083600000000000000e+04 4.428913204561339967e-01 1.251708882090683872e+00 -1.905857967964239563e-01
2.080300000000000000e+04 1.829629041216662699e-02 1.284728596739270756e-01 -1.911774004199084942e-01
2.082300000000000000e+04 1.465838353811331984e+00 1.869279118619351365e-01 -1.423010858050727023e+00
1.972600000000000000e+04 1.481950206705185735e+00 -1.813536036137097796e-01 -1.053166622341688452e+00
2.049000000000000000e+04 1.227706028213354728e+00 -2.955814638110938475e-01 -1.725241247054060345e+00
2.028900000000000000e+04 1.525605630249945222e+00 -3.258742520106494567e-02 -6.737486770722096452e-01
2.027300000000000000e+04 2.482007611363833632e+00 -2.662131126712887763e-01 -9.410894166164496255e-01
2.022200000000000000e+04 1.033967867522807893e+00 -1.113779285215299453e-01 -1.278801302845873344e+00
2.022100000000000000e+04 8.461791149167439130e-01 2.919088970958236828e-01 -1.741136946154306475e+00
1.973200000000000000e+04 8.461791149167439130e-01 2.919088970958236828e-01 -1.741136946154306475e+00
1.973100000000000000e+04 8.281299620481981094e-01 6.257821694813223701e-01 -5.345502677270239644e-01
2.015000000000000000e+04 1.101697137500888601e+00 -4.800023746093557975e-01 -1.086154943218097912e+00
2.024200000000000000e+04 -2.440887072872474306e+00 5.609052004868777530e-01 -1.280678307103596758e+00
1.968600000000000000e+04 -1.834076444224930214e+00 1.518414429790703402e+00 -8.264157144531454335e-01
2.019900000000000000e+04 -1.834076444224930214e+00 1.518414429790703402e+00 -8.264157144531454335e-01
2.046700000000000000e+04 -2.228047864118824606e+00 1.126808033845060564e+00 -7.583121265832950542e-01
2.078200000000000000e+04 -1.460888858117989741e+00 -3.353424738760635293e-01 -6.076463921845878247e-01
2.078300000000000000e+04 -1.670145377774687745e+00 -4.483049392419848900e-01 -6.203721221834310739e-01
2.026900000000000000e+04 -6.656199954502710625e-01 1.887362180993203964e+00 -1.463516911323696768e+00
2.047600000000000000e+04 3.930920538307347556e-01 2.099133830214714003e+00 -8.232414395178277999e-02
2.079100000000000000e+04 1.428609507745242979e+00 2.774235641969182709e+00 -1.349240754601664705e+00
3.004000000000000000e+03 1.000784132831764595e+00 2.625011098948619725e+00 -3.078202260039937244e-01
1.986500000000000000e+04 -3.337211731495699496e+00 3.324263259094799139e+00 -1.088744620346288272e+00
1.980300000000000000e+04 -2.169094588088835707e+00 2.475364381169468331e+00 -1.181377471799063272e-01
2.027700000000000000e+04 -1.073485245368438257e+00 -7.225833533691616850e-02 1.088763622011307497e+00
2.027600000000000000e+04 -1.073485245368438257e+00 -7.225833533691616850e-02 1.088763622011307497e+00
1.975700000000000000e+04 2.961339321765805721e-01 1.090415378064827578e+00 1.876041480288925811e-02
1.975600000000000000e+04 -4.166930579348324670e-01 1.139615382342088701e+00 4.032076942497004879e-01
1.968000000000000000e+04 -4.386729580250516847e-01 1.941389057400684237e-01 4.661459595065977624e-01
2.024700000000000000e+04 -4.386729580250516847e-01 1.941389057400684237e-01 4.661459595065977624e-01
1.984400000000000000e+04 2.253885546334259971e-01 5.787865186263729811e-03 5.671230275333396520e-01
1.994100000000000000e+04 5.265712086077662946e-01 1.542415773090715092e-01 6.754010459735422245e-01
2.085400000000000000e+04 -6.763419047213190538e-01 6.676716456374931496e-01 1.034738749135492242e+00
1.970600000000000000e+04 -4.095457037168444003e-01 1.615676037792133535e+00 1.010499345718975484e+00
1.970500000000000000e+04 5.164027452493193948e-01 5.434936000984009752e-01 1.474237055846453259e+00
1.970400000000000000e+04 2.296211013926452438e-01 1.171812246816115177e-01 2.054913816443783681e+00
2.077400000000000000e+04 1.332832874607628781e+00 9.991258680330208364e-01 6.327403813079737205e-01
1.991400000000000000e+04 1.892609044957460185e+00 1.409395936294568941e+00 6.438461163820186073e-02
1.991500000000000000e+04 1.892609044957460185e+00 1.409395936294568941e+00 6.438461163820186073e-02
1.993900000000000000e+04 1.892609044957460185e+00 1.409395936294568941e+00 6.438461163820186073e-02
2.081400000000000000e+04 2.831199798662531464e+00 6.437145648917983465e-01 3.947169818721070200e-01
2.081500000000000000e+04 1.815992862069570890e+00 -2.447976449517650366e-01 9.339935004868475943e-01
2.078700000000000000e+04 2.354278381216214910e+00 -2.960471305295442335e-01 7.316813662812826635e-02
2.080700000000000000e+04 -1.648939855770514384e+00 -1.303689217263617195e-01 9.321485321474023422e-01
2.021700000000000000e+04 -2.423656096538469029e+00 1.355513559937381096e+00 1.679886178783409179e+00
2.021800000000000000e+04 -2.423656096538469029e+00 1.355513559937381096e+00 1.679886178783409179e+00
1.978600000000000000e+04 -1.985884542830458344e+00 8.927056752428965680e-01 1.842971457040349037e+00
1.988500000000000000e+04 2.830370334250531528e-02 3.188506533124586539e+00 8.005619492060427334e-01
1.363000000000000000e+04 2.830370334250531528e-02 3.188506533124586539e+00 8.005619492060427334e-01
1.970300000000000000e+04 -6.165361755546818756e-01 2.389241206235459103e+00 1.028517547474435467e+00
2.086100000000000000e+04 -6.165361755546818756e-01 2.389241206235459103e+00 1.028517547474435467e+00
9.667000000000000000e+03 -6.165361755546818756e-01 2.389241206235459103e+00 1.028517547474435467e+00
1.987200000000000000e+04 -1.011700646492172950e+00 1.754112972247924063e+00 7.289996026287433040e-01
1.977000000000000000e+04 1.515559537405945179e+00 2.346438147796028773e+00 7.745056773958678420e-01
2.079600000000000000e+04 2.883193676565195318e+00 2.307194820234990118e+00 1.321568014693169424e+00
2.079500000000000000e+04 2.891227342809592926e+00 2.598909926428117245e+00 1.951025998129687800e+00
2.079400000000000000e+04 1.232429402936954688e+00 2.853724189749142326e+00 1.981841753464127720e+00
1.903800000000000000e+04 -2.545883347126288498e+00 1.875533982899014518e+00 1.160872162765537396e+00
2.028700000000000000e+04 -1.638998144128944290e+00 2.536076660338536293e+00 2.256039489047081403e-01
9.668000000000000000e+03 -2.739269660854123600e+00 3.420142331259478752e+00 4.039107614819217318e-01
2.028600000000000000e+04 -2.960862761460575143e+00 2.805826620789573234e+00 1.759339215777149690e+00
2.077300000000000000e+04 -2.960862761460575143e+00 2.805826620789573234e+00 1.759339215777149690e+00
2.028800000000000000e+04 -2.960862761460575143e+00 2.805826620789573234e+00 1.759339215777149690e+00
2.080000000000000000e+04 -2.294951244472759555e+00 3.179776591525987683e+00 1.790529850857634386e+00
2.011900000000000000e+04 -5.441546701330359781e-01 -1.639282591175268422e-01 3.205518368088929648e+00
2.011800000000000000e+04 5.048127130176673916e-01 -1.274657386410149584e-01 3.958112304269446824e+00
2.010100000000000000e+04 1.038061701863160380e+00 -3.153218232262577914e-02 2.910763347470313178e+00
2.055900000000000000e+04 2.845966300098417889e+00 1.984830258354461918e-01 2.401980523982814475e+00
2.010000000000000000e+04 8.696841082111816945e-01 1.207248809407429846e+00 3.546287684981047406e+00
2.009900000000000000e+04 2.033640163595283212e+00 -3.225920572023888155e-01 2.461751540131464466e+00
2.025900000000000000e+04 2.033640163595283212e+00 -3.225920572023888155e-01 2.461751540131464466e+00
2.081600000000000000e+04 1.275516366117120270e+00 2.104721434071729291e+00 2.688138161708383933e+00
9.624000000000000000e+03 -1.549428526393043626e+00 1.698295097440804646e+00 2.311374847462492887e+00
2.081200000000000000e+04 1.605709274793127861e+00 9.025475109902192372e-01 -2.468727377802826695e+00
