# star id 	 star_x_coords [pc] 	 star_y_coords [pc] 	 star_z_coords [pc] 
3.724600000000000000e+04 2.804330743472007725e-01 -1.343227386887235753e-02 4.678941393722393371e-01
3.726700000000000000e+04 8.142624905397610746e-02 -5.185154436998544725e-01 4.897218164296610610e-01
3.724900000000000000e+04 -7.772198753193038101e-02 -4.913319418888306700e-01 9.915438997666647936e-02
3.730300000000000000e+04 1.925729139697125447e-01 -6.788832723375151090e-01 -8.042934144896740634e-02
3.733900000000000000e+04 1.032428107731107048e-01 4.126304703618615122e-01 5.688924401706074718e-02
3.727900000000000000e+04 -6.134620280363378697e-02 1.344693994422812011e-01 -4.456165916336285449e-01
3.733500000000000000e+04 -3.733363611925426540e-01 1.379392925312430407e-01 -3.876356935875318044e-01
3.734700000000000000e+04 9.075179545814648918e-02 3.897421491349319922e-01 -2.587885259208810851e-01
3.735400000000000000e+04 1.476167085540112112e-01 7.984672257890252922e-01 -2.933401732522806782e-01
3.738900000000000000e+04 3.770565017320848256e-01 4.953270757201124752e-01 -2.229000511824388298e-01
3.735200000000000000e+04 3.128703430883206238e-02 -4.909109547796219886e-03 2.367009632885110904e-01
3.739000000000000000e+04 4.072823770172817603e-02 -1.267192581977809596e-01 2.572322786211742596e-01
3.732900000000000000e+04 4.072823770172817603e-02 -1.267192581977809596e-01 2.572322786211742596e-01
3.726900000000000000e+04 1.724509856339295766e-02 1.517941172772907521e-02 2.563663498098822657e-01
3.733400000000000000e+04 5.565578182691410802e-02 1.557830834293554290e-01 2.194080852092934464e-01
3.732800000000000000e+04 -1.854107988533826301e-01 8.316738136640822177e-02 1.969343914054793032e-01
3.732700000000000000e+04 -1.854107988533826301e-01 8.316738136640822177e-02 1.969343914054793032e-01
3.731800000000000000e+04 -1.989162798778352226e-01 -1.651888510393320075e-01 4.096414692010696967e-01
3.731500000000000000e+04 1.654857413663535226e-01 -9.980348321668941480e-02 -6.009353234661496401e-02
3.722500000000000000e+04 -5.871952276720548980e-03 5.404393605572010983e-02 -4.197286476891726181e-02
3.727300000000000000e+04 -1.321250639000481897e-02 -9.124439267361594830e-02 -4.979244548138694881e-02
3.730600000000000000e+04 -1.321250639000481897e-02 -9.124439267361594830e-02 -4.979244548138694881e-02
3.736900000000000000e+04 1.666784300076074032e-02 -5.703943051349824600e-02 -6.332442435816965087e-02
3.734500000000000000e+04 -7.896899196879303418e-03 -1.057347276911997369e-01 -1.263388680855292989e-02
3.738500000000000000e+04 1.533159315897592023e-02 8.814195017339443439e-02 -2.918585570201948087e-02
3.738700000000000000e+04 -1.056518262805639097e-02 -8.275144933135436531e-02 -9.081397470552587947e-03
3.739800000000000000e+04 -1.056518262805639097e-02 -8.275144933135436531e-02 -9.081397470552587947e-03
3.738200000000000000e+04 1.683768693871456890e-02 -1.462177956506138798e-01 -5.839891041029332541e-03
3.732400000000000000e+04 1.288172742271456173e-01 6.238823207907273627e-02 1.048619137766060305e-02
3.728200000000000000e+04 -9.523726459946146861e-03 -2.572142999548532316e-02 8.062804190664962789e-03
3.736700000000000000e+04 -1.534781582071786943e-02 7.100925928648393892e-02 2.897342738882002777e-02
3.733200000000000000e+04 1.245266359613026452e-01 -6.846323279593491407e-02 3.296332433188098321e-02
3.721900000000000000e+04 -3.270379296958481063e-02 -1.161295591400346439e-01 6.339461226308529262e-02
3.734600000000000000e+04 -3.270379296958481063e-02 -1.161295591400346439e-01 6.339461226308529262e-02
3.735000000000000000e+04 -3.160042533906448625e-02 7.066371911298574560e-02 -8.142962186466284891e-02
3.721700000000000000e+04 5.365603135362562170e-02 4.101283045038428554e-02 6.930859707146908022e-02
3.724200000000000000e+04 -4.403843091941439525e-02 5.783662654937415937e-02 1.185730246617566763e-02
3.732300000000000000e+04 4.778938689094047731e-02 1.092569424969269676e-02 1.064736848558585081e-01
3.735300000000000000e+04 4.663127397208199909e-02 8.204993886280931292e-02 1.013377498232017615e-01
3.731700000000000000e+04 -5.677114625370904832e-02 -1.264717835650799316e-01 6.864723158674301828e-02
3.731600000000000000e+04 3.002894180360726750e-02 1.963118680397712978e-02 1.193318149919306848e-01
3.719700000000000000e+04 1.888441791612649467e-02 8.160642590189581824e-02 1.313242506684257904e-01
3.719600000000000000e+04 -1.762512706235952464e-02 1.656501598894521976e-02 1.243094901283186005e-01
3.731300000000000000e+04 2.032125003242413186e-01 7.737956455892458507e-02 1.273269495621693892e-01
3.725400000000000000e+04 9.781223665575566883e-02 -1.678718100322384998e-01 5.069991776666959993e-02
3.739500000000000000e+04 -6.517458516756846620e-02 -7.676388354022378735e-02 1.091639464249141156e-01
3.737100000000000000e+04 -3.923099074020797161e-02 -8.772616869094918002e-03 1.703488359194018642e-01
3.737000000000000000e+04 -3.923099074020797161e-02 -8.772616869094918002e-03 1.703488359194018642e-01
3.735100000000000000e+04 -3.866056725863415977e-01 -1.050883931929718074e-01 8.658312945984292242e-03
3.730100000000000000e+04 -1.889192220145616830e-01 -5.557362028682177879e-02 -9.123025557676456287e-02
3.722800000000000000e+04 -8.764194394044011460e-02 -3.662458096874843250e-02 -8.312024085999958345e-02
3.734100000000000000e+04 -2.118623659542322457e-01 2.607658075652352636e-02 -5.140321965192917730e-02
3.731000000000000000e+04 -1.563656646888205159e-01 1.019462835563444969e-02 -3.597727905675007776e-02
3.722700000000000000e+04 -1.511362157868632039e-01 6.313582366631464993e-02 7.778211000636403583e-02
3.730200000000000000e+04 -7.457083122355356863e-02 -7.792787110061283329e-02 8.139681478851734653e-02
3.727700000000000000e+04 -2.401591158408109550e-01 -5.628873467537687247e-02 8.963478762074217343e-02
3.727600000000000000e+04 -2.401591158408109550e-01 -5.628873467537687247e-02 8.963478762074217343e-02
3.724700000000000000e+04 -1.570257739755902548e-01 8.088608692503385100e-02 1.155627558290266421e-01
3.731400000000000000e+04 2.212534002524080279e-02 2.483231350767312051e-01 4.342693099441419236e-02
3.726500000000000000e+04 -7.418356370294532098e-03 1.781838262979960064e-01 1.145845091512782687e-01
3.736000000000000000e+04 -3.976596496739546183e-01 1.219442150235749978e-01 7.320444544920157171e-02
3.735900000000000000e+04 8.214779824180595824e-02 -1.998162163189647345e-01 1.819587204747641351e-02
3.729200000000000000e+04 1.084661691285759844e-01 -2.621268644253973434e-01 1.358560973820388540e-02
3.733000000000000000e+04 -3.781199681552038783e-02 -3.569109397576397669e-01 7.931855181371005870e-02
3.737500000000000000e+04 3.102339798158482154e-02 -2.852350712162632362e-01 1.139746607729978933e-01
3.737400000000000000e+04 -5.485093662349527222e-02 -2.320967177814736715e-01 -7.137874131054999793e-02
3.738300000000000000e+04 -2.381511690331592490e-01 2.846691207443825533e-01 -3.518968139719547139e-02
3.729700000000000000e+04 -9.904095846255245306e-02 1.465360131527972953e-01 4.268150079512622597e-02
3.731200000000000000e+04 -8.553266625676769763e-02 1.434341312412925618e-01 1.002771100705164287e-01
3.723000000000000000e+04 -1.281337382536378300e-01 1.058471830876328568e-01 3.128184869085792741e-02
3.725300000000000000e+04 3.587737235632459942e-01 -1.069330890883151142e-01 1.279842513049977981e-01
3.726200000000000000e+04 2.085168960481382783e-01 8.895801507111400497e-02 -2.514880002284236582e-02
3.730500000000000000e+04 2.631105629871228757e-01 2.749378522822780724e-01 3.102186637972081940e-02
3.736600000000000000e+04 2.353607996188600282e-01 -4.409846604928304714e-01 -4.410994430855197379e-02
3.732100000000000000e+04 3.353385771621333333e-01 -3.474036808780738284e-01 1.729070797881160360e-01
3.730700000000000000e+04 7.496212826885084723e-02 -3.022918941033481133e-02 -2.018846509428904312e-01
3.729300000000000000e+04 8.466598277644266091e-02 -1.025021765110665228e-01 -1.452350730385081334e-01
3.728700000000000000e+04 8.466598277644266091e-02 -1.025021765110665228e-01 -1.452350730385081334e-01
3.736800000000000000e+04 -5.992391106707373183e-02 -4.143713427630757451e-02 -1.897167159694443939e-01
3.737900000000000000e+04 -5.843900481292507720e-02 -7.371362162128036744e-02 -1.465049486025247205e-01
3.732200000000000000e+04 6.080252329041968551e-03 1.012710683176010207e-01 -1.141896822840653414e-01
3.739400000000000000e+04 2.157174385320104193e-02 3.429119168453098609e-02 -1.041008112902392924e-01
3.736400000000000000e+04 2.157174385320104193e-02 3.429119168453098609e-02 -1.041008112902392924e-01
3.734300000000000000e+04 -9.768301055117944998e-03 8.626814036425400900e-02 -1.054063462478556090e-01
3.739300000000000000e+04 -9.768301055117944998e-03 8.626814036425400900e-02 -1.054063462478556090e-01
3.738800000000000000e+04 1.469234455251466898e-02 2.757999871772653933e-02 -1.009380870485703241e-01
3.733100000000000000e+04 3.610682578373314300e-01 -1.802686163377131834e-02 -2.779724425575640367e-01
3.736300000000000000e+04 2.448942053428311283e-01 -1.049763263062999386e-01 -1.719992879323104518e-01
3.738000000000000000e+04 -3.087951890473732419e-01 -2.653474268950617443e-02 -2.172473604832116933e-01
3.728100000000000000e+04 -8.402288624404263828e-02 4.443945498974244401e-02 -1.670104899230668849e-01
3.733600000000000000e+04 -1.371909735074723358e-01 5.157622443734055651e-02 -1.161069461495856103e-01
3.720600000000000000e+04 1.647821172268209011e-01 3.592533042144196997e-01 -2.673706723079458669e-01
3.733300000000000000e+04 5.913867806924599790e-03 3.503949111953517104e-01 -2.282837388481553376e-01
3.726800000000000000e+04 1.792511111796102341e-02 2.291657752700473338e-01 -1.492084128509620911e-01
3.730900000000000000e+04 -2.678155596694864471e-02 1.754724372202502991e-01 -1.045815090094066591e-01
3.729900000000000000e+04 -3.217312213832030920e-01 3.714588856345955037e-01 -1.149807739146595509e-01
3.726300000000000000e+04 3.148012214269897413e-01 -4.471801809552573559e-01 -3.210006590092646661e-01
