# star id 	 star_x_coords [pc] 	 star_y_coords [pc] 	 star_z_coords [pc] 
7.605000000000000000e+03 4.348050008233648178e-01 -7.285442745012105092e-02 -2.197222138206296194e-01
7.574000000000000000e+03 3.859732896498035970e-01 -1.661200145725167943e-01 -1.859329646746479270e-01
7.556000000000000000e+03 2.615531340862453646e-02 2.215468330938819008e-02 -1.404282471616120631e-01
7.512000000000000000e+03 2.615531340862453646e-02 2.215468330938819008e-02 -1.404282471616120631e-01
7.586000000000000000e+03 7.335975697083663150e-02 -2.738680588483077827e-02 -5.782330082105424651e-02
7.618000000000000000e+03 7.335975697083663150e-02 -2.738680588483077827e-02 -5.782330082105424651e-02
7.552000000000000000e+03 -1.893884988945893078e-01 -2.813223033792056071e-02 1.095036191350526877e-01
7.584000000000000000e+03 -7.507029188731006997e-02 -2.629280509968268120e-01 2.250458244552362430e-01
7.557000000000000000e+03 -2.161731362737975282e-01 2.844091699846273968e-02 2.788653009430106522e-01
7.548000000000000000e+03 -3.537160345949965645e-01 -2.796534240953008066e-01 3.205615167877269300e-01
7.560000000000000000e+03 -1.139795544039059472e-01 2.006811197309197325e-01 1.927146386928004773e-01
7.554000000000000000e+03 -9.186808853728489765e-02 1.406544575799841823e-01 -3.176320082564085823e-01
7.555000000000000000e+03 -2.661403721882744655e-01 3.647915331014743856e-01 2.082895252060108504e-01
7.587000000000000000e+03 2.421508384865487251e-01 6.101244898753677148e-02 -1.667549317343928195e-01
