# star id 	 star_x_coords [pc] 	 star_y_coords [pc] 	 star_z_coords [pc] 
2.682100000000000000e+04 -7.849485968369798172e-01 -6.880201534313670209e-01 -9.849342772867757390e-01
2.876200000000000000e+04 -1.602526479344064114e-01 1.506081299079653490e-01 -4.069895502269176291e-01
3.046300000000000000e+04 -1.602526479344064114e-01 1.506081299079653490e-01 -4.069895502269176291e-01
3.005300000000000000e+04 5.042872855934668053e-01 1.053358061964289050e-01 3.062651594998300197e-01
3.007300000000000000e+04 -8.579311475330122505e-01 -9.068412461125419100e-01 3.368211879668407960e-01
3.007400000000000000e+04 -4.418304889438964267e-01 5.456682487822419603e-01 8.061962611936337453e-01
2.876100000000000000e+04 -3.419986968969261909e-01 8.809453802345927897e-01 1.330908139653402600e+00
3.005900000000000000e+04 1.145896502527715910e+00 -2.126275661432757147e-01 -6.037709106491249145e-01
2.877100000000000000e+04 1.145896502527715910e+00 -2.126275661432757147e-01 -6.037709106491249145e-01
