# star id 	 star_x_coords [pc] 	 star_y_coords [pc] 	 star_z_coords [pc] 
3.382900000000000000e+04 -7.503987265718734534e-01 -2.659939083734883525e-01 -6.569807488003220897e-02
3.397000000000000000e+04 -1.069565621854138726e+00 1.151653823074383354e-02 1.126673671567175461e+00
3.396900000000000000e+04 -1.346516889402565198e+00 -9.743577848668323327e-01 1.318426832968299323e+00
3.397100000000000000e+04 -4.408574161851674944e-02 -3.798483657453743945e-02 -3.188615137260029542e+00
3.396300000000000000e+04 5.727785552697071125e-01 -5.328810019186533964e-01 -2.462091210887592752e+00
3.396600000000000000e+04 1.208936169030039309e-02 -5.346245176660957554e-01 -1.634588800451609814e+00
3.382100000000000000e+04 -7.257114604523451362e-02 1.345535996511628696e-01 -4.839451091484932022e-01
3.382200000000000000e+04 -1.457230800767206347e-01 4.251653766936058787e-01 2.554416642855130704e-01
3.396100000000000000e+04 -1.862771610822733237e-01 7.157971386237917955e-01 4.948813569667720458e-01
3.389000000000000000e+04 6.652208828278105557e-02 4.943698238760489971e-01 8.020748488965807610e-01
3.389400000000000000e+04 9.693378588645487071e-01 6.270318014563898146e-01 9.682485906322426672e-01
3.395900000000000000e+04 1.449608389417946341e+00 2.719162531383290116e-02 1.028723817896121773e+00
3.382300000000000000e+04 5.448021219936549642e-01 -8.978385008865785721e-02 1.840467553207361107e+00
