# star id 	 star_x_coords [pc] 	 star_y_coords [pc] 	 star_z_coords [pc] 
4.571900000000000000e+04 3.300421324598055151e-01 8.907911867940043749e-03 -2.821671492690391858e-01
4.563900000000000000e+04 9.480249625136529801e-01 -6.986767698378422153e-01 -1.394229721389073973e+00
4.574500000000000000e+04 2.652485663754049483e-01 -4.379767838208294961e-01 -1.360010863804859582e+00
4.584700000000000000e+04 2.652485663754049483e-01 -4.379767838208294961e-01 -1.360010863804859582e+00
4.574000000000000000e+04 5.593867769265443712e-01 -1.504421191858103413e+00 -1.202121182995956161e+00
4.573600000000000000e+04 1.720448913700849403e-01 -5.295508044717927021e-01 -1.231383831259485362e+00
4.573100000000000000e+04 4.514468873636197088e-01 -1.002826412152700186e+00 -5.076324702620382823e-01
4.583300000000000000e+04 -7.054509840557940947e-01 9.912332769596119419e-01 2.955808719373784754e-01
4.566500000000000000e+04 -3.631175729982913936e-01 1.407149244456213921e-01 5.775213478658187682e-01
4.581700000000000000e+04 -3.631175729982913936e-01 1.407149244456213921e-01 5.775213478658187682e-01
4.581800000000000000e+04 -2.192247681862333764e-01 1.411858037805508559e+00 7.743070873467807758e-01
4.575200000000000000e+04 2.578471484876594388e-01 -7.461038570922653435e-01 -1.038750345010868159e+00
4.581100000000000000e+04 -4.018846178287773796e-01 -2.018872721046953700e-01 8.741000481567731129e-01
4.581000000000000000e+04 -1.370547612372376989e-01 3.798727270878714535e-01 9.788484703182902535e-01
4.568700000000000000e+04 7.082015843890232532e-02 8.655177759703995832e-01 9.376652829012250834e-01
4.572800000000000000e+04 -1.370547612372376989e-01 3.798727270878714535e-01 9.788484703182902535e-01
4.574600000000000000e+04 -5.623470868696465175e-01 7.109513829961677800e-01 1.132161730494935625e+00
4.570900000000000000e+04 -4.308579757332360316e-01 5.297761755217500479e-01 1.249751772920106418e+00
