# star id 	 star_x_coords [pc] 	 star_y_coords [pc] 	 star_z_coords [pc] 
4.013100000000000000e+04 4.167203999563255934e-01 -1.256892370001821746e+00 2.676929383327475875e+00
4.025600000000000000e+04 1.344197275262665414e+00 3.189564388309236165e-01 -1.983896994185940343e+00
4.016400000000000000e+04 6.203577563458964050e-01 4.086054812309214412e-02 -1.387429026886721317e+00
4.018400000000000000e+04 2.607377442763265663e+00 1.727922134475392113e+00 -1.447620212553431429e+00
4.017400000000000000e+04 2.237565974307209160e+00 7.127266486547654267e-01 -1.107440228156008288e+00
4.025800000000000000e+04 -1.926012762609019546e-01 -8.412894116192148886e-02 1.728718602135899118e-01
4.017500000000000000e+04 -2.258066415762201018e-01 -2.169627672233787052e-01 3.780835637010397932e-01
4.024300000000000000e+04 -3.122822155403426336e-01 -3.111295607494639626e-01 1.766387271790392788e-02
4.009900000000000000e+04 -3.551869868484800463e-01 -9.727019181241303158e-02 1.078306064738114856e-01
4.010200000000000000e+04 1.087114410807146214e-01 -6.434354492529337222e-02 1.984262580960205469e-02
4.010100000000000000e+04 9.572805111720583682e-02 -7.354652258131437748e-01 -1.927634429932822968e-02
4.031500000000000000e+04 2.384408453833231079e-02 -5.905111575841743843e-01 -2.915975961265360183e-02
4.023300000000000000e+04 8.940165375594233410e-02 -1.121696061730830252e-01 4.473341004262891829e-01
4.020500000000000000e+04 -1.674527766699895892e-01 -1.634218281838002440e-01 3.299887237898531112e-01
4.032200000000000000e+04 -1.926012762609019546e-01 -8.412894116192148886e-02 1.728718602135899118e-01
4.031100000000000000e+04 -4.930926198393947857e-01 -9.081469709290530545e-01 1.676218329301377707e-01
4.019500000000000000e+04 -4.930926198393947857e-01 -9.081469709290530545e-01 1.676218329301377707e-01
4.016600000000000000e+04 3.630101980798556838e-01 7.296249581787606076e-01 1.236706803861693516e-01
4.030200000000000000e+04 1.780259901881962037e-01 3.199652125694996130e-01 3.788982713634965194e-01
4.017700000000000000e+04 3.145946703536850464e-02 1.124834268083645838e+00 1.455122352239470729e-01
4.025500000000000000e+04 2.399712752004035110e-02 3.607929326183665353e-01 2.014831992645440550e-01
4.030100000000000000e+04 2.399712752004035110e-02 3.607929326183665353e-01 2.014831992645440550e-01
4.019000000000000000e+04 -3.176454085410540529e-02 3.878874062535402345e-01 2.812167116801731481e-01
4.018300000000000000e+04 -5.621520805867419313e-03 3.827202081659208943e-01 4.115273328274895448e-01
4.018500000000000000e+04 -3.006583876184265591e-02 7.992681840561175477e-01 4.919489620208565839e-01
4.022800000000000000e+04 -2.076944814426653352e-01 7.097865924233133228e-01 1.749746782531218514e-01
4.022300000000000000e+04 6.259218932886057019e-02 2.063052616905451941e-01 8.456570396497227193e-01
4.018600000000000000e+04 -4.293939416369028095e-01 1.375397543096568143e-01 7.912962313963447514e-01
4.019900000000000000e+04 -2.934375970339289097e-01 -2.982478640074077703e-01 1.497265872206298809e+00
4.024400000000000000e+04 -3.461057181260542848e-01 -7.589061064742566032e-01 2.118571843113983277e+00
4.027100000000000000e+04 5.895170633028996576e-01 2.723768610083254771e-02 -8.463033334304270738e-01
4.024500000000000000e+04 -8.796616682421642963e-02 -6.242329464602249800e-01 -6.656305109165714384e-01
4.025700000000000000e+04 4.634193019717258721e-01 -6.671598973253765053e-01 -3.761315711920332205e-01
4.010800000000000000e+04 4.344955745971219585e-01 -6.694777777280762621e-01 -2.195151019510035439e-01
4.020600000000000000e+04 1.229986770090661707e+00 -9.814264985982958933e-01 -1.107075990040314650e+00
4.026200000000000000e+04 1.509748186494618949e+00 -1.015037526277481561e+00 -1.287554886629465045e+00
4.028400000000000000e+04 8.476540339775340271e-01 -3.115554672741751574e-01 -3.800899926268073159e-01
4.019700000000000000e+04 7.296758341609930199e-01 -3.098603479512007652e-01 -7.043551391555382679e-01
4.017900000000000000e+04 1.099207691344048499e-01 1.061053512811511723e+00 1.424685313251586649e+00
4.011500000000000000e+04 3.576283797593120539e-01 -1.858244430102061528e+00 -8.775100862607132512e-01
4.010600000000000000e+04 7.517424737002187385e-02 -1.435990602231299818e+00 -6.682259856992800451e-02
4.023200000000000000e+04 4.437170888726456042e-01 1.207779279458932820e+00 -1.266715238704250623e+00
4.017600000000000000e+04 3.231747397342843442e-01 4.715591651280135466e-01 -4.497698090127926207e-01
4.019100000000000000e+04 1.225028138110054954e+00 3.384573300482713876e-01 -6.862195360236000852e-01
4.027400000000000000e+04 9.025460018826692021e-01 4.138754238724828838e-01 -3.641347733315711821e-01
4.019600000000000000e+04 8.058269707182361685e-01 1.284849493435999079e+00 -6.219993071530325324e-01
4.020900000000000000e+04 -4.301766671596567448e-01 2.398238134699738566e+00 1.050451990400958380e+00
4.022400000000000000e+04 -5.816631440626949257e-01 1.497898300461031340e+00 8.885565407297661977e-01
4.021100000000000000e+04 -3.897839180477404852e-01 1.457140998486579520e+00 -5.677876416928455683e-01
4.029400000000000000e+04 1.112646265794786871e+00 1.639719967394441369e+00 -4.204089600300875418e-01
4.022900000000000000e+04 2.317880979766755445e-01 -1.132343297368052504e+00 -9.858476318729003651e-02
4.028000000000000000e+04 7.559090360368259098e-02 -5.047665611980818312e-01 -1.013142516999323561e-01
4.026000000000000000e+04 -1.043386147793476937e+00 -1.050615662657804705e+00 7.107972947357978910e-01
4.013400000000000000e+04 -9.715978262487610095e-01 1.105280129123130450e+00 1.490987428011749216e+00
4.028100000000000000e+04 -6.647725509821356127e-01 -4.260608340212002076e-02 1.582545751273585211e-01
4.026500000000000000e+04 -1.315846988526921280e+00 3.881797915242941599e-01 1.803398850665161035e-01
4.031800000000000000e+04 -8.460661020830997359e-01 3.913217326186213540e-01 1.147501575236020699e+00
4.022500000000000000e+04 -1.307336593975790606e+00 -2.442510506832320516e-01 -7.022046844777065644e-01
4.026600000000000000e+04 -1.895340578818768051e+00 -4.867209501281735129e-01 -3.158985434952512605e-01
4.020400000000000000e+04 -1.132349647410343607e+00 -5.520589489763949587e-01 -1.702388059938485299e+00
4.028600000000000000e+04 -1.121643101393239306e+00 -1.566802426850799179e+00 5.743959084845045027e-01
4.023800000000000000e+04 -1.357496661057410847e+00 1.000294453758058921e+00 -1.033484861047071490e-01
4.029000000000000000e+04 -1.886920434362693300e+00 -1.868858431935308317e+00 1.443978805465206960e-01
4.023000000000000000e+04 -8.859779880893299264e-01 -1.090987914326731811e+00 -1.859490679273960723e-01
