# star id 	 star_x_coords [pc] 	 star_y_coords [pc] 	 star_z_coords [pc] 
4.138700000000000000e+04 -1.791233240318256037e+00 9.689792511057788715e-01 -3.850529239827373829e-01
4.125300000000000000e+04 1.922012846834817879e+00 1.146558425706274420e-01 -1.064283164256369929e+00
4.135900000000000000e+04 -2.013299674556407126e+00 1.950452707898477911e+00 -1.062758721137839757e+00
4.136000000000000000e+04 2.522498213345777174e+00 -1.155899106459806092e+00 -1.007139521545418859e+00
4.126100000000000000e+04 6.595075220871251531e-01 -1.875047118567060522e+00 -9.155314225795905259e-01
4.126200000000000000e+04 -2.242054799789393371e+00 -7.125345378448955103e-01 -3.815889352564401094e-01
4.121800000000000000e+04 1.920057380219091669e+00 -1.919279976427077372e-01 -4.016426133004511456e-01
4.126300000000000000e+04 -3.703607083831883529e-02 1.134632379671174363e-01 -2.141107798567439602e+00
4.133100000000000000e+04 2.332398109076635251e+00 2.032503486768021617e+00 -1.680337201832303506e+00
4.142600000000000000e+04 1.941061573593785283e+00 -1.191805117184053131e+00 -1.986078139296548528e+00
4.142700000000000000e+04 1.941061573593785283e+00 -1.191805117184053131e+00 -1.986078139296548528e+00
4.121400000000000000e+04 1.941061573593785283e+00 -1.191805117184053131e+00 -1.986078139296548528e+00
4.135700000000000000e+04 2.103407887545934329e+00 -5.573368306560340102e-01 -2.078095722513644716e+00
4.135100000000000000e+04 2.986309811918843593e-01 -3.872612166032851633e-01 -2.663894759905216958e+00
4.128100000000000000e+04 1.037188872303573817e-02 2.266694237886497376e-01 -6.112059452793783265e-01
4.112000000000000000e+04 -9.870812680861575927e-01 1.916256532978550808e-01 -6.930407325758407566e-01
4.112100000000000000e+04 1.038480156782043196e+00 1.337910295994518606e+00 -6.528674310497581956e-01
4.112200000000000000e+04 3.754559065037170740e-01 4.307210124281368735e-03 -5.165903176010884224e-01
4.143400000000000000e+04 1.491778301932598083e-01 6.469116384538722286e-01 -3.517220519801815826e-01
4.134900000000000000e+04 1.491778301932598083e-01 6.469116384538722286e-01 -3.517220519801815826e-01
4.130900000000000000e+04 -8.740202753592853924e-01 8.981752778590177400e-01 -7.406162161033140734e-01
4.129600000000000000e+04 -8.740202753592853924e-01 8.981752778590177400e-01 -7.406162161033140734e-01
4.122600000000000000e+04 5.316190528012540994e-01 8.635612552936038355e-01 -3.901812987355768314e-01
4.122300000000000000e+04 4.891464245893217822e-01 6.183523069612348877e-01 -3.625255133574221134e-01
4.114300000000000000e+04 4.787921880352001835e-01 5.832519169388703517e-01 -3.185861720164053779e-01
4.122800000000000000e+04 2.672644800769887752e-01 -8.396836005104688638e-01 -5.344504095222255557e-01
4.112600000000000000e+04 1.514460914563429128e-01 -7.524787897346172372e-01 -4.279057683647051746e-01
4.136600000000000000e+04 3.330646370306453719e-01 -4.196817815485900383e-01 -5.686530263563103205e-01
4.124900000000000000e+04 4.980501529406851091e-01 -5.414651180612821690e-01 -5.175900526436061355e-01
4.152600000000000000e+04 -4.928388092641284857e-01 -6.994847889353295045e-01 -6.042426984238593590e-01
4.126500000000000000e+04 -3.296231352978509221e-01 -1.022255816037159093e+00 -6.769461406596803954e-01
4.145500000000000000e+04 -6.160183336777151908e-01 -4.578036995688492539e-01 -7.009793265883059732e-01
4.137600000000000000e+04 1.548765760346277887e+00 -5.486613397065553954e-01 -5.349576904408674949e-01
4.146000000000000000e+04 1.610814379628429549e+00 -4.973540434399055243e-01 -7.644921401028472729e-01
4.145900000000000000e+04 -9.345453485234855862e-02 8.209775158533716422e-03 -1.238046464410288650e+00
4.112300000000000000e+04 -1.545183878553608281e+00 -7.394890465257617507e-01 -1.150005680093995508e+00
4.145600000000000000e+04 1.357310601669603045e+00 -3.913674636153459119e-01 -8.300277867178120772e-01
4.112500000000000000e+04 1.357310601669603045e+00 -3.913674636153459119e-01 -8.300277867178120772e-01
4.111600000000000000e+04 1.108827913685310307e+00 -6.630049427997519729e-01 -1.322740142238098215e+00
4.148100000000000000e+04 -8.299717869196712172e-01 -1.103668662799961453e+00 -1.763436679178036925e+00
4.148200000000000000e+04 -2.498493423019141346e-01 -5.788911002502103997e-01 -1.392824751901846625e+00
4.125800000000000000e+04 1.667643677900159105e+00 1.006832440017255692e+00 -1.538434175646495206e+00
4.118600000000000000e+04 -1.360507259912466793e-01 -5.636976431570417390e-02 -5.110719621651034217e-01
4.124700000000000000e+04 3.295186392929991825e-01 7.920525898892094574e-02 -5.013028062267412821e-01
4.119700000000000000e+04 1.239902963896994947e-01 -4.320854044479460754e-04 -3.927275422765195145e-01
4.125200000000000000e+04 -2.666158768855382277e-01 2.559458577466955376e-02 -2.920463213991686402e-01
4.128000000000000000e+04 3.607275253116171143e-02 -8.425083153209556031e-02 -4.261104060138123373e-01
4.116000000000000000e+04 -2.808329296584872736e-01 -4.370240982392417095e-01 -2.694104874125393678e-01
4.142100000000000000e+04 4.055161828079079100e-01 1.050633272635863591e-01 -5.044691968489756206e-01
4.142200000000000000e+04 3.180200717758765450e-01 2.672839187148952078e-01 -2.704852673437914135e-01
4.137400000000000000e+04 -3.226092942358036453e-01 2.565292411099164838e-01 -4.678875236658361914e-01
4.136700000000000000e+04 -1.565562268058208417e+00 1.601259181573553292e+00 1.073819828181182601e+00
4.126800000000000000e+04 -2.070492220813889617e+00 2.991243688716700433e+00 2.946896902833673337e-01
4.125000000000000000e+04 -1.477540917239664964e+00 2.033682252350871522e+00 2.527368683730211174e-01
4.140800000000000000e+04 -1.762561930059433735e+00 -1.460311170379377188e+00 1.632532574099618827e-01
4.140900000000000000e+04 -1.732532977395841556e+00 9.990827397386539133e-01 2.742677133242199083e+00
4.129700000000000000e+04 -1.279722074342643623e+00 8.977790701257291062e-01 3.364004832254440025e+00
4.131000000000000000e+04 -1.279722074342643623e+00 8.977790701257291062e-01 3.364004832254440025e+00
4.116800000000000000e+04 -8.933341476970397821e-01 -1.726439082019879834e+00 2.107402129564546200e-01
4.133500000000000000e+04 -5.831193771755209809e-01 -2.970474350033470046e+00 1.259176238195189867e-01
4.138200000000000000e+04 -4.374598489896044384e-01 1.617137877687568448e+00 8.819998794855417046e-01
4.138400000000000000e+04 7.247491136375359133e-01 -1.934505549028891380e+00 4.578137689318584336e-01
4.135800000000000000e+04 4.916129033106386714e-01 2.971500848002435191e-01 2.139269297152414318e+00
4.115500000000000000e+04 4.396714747398320355e-01 6.455487832009865201e-01 1.886920418175676240e+00
4.113400000000000000e+04 2.361858792290192355e-01 1.561654711367076231e+00 -3.308314919578503321e-02
4.113200000000000000e+04 5.868658955013756895e-01 -6.942507883021704629e-01 2.637808107798335300e+00
4.136200000000000000e+04 -1.242082394233797515e+00 6.306886371167479410e-01 8.903597814061825488e-02
4.140500000000000000e+04 -1.276502421505483653e+00 -4.602141658735661167e-01 1.282193252902419367e+00
4.125600000000000000e+04 -1.349461600735395450e+00 2.498541934720890367e-01 4.412505487596307674e-01
4.130600000000000000e+04 -1.643313744146915667e+00 4.055300398190126998e-01 1.680812175015349297e+00
4.121700000000000000e+04 -1.526331524874471768e+00 1.487714348287539678e+00 1.478450636852638667e+00
4.138300000000000000e+04 -7.069854836312572388e-01 9.897963263131259737e-02 -2.163042256258957963e-01
4.136800000000000000e+04 -7.439992158499251218e-01 9.996031713395581164e-01 1.031528450645522454e-01
4.139000000000000000e+04 -7.885053164640396517e-01 -1.629079471181000827e-01 1.529759484313464313e-01
4.142500000000000000e+04 -3.097555639324056642e-01 4.931732157218533530e-01 3.926915971327993304e-02
4.120600000000000000e+04 -2.484199606814812000e-01 6.333021542809618154e-01 4.106932127884466155e-02
4.135300000000000000e+04 -2.786481120310497772e-01 -1.590942075169877512e+00 2.262486281040061442e-01
4.135400000000000000e+04 -8.164873269683994295e-01 -6.064597995454192869e-01 4.648976915238671737e-01
4.127100000000000000e+04 -6.246662396897519898e-01 3.926055137042254728e-01 4.562401989629290000e-01
4.124100000000000000e+04 -2.732818258000619949e-01 2.918287626573672355e-01 5.807975930866913217e-01
4.123700000000000000e+04 -3.028358198703244852e-01 1.817537865754559334e-03 5.293379352106324376e-01
4.123400000000000000e+04 -2.725998414899351019e-01 1.526726072613158181e-01 7.413748916345728190e-01
4.139800000000000000e+04 -8.718618010415966069e-01 -1.348994339894197481e+00 6.100985203533797474e-01
4.130500000000000000e+04 -7.000127561810103316e-01 -1.818553336852772873e-01 4.627096489618827135e-01
4.124400000000000000e+04 -6.724592733106575793e-01 8.525858092070066618e-01 3.919290598243572177e-01
4.139900000000000000e+04 -5.498162254019973716e-01 -4.203082732721767911e-01 3.523098995694509128e-01
4.141600000000000000e+04 -5.693130163373965047e-01 -1.962748411133716786e-01 6.361869742082708612e-01
4.141700000000000000e+04 -1.146467135042584573e+00 -9.124766259047092376e-01 1.254723152810735876e+00
4.138800000000000000e+04 -1.146467135042584573e+00 -9.124766259047092376e-01 1.254723152810735876e+00
4.120000000000000000e+04 -5.216759671341080207e-01 7.209258949888521784e-01 1.044035161945281232e+00
4.119000000000000000e+04 -6.328779091140290802e-01 -9.062147939475693192e-01 1.323399972228453514e+00
4.138500000000000000e+04 9.818695544605020586e-01 1.516347420533250556e-01 -1.262585818669990090e-01
4.138600000000000000e+04 7.594680487716800599e-01 1.184042581097983771e-01 -1.221586882257241768e-01
4.133200000000000000e+04 7.103421956013065142e-01 -1.013077600175193993e-02 -1.152281031367854425e-01
4.122400000000000000e+04 7.916697990565779719e-02 5.624083481439825505e-01 2.322069440409633145e-01
4.150600000000000000e+04 1.709469836572431234e+00 7.739929537331420306e-01 -5.620191476631575256e-02
4.143700000000000000e+04 1.435784515803675276e-01 4.179103019187166979e-01 6.617760888579971024e-01
4.125700000000000000e+04 1.081034234721300891e-02 5.238178382363614105e-01 3.493007943947388227e-01
4.144100000000000000e+04 1.324399297573108925e-02 -1.317268325132452844e+00 7.634324204956941529e-01
4.113800000000000000e+04 -5.429257910570584045e-03 1.117338884045089742e+00 2.374581565287376961e-01
4.117600000000000000e+04 -1.474038181925294566e-01 -1.080882358619177808e+00 -8.311139098589848118e-02
4.129200000000000000e+04 -8.203538325771830841e-02 -8.265448333697378303e-01 -2.105255803185261954e-01
4.148300000000000000e+04 2.016011407470656991e-01 -6.625467341784485598e-01 2.054938446886644954e-03
4.130400000000000000e+04 8.295940740017471171e-02 1.098174582867031290e+00 5.919553341688228443e-01
4.124800000000000000e+04 -7.895467124944133275e-02 -9.686381059628885737e-01 3.888529874933546182e-01
4.131600000000000000e+04 9.742307069728965985e-01 1.164274861913064285e+00 5.874328388107752374e-01
4.145800000000000000e+04 8.110979478412403409e-01 1.130403884778395707e+00 7.596090068621936808e-01
4.153500000000000000e+04 1.851198220708639042e+00 -7.256486668833446174e-01 3.561287756005162564e-01
4.139700000000000000e+04 1.580261033114460645e+00 -1.080387189207584697e+00 3.490166713818050326e-01
4.120500000000000000e+04 1.399576800126631326e+00 -1.387986820762982632e+00 2.783110774291133183e-01
4.148700000000000000e+04 -8.603724553222491522e-02 4.098321170473298025e-01 8.533275133219078157e-01
4.148800000000000000e+04 9.762128486752175149e-02 8.070872153105312918e-03 8.406906947198935498e-01
4.150800000000000000e+04 6.256963067403731316e-01 1.357696427443855214e-01 8.290167592337720492e-01
4.139600000000000000e+04 5.054668048385906332e-01 1.457692075389473985e-01 9.439051347765747835e-01
4.147200000000000000e+04 5.054668048385906332e-01 1.457692075389473985e-01 9.439051347765747835e-01
4.114400000000000000e+04 -3.129223463668466820e-01 1.254955742176306899e-01 4.891187705619808312e-01
4.128300000000000000e+04 -1.770307715273631288e-01 -2.888580801769720097e-01 3.185378964784506550e-01
4.116700000000000000e+04 -2.783810922515286279e-01 1.726788573584912001e-01 8.185156415001948460e-03
4.122700000000000000e+04 -2.360287489337054012e-01 1.991137195638259527e-02 2.111917961166032143e-02
4.125400000000000000e+04 -2.137509457204842533e-01 -1.753225414741876875e-02 6.051893981819755908e-02
4.115900000000000000e+04 -2.973799036865116818e-01 -4.788582119601869636e-01 2.856178446185886344e-02
4.119900000000000000e+04 -3.005440641795900092e-01 -2.305201965131189468e-01 3.748434695466684730e-02
4.136500000000000000e+04 -2.607287720906086292e-01 -1.049744463881125967e-01 1.506093609725080995e-01
4.111900000000000000e+04 -1.783733197061394549e-01 -2.617147878381942405e-01 3.743601415438568836e-02
4.111800000000000000e+04 -1.648971758235830976e-01 -1.940477288609656625e-01 2.036550266730818848e-01
4.124200000000000000e+04 -1.352083428297561341e-01 1.495774896079069549e-01 4.533713263811645078e-02
4.111400000000000000e+04 -1.352083428297561341e-01 1.495774896079069549e-01 4.533713263811645078e-02
4.150100000000000000e+04 2.357523311103904007e-02 3.492156853988603871e-02 3.318921857410384035e-02
4.123600000000000000e+04 2.357523311103904007e-02 3.492156853988603871e-02 3.318921857410384035e-02
4.150200000000000000e+04 2.690852215761907473e-02 -1.581368815600114885e-03 4.804584998642535965e-02
4.149000000000000000e+04 -3.410613597608858072e-02 6.180215442788039582e-02 1.593216682072773338e-01
4.113600000000000000e+04 3.150480574431924197e-02 6.950562983649888338e-02 1.536146762854171399e-01
4.157700000000000000e+04 4.554330998354316762e-02 1.901330747438336743e-01 1.536350667650925317e-01
4.157800000000000000e+04 4.554330998354316762e-02 1.901330747438336743e-01 1.536350667650925317e-01
4.157900000000000000e+04 4.791265452709581041e-03 1.338949323592615315e-01 1.615825437131919173e-01
4.143800000000000000e+04 -6.748234302757794012e-02 -2.473245622652342490e-02 1.803841256540650306e-02
4.153100000000000000e+04 9.118683296092910950e-02 8.967287304972160200e-02 6.336607210387867894e-02
4.114900000000000000e+04 -4.523568088403351339e-02 -3.755811861604740898e-02 2.062769871440384151e-02
4.121200000000000000e+04 -6.018409551913350697e-02 -3.644981255526147379e-02 3.894924916456687924e-02
4.142000000000000000e+04 -6.018409551913350697e-02 -3.644981255526147379e-02 3.894924916456687924e-02
4.144300000000000000e+04 -6.018409551913350697e-02 -3.644981255526147379e-02 3.894924916456687924e-02
4.131400000000000000e+04 8.957831993761544709e-02 6.402065869207973492e-02 1.054545701454463469e-01
4.131500000000000000e+04 -1.439025576022601172e-01 -5.435959407193280413e-02 9.551742666116780356e-02
4.136400000000000000e+04 2.026452030346348465e-02 1.243332569889972206e-01 2.470624400222289907e-01
4.118700000000000000e+04 9.238821939506891567e-02 1.590158394176413026e-01 5.951287516578673831e-02
4.120300000000000000e+04 4.788430630081492723e-01 4.833445443566120048e-03 2.118253249951145278e-01
4.118800000000000000e+04 2.274212553657193325e-01 9.764282149495073782e-02 1.779798485760331062e-02
4.112900000000000000e+04 2.274212553657193325e-01 9.764282149495073782e-02 1.779798485760331062e-02
4.127500000000000000e+04 1.519109911924942935e-01 1.196817099386109362e-01 9.247811266798322549e-02
4.117000000000000000e+04 1.130043991487923449e-01 1.482683317821553715e-01 9.106760083032394704e-02
4.114800000000000000e+04 2.318722321449371293e-01 1.328067881402077433e-01 8.795371207456703644e-02
4.111700000000000000e+04 2.318722321449371293e-01 1.328067881402077433e-01 8.795371207456703644e-02
4.115100000000000000e+04 1.735495765439196703e-01 1.422934319569293393e-01 9.584175891736634867e-02
4.111200000000000000e+04 9.894859358792729154e-02 2.590071044721753424e-03 1.316893382210277963e-01
4.125500000000000000e+04 3.440350084702146205e-01 1.438104008211098517e-01 6.409716774709117715e-02
4.143600000000000000e+04 2.588306521590908460e-01 1.720680829781002785e-01 1.304984562819697658e-01
4.137800000000000000e+04 1.233863510827859500e-01 1.041382060193853931e-01 1.472911268737187029e-01
4.143000000000000000e+04 1.415915289419515943e-01 1.639300582473026680e-01 1.839213212470447445e-01
4.117200000000000000e+04 2.907538796329021125e-01 -4.968932441081364004e-02 1.163183844233310893e-01
4.127700000000000000e+04 1.562952444857614864e-01 -1.941324686311673986e-02 2.588264188521529618e-01
4.141800000000000000e+04 -4.312038325370792791e-02 3.979040964338196318e-01 1.677900543462040872e-02
4.119500000000000000e+04 -4.312038325370792791e-02 3.979040964338196318e-01 1.677900543462040872e-02
4.119600000000000000e+04 -2.432165426428412047e-02 3.181786970951350213e-01 5.840608834715332875e-02
4.128700000000000000e+04 -5.464336168990513443e-02 2.820639074399267088e-01 7.620720525675306334e-02
4.127000000000000000e+04 5.196528645355158460e-02 3.671089668715339371e-01 6.499701467908280961e-02
4.113900000000000000e+04 -9.623769385375879892e-02 2.002453112496880294e-01 8.080247512633942364e-02
4.117300000000000000e+04 -9.623769385375879892e-02 2.002453112496880294e-01 8.080247512633942364e-02
4.137100000000000000e+04 4.047610079282222273e-01 3.144767450046686008e-01 1.044945339719953736e-01
4.131700000000000000e+04 5.948560477335860242e-01 4.581738451192904904e-01 2.222382448837363356e-01
4.123500000000000000e+04 1.169600894091757937e-01 2.019777424010129607e-01 1.163800999382242907e-01
4.113000000000000000e+04 1.754589441253884274e-01 3.197676752732405703e-01 5.346954616222365786e-02
4.115000000000000000e+04 1.525872799205316710e-01 3.158817700166238751e-01 2.083647697172850144e-01
4.144800000000000000e+04 1.885000637104496946e-01 3.682518297510313232e-01 2.505677593602806397e-01
4.117700000000000000e+04 -1.212979585165783192e-01 5.024598324196460908e-02 5.256228518345551493e-01
4.153400000000000000e+04 3.121017944859261206e-02 1.157573287713375976e-01 2.717567792350275013e-01
4.153600000000000000e+04 4.359028988136728344e-01 4.253913693905531090e-02 5.160959898036185933e-01
4.121300000000000000e+04 5.319330599813270055e-01 -5.288384642476273712e-03 2.727730416730853591e-01
4.128500000000000000e+04 3.166740945128765361e-01 6.661198536804135983e-02 4.071812145108824055e-01
4.137700000000000000e+04 3.166740945128765361e-01 6.661198536804135983e-02 4.071812145108824055e-01
4.152000000000000000e+04 1.099773966905459588e-01 1.601294846471787992e-01 2.772502727799510680e-01
4.147600000000000000e+04 1.972922436586728168e-01 1.200178043198079081e-01 2.928505007301644980e-01
4.147700000000000000e+04 -1.492078555982345733e-02 4.282045196793902164e-01 2.892527837806309066e-01
4.116100000000000000e+04 -2.131329173858631520e-02 3.804047129928136428e-01 3.718738589013241835e-01
4.164100000000000000e+04 -1.885057038969506493e-02 -3.905385024466667687e-01 8.449517889688706873e-02
4.147000000000000000e+04 4.074504065556538990e-02 -3.507081687450863683e-01 2.381961479213936528e-01
4.144000000000000000e+04 -1.448471021609663012e-01 -4.021271356137319231e-01 2.678407131666338259e-01
4.152700000000000000e+04 -3.618501398249662770e-02 -2.512304269573135684e-01 2.050977220976069049e-02
4.146600000000000000e+04 -3.079959950844823879e-02 -8.334345967201528538e-02 7.364263819102401243e-02
4.120800000000000000e+04 -2.322727038728089610e-02 -1.625887241804235828e-01 8.306025250327131459e-02
4.139100000000000000e+04 6.797858776157283955e-02 -2.256166257136982267e-01 4.486243953634794224e-02
4.128200000000000000e+04 -1.700620556938048367e-02 -2.047530849217338300e-01 9.858902176179018539e-02
4.110600000000000000e+04 -1.085909575220540546e-01 -3.152883889739044321e-01 1.926020706267435045e-01
4.150900000000000000e+04 -2.419123074429307962e-02 -1.367352487886321910e-01 2.644280724489460610e-01
4.143500000000000000e+04 1.518506715086047620e-01 -6.784057571999824177e-02 3.732650797541392507e-02
4.131800000000000000e+04 1.518506715086047620e-01 -6.784057571999824177e-02 3.732650797541392507e-02
4.113100000000000000e+04 2.258321598379211537e-01 -2.717555159484490446e-01 1.487288000745996541e-01
4.119200000000000000e+04 1.097459954535437987e-01 -2.747291546018431063e-01 1.640035870079445957e-01
4.142800000000000000e+04 1.097459954535437987e-01 -2.747291546018431063e-01 1.640035870079445957e-01
4.123000000000000000e+04 6.148277444064618180e-01 -2.766246203660145397e-01 2.856534161766832725e-01
4.118300000000000000e+04 -3.256115283917964121e-01 -2.014703039628784609e-02 -2.095483555664285902e-01
4.118200000000000000e+04 -2.271412609075511568e-01 1.703724511399968833e-01 -2.383733505282474852e-01
4.129000000000000000e+04 -1.900491533963517554e-01 1.106354632898103318e-01 -2.443373477422667861e-01
4.129100000000000000e+04 -2.231507917368844574e-01 1.425841687405977609e-01 -1.171959930606094602e-01
4.128400000000000000e+04 -3.690839823255558372e-01 1.783775184217049059e-01 -8.248124711668314291e-02
4.115600000000000000e+04 -3.915650046641587778e-01 1.766962924711918959e-01 -7.402623442652966901e-02
4.115700000000000000e+04 -2.286132877472937253e-01 -3.090304855183489963e-02 -4.122838608377943359e-02
4.116900000000000000e+04 -4.235430392956089918e-01 -4.364956099535532985e-02 -8.374717976346879311e-02
4.127800000000000000e+04 -2.101187041991607884e-01 3.543393768319447190e-02 6.156281987309775161e-03
4.127900000000000000e+04 -2.924325469026527458e-01 -4.520127289064319598e-01 -7.777781864997468375e-02
4.135000000000000000e+04 -3.880486256020887481e-01 -1.795436115740045580e-01 -2.411221168550490290e-01
4.123900000000000000e+04 -2.252131741097542772e-01 -1.424491577962427868e-01 -1.424332547680826622e-01
4.124000000000000000e+04 -1.933518781809553388e-01 -9.375708438619767549e-02 -1.176516536902489918e-01
4.129400000000000000e+04 -1.616791404240842667e-01 1.897770212620741859e-02 -2.199904598882547191e-01
4.122900000000000000e+04 -1.455325285537867330e-02 -3.943476377024524027e-03 -1.506832817834888871e-01
4.127200000000000000e+04 -1.379665213781180455e-01 -1.802188799923953866e-02 -1.474588258523255035e-01
4.125100000000000000e+04 6.072219069494622090e-02 1.941018958510909442e-02 -1.731974098293669329e-01
4.137000000000000000e+04 4.849115376729429272e-02 2.027289485310745931e-02 -1.156160207443708288e-01
4.130800000000000000e+04 3.142751908843877118e-02 -2.657280109234250176e-02 -1.607915397951735770e-01
4.139500000000000000e+04 -6.119081965744754825e-02 -6.125162416267926346e-03 -1.418416001447146968e-01
4.136300000000000000e+04 2.568333822326707150e-02 2.376462611457696994e-02 -1.359461293347141719e-01
4.128600000000000000e+04 -1.028954408973135060e-01 4.247548951840940390e-02 -9.991703502306759077e-02
4.115300000000000000e+04 -1.028954408973135060e-01 4.247548951840940390e-02 -9.991703502306759077e-02
4.139300000000000000e+04 -1.028954408973135060e-01 4.247548951840940390e-02 -9.991703502306759077e-02
4.128800000000000000e+04 2.774183472094193803e-02 1.196025081065812401e-01 -1.104035564476433251e-01
4.129500000000000000e+04 9.629214253109807942e-03 -2.803694562083336450e-02 -1.161225468910984659e-01
4.114100000000000000e+04 -8.629007909114960739e-02 1.933448610295158687e-01 -9.069151173901346397e-02
4.132300000000000000e+04 7.309484882523520355e-02 3.321855627869751970e-02 -8.999993918278015315e-02
4.132800000000000000e+04 4.042514489679405187e-02 -1.110665220216588978e-02 -7.770295681706951285e-02
4.117400000000000000e+04 -6.999601975124392084e-03 -3.805581274333036390e-02 -2.389137875854352444e-01
4.117500000000000000e+04 -8.583844617466240834e-02 2.051180986512690652e-02 -7.269118668757634794e-02
4.130700000000000000e+04 -4.515790106847816787e-02 6.081374605570033509e-02 -5.874234246597609399e-02
4.135600000000000000e+04 -1.626453410934942667e-01 1.167492418746576277e-01 -5.070486557406628236e-02
4.120900000000000000e+04 6.043234058037683099e-02 -1.352958569988516047e-02 -6.393475136005566384e-02
4.126900000000000000e+04 -8.585002427399501812e-02 -2.858362398697522622e-03 -6.048123172996522356e-02
4.132500000000000000e+04 -8.585002427399501812e-02 -2.858362398697522622e-03 -6.048123172996522356e-02
4.132600000000000000e+04 3.330520103944678567e-02 1.288539901619216721e-01 -6.467297842193797663e-02
4.140100000000000000e+04 3.330520103944678567e-02 1.288539901619216721e-01 -6.467297842193797663e-02
4.113700000000000000e+04 -5.549779695622447662e-02 3.234326186129266034e-02 -4.719227588888230684e-02
4.139400000000000000e+04 -5.549779695622447662e-02 3.234326186129266034e-02 -4.719227588888230684e-02
4.124500000000000000e+04 1.053343343114221398e-02 -1.866049966970706464e-03 -6.023524833836901848e-02
4.135500000000000000e+04 1.053343343114221398e-02 -1.866049966970706464e-03 -6.023524833836901848e-02
4.118400000000000000e+04 1.053343343114221398e-02 -1.866049966970706464e-03 -6.023524833836901848e-02
4.121500000000000000e+04 4.707918354445439491e-02 -4.824627252051527648e-02 -1.171223437604194118e-01
4.134200000000000000e+04 4.707918354445439491e-02 -4.824627252051527648e-02 -1.171223437604194118e-01
4.121600000000000000e+04 2.289266714404192271e-02 -4.359589290564969133e-02 -1.230458133837526447e-01
4.127400000000000000e+04 -5.445339265457960209e-02 1.081545316440397642e-01 -5.643395512274196335e-02
4.126000000000000000e+04 1.450825629883212287e-02 -2.602568577058406163e-02 -4.989202810827819690e-02
4.136900000000000000e+04 2.497651384329913071e-02 -4.507260791427825097e-02 -5.353179067835878158e-02
4.118100000000000000e+04 5.040779727242750141e-02 2.535785579460991812e-02 -4.265312511744401291e-02
4.130300000000000000e+04 7.379365075319554990e-02 6.364241734287645613e-02 -4.563513681718855963e-02
4.130200000000000000e+04 -1.484990270600405893e-02 -5.081181790448141555e-02 -1.329544804123372614e-01
4.134500000000000000e+04 -1.484990270600405893e-02 -5.081181790448141555e-02 -1.329544804123372614e-01
4.134400000000000000e+04 -1.065883536667016074e-01 1.195581004596988350e-01 -4.325894220051651473e-02
4.115800000000000000e+04 3.825391131840660819e-03 5.623526373913989573e-02 -3.997982773850772276e-02
4.130000000000000000e+04 6.715455600754438592e-02 6.036085841878957581e-02 -3.237816725455378020e-02
4.114500000000000000e+04 6.715455600754438592e-02 6.036085841878957581e-02 -3.237816725455378020e-02
4.137500000000000000e+04 -7.710479366041056437e-02 1.510030474224137720e-01 -3.271699535027838834e-02
4.134600000000000000e+04 -8.015337512770059902e-02 -5.148253906828159643e-02 -6.265304560472806372e-02
4.124600000000000000e+04 -1.177400672416695215e-01 1.065084509579321548e-01 -1.659179698444201989e-02
4.114000000000000000e+04 1.968979870795806164e-02 -5.580545629350552872e-02 -1.004921467335790908e-01
4.118900000000000000e+04 -1.402862433928007135e-01 -5.456698420317707132e-02 -1.768999304839624642e-01
4.140200000000000000e+04 -6.654399181733339219e-02 -5.680123102621337239e-02 -1.010747833721783451e-01
4.140300000000000000e+04 -1.029330475958545321e-01 1.072089171179513301e-01 -1.409254011667915307e-02
4.138100000000000000e+04 -2.158637466660451310e-02 4.336378502145521452e-02 -1.324184161385399960e-02
4.113300000000000000e+04 8.810094932241696597e-02 6.014338833651322602e-02 -1.313399699990913660e-02
4.122000000000000000e+04 -1.467136700773465918e-01 8.150240840146238952e-02 -1.625609446789688661e-03
4.119800000000000000e+04 3.106315595594324463e-01 1.061645945246780798e-01 -1.784153762266580401e-01
4.133800000000000000e+04 3.205372251997999911e-01 1.112960337048249926e-01 -1.429731501739839317e-01
4.139200000000000000e+04 2.003031088363798062e-01 -3.798906210208485845e-02 -1.234081686389654209e-01
4.133700000000000000e+04 2.059253059038823608e-01 -9.624076255057900653e-03 -6.626788227482194316e-02
4.141100000000000000e+04 1.091645366761611058e-01 7.595405751008854622e-02 -7.070799935790805790e-02
4.128900000000000000e+04 1.511254770519059321e-01 8.994478393551474937e-02 -5.919865676252289433e-02
4.145700000000000000e+04 2.128916436146397473e-01 -5.336695650395739676e-02 -1.888289155956011101e-01
4.122100000000000000e+04 3.114297717130938281e-01 -1.949070833124721958e-02 -4.577158711696860394e-02
4.115400000000000000e+04 2.174620035864691658e-01 8.394023633974967424e-02 -7.452546336571330698e-03
4.112700000000000000e+04 2.225000835665085219e-01 1.579129331401176728e-01 -1.752149758629251153e-03
4.140400000000000000e+04 2.225000835665085219e-01 1.579129331401176728e-01 -1.752149758629251153e-03
4.136100000000000000e+04 1.024176002260617224e-01 8.175296382453467459e-02 -7.963873932528287014e-04
4.117100000000000000e+04 9.823734192394084630e-02 -6.144938245158471091e-02 -4.957136909156023563e-02
4.119300000000000000e+04 -9.753591575730524710e-03 2.732284986758628520e-01 -1.856800520234536123e-01
4.144600000000000000e+04 -6.259654585808505090e-02 2.502865449120292851e-01 -4.714017844243478805e-02
4.118000000000000000e+04 -6.196900695817220139e-02 3.973719856285811147e-01 -5.562077312406277230e-02
4.123300000000000000e+04 -1.843709236939616858e-02 3.094705817176190976e-01 -2.672471710175461368e-02
4.123200000000000000e+04 5.093140192185074966e-02 -4.392847298323587779e-01 -2.334194689557627100e-01
4.123100000000000000e+04 5.093140192185074966e-02 -4.392847298323587779e-01 -2.334194689557627100e-01
4.126700000000000000e+04 1.983219101476549895e-01 -3.277020840992506123e-01 -1.602038163866543741e-01
4.116600000000000000e+04 6.438895930685362146e-03 -2.448005439302463060e-01 -2.445121199918389721e-01
4.138900000000000000e+04 2.846266235991379290e-03 -1.168727986221469450e-01 -1.596094641750056553e-01
4.123800000000000000e+04 2.846266235991379290e-03 -1.168727986221469450e-01 -1.596094641750056553e-01
4.126600000000000000e+04 3.111044942071572450e-02 -6.377114038652820227e-02 -1.232077009275505119e-01
4.134800000000000000e+04 -1.563109824169401918e-01 -7.874539474601505162e-02 -1.274494989624743724e-01
4.118500000000000000e+04 -1.563109824169401918e-01 -7.874539474601505162e-02 -1.274494989624743724e-01
4.147300000000000000e+04 -2.882862988245449287e-02 -9.367178085484084704e-02 -1.049368208157437365e-01
4.131900000000000000e+04 -7.884853111559664285e-02 -1.076418731302482001e-01 -9.386327692887608265e-02
4.142900000000000000e+04 -7.884853111559664285e-02 -1.076418731302482001e-01 -9.386327692887608265e-02
4.116200000000000000e+04 -9.429239437970693416e-03 -8.571810886106590033e-02 -1.035393360067358159e-01
4.146300000000000000e+04 -7.405907843796910583e-03 -7.683128613980727550e-02 -9.290926826258605331e-02
4.141000000000000000e+04 -7.405907843796910583e-03 -7.683128613980727550e-02 -9.290926826258605331e-02
4.134100000000000000e+04 -5.186681539512960626e-03 -1.602953963916888824e-01 -7.823014887581880572e-02
4.132900000000000000e+04 -5.186681539512960626e-03 -1.602953963916888824e-01 -7.823014887581880572e-02
4.120700000000000000e+04 7.383536250900135656e-02 -6.773240766700894255e-02 -9.110805612628425365e-02
4.116300000000000000e+04 7.383536250900135656e-02 -6.773240766700894255e-02 -9.110805612628425365e-02
4.113500000000000000e+04 2.177920981949910129e-02 -1.138847756599332683e-01 -7.187531267715030481e-02
4.114200000000000000e+04 -5.451851834197185553e-02 -7.507826132895445426e-02 -7.634257512122744060e-02
4.134000000000000000e+04 -3.059157234567067007e-03 -6.230060514871382793e-02 -6.456783382085440337e-02
4.122500000000000000e+04 -3.612753178517635888e-02 -1.519440963453675408e-01 -8.322788116904433764e-02
4.131100000000000000e+04 7.285387461698888956e-02 -7.817144634923067770e-02 -5.862735140096209108e-02
4.124300000000000000e+04 -1.549142538345975595e-01 -7.453753817126340664e-02 -4.752477364734009058e-02
4.132400000000000000e+04 -1.549142538345975595e-01 -7.453753817126340664e-02 -4.752477364734009058e-02
4.114700000000000000e+04 -2.287686991699899863e-03 -8.966890850009434644e-02 -4.968019614552954266e-02
4.140000000000000000e+04 8.462377257531983332e-02 -6.233272841596004810e-02 -3.692019915501809635e-02
4.138000000000000000e+04 8.462377257531983332e-02 -6.233272841596004810e-02 -3.692019915501809635e-02
4.132200000000000000e+04 -1.072821790489086879e-02 -1.341001084880133476e-01 -3.103117433477553533e-02
4.141400000000000000e+04 5.357280442902379036e-02 -1.650927029187414519e-01 -6.708455911629052082e-03
4.141500000000000000e+04 -8.383095606220081208e-02 -2.168632349319281616e-01 -4.689011647393215299e-03
4.140700000000000000e+04 -7.661315177100647134e-02 -8.314592255106845187e-02 -2.850217785730357889e-03
4.129800000000000000e+04 -2.103319765109290529e-02 -1.319139297010707423e-01 1.070593671648190082e-03
4.134300000000000000e+04 2.679970358968120081e-02 -1.215781643286888425e-01 5.610298944650260466e-03
4.133000000000000000e+04 3.934596315444096604e-01 -1.902972621266840747e-01 -1.416211968049294612e-01
4.134700000000000000e+04 4.306645807299958051e-01 -2.378410617208999156e-01 -1.021086795418657545e-01
4.132100000000000000e+04 5.282679629694442269e-01 -2.029211055860713486e-01 -2.467507105033028836e-02
4.133900000000000000e+04 1.547719115826495795e-01 -1.142451611859343075e-01 -1.714074538081069576e-01
4.122200000000000000e+04 2.123513796725049474e-01 -6.256216331816943921e-02 -1.740954448723393000e-01
4.120400000000000000e+04 2.505156400819643636e-01 -1.457803355181113147e-01 -1.787834316706620186e-01
4.120100000000000000e+04 1.198328148393983383e-01 -1.367081167628327876e-01 -1.288335845697234916e-01
4.120200000000000000e+04 1.419533590330246398e-01 -6.219250474152460129e-02 -1.031682386840166998e-01
4.121900000000000000e+04 2.219858634984319679e-01 -1.318278512737833807e-01 -4.877156738291166249e-02
4.129300000000000000e+04 1.400162004247746950e-01 -9.251187293186546867e-02 -4.201153310641014826e-02
4.135200000000000000e+04 2.194765133444462890e-01 -9.786186307228916803e-02 -2.135480297094538571e-02
4.133300000000000000e+04 3.587448807513240467e-01 9.506798172403563285e-02 -2.303889942557626469e-01
4.137900000000000000e+04 1.535504120408432982e-01 2.274978105741993772e-01 -9.813690388697171585e-02
4.132000000000000000e+04 -4.844808639275299811e-01 1.198177390887593674e-01 -1.697598027211979499e-01
4.133400000000000000e+04 -4.699843360625024502e-01 -3.200992701961524745e-02 -3.499792043984761847e-02
4.117900000000000000e+04 -5.113715101274607377e-01 3.676112817643684139e-01 -8.390061134026183254e-02
4.117800000000000000e+04 -5.576557980914671475e-01 8.438453393034706096e-02 1.098777534208661422e-02
4.119400000000000000e+04 -6.168439232247209247e-01 3.054248335659508484e-01 9.215807967795441868e-02
4.129900000000000000e+04 -6.168439232247209247e-01 3.054248335659508484e-01 9.215807967795441868e-02
4.131200000000000000e+04 -5.736379158996456340e-01 -4.047580493855917894e-01 -1.292919978256223956e-01
4.137300000000000000e+04 -5.736379158996456340e-01 -4.047580493855917894e-01 -1.292919978256223956e-01
4.137200000000000000e+04 -4.739273576472271543e-01 4.853133638871298672e-02 3.430197022973580090e-01
4.116500000000000000e+04 -4.472295279099895993e-01 1.281813533370552705e-01 4.795969824506887136e-01
4.116400000000000000e+04 -4.924318967654173207e-01 -1.348705528908666906e-01 -8.480967361787516978e-02
