# star id 	 star_x_coords [pc] 	 star_y_coords [pc] 	 star_z_coords [pc] 
4.880000000000000000e+03 5.466694779760743472e-01 -2.808383956739959331e+00 3.727795750018937149e+00
5.020000000000000000e+03 1.641812608595529355e+00 2.431814292404652633e-01 3.819069291405516431e+00
4.964000000000000000e+03 1.377780964320070467e+00 4.495461950750723190e-02 4.557519422601747472e+00
5.452000000000000000e+03 6.872654624933574041e-01 5.685932044000594487e-01 3.174860207638414700e+00
5.302000000000000000e+03 3.040324108544805171e+00 -4.581343301280043079e-01 -2.445444464560210807e-01
4.879000000000000000e+03 -2.570370428159321818e+00 -4.727790879081226194e-01 1.848470901404575262e-01
4.648000000000000000e+03 -3.520215686922828269e+00 1.388508019567353813e-01 2.519432698002930238e-01
4.647000000000000000e+03 2.426551009581160656e+00 -5.584258725191801886e-01 -1.200169818351776718e-01
5.211000000000000000e+03 -1.656159926822578399e+00 3.453788218681950184e-01 -1.118073839446909190e-01
5.043000000000000000e+03 2.270324075784550644e+00 5.664004516131484479e-01 -2.483186071066665335e-01
5.021000000000000000e+03 9.819307558898486832e-01 -2.594502021114664103e+00 3.246609677444328490e+00
5.181000000000000000e+03 9.819307558898486832e-01 -2.594502021114664103e+00 3.246609677444328490e+00
5.301000000000000000e+03 9.819307558898486832e-01 -2.594502021114664103e+00 3.246609677444328490e+00
5.249000000000000000e+03 9.819307558898486832e-01 -2.594502021114664103e+00 3.246609677444328490e+00
5.370000000000000000e+03 -8.003196146413316114e-02 -2.433359677834999957e+00 2.853686321699705264e+00
5.011000000000000000e+03 -8.003196146413316114e-02 -2.433359677834999957e+00 2.853686321699705264e+00
4.848000000000000000e+03 1.684627238119396964e+00 -2.654799835777552630e+00 -2.569053521221020819e-02
4.813000000000000000e+03 -2.178101064825430200e+00 -1.815990286664742825e+00 3.546205066090624136e-02
4.985000000000000000e+03 -2.141168205118024304e+00 -2.400454287842975987e+00 4.297564923503851553e-01
4.846000000000000000e+03 2.000020993081822240e+00 1.790441508217114119e+00 1.166635972082477046e-01
5.117000000000000000e+03 1.755679573224927736e+00 1.863678495945833902e+00 1.127611004323790800e-01
5.221000000000000000e+03 1.956520532799721934e+00 1.991961696056890219e+00 3.960106889358574467e-01
5.385000000000000000e+03 1.956520532799721934e+00 1.991961696056890219e+00 3.960106889358574467e-01
4.666000000000000000e+03 -2.177259670088858456e+00 -9.865122727814963355e-01 1.741914282665716351e-01
5.090000000000000000e+03 -1.890423225673945495e+00 -8.315596185224620740e-01 -1.938385852258219244e-01
5.326000000000000000e+03 -3.506196214741837736e+00 1.970634369819634912e-01 1.603481883586972856e+00
4.862000000000000000e+03 -9.776332488040075930e-01 -2.856380237881978701e+00 1.666064627053356340e+00
5.405000000000000000e+03 1.322510763864489292e+00 -3.625507216388015763e+00 1.296055056050616550e+00
5.279000000000000000e+03 5.695378960690611336e-01 -2.803139548867662256e+00 8.221867530559887616e-01
4.857000000000000000e+03 -2.375328986849577717e+00 -3.540644716782665569e+00 1.053444103602903414e+00
4.999000000000000000e+03 -6.267013701506094492e-01 1.817866449663938511e-01 1.850685352451046040e+00
4.944000000000000000e+03 1.041203325927764212e+00 -3.297655617045194276e-01 2.522191477777949498e+00
4.901000000000000000e+03 5.487390008816817044e-01 2.030587107038570593e-01 2.114509435893321854e+00
5.061000000000000000e+03 -1.390141203334955833e-01 2.671185722483500058e-01 2.490189750132930868e+00
5.133000000000000000e+03 -1.185979075918563552e+00 4.481298293499520469e-01 1.981209866301916644e+00
4.818000000000000000e+03 -9.004529086633965562e-01 1.298138087648567307e+00 2.647774257916387430e+00
4.855000000000000000e+03 1.326289357079133424e-01 -3.024204910211807373e+00 1.656318928969708004e+00
4.966000000000000000e+03 -4.838193641912162946e-01 2.093668824368364767e+00 7.259371459395640436e-01
4.916000000000000000e+03 -5.617942022990938256e-01 2.331181626900345805e+00 9.920556255092802811e-01
5.168000000000000000e+03 1.836179636071765486e+00 -1.873672817396538903e+00 1.052138946898722116e+00
5.160000000000000000e+03 -1.504109471598599868e+00 2.490016042435115651e+00 1.182610825555041378e+00
5.159000000000000000e+03 -6.612943173856891121e-01 2.720822494921435464e+00 1.359587524172904516e+00
5.266000000000000000e+03 -3.292177687683807363e+00 -7.357246032149333814e-01 9.439005256854433590e-01
5.265000000000000000e+03 -1.216966519717495032e-01 2.633562076121251039e+00 9.056792565127662620e-01
5.164000000000000000e+03 -3.342460765561092728e-01 -1.157623161022968361e+00 1.742250999556535174e+00
5.163000000000000000e+03 -1.410305154641523728e+00 -3.627928463938303594e-01 4.143575479330334765e-01
5.169000000000000000e+03 -3.490424588466751743e-01 -1.745593113055292633e-01 4.864283849487300859e-01
4.963000000000000000e+03 -7.479866543992841343e-02 -1.898424635058120202e-01 6.059216601080144038e-01
4.887000000000000000e+03 -8.754991936866893809e-01 -1.035775829666505388e-01 2.723214517497144493e-01
5.205000000000000000e+03 -6.338817870274233712e-01 -2.075659962159335237e-01 1.899310149104782575e-01
4.893000000000000000e+03 3.260913683163977339e-01 -1.606712013826268048e-01 3.734616813460479579e-01
4.965000000000000000e+03 -1.163644123883539550e+00 -4.271597483298705811e-02 1.358806437340454032e-01
5.252000000000000000e+03 7.656897163872962153e-01 2.350250501693977867e-01 3.066974534920666740e-01
5.165000000000000000e+03 8.297716467210385360e-01 5.363758548993757813e-02 1.315458235171287349e-01
5.146000000000000000e+03 5.820935110575575777e-01 3.109680302566033561e-01 3.794991788116219844e-01
5.342000000000000000e+03 -2.305477194211356107e-01 2.833490861817438144e-01 5.131187375570012144e-01
5.145000000000000000e+03 -1.108532253750880159e-01 9.178428711059893885e-02 6.199560249082900487e-01
5.185000000000000000e+03 -8.385964287948439733e-01 2.911018230423962905e-01 4.512197511330351407e-01
5.079000000000000000e+03 -7.281664099645013266e-01 5.848129509401189807e-02 5.697278454779104440e-01
5.104000000000000000e+03 2.468882954521482986e-01 3.183004920716854258e-01 4.657089714632225430e-01
5.142000000000000000e+03 2.468882954521482986e-01 3.183004920716854258e-01 4.657089714632225430e-01
5.141000000000000000e+03 7.875038329635337675e-01 5.670575393200891767e-01 3.394334146252323547e-01
5.140000000000000000e+03 -3.230307515891048808e-01 7.879723131301261674e-01 1.590684121675783880e-01
4.732000000000000000e+03 -3.004388925746397376e-01 7.092738727917407004e-01 2.960772799897462004e-01
5.198000000000000000e+03 -2.772749012180142358e-02 7.928833072920440372e-01 3.823996106286606800e-01
4.998000000000000000e+03 -7.132552939875260734e-01 5.584165531147675665e-01 1.887256298732259419e-01
5.124000000000000000e+03 -4.703326635924867105e-01 5.445333786591959324e-01 3.409129103114930670e-01
4.997000000000000000e+03 1.164558323185289623e-01 6.353015804905908226e-01 4.629960447695840031e-01
5.360000000000000000e+03 4.938747560553977678e-01 6.494314738344257876e-01 6.041665203362880376e-01
5.359000000000000000e+03 1.265386374821275695e-01 1.153165174758726153e+00 5.701032337544589268e-01
5.162000000000000000e+03 1.164040152409882012e-01 1.167465478749207364e+00 3.845817257626944485e-01
5.089000000000000000e+03 1.164040152409882012e-01 1.167465478749207364e+00 3.845817257626944485e-01
4.924000000000000000e+03 -1.005300177786438098e+00 1.894953337522977677e+00 4.124505032077432354e-01
4.923000000000000000e+03 -3.069152235988106270e-01 -8.334591014685059918e-01 2.268631538506405976e-01
4.922000000000000000e+03 -3.069152235988106270e-01 -8.334591014685059918e-01 2.268631538506405976e-01
4.996000000000000000e+03 -1.672137477561719265e-02 -7.476835925174754038e-01 6.155902578877150422e-01
5.287000000000000000e+03 -7.840631032984290982e-01 -7.688207208207700205e-01 4.706199871794758405e-01
5.082000000000000000e+03 -7.840631032984290982e-01 -7.688207208207700205e-01 4.706199871794758405e-01
4.909000000000000000e+03 4.687825791566559985e-01 -8.216669722700515877e-01 3.824705328938203808e-01
5.098000000000000000e+03 1.804944559812682314e-01 -7.413576957785039667e-01 5.800005253197926258e-01
5.018000000000000000e+03 1.019582397001038032e+00 -1.467897292452278180e-01 7.456869249656010723e-01
5.224000000000000000e+03 -3.573603137513359229e-02 -2.879770494006095305e-01 6.204171195870618050e-01
5.369000000000000000e+03 -3.573603137513359229e-02 -2.879770494006095305e-01 6.204171195870618050e-01
4.962000000000000000e+03 -2.691684954524866669e-01 -1.384028147962368394e-01 6.696941392222881539e-01
5.397000000000000000e+03 4.159327736119138308e-01 -1.612960525791606869e-01 8.867522282035500414e-01
4.869000000000000000e+03 4.571246064624858718e-01 -3.783448092471104474e-01 1.127181426019282062e+00
5.099000000000000000e+03 -6.743454928966912121e-01 8.219363335058460507e-01 7.561684404251924896e-01
4.990000000000000000e+03 8.640990010563278645e-01 3.313487757498592146e-01 6.876482651043476224e-01
5.226000000000000000e+03 -2.792841100926359843e-01 -1.377388590159966952e-02 1.043743748482078182e+00
4.836000000000000000e+03 -7.801096854892115573e-01 1.860278841087819046e-01 7.133601618484557427e-01
5.290000000000000000e+03 -8.394634937882763381e-01 -1.316953642363216659e-02 6.642727925843892045e-01
5.267000000000000000e+03 5.403145193712468597e-01 1.917999274749604410e-01 6.122379725138351603e-01
5.059000000000000000e+03 1.209153635069810662e-01 2.828588412880606029e-01 9.193577430191235411e-01
5.040000000000000000e+03 1.230458747381426576e-01 1.462637732124392187e-01 6.521621676389508515e-01
5.430000000000000000e+03 8.142349014599901125e-01 -1.278358421119349941e-01 1.394334182424720403e+00
4.989000000000000000e+03 1.096819160875845967e-01 -3.148547304341633435e-01 1.237847523242674885e+00
5.100000000000000000e+03 6.831170663674051013e-01 2.460900832045069819e-01 1.453536572519049219e+00
5.049000000000000000e+03 5.951885936815521916e-01 1.881390634181911992e-03 1.156789813698231972e+00
4.881000000000000000e+03 5.561924817198757864e-01 4.748777028793398358e-01 6.679610703715568309e-01
5.281000000000000000e+03 5.561924817198757864e-01 4.748777028793398358e-01 6.679610703715568309e-01
4.871000000000000000e+03 -1.947164095011260088e-01 6.287368805125623794e-01 9.192504164419010859e-01
5.081000000000000000e+03 5.773278750182306851e-01 1.224218955899104344e+00 9.510895467656459434e-01
5.080000000000000000e+03 3.608502398187596327e-01 1.402402023236888340e+00 1.625393414592013475e+00
4.967000000000000000e+03 2.406148884752319361e-01 1.822463076502359058e+00 1.026052603873244706e+00
5.029000000000000000e+03 2.712894029435801713e-01 -1.091955190539920295e+00 7.429840042172359826e-01
5.343000000000000000e+03 2.712894029435801713e-01 -1.091955190539920295e+00 7.429840042172359826e-01
4.907000000000000000e+03 2.712894029435801713e-01 -1.091955190539920295e+00 7.429840042172359826e-01
4.697000000000000000e+03 -1.014311748021832216e+00 -1.586310402085757687e-01 -1.457456490305497065e-01
5.392000000000000000e+03 7.075727956044488565e-01 -4.592225117318662342e-01 -2.837768594598488736e-01
4.896000000000000000e+03 1.048405051507696584e+00 -5.262876595550380898e-01 8.081021707782620744e-02
4.933000000000000000e+03 -6.292658038697034328e-01 -2.956398301035676468e-01 -2.851999976849647345e-01
5.442000000000000000e+03 -5.791386372565519025e-01 -2.194239033010489948e-01 -2.507325226918526440e-01
5.229000000000000000e+03 -1.130499048109335547e+00 3.263828102358701244e-01 -7.636729336278313962e-02
4.820000000000000000e+03 6.571512965931241013e-01 1.997511306636710060e-01 -4.072246295915271652e-02
4.649000000000000000e+03 7.615784107589824714e-01 8.570483687003616069e-02 -2.976235686506667477e-02
5.234000000000000000e+03 7.615784107589824714e-01 8.570483687003616069e-02 -2.976235686506667477e-02
4.821000000000000000e+03 7.253233643104799455e-01 -2.622985925971477172e-02 5.892535801373455229e-02
5.010000000000000000e+03 -7.898393552063076584e-01 3.447340153908413640e-01 -1.976954872558963627e-01
5.056000000000000000e+03 -7.958236828826308340e-01 4.201278302899709161e-01 -3.318137652986637987e-01
5.062000000000000000e+03 -5.819365862985854676e-01 5.881426208502205100e-02 -2.250453056529747031e-01
5.072000000000000000e+03 -6.713517983459702521e-01 2.861412544596930729e-02 -2.826232874735053469e-01
5.071000000000000000e+03 -5.694871043460203452e-01 -1.093506095417779989e-01 -8.443530916465502578e-02
5.070000000000000000e+03 -6.087113160465840167e-01 3.227020669889668625e-01 -1.754731179748689196e-01
5.129000000000000000e+03 -6.087113160465840167e-01 3.227020669889668625e-01 -1.754731179748689196e-01
5.128000000000000000e+03 -5.170503893867675060e-01 2.813704706665731692e-01 -9.261378023731803300e-02
4.874000000000000000e+03 -5.253506305679671584e-01 2.686106753214403398e-01 1.139138711188254494e-01
5.038000000000000000e+03 -1.265496202680260751e+00 7.311226046708299009e-01 -4.031131439490476254e-02
5.213000000000000000e+03 7.133336041918134640e-01 4.152592749412775675e-01 -4.114095602186784717e-03
5.316000000000000000e+03 7.770287319297501938e-01 4.963590071346288823e-01 6.733883852691091576e-02
5.372000000000000000e+03 5.787018212934320616e-01 7.421837553214913896e-01 -1.960866774464001261e-01
4.883000000000000000e+03 -6.022635734036398958e-01 5.491098183894109752e-01 -2.450760569469156991e-01
5.037000000000000000e+03 -5.453961913430696029e-01 5.375998441045481968e-01 -2.241224725079286606e-01
4.974000000000000000e+03 6.084789902539604611e-01 8.448271261753035333e-01 -2.371613653681861611e-01
5.331000000000000000e+03 -1.285512011377303310e+00 1.410978840076865026e+00 -1.065064542298971295e-01
5.295000000000000000e+03 -7.616813362590235670e-02 1.161433741736928482e+00 -3.057063532731389421e-01
4.851000000000000000e+03 -2.216655973721586292e-01 1.053867533920836763e+00 -4.781331402477795312e-02
5.317000000000000000e+03 -2.129323126932476384e-01 1.057256507602815532e+00 1.146610447831437618e-01
4.995000000000000000e+03 -4.850895247204576322e-01 1.377543922073613203e+00 -2.554395435134236836e-01
5.178000000000000000e+03 -7.721952880915274875e-01 9.957695792883498598e-01 -4.003634394139532482e-02
5.004000000000000000e+03 -2.879855054989839402e-01 1.591287153942047894e+00 -2.483486142837529331e-01
5.193000000000000000e+03 3.356124553830603929e-01 1.796977102983760233e+00 -7.785053476485082058e-02
4.864000000000000000e+03 1.905503634756264830e-01 1.783383941060108668e+00 2.907170363974853622e-02
4.863000000000000000e+03 -4.546028846414102986e-01 -6.691370322622702815e-01 1.923980766783262020e-02
4.639000000000000000e+03 -3.722199067838687370e-01 -7.009609580211275670e-01 -1.967637178286973376e-01
4.638000000000000000e+03 -3.722199067838687370e-01 -7.009609580211275670e-01 -1.967637178286973376e-01
5.074000000000000000e+03 -2.660280275362261193e-01 -9.456382253325301690e-01 -3.151860856381859533e-01
5.222000000000000000e+03 -1.847065408664541053e-01 -6.528254650559688343e-01 2.465058019052168703e-05
5.356000000000000000e+03 -2.450744520979455388e-01 -5.771541014741359277e-01 4.966161351342535113e-02
4.912000000000000000e+03 1.483116511397213344e-01 -6.759052633616420280e-01 -3.516760406245237891e-01
5.120000000000000000e+03 2.099966293810489049e-01 -5.909720707723238320e-01 -2.849697645413558633e-01
4.833000000000000000e+03 1.028112023127523145e+00 4.396762774466651535e-01 -4.460158814857086984e-01
4.980000000000000000e+03 -7.365162057294156739e-01 -3.630598483781852792e-01 -3.923243872602144577e-01
4.979000000000000000e+03 -7.365162057294156739e-01 -3.630598483781852792e-01 -3.923243872602144577e-01
5.066000000000000000e+03 -7.365162057294156739e-01 -3.630598483781852792e-01 -3.923243872602144577e-01
5.114000000000000000e+03 9.986946828244001040e-01 1.767407716380375859e-01 -3.834763838171204031e-01
4.831000000000000000e+03 -6.229147994181367665e-01 7.263624261990742070e-02 -4.597483795844012899e-01
5.121000000000000000e+03 1.760999605947617397e-01 7.878798275365426207e-01 -4.628223985875177804e-01
5.019000000000000000e+03 6.965328932574266219e-01 -1.482118197701339568e+00 1.126076082749691842e-01
5.299000000000000000e+03 -6.101100872226510319e-01 -1.389004440190390710e+00 -2.871179496106594509e-01
5.306000000000000000e+03 9.160595631518617665e-01 -1.295283460317506297e+00 5.390989435199129431e-01
5.328000000000000000e+03 1.268879675050254008e+00 2.185352897829915264e-01 -2.992527862244978021e-01
4.859000000000000000e+03 1.361964921396577211e+00 8.783648019488907721e-01 -1.843280910453578003e-01
4.858000000000000000e+03 1.266442986015107408e+00 1.274380685468898378e+00 -1.489764703199747964e-01
4.925000000000000000e+03 1.226916265483481538e+00 4.273253923317383851e-01 1.681703774636241766e-01
4.913000000000000000e+03 1.329229761326448767e+00 1.436962684931387457e+00 -2.559544557160964295e-02
4.918000000000000000e+03 1.167572348489091638e+00 1.459098155690057297e+00 6.167896756922415236e-01
5.026000000000000000e+03 1.198867077604901965e+00 -1.012391945096467794e+00 -3.335998611116174350e-01
4.960000000000000000e+03 1.293884310349728395e+00 7.231508791566767513e-01 6.751179548965835497e-01
5.025000000000000000e+03 -1.215159009324686679e-01 8.121748615033652641e-02 4.394817481675150628e-01
5.201000000000000000e+03 -1.215159009324686679e-01 8.121748615033652641e-02 4.394817481675150628e-01
4.991000000000000000e+03 1.080486027972504814e-01 6.241958484436338495e-02 3.476910613756828416e-01
5.190000000000000000e+03 1.080486027972504814e-01 6.241958484436338495e-02 3.476910613756828416e-01
4.977000000000000000e+03 -1.366038756161209733e-01 6.243842535786257031e-01 2.844118760265931245e-01
4.976000000000000000e+03 -4.490458030592279215e-01 -2.056003142448332710e-01 1.759657326779630049e-01
4.908000000000000000e+03 -4.900752242873487319e-01 -2.058347928804238336e-01 1.651504285574469932e-01
5.156000000000000000e+03 -3.084526322107237206e-01 2.713770948823821527e-01 2.217408706674183216e-01
5.024000000000000000e+03 1.956135975122101911e-01 1.760274169507738407e-01 2.164310887560356722e-01
4.961000000000000000e+03 -7.979732010521800589e-02 -1.285925082074328429e-01 3.844241262031211637e-01
5.200000000000000000e+03 -7.979732010521800589e-02 -1.285925082074328429e-01 3.844241262031211637e-01
5.220000000000000000e+03 -7.511239910165201650e-02 -6.126914924955428887e-02 2.728302838165714839e-01
5.441000000000000000e+03 -3.554785996245968249e-02 -1.842799372057015717e-01 2.543835496443214161e-01
5.150000000000000000e+03 -2.298951211727420230e-01 -1.175479051220804649e-01 2.793269678107629383e-01
5.282000000000000000e+03 5.468882110029937849e-03 -2.629951034655277908e-01 2.647433925820031897e-01
4.854000000000000000e+03 2.052030633853973995e-02 7.949930802399762797e-02 1.161096398535913510e-01
4.945000000000000000e+03 -1.496811467858805145e-01 5.545671348784253496e-03 6.870108624996162927e-02
4.946000000000000000e+03 -5.981908133085163115e-01 1.175103952624994008e-01 8.388410580753336010e-02
4.856000000000000000e+03 -1.303623361205765718e-01 -7.401638339571547931e-02 -1.955294702828491715e-02
5.237000000000000000e+03 -2.210661144350432039e-01 -5.154549129500196614e-02 -8.083447088977535611e-02
5.177000000000000000e+03 -2.210661144350432039e-01 -5.154549129500196614e-02 -8.083447088977535611e-02
4.948000000000000000e+03 -1.944814076881229425e-02 -1.493132653446593849e-02 -5.949992957814642658e-02
5.271000000000000000e+03 -1.944814076881229425e-02 -1.493132653446593849e-02 -5.949992957814642658e-02
5.167000000000000000e+03 -3.016297093029152165e-02 -3.891855611530559145e-02 7.975717021243855509e-02
5.256000000000000000e+03 -3.016297093029152165e-02 -3.891855611530559145e-02 7.975717021243855509e-02
5.031000000000000000e+03 -8.653402082401839834e-03 8.069548983704066814e-02 -5.393939219770482740e-02
5.184000000000000000e+03 -8.653402082401839834e-03 8.069548983704066814e-02 -5.393939219770482740e-02
5.183000000000000000e+03 -7.161957358956883013e-02 -2.058773709084960046e-02 -3.498194670545418106e-02
5.047000000000000000e+03 -2.206989005075854493e-02 1.138695398386317947e-01 2.473254413400016727e-02
4.956000000000000000e+03 -2.334847097945313976e-02 2.188830971063282504e-02 -2.764050951046450599e-01
5.194000000000000000e+03 5.329874749871521544e-02 -3.170782603731936433e-02 -2.558833880184396836e-02
4.954000000000000000e+03 5.329874749871521544e-02 -3.170782603731936433e-02 -2.558833880184396836e-02
5.412000000000000000e+03 5.329874749871521544e-02 -3.170782603731936433e-02 -2.558833880184396836e-02
5.176000000000000000e+03 -1.854946665691237229e-01 -1.027856186987605724e-01 -3.045000908242057047e-02
5.400000000000000000e+03 4.365292127409148293e-02 -4.024831436066733659e-02 -1.798580433972440940e-02
5.065000000000000000e+03 -2.496465210368512544e-01 -1.826737865725647225e-02 -7.648723490637499012e-02
5.458000000000000000e+03 -2.496465210368512544e-01 -1.826737865725647225e-02 -7.648723490637499012e-02
4.790000000000000000e+03 -8.758683528104782567e-02 7.546381678265845494e-02 -2.235561291517573768e-02
4.852000000000000000e+03 -8.758683528104782567e-02 7.546381678265845494e-02 -2.235561291517573768e-02
5.115000000000000000e+03 -8.758683528104782567e-02 7.546381678265845494e-02 -2.235561291517573768e-02
4.722000000000000000e+03 -1.645905062035808442e-01 -3.364278716991009333e-02 -9.009442585503979473e-02
5.261000000000000000e+03 -2.278626329135846618e-02 1.484630714683987662e-02 3.440490823639263951e-02
4.715000000000000000e+03 -1.225820367225729512e-01 1.439927981122366418e-01 -4.364750389692018118e-02
5.032000000000000000e+03 -1.225820367225729512e-01 1.439927981122366418e-01 -4.364750389692018118e-02
5.427000000000000000e+03 -1.225820367225729512e-01 1.439927981122366418e-01 -4.364750389692018118e-02
5.345000000000000000e+03 -2.220273509968322401e-01 1.189014672800823291e-01 -1.295013597499984903e-01
5.344000000000000000e+03 -1.513012444309964621e-01 -1.533899798299387385e-02 -2.256089472960139952e-01
5.309000000000000000e+03 -1.929876112496096141e-01 1.230645649378914186e-02 -1.694811145892728965e-01
5.410000000000000000e+03 -1.076774230467449911e-01 1.039103615349432630e-01 -1.854458125000582602e-01
4.975000000000000000e+03 -1.333429765651068521e-01 -3.793409790375790180e-03 1.927960533371100293e-01
5.247000000000000000e+03 -3.974665512863850836e-03 1.491802270007980269e-01 -5.116976080507074087e-02
5.330000000000000000e+03 5.736999855403723814e-02 7.247928305807249671e-02 6.271168888575706646e-03
5.083000000000000000e+03 -1.360293175351081629e-01 -2.541237679956509510e-02 -6.629190004558938032e-02
5.449000000000000000e+03 -1.360293175351081629e-01 -2.541237679956509510e-02 -6.629190004558938032e-02
4.823000000000000000e+03 -9.544004065294231509e-02 -4.180500106853912712e-02 -1.594770291465301693e-01
4.994000000000000000e+03 -4.047612861531391104e-02 1.954574724030067046e-02 -4.564989075636405325e-02
5.352000000000000000e+03 4.597048806695980261e-02 1.799023275624733742e-02 -9.297112896273573845e-02
5.338000000000000000e+03 -3.603202961492257828e-02 6.129476538374944994e-02 1.303867922069801288e-02
4.632000000000000000e+03 -3.603202961492257828e-02 6.129476538374944994e-02 1.303867922069801288e-02
5.379000000000000000e+03 -3.603202961492257828e-02 6.129476538374944994e-02 1.303867922069801288e-02
5.454000000000000000e+03 5.240083636743975148e-02 -7.061305618951507768e-02 7.079942231764635441e-02
5.012000000000000000e+03 2.195551522403604849e-02 6.777676330122517356e-02 9.825927626827735129e-02
5.027000000000000000e+03 -8.384920192114009296e-03 2.764939897797091817e-02 2.116767600543933980e-02
5.246000000000000000e+03 -6.811658888331351136e-02 9.419102794699085734e-02 -9.395544997264360099e-02
5.350000000000000000e+03 -6.811658888331351136e-02 9.419102794699085734e-02 -9.395544997264360099e-02
5.351000000000000000e+03 -9.683147814665105102e-02 1.039701996647153237e-01 1.560421092350802175e-01
4.686000000000000000e+03 -1.974558338541498870e-02 -1.413290923247245701e-02 1.489183530011646273e-01
5.851000000000000000e+03 -1.974558338541498870e-02 -1.413290923247245701e-02 1.489183530011646273e-01
4.934000000000000000e+03 -3.611629033279832868e-01 8.772978572196166169e-03 4.489752417475567636e-02
5.013000000000000000e+03 -1.251052145109845526e-01 7.273807165927337337e-02 1.042770757632760503e-02
5.355000000000000000e+03 -1.690305110660119681e-01 3.637765703962401176e-01 -8.404603800617405085e-02
5.375000000000000000e+03 -4.148525827264535337e-01 1.636549869825643100e-01 -5.699053826934685762e-02
4.890000000000000000e+03 -4.148525827264535337e-01 1.636549869825643100e-01 -5.699053826934685762e-02
5.112000000000000000e+03 -4.337950129055556658e-01 3.327033003915005338e-01 9.143807465903042164e-03
5.113000000000000000e+03 -3.507775133010255786e-01 2.071841462598484895e-01 -8.425165492323194449e-02
5.223000000000000000e+03 -3.699720497660088370e-01 3.428632236235955588e-01 1.383545625409494662e-01
5.408000000000000000e+03 -1.911922433339441341e-02 1.696794274996165086e-01 6.472986527663848744e-02
5.398000000000000000e+03 9.033756899173539523e-02 2.826180330228140747e-01 -6.348383420745484784e-02
5.248000000000000000e+03 1.522074539941016269e-01 1.928636678923680847e-01 5.660377216775880349e-02
4.970000000000000000e+03 1.857011458638524459e-02 8.407618831519414471e-02 -6.152570596234774314e-02
5.046000000000000000e+03 3.021578656212895453e-01 1.664048549515655395e-01 7.772073201556362054e-02
4.891000000000000000e+03 1.002088260083837667e-01 3.611805711932163376e-01 -2.043294322881482050e-01
4.645000000000000000e+03 9.261024901557490807e-02 2.360581559656083073e-01 -1.777177693194177399e-01
4.651000000000000000e+03 1.076282344285388604e-01 2.364731866774434366e-01 3.500757718737468327e-02
4.652000000000000000e+03 -3.663762569097883670e-02 4.672753924874797349e-01 -1.256357097420626179e-01
5.094000000000000000e+03 -2.282612858413273216e-01 1.719385522199274874e-01 -1.246795772924480517e-01
5.425000000000000000e+03 -2.282612858413273216e-01 1.719385522199274874e-01 -1.246795772924480517e-01
5.088000000000000000e+03 -2.659764518677576461e-02 1.775131669449763194e-01 -6.566711019599524857e-02
5.251000000000000000e+03 -2.659764518677576461e-02 1.775131669449763194e-01 -6.566711019599524857e-02
4.982000000000000000e+03 -2.659764518677576461e-02 1.775131669449763194e-01 -6.566711019599524857e-02
5.235000000000000000e+03 -2.438660414495075202e-02 1.651986693249938298e-01 -1.350813663730219827e-01
4.842000000000000000e+03 -1.812490571091380787e-01 2.658746603898975991e-01 9.756202392758983599e-03
4.853000000000000000e+03 -1.170626086560169199e-01 2.116471488793649769e-01 -5.378577995189770533e-02
5.448000000000000000e+03 -1.071364028370425103e-02 -1.957351571029306569e-01 2.741162102706616865e-01
4.762000000000000000e+03 -4.703588957309889906e-02 -2.139972078738168193e-01 2.928336961697082241e-01
4.761000000000000000e+03 2.496678484196834802e-02 1.432968586111798004e-01 1.111851190482922025e-01
4.719000000000000000e+03 9.237657333791204906e-02 3.043343576734969247e-02 -6.457906502392174453e-02
4.718000000000000000e+03 9.237657333791204906e-02 3.043343576734969247e-02 -6.457906502392174453e-02
4.717000000000000000e+03 1.101822519595501149e-01 -1.262866371243802632e-01 -3.833560752967513086e-02
4.716000000000000000e+03 4.422983730380991574e-02 -2.790095302303541303e-02 -6.258205632453306411e-02
4.844000000000000000e+03 4.422983730380991574e-02 -2.790095302303541303e-02 -6.258205632453306411e-02
5.139000000000000000e+03 9.649951214481333750e-02 -6.382212388271568670e-02 -1.466560450916451486e-01
4.900000000000000000e+03 2.221405306555652714e-01 5.489860177328864665e-02 7.598266611371418122e-02
5.348000000000000000e+03 1.508079232056260821e-01 -2.720994377834529132e-02 -6.212364859404229112e-02
5.244000000000000000e+03 1.964645081291713780e-01 -1.266882195937597544e-01 -4.722400804639503846e-02
5.132000000000000000e+03 1.964645081291713780e-01 -1.266882195937597544e-01 -4.722400804639503846e-02
4.738000000000000000e+03 2.055279430511163241e-01 2.435885831482664798e-01 -5.095236432948779814e-02
5.039000000000000000e+03 2.055279430511163241e-01 2.435885831482664798e-01 -5.095236432948779814e-02
4.981000000000000000e+03 2.651631701005854325e-01 -2.609606467864011847e-02 -2.464050524212002546e-02
5.199000000000000000e+03 2.651631701005854325e-01 -2.609606467864011847e-02 -2.464050524212002546e-02
5.105000000000000000e+03 1.862024900519898551e-02 1.753930155290390758e-01 6.526429772643815852e-02
5.015000000000000000e+03 3.261295781699402596e-02 1.283352792158041211e-01 -1.122717975162088599e-01
5.435000000000000000e+03 3.261295781699402596e-02 1.283352792158041211e-01 -1.122717975162088599e-01
5.060000000000000000e+03 2.716564451949494696e-01 9.503036199508585469e-02 1.033055434960382657e-01
4.816000000000000000e+03 1.573670704572265322e-01 -2.108887189410779683e-02 4.817261505359660134e-03
4.870000000000000000e+03 3.010015329692805608e-03 6.676940568905820328e-02 -1.840865937522030427e-01
5.450000000000000000e+03 3.010015329692805608e-03 6.676940568905820328e-02 -1.840865937522030427e-01
5.318000000000000000e+03 -1.690094181430268350e-01 2.457062665344267316e-02 -5.617045199903636377e-02
5.002000000000000000e+03 2.184959261998358215e-01 6.152980774790250962e-02 -2.409630536581641724e-02
4.714000000000000000e+03 2.059154240160943061e-01 -7.037135448554465711e-02 6.177553224437093427e-02
4.713000000000000000e+03 4.448319989908000593e-02 3.913541124565256268e-02 -4.201851402574896532e-02
4.892000000000000000e+03 1.876740395819815888e-01 4.875365787896157599e-02 -7.166492424936521388e-02
4.712000000000000000e+03 1.433760030903883376e-01 5.474848464463377695e-02 5.116539500549910358e-02
4.765000000000000000e+03 1.433760030903883376e-01 5.474848464463377695e-02 5.116539500549910358e-02
5.171000000000000000e+03 7.960386031836819143e-02 -1.022533613411837905e-01 6.173302521523671427e-02
5.294000000000000000e+03 2.173567015793409496e-01 -3.525652693966208062e-03 8.946753246284078198e-02
5.404000000000000000e+03 -8.059090639547861201e-02 4.855853910380858451e-02 -2.067098398944502424e-01
5.403000000000000000e+03 -6.624307179635025022e-02 1.295114955630083386e-01 -7.013118058374645525e-02
4.650000000000000000e+03 1.379996789427231363e-01 -7.597836157536619339e-02 -2.226664067701278338e-02
4.958000000000000000e+03 -3.094202202413143254e-02 -3.357550581560104774e-01 1.836667738132624628e-02
4.822000000000000000e+03 5.764764316534964905e-02 -9.570527003853612769e-02 -1.782038577012812208e-02
5.308000000000000000e+03 5.764764316534964905e-02 -9.570527003853612769e-02 -1.782038577012812208e-02
5.233000000000000000e+03 -1.885333703458798027e-01 -2.362351161079345729e-02 -7.879594168625159156e-02
5.228000000000000000e+03 -1.885333703458798027e-01 -2.362351161079345729e-02 -7.879594168625159156e-02
5.218000000000000000e+03 -1.058598010687532565e-01 -5.122043568971434979e-02 -5.697002320709465550e-03
5.093000000000000000e+03 3.618658008179664876e-02 -1.360229095715794756e-01 -6.701731497137342064e-02
5.053000000000000000e+03 5.113784158628931209e-02 -3.266785973142987132e-01 -1.164505134754298399e-01
5.035000000000000000e+03 8.189812356693337847e-02 -6.543472488527868336e-02 -2.600371675153834161e-02
4.828000000000000000e+03 -1.071823230294910445e-02 -1.536829493906424204e-01 5.482610125461173656e-02
4.932000000000000000e+03 -1.071823230294910445e-02 -1.536829493906424204e-01 5.482610125461173656e-02
5.444000000000000000e+03 3.174280344887847605e-02 -3.301095424832709568e-01 1.192330220569404187e-01
5.227000000000000000e+03 -1.989840673803335847e-01 -2.662194313953136771e-02 -3.194053296550242727e-01
5.172000000000000000e+03 -1.990245606194243067e-01 -5.639012394540543482e-02 -1.592864997851493047e-01
5.387000000000000000e+03 -2.754354569748329595e-01 -1.328271701414962536e-02 -1.728319745351949432e-01
5.383000000000000000e+03 -4.702526847199166582e-01 8.149612320815435851e-02 -1.525274202743521212e-01
5.157000000000000000e+03 -2.471716720778047716e-01 1.413343133869062740e-01 -7.042133665328098591e-02
5.203000000000000000e+03 -4.583823180490824711e-01 6.749362754727883384e-02 -2.597496184146838583e-01
5.396000000000000000e+03 6.614199243691132324e-02 7.537192263035308315e-02 -2.176870025675789466e-01
5.095000000000000000e+03 6.614199243691132324e-02 7.537192263035308315e-02 -2.176870025675789466e-01
5.270000000000000000e+03 2.302165561403590743e-01 1.443142358468207931e-03 -1.929172971234096035e-01
5.388000000000000000e+03 2.302165561403590743e-01 1.443142358468207931e-03 -1.929172971234096035e-01
5.055000000000000000e+03 4.005134558545222490e-01 -1.060389661555376506e-01 -1.874962238228092271e-01
5.182000000000000000e+03 1.428200463941884379e-01 -1.830361006096836718e-02 -3.308314040745525264e-01
5.188000000000000000e+03 4.068106504711366256e-02 1.174185477717628601e-01 -3.246152076516972684e-02
4.897000000000000000e+03 5.551688702017898436e-02 -4.688413177710515356e-02 -4.338003120715512306e-01
4.957000000000000000e+03 3.381770783059323549e-02 -6.140853184930961106e-02 -1.589814288314201907e-01
5.416000000000000000e+03 1.287044435696280686e-01 -1.000363315122996255e-01 -3.887312583288334289e-01
5.126000000000000000e+03 4.396358285196200200e-02 9.132102207684056339e-02 -2.096757229671817324e-01
5.022000000000000000e+03 4.396358285196200200e-02 9.132102207684056339e-02 -2.096757229671817324e-01
5.077000000000000000e+03 1.219173031664766427e-01 3.279666528504776579e-02 -1.740259838614908738e-01
4.938000000000000000e+03 1.219173031664766427e-01 3.279666528504776579e-02 -1.740259838614908738e-01
4.898000000000000000e+03 1.227859605267411780e-02 -2.589212236703986036e-02 -1.853859414466355604e-01
4.882000000000000000e+03 6.696559703671667307e-02 1.292019387036447142e-01 -2.758692440958490089e-01
4.843000000000000000e+03 -5.257722583732160615e-02 -4.523834824230732465e-02 -2.396314067647093982e-01
5.298000000000000000e+03 1.148058103975877486e-01 -1.100843595971525701e-01 -1.576568469407554351e-01
5.297000000000000000e+03 8.330478386380235634e-02 2.232422846091708379e-02 -2.245715083693581304e-01
5.305000000000000000e+03 1.069270089062470674e-01 7.356969304781557639e-02 -1.346362380032877781e-01
5.415000000000000000e+03 1.069270089062470674e-01 7.356969304781557639e-02 -1.346362380032877781e-01
4.983000000000000000e+03 1.069270089062470674e-01 7.356969304781557639e-02 -1.346362380032877781e-01
4.973000000000000000e+03 1.185436479794041986e-01 9.133707626121179146e-02 -1.122387912083807615e-01
4.984000000000000000e+03 1.185436479794041986e-01 9.133707626121179146e-02 -1.122387912083807615e-01
4.832000000000000000e+03 1.185436479794041986e-01 9.133707626121179146e-02 -1.122387912083807615e-01
4.724000000000000000e+03 4.346317521119047456e-02 1.038674298144854902e-01 -1.978079177084324791e-01
4.725000000000000000e+03 -1.696787148849665527e-02 1.222833268496117398e-01 -1.442150951685716165e-01
5.253000000000000000e+03 1.590853101193800967e-02 5.032340200907015060e-02 -2.556040835665201461e-01
5.044000000000000000e+03 1.590853101193800967e-02 5.032340200907015060e-02 -2.556040835665201461e-01
5.315000000000000000e+03 1.939844432596800061e-01 6.473856545900957826e-02 -1.275371929770815482e-01
5.030000000000000000e+03 1.939844432596800061e-01 6.473856545900957826e-02 -1.275371929770815482e-01
4.929000000000000000e+03 6.850516700291819916e-02 8.772101044594649011e-02 -1.337907154945301991e-01
5.014000000000000000e+03 4.517575347581015421e-02 1.794554458902553051e-01 -2.017824980776889987e-01
5.353000000000000000e+03 6.911113660836676331e-02 1.020891821454341652e-01 -1.677955635567169868e-01
5.263000000000000000e+03 6.911113660836676331e-02 1.020891821454341652e-01 -1.677955635567169868e-01
5.422000000000000000e+03 7.702273478577836840e-02 1.297680354083041721e-01 -5.331328942900626089e-02
4.903000000000000000e+03 -3.297785219947613200e-02 -3.689720736899460007e-02 -1.902289236513642345e-01
4.902000000000000000e+03 -4.767347051391652712e-01 5.969631197275617751e-01 -2.308256661473224169e-01
5.327000000000000000e+03 -1.131538949961985452e-01 3.286992489202589240e-02 -2.009771334132058329e-01
4.829000000000000000e+03 3.815298542560796591e-02 1.207185469061755612e-02 -2.311718762593886201e-01
5.028000000000000000e+03 3.815298542560796591e-02 1.207185469061755612e-02 -2.311718762593886201e-01
5.438000000000000000e+03 3.815298542560796591e-02 1.207185469061755612e-02 -2.311718762593886201e-01
5.437000000000000000e+03 -5.021891236436815120e-02 3.111541114324722912e-02 -2.721899350407563367e-01
5.131000000000000000e+03 4.200630730553456260e-02 -4.016851881831939863e-02 -2.378992647500696167e-01
5.349000000000000000e+03 -4.092461614412101767e-02 -1.946646935709850368e-02 -1.330341531440377145e-01
5.050000000000000000e+03 6.162264941022499443e-02 5.092166227102268294e-02 -1.676656840468853105e-01
5.102000000000000000e+03 -2.202012913285535944e-01 2.031785405084463036e-02 -1.716952333996049074e-01
4.987000000000000000e+03 -1.910228954873360863e-03 -1.030856744222319321e-03 -2.387014630601257958e-01
5.007000000000000000e+03 -7.118951595839817514e-02 8.422900139285616206e-02 -2.329731169483193476e-01
5.006000000000000000e+03 -7.118951595839817514e-02 8.422900139285616206e-02 -2.329731169483193476e-01
5.391000000000000000e+03 3.227569080809900015e-03 -1.183072251829742072e-02 -1.285042643664404127e-01
5.390000000000000000e+03 3.227569080809900015e-03 -1.183072251829742072e-02 -1.285042643664404127e-01
5.389000000000000000e+03 -7.972135507481326044e-02 1.142250001325351150e-02 -1.508653525634081616e-01
4.696000000000000000e+03 -4.205588934943449431e-02 1.058204032592158228e-01 -9.348054868109889615e-02
4.695000000000000000e+03 -4.205588934943449431e-02 1.058204032592158228e-01 -9.348054868109889615e-02
5.069000000000000000e+03 -1.725962418414006549e-01 1.082880227546354490e-01 -1.763591872532426219e-01
4.694000000000000000e+03 -1.135369525867773177e-01 -2.335148936296604916e-02 -1.365376794713302200e-02
4.937000000000000000e+03 -1.135369525867773177e-01 -2.335148936296604916e-02 -1.365376794713302200e-02
4.936000000000000000e+03 -7.934669040783859373e-02 9.633069313532871547e-02 -1.754534945359426112e-01
4.935000000000000000e+03 -7.934669040783859373e-02 9.633069313532871547e-02 -1.754534945359426112e-01
5.108000000000000000e+03 -7.934669040783859373e-02 9.633069313532871547e-02 -1.754534945359426112e-01
5.107000000000000000e+03 -1.162528436405807497e-02 -6.048729206648317813e-02 -1.705146472085372622e-01
4.986000000000000000e+03 -1.162528436405807497e-02 -6.048729206648317813e-02 -1.705146472085372622e-01
5.255000000000000000e+03 -1.162528436405807497e-02 -6.048729206648317813e-02 -1.705146472085372622e-01
4.693000000000000000e+03 -1.162528436405807497e-02 -6.048729206648317813e-02 -1.705146472085372622e-01
5.254000000000000000e+03 -1.990277411854926015e-01 6.518190647757649003e-02 -1.552971364631326456e-01
5.101000000000000000e+03 -1.990277411854926015e-01 6.518190647757649003e-02 -1.552971364631326456e-01
5.064000000000000000e+03 -1.990277411854926015e-01 6.518190647757649003e-02 -1.552971364631326456e-01
5.097000000000000000e+03 7.708374845543275455e-02 5.097976894876410370e-02 -1.853640041151002338e-01
5.096000000000000000e+03 7.708374845543275455e-02 5.097976894876410370e-02 -1.853640041151002338e-01
4.873000000000000000e+03 -1.482506630353697119e-01 -1.290420596554042731e-02 -1.111383584562521953e-01
4.872000000000000000e+03 4.564424863167104718e-02 -1.003617859910832522e-01 -1.765957332094029719e-01
5.155000000000000000e+03 -4.769575115620838801e-02 -4.947822377739896638e-02 -1.010384145229336061e-01
5.154000000000000000e+03 -4.558974648507430061e-02 -1.073405931609130448e-01 -2.476867616492274826e-01
5.202000000000000000e+03 -1.358933935759480960e-01 4.531153051426883849e-02 -1.559176242110318356e-01
5.109000000000000000e+03 -1.358933935759480960e-01 4.531153051426883849e-02 -1.559176242110318356e-01
5.217000000000000000e+03 -8.488371770140545891e-02 1.227556731243026888e-01 -1.546061189283267079e-01
5.192000000000000000e+03 -2.235618505330450034e-02 1.095700635674745627e-02 -7.814240002151473519e-02
5.191000000000000000e+03 -2.235618505330450034e-02 1.095700635674745627e-02 -7.814240002151473519e-02
4.889000000000000000e+03 -8.264557150033269295e-02 1.300115874684024675e-01 -1.249520851048012138e-01
4.888000000000000000e+03 -8.264557150033269295e-02 1.300115874684024675e-01 -1.249520851048012138e-01
4.592000000000000000e+03 -1.264430591821508187e-01 1.381557564273805383e-02 -1.671978866827772969e-01
4.911000000000000000e+03 -1.264430591821508187e-01 1.381557564273805383e-02 -1.671978866827772969e-01
4.910000000000000000e+03 7.184193037055308650e-03 5.247121260154585798e-02 -1.830994690216674048e-01
5.216000000000000000e+03 5.882809529323651532e-02 1.407094666907369174e-01 -4.382747945412668322e-02
5.364000000000000000e+03 5.882809529323651532e-02 1.407094666907369174e-01 -4.382747945412668322e-02
5.009000000000000000e+03 8.017285804545082328e-03 8.115446674389659165e-02 -2.025598802507262430e-01
5.008000000000000000e+03 8.017285804545082328e-03 8.115446674389659165e-02 -2.025598802507262430e-01
5.092000000000000000e+03 -1.267683331730502516e-01 -9.696537701348972860e-02 -1.524903664901290368e-01
5.091000000000000000e+03 -1.267683331730502516e-01 -9.696537701348972860e-02 -1.524903664901290368e-01
5.413000000000000000e+03 1.076477351736002674e-01 1.107003968501061308e-01 -3.991201763170881822e-02
4.812000000000000000e+03 -5.251904904880078107e-02 1.587176598274027128e-01 -1.675507859791173226e-01
5.086000000000000000e+03 -5.251904904880078107e-02 1.587176598274027128e-01 -1.675507859791173226e-01
5.085000000000000000e+03 -5.251904904880078107e-02 1.587176598274027128e-01 -1.675507859791173226e-01
5.084000000000000000e+03 -7.061696337730793971e-02 6.433949679271222521e-02 -4.144842875991780473e-01
4.971000000000000000e+03 -4.887330173998094551e-02 -6.438619376997678501e-02 -1.522272997101745129e-01
4.952000000000000000e+03 -4.887330173998094551e-02 -6.438619376997678501e-02 -1.522272997101745129e-01
4.950000000000000000e+03 7.676850812251601042e-02 4.631174885343938286e-01 -2.384846523411630059e-01
5.001000000000000000e+03 -4.204901341935318726e-01 2.168786738957919624e-01 -3.720508930224655786e-01
4.943000000000000000e+03 -3.804945966122978973e-01 3.578051094692540346e-01 -2.811050020506281055e-01
5.269000000000000000e+03 -3.223714677093489911e-01 4.096508528453739473e-01 -1.768630855108003219e-01
5.068000000000000000e+03 -4.954597168146328556e-01 3.814851574302622339e-01 -2.009962599182910647e-01
4.867000000000000000e+03 -2.534403074950297707e-01 2.552634658046741833e-01 -1.706248975947847191e-01
5.136000000000000000e+03 -2.612175608638622748e-01 1.406233007786710232e-01 -1.818261857203752330e-01
4.951000000000000000e+03 1.378351014656296059e-01 2.342460388681644190e-01 -1.569728563536443855e-01
4.972000000000000000e+03 1.378351014656296059e-01 2.342460388681644190e-01 -1.569728563536443855e-01
5.393000000000000000e+03 1.676028222879395457e-01 1.026654783105840352e-01 -2.457676962411748378e-01
4.926000000000000000e+03 2.368445626000337256e-01 5.384977766125587095e-02 -2.092239719710427548e-01
4.825000000000000000e+03 4.479257177019846381e-02 4.130404492342449885e-01 -3.379347718093383413e-01
4.824000000000000000e+03 4.251201138940530200e-02 1.206599832648578285e-01 -1.285812651888756375e-01
4.955000000000000000e+03 1.802251284981259971e-01 2.023028534877937545e-01 -1.961314922097640578e-01
4.593000000000000000e+03 3.456234119191279319e-01 2.669908299330074897e-01 -3.260982212732145835e-01
4.815000000000000000e+03 -4.416792591627682896e-02 1.872602134768328597e-01 -1.831278200684311463e-01
4.988000000000000000e+03 1.471455279025484231e-01 1.123254823087620480e-01 -1.000804911692330101e-01
4.845000000000000000e+03 1.471455279025484231e-01 1.123254823087620480e-01 -1.000804911692330101e-01
5.414000000000000000e+03 -2.235891503438693917e-01 -1.021453464466333116e-01 -2.442591050548316711e-01
5.259000000000000000e+03 -2.659542864392960837e-02 -1.678042210033936499e-01 -3.152845882052480730e-01
5.258000000000000000e+03 -2.659542864392960837e-02 -1.678042210033936499e-01 -3.152845882052480730e-01
5.257000000000000000e+03 -2.535994734147024587e-01 -1.062055114716855542e-01 -2.030170141441353659e-01
5.401000000000000000e+03 -7.982779010819740506e-02 -2.937803870451602961e-01 -2.919442084994124387e-01
4.895000000000000000e+03 -1.374275616960183299e-01 -1.627103097106754603e-01 -1.976201811720851298e-01
5.125000000000000000e+03 -1.374275616960183299e-01 -1.627103097106754603e-01 -1.976201811720851298e-01
5.215000000000000000e+03 -1.772797817099664996e-01 -1.359482363796757909e-01 -2.349936703162526785e-01
4.885000000000000000e+03 3.611113183357161915e-03 -1.760235687926865467e-01 -2.422006011478980980e-01
4.884000000000000000e+03 -1.226271833278396173e-01 3.311708345307806667e-03 -2.070594960934822315e-01
4.847000000000000000e+03 -1.226271833278396173e-01 3.311708345307806667e-03 -2.070594960934822315e-01
5.135000000000000000e+03 -1.752695952630816123e-01 2.656759640700698810e-01 -3.812091373787499515e-01
4.940000000000000000e+03 -1.806915856884820926e-01 2.481783124242440408e-01 -1.436796202946372114e-01
4.942000000000000000e+03 -1.806915856884820926e-01 2.481783124242440408e-01 -1.436796202946372114e-01
5.076000000000000000e+03 -1.957241522488537555e-01 2.140327179181440442e-01 -5.580572932493366167e-02
5.063000000000000000e+03 -1.486217693433857789e-01 2.850715664097691615e-01 -3.389966545279234356e-01
5.174000000000000000e+03 -5.642181655650091443e-02 1.497477316057143071e-01 -8.006448374602936902e-02
5.455000000000000000e+03 1.550898483437990194e-02 3.291298129004616158e-01 -2.964490769660293457e-01
5.373000000000000000e+03 5.690063317180360514e-02 2.302204720920002501e-01 -2.777645327118277718e-01
5.374000000000000000e+03 -1.492407994502649160e-01 1.991116196819717743e-01 -3.796177884695864924e-01
5.214000000000000000e+03 4.247044251773246515e-03 2.738474825693089088e-01 -2.753028875549609622e-01
5.428000000000000000e+03 4.247044251773246515e-03 2.738474825693089088e-01 -2.753028875549609622e-01
5.119000000000000000e+03 -3.281109844586538316e-02 1.548147317281234336e-01 -1.747311033744176068e-01
5.111000000000000000e+03 -2.786535728650463284e-02 1.544811770856142630e-01 -9.902927973775133008e-02
4.849000000000000000e+03 1.182575351227725946e-01 3.479417043862724768e-01 -3.296163067198643049e-02
5.005000000000000000e+03 6.678024592492093348e-02 4.608405923893172940e-01 -3.013749182699768103e-01
4.920000000000000000e+03 1.243222258597924679e-01 3.332595403731346551e-01 -2.281015546524873816e-01
4.947000000000000000e+03 -3.837170121876383178e-01 -2.676501610664843156e-01 -2.141319006812184567e-01
4.877000000000000000e+03 -3.312222803208655364e-01 -1.657624806787509897e-01 -1.181884052846323696e-01
4.839000000000000000e+03 1.595501157434000561e-01 -2.568254142555446151e-01 -2.134492715696644782e-01
5.118000000000000000e+03 1.595501157434000561e-01 -2.568254142555446151e-01 -2.134492715696644782e-01
4.838000000000000000e+03 1.595501157434000561e-01 -2.568254142555446151e-01 -2.134492715696644782e-01
5.187000000000000000e+03 1.311879182863897597e-01 -2.589394145755363752e-02 -2.913995611931631813e-01
5.016000000000000000e+03 1.007678765796207188e-01 -9.821598468830927686e-02 -1.479329075956412609e-01
4.927000000000000000e+03 4.560125319568442137e-02 -1.949174143328207265e-01 -5.439781390297959707e-02
5.149000000000000000e+03 3.210221106742316977e-01 1.200763716556139116e-01 2.570176651888576025e-01
5.310000000000000000e+03 2.062759258317363731e-01 -2.068534819105707356e-01 1.196775386153726695e-01
5.045000000000000000e+03 5.641765742072060164e-01 -1.491765129058961747e-01 4.180939728773735986e-01
4.928000000000000000e+03 4.319137493036144804e-01 2.157879116941217035e-01 2.128941877229725277e-01
5.048000000000000000e+03 3.140271171517419191e-01 3.463963772828293486e-01 -3.157163517074970671e-01
5.406000000000000000e+03 4.827503794557408412e-01 2.526027261650511946e-01 -1.469813872984355729e-01
4.959000000000000000e+03 3.952041824831553640e-01 -6.566439074740060278e-02 -7.824580268416592155e-03
5.286000000000000000e+03 4.427418124018345225e-01 5.869721953928319635e-03 1.021466613286730052e-01
5.158000000000000000e+03 4.797406224305227340e-01 4.886207228060044372e-01 8.656525407944104522e-02
4.596000000000000000e+03 4.797406224305227340e-01 4.886207228060044372e-01 8.656525407944104522e-02
4.595000000000000000e+03 2.623339286750692168e-01 1.424590037584181346e-01 1.674068332484635047e-02
4.594000000000000000e+03 4.521345166817063443e-01 7.850661753970200607e-02 4.479537324165239198e-02
5.231000000000000000e+03 3.020297192215224413e-01 3.635402276665899990e-01 2.515170546035983001e-02
5.127000000000000000e+03 2.326840036748727414e-01 -2.197250982655560847e-01 3.123169274371839776e-03
4.992000000000000000e+03 5.114947713827788789e-01 -1.800070210179711694e-01 1.368524736557530375e-01
5.078000000000000000e+03 4.098600355311141641e-01 4.274766234164815160e-01 -3.503136927093783992e-01
5.173000000000000000e+03 4.098600355311141641e-01 4.274766234164815160e-01 -3.503136927093783992e-01
5.148000000000000000e+03 3.879128889602867503e-01 5.015004985398974213e-01 -1.989343402425670093e-01
5.147000000000000000e+03 3.879128889602867503e-01 5.015004985398974213e-01 -1.989343402425670093e-01
4.830000000000000000e+03 -1.435844201595024572e-01 -5.513337253515544489e-01 1.993159901874094198e-01
4.978000000000000000e+03 4.439208478176581707e-02 -4.551881792132803639e-01 2.607391051382229596e-01
4.917000000000000000e+03 -3.719259644953396560e-01 -5.755661034339141224e-01 -2.534571296993643474e-01
5.230000000000000000e+03 -3.780705559408836791e-01 -4.810274179780691384e-01 -2.104495034357443117e-01
4.915000000000000000e+03 2.117074484271341817e-03 -4.545941085441711493e-01 -2.462838674381874760e-01
4.914000000000000000e+03 2.117074484271341817e-03 -4.545941085441711493e-01 -2.462838674381874760e-01
4.591000000000000000e+03 8.371448876181730725e-02 -4.291600783498807914e-01 -1.764390583541747271e-01
4.876000000000000000e+03 -1.177199213806581213e-01 -5.449633002138654092e-01 -1.373297736183898277e-01
4.953000000000000000e+03 8.603047261433260928e-02 -5.239149380798693301e-01 -1.087980193977240440e-01
5.402000000000000000e+03 9.737109644124330998e-02 -6.133082637207820653e-01 1.171977397404966315e-01
5.057000000000000000e+03 -2.325123324396933810e-01 -3.172476054425885650e-01 2.066078382807645664e-02
5.151000000000000000e+03 5.238355732821275978e-03 -5.866063748099747954e-01 9.135169470911863598e-04
4.878000000000000000e+03 -2.056639318944597505e-01 -3.321120271662039158e-01 5.852302216981630778e-03
4.835000000000000000e+03 -7.213036165245156894e-02 -3.846614790757882929e-01 5.397473823362641809e-02
4.834000000000000000e+03 -2.384048356007717473e-01 -4.454963946616175008e-01 1.534328403825990783e-01
5.204000000000000000e+03 -2.101683522205490817e-01 -3.165919786927275936e-01 1.343534251082048048e-01
5.436000000000000000e+03 9.109837849223012540e-02 1.121409785071136866e-02 -3.413771310607019993e-01
4.969000000000000000e+03 -5.531850594633169749e-02 -1.584130027285368669e-02 -4.430513324126879593e-01
4.827000000000000000e+03 4.926388133287318283e-02 -2.616634741978884904e-02 -3.725573725884123166e-01
5.152000000000000000e+03 1.815088282243593198e-01 2.653160082184342627e-01 -3.687648497823028393e-01
4.817000000000000000e+03 -5.246677459316373415e-02 -2.470287674258315747e-01 -4.099730302877108157e-01
4.886000000000000000e+03 -4.942102326182862271e-02 3.139304892704188887e-01 -4.537323919167195463e-01
4.866000000000000000e+03 -1.018897222379351319e-01 9.521007913721746263e-02 -3.348721306489249039e-01
5.087000000000000000e+03 -3.054862230702788395e-01 3.524929767149842519e-01 -3.353067606398988931e-01
5.346000000000000000e+03 2.617913221609917684e-01 -2.743731837399252527e-01 -3.659957773810247339e-01
5.232000000000000000e+03 5.253482750035267657e-01 -3.723902888373942233e-01 -1.945380667424571608e-01
5.268000000000000000e+03 2.644244251258456302e-01 -5.517740736346183894e-01 -3.722670142398023518e-01
4.733000000000000000e+03 -9.089660293857910744e-01 -1.709751960446340036e+00 -1.899767530657381798e+00
4.734000000000000000e+03 -1.771166112336430842e-02 -2.084428677948693576e+00 -2.306960472159438780e+00
5.051000000000000000e+03 -1.952631609786852351e+00 -6.460374037382479173e-01 -1.957370557896131569e+00
4.865000000000000000e+03 -3.320114505794151682e-01 2.359762949975561241e-01 -2.291181267240032682e+00
5.103000000000000000e+03 8.454153502408523480e-01 2.547940310163156141e+00 -2.176858362732235541e+00
5.409000000000000000e+03 -2.917507139978070541e-01 9.689157299985566851e-01 -2.249249441158598817e+00
4.598000000000000000e+03 -2.917507139978070541e-01 9.689157299985566851e-01 -2.249249441158598817e+00
4.597000000000000000e+03 4.170898163187430896e-01 8.344449178987218829e-01 -2.055138658636027849e+00
4.644000000000000000e+03 1.552725814817463856e-01 -1.516729161275193860e+00 -1.535741986280959148e+00
5.153000000000000000e+03 -8.259025304773146559e-01 -9.165055108742876655e-01 -1.633193501318912944e+00
4.941000000000000000e+03 -7.544517408853934626e-01 -4.545393856590180803e-01 -1.621965186908700396e+00
5.138000000000000000e+03 4.033301088420699898e-01 1.120589396388410819e+00 -1.514088840740126951e+00
5.421000000000000000e+03 4.033301088420699898e-01 1.120589396388410819e+00 -1.514088840740126951e+00
5.262000000000000000e+03 2.613707320480475715e+00 -8.623905994085845350e-01 -1.352998399807872065e+00
4.899000000000000000e+03 7.781545968936960378e-01 2.840384947808161087e-02 -1.373494416898288106e+00
5.123000000000000000e+03 1.010328470852293492e+00 1.586842082865160819e+00 -1.344384806784469477e+00
5.337000000000000000e+03 6.701436934524558353e-01 1.839240146602747927e+00 -1.276460986180890655e+00
5.122000000000000000e+03 -9.542743745375510400e-01 -2.042587631589753983e+00 -1.149671265066972481e+00
5.443000000000000000e+03 -4.815654335901591310e-01 2.224986197406195743e-01 -1.080150073843533232e+00
5.017000000000000000e+03 4.236171436979780935e-01 -2.088649469317545027e-01 -1.043717121763867883e+00
5.189000000000000000e+03 -1.413269785716337879e-01 -7.498823790949700197e-01 -1.035579003471871706e+00
4.904000000000000000e+03 -5.344054357055618709e-01 -7.339565317940213163e-01 -1.070050844755940478e+00
5.073000000000000000e+03 -2.293008190906853372e-01 -4.286438443254780850e-02 -1.069321636742200488e+00
4.837000000000000000e+03 -2.293008190906853372e-01 -4.286438443254780850e-02 -1.069321636742200488e+00
5.036000000000000000e+03 7.113424118448570255e-01 -2.261935622976423588e+00 -1.003143400237349381e+00
4.931000000000000000e+03 3.987387475955621596e-01 -1.427948031893322423e-02 -9.437245892968424421e-01
4.930000000000000000e+03 -5.966759394388887472e-02 -6.757243659424148063e-01 -9.482435604521624040e-01
5.240000000000000000e+03 -1.276063230789986847e+00 5.504770811649990492e-01 -9.547539293127043081e-01
4.968000000000000000e+03 7.954097711166028262e-01 -4.282847391000785819e-01 -9.489947354050305428e-01
5.067000000000000000e+03 -1.380838575490059839e+00 -5.136654655575512152e-02 -8.376809777691767156e-01
5.054000000000000000e+03 1.463324214446437566e-01 -2.528658940430958069e+00 -8.134861425884809538e-01
5.197000000000000000e+03 2.313964052255858661e+00 1.765149942417721718e+00 -8.112884183314118536e-01
5.170000000000000000e+03 -3.141287038668920673e-01 -5.791198561614692153e-01 -7.769257286365989223e-01
5.242000000000000000e+03 -1.060643092406650112e-01 -9.812052980844043759e-02 -7.587823657053783810e-01
5.130000000000000000e+03 2.433073724286316519e-01 5.235204641567179351e-01 -7.233418421420303446e-01
5.207000000000000000e+03 -2.016461587842144354e-01 5.029004135757020322e-02 -7.018984173675081317e-01
4.640000000000000000e+03 3.823973563055282909e-01 -3.285508798830676369e-01 -7.445728435691525426e-01
4.861000000000000000e+03 -3.729173986702534194e-01 -7.239376318368329066e-02 -7.209434662796816440e-01
5.137000000000000000e+03 -3.729173986702534194e-01 -7.239376318368329066e-02 -7.209434662796816440e-01
4.868000000000000000e+03 -3.146609178789638861e-01 2.711537129357850517e-01 -7.245886335165391268e-01
5.175000000000000000e+03 -1.265907404349277954e-01 3.883423148168105854e-01 -7.113671146273488066e-01
4.921000000000000000e+03 1.698858512314096458e-01 1.082119563478300961e-01 -6.712581105646826529e-01
5.195000000000000000e+03 1.625487064947300553e+00 -1.711163147388887751e+00 -6.953442119784754016e-01
5.196000000000000000e+03 3.093079141083805439e-01 -2.116272008227895185e-01 -6.578221734869055259e-01
4.819000000000000000e+03 2.166654724379437624e+00 1.216071074207235370e+00 -6.414557400947031862e-01
4.826000000000000000e+03 2.486919966504892443e-01 -4.110665251014040678e-01 -6.195452600407841404e-01
5.420000000000000000e+03 -8.311534553361177302e-01 1.010569437747193433e+00 -6.243435395172808322e-01
5.075000000000000000e+03 -1.356828634564735125e-01 5.696714336484376418e-02 -6.104010167599436265e-01
4.860000000000000000e+03 -1.356828634564735125e-01 5.696714336484376418e-02 -6.104010167599436265e-01
5.210000000000000000e+03 -4.335912742941978593e-01 -8.454196403140343818e-01 -5.863912010859997359e-01
5.275000000000000000e+03 1.027694129006142987e+00 4.140612851701774844e-01 -5.766384890819973297e-01
4.814000000000000000e+03 -1.341864443069091806e-01 -1.179935902862879971e+00 -5.687564575206880413e-01
5.206000000000000000e+03 -1.749936222916765871e+00 -3.042851775132561443e+00 -5.550412308337329126e-01
5.208000000000000000e+03 9.156569905566058765e-02 2.284074954269215141e-01 -5.496033525002002040e-01
4.673000000000000000e+03 2.329237278569788572e+00 -1.290677742645272019e-01 -5.458494564705153040e-01
5.180000000000000000e+03 -8.376051554483758821e-01 -1.077802292570041232e+00 -5.317039701101754501e-01
4.939000000000000000e+03 1.139672039377259694e-02 -2.526998979300287829e-01 -5.246981674476267621e-01
5.134000000000000000e+03 -6.888843362633458867e-01 -1.569415532610349828e-01 -5.107133110432199308e-01
5.447000000000000000e+03 -6.888843362633458867e-01 -1.569415532610349828e-01 -5.107133110432199308e-01
4.894000000000000000e+03 -3.559597243842489434e-01 1.229481082672378989e-01 -5.072397709697827883e-01
5.367000000000000000e+03 -3.080526407829253799e-02 1.096709957927970436e-01 -4.937844352339255116e-01
4.672000000000000000e+03 5.280906015633028971e-01 -1.129712147931911659e-01 -4.917166267263819446e-01
5.368000000000000000e+03 2.178517066634029220e-01 9.591629934202217100e-02 -4.907246195853283144e-01
