# 		Time[Myr] 	 GC Label		 Age[Myr] 	 TotalOrTruncMass[Msun]	 CoreMass[Msun] 	  TruncRadii[pc]	 CoreRadii[pc] 	 ErrCoreRadii	 FitAlpha 	 ErrFitAlpha	 FitSigma0 	  ErrFitSigma0	 FitSigmaBG 	  ErrFitSigmaBG	 P Value	 Half Mass[pc]	  Half Light [pc]
4.345699999999999932e+02 0.000000000000000000e+00 6.291999999999973170e+00 3.197939187630457127e+03 1.127331080531604584e+03 6.002113895767406793e+05 3.588885502895665658e-01 3.165369290462220764e-02 3.284377694708951800e+00 1.751636054242610152e-01 3.857754641579189865e+03 5.357057091910521649e+02 2.802530266977020477e-17 3.293367034862370035e-01 4.959874230003352702e-01 3.187637997711660898e+00 3.187637997711660898e+00
0.000000000000000000e+00 2.000000000000000000e+00 5.896399999999999864e+01 1.413415099193575088e+03 3.961163335319566841e+02 4.980875851394654497e+00 2.204136052717532157e-01 3.653937484116598355e-02 2.825538016969104227e+00 2.563549511263700786e-01 3.239809057563129045e+03 7.708313852140855715e+02 9.671991210605398459e-01 1.294843471841980787e+00 7.307384476606462176e-01 2.623344285733362202e+00 2.623344285733362202e+00
0.000000000000000000e+00 3.000000000000000000e+00 2.437599999999997635e+01 3.416003229827340874e+03 1.324388953526037994e+03 9.464604860714313617e+00 4.739315292969215054e-01 4.729576733828287638e-02 3.007285105268745706e+00 1.964685501887993291e-01 1.567815746766319080e+03 2.223735086468919633e+02 3.851567895776245032e-01 2.358014612156128509e-01 2.265145183176173725e-11 3.671249108906503800e+00 3.671249108906503800e+00
0.000000000000000000e+00 4.000000000000000000e+00 2.377899999999999636e+01 1.814432872206099637e+04 5.357573440396870865e+03 1.971713725020094604e+11 9.268939773127223836e-01 4.670926322766483924e-02 2.753589390110561475e+00 7.394579812411759823e-02 2.089942609193207318e+03 1.501023449341058154e+02 2.685446255081564386e-28 1.400380077703293480e-01 1.896932970892561325e-54 8.522284667355778609e+00 8.522284667355778609e+00
0.000000000000000000e+00 1.000000000000000000e+01 5.190999999999974079e+00 5.949747353151657080e+03 2.038598706409414262e+03 6.100030465852757568e+11 2.155263139011320828e-01 1.588621773469223522e-02 3.029475912420427353e+00 1.043225378633001882e-01 1.663207454322411650e+04 1.953450169645887172e+03 6.301619982086996156e-34 3.282856061114969859e-01 8.663661970439125778e-04 5.038921363595932235e+00 5.038921363595932235e+00
0.000000000000000000e+00 1.100000000000000000e+01 7.604499999999995907e+01 8.822591065029929496e+02 3.330978259245999311e+02 2.641223652486349062e+14 6.269093847304905154e-01 1.615107567026264346e-01 3.025167086831415109e+00 6.391792921182388731e-01 2.863152982500481585e+02 1.028260494702496288e+02 3.281064298506525249e-42 1.154223627827787979e+00 3.026927258164172629e-01 1.319321603740069682e+00 1.319321603740069682e+00
0.000000000000000000e+00 1.300000000000000000e+01 4.058999999999969077e+00 3.507029963037964080e+03 2.207648353800577752e+03 5.249766151881436471e+00 7.432674997139342432e-01 4.316672985098800319e-02 4.529548019204047371e+00 3.228887636857362131e-01 9.976627576173933676e+02 1.071415374700037972e+02 2.847010055674488727e-01 8.838680666352707882e-02 2.608350889465807242e-12 7.441086746318588574e+00 7.441086746318588574e+00
0.000000000000000000e+00 1.500000000000000000e+01 5.190999999999974079e+00 1.780522913350714305e+02 3.000881314636036024e+01 2.002473712396155312e+14 6.365040523777413251e-01 1.339084839179267350e+00 2.288276985656124918e+00 2.825147619134247279e+00 5.361870100437219833e+01 1.437968698381183685e+02 7.168739552670449976e-32 3.874389665737033361e+00 8.438542579850624170e-01 2.177122006740786209e-01 2.177122006740786209e-01
0.000000000000000000e+00 1.700000000000000000e+01 2.547399999999998954e+01 2.393702995308012760e+03 7.692259103183707794e+02 5.282790553339516748e+00 1.587500849695317184e-01 1.733113179013715324e-02 3.147147981406682060e+00 1.841816341955759551e-01 1.183129405740934817e+04 2.009659578277210130e+03 3.833766992087775383e-01 3.526574447969563209e-01 1.248356480116309068e-03 4.194433108599584514e+00 4.194433108599584514e+00
0.000000000000000000e+00 2.200000000000000000e+01 2.547399999999998954e+01 7.202115155126489299e+01 9.002643943908111623e+00 6.540662792117908353e+00 6.983660114799264962e-01 3.891544947957656930e+00 4.860876669634852654e+00 6.754709449248346687e+01 3.908948563724009091e+02 1.820017818252163977e+02 1.480989895329811769e-02 1.829987655473827317e+02 nan 5.644883488310522418e-02 5.644883488310522418e-02
0.000000000000000000e+00 2.300000000000000000e+01 2.415499999999997272e+01 1.280376027578043249e+03 3.551042888985979289e+02 1.044737469276098755e+12 2.156656476883508089e-01 5.024622858940934467e-02 2.715173531990006328e+00 2.732164347947210192e-01 2.543704275315286395e+03 8.586525669671927972e+02 1.836141719978624852e-31 7.419918029644115842e-01 9.604114986720942160e-02 2.935480129557303197e+00 2.935480129557303197e+00
