# star id 	 star_x_coords [pc] 	 star_y_coords [pc] 	 star_z_coords [pc] 
3.922700000000000000e+04 -8.396321884073785213e-01 -1.937041388389539875e-01 -4.107444802837356690e-01
8.468000000000000000e+03 -9.191480523066246633e-01 1.122525967889430820e+00 -3.891763661490372783e-01
2.259600000000000000e+04 -1.774573288009761995e-01 4.002561546116689684e-02 2.289344622166176180e-01
4.200000000000000000e+03 -1.774573288009761995e-01 4.002561546116689684e-02 2.289344622166176180e-01
1.343000000000000000e+03 1.784414768620763425e-01 -8.305401839153785382e-01 -6.420374400273303195e-01
9.600000000000000000e+01 6.123556752380210355e-01 2.705967310881147725e-01 1.326318712236151498e+00
1.136000000000000000e+03 6.123556752380210355e-01 2.705967310881147725e-01 1.326318712236151498e+00
1.137000000000000000e+03 1.011742439919927961e+00 3.808477492932245134e-01 -2.654813224877443645e-01
4.201000000000000000e+03 -3.012003705744135118e-01 -1.100374094695959926e+00 -1.403066744566597635e+00
