# star id 	 star_x_coords [pc] 	 star_y_coords [pc] 	 star_z_coords [pc] 
2.349000000000000000e+04 -7.544153245090168269e-01 -3.635672389564543749e-01 -9.748880654811049595e-01
2.358300000000000000e+04 -5.400617560986376020e-01 4.425256737407092800e-01 -4.042813512849874336e-01
2.349300000000000000e+04 -6.830828604282537242e-01 -5.946812582285829762e-01 2.516108327347770235e-01
2.352800000000000000e+04 3.212581164035714920e-01 -8.791333911648848698e-01 3.808411381193455014e-01
2.357800000000000000e+04 -8.090953678915209224e-01 -1.493724642880724929e-01 5.289846501725250505e-01
2.349100000000000000e+04 -7.199460877218850641e-01 8.114371446646195807e-01 7.641265620508042034e-01
2.357100000000000000e+04 1.446877042891925313e+00 -9.067015052819726861e-01 -4.905360273161019080e-01
2.358100000000000000e+04 1.408700375529807758e+00 1.056376322201693085e-01 -6.366659216170011959e-01
2.358700000000000000e+04 9.188674065434625504e-01 -3.140372741721559890e-01 -4.358085312758044338e-01
2.357600000000000000e+04 4.865351036681371255e-01 -2.127134857258802469e+00 -3.103500812230630679e-01
2.358000000000000000e+04 -5.606887190467215731e-01 2.165556898089366911e+00 1.122751428528827589e+00
2.352700000000000000e+04 -2.920763461602753353e-01 1.095596187541834965e+00 4.612262352093265960e-01
2.357900000000000000e+04 -2.025347485090858157e-01 8.582962064098129673e-01 -2.965735078618410014e-01
