# star id 	 star_x_coords [pc] 	 star_y_coords [pc] 	 star_z_coords [pc] 
5.000800000000000000e+04 2.138855952878230937e+00 4.405999081706681864e-01 1.087688863348034829e+00
4.985800000000000000e+04 1.082501452191614533e+00 3.039644771741905060e-01 8.577717798087718393e-01
5.001500000000000000e+04 1.318285634196691092e+00 -5.465659885026639131e-01 8.822432771096764270e-01
4.986000000000000000e+04 1.518199401984645647e-01 -2.100536088054539618e+00 -1.177719594653762414e+00
5.001600000000000000e+04 -4.887736356247671665e-01 1.898192443566543375e+00 -8.610205321783652721e-01
4.985700000000000000e+04 -6.451896190446362311e-01 9.175914108126335123e-01 -8.234751402749349580e-01
5.002200000000000000e+04 9.728041967608405116e-01 -1.241300721960200804e+00 -6.001656688547036822e-01
5.000600000000000000e+04 2.297742910359801272e-02 -1.774108177019911636e+00 -4.663179780531638841e-01
5.005200000000000000e+04 -6.167510622490510741e-01 7.481813212349663900e-02 -4.510522166049266701e-01
4.986100000000000000e+04 -8.431604297273054271e-01 1.677354208055760409e+00 -4.702809911432606071e-01
5.006500000000000000e+04 -2.489458530724490970e-01 4.426496586359860430e-01 -3.966142648051658171e-01
5.006000000000000000e+04 -1.699441318166925896e+00 2.308879729528840130e+00 -1.798637486487564274e-01
5.003000000000000000e+04 5.050504814931855435e-04 -1.658765389494945452e+00 -1.095715038507858452e-01
5.002300000000000000e+04 1.515045554168636954e-02 -4.093111613503452872e-01 9.315042155250452538e-02
5.004200000000000000e+04 8.732797943919479167e-01 -8.511743942371197136e-02 3.302291227653633143e-01
5.005300000000000000e+04 -5.762774665108665317e-01 1.207527309475153743e-02 4.519150703739143182e-01
5.002800000000000000e+04 -8.813630492631290281e-01 -2.724955424388895153e-01 1.381168036994399273e+00
5.000900000000000000e+04 -5.762774665108665317e-01 1.207527309475153743e-02 4.519150703739143182e-01
