# star id 	 star_x_coords [pc] 	 star_y_coords [pc] 	 star_z_coords [pc] 
1.076200000000000000e+04 4.476444130265946342e-01 1.723160535415754424e+00 9.616915193819863816e-01
1.098200000000000000e+04 1.089924991125734266e+00 2.554510052809803256e+00 4.073499303253456105e-01
1.108900000000000000e+04 2.243473754509725637e+00 3.437666907138233086e+00 4.413525806554794428e-01
1.121200000000000000e+04 2.272230170030205443e+00 3.424785049912305368e+00 1.088611274527266914e+00
1.104300000000000000e+04 2.655132172527302714e+00 2.645332428657788171e+00 1.350054237252788170e+00
1.110800000000000000e+04 2.093294012379349311e+00 2.603251368242545993e+00 1.593703157166949325e+00
1.115500000000000000e+04 -8.799571526566722923e-01 -4.529792838282951095e-01 2.393690183363048618e-01
1.067200000000000000e+04 -9.387505714659951650e-01 -2.035840484605849099e+00 2.409174978025454550e-01
1.074600000000000000e+04 -7.393721150657839303e-02 -1.474951038009987059e+00 3.214845925334195442e-01
1.113700000000000000e+04 -4.736714157498091993e-01 -2.144097428027436081e-02 5.773384236181904328e-01
1.074700000000000000e+04 -8.486028526510089876e-01 4.671024821993796650e-02 6.257443278607190962e-01
1.100600000000000000e+04 -4.868898199421387574e-01 -1.626843270423609766e+00 8.794030961855767714e-01
1.117700000000000000e+04 -1.088970898803452769e+00 -3.352593275395463479e-01 8.281003551200747381e-01
1.076100000000000000e+04 -8.052706633002060244e-02 -1.725408400357416383e+00 9.090928510183395872e-01
1.087900000000000000e+04 -2.312025903149919515e+00 -8.236764264152753867e-01 9.631903058240638416e-01
1.113600000000000000e+04 3.060800281971225445e-01 2.905070803982567895e-01 1.179624561686964057e+00
1.075700000000000000e+04 -7.806282390956802431e-01 -8.770157288921502925e-01 1.205114920946016355e+00
1.115600000000000000e+04 -7.806282390956802431e-01 -8.770157288921502925e-01 1.205114920946016355e+00
1.114400000000000000e+04 -1.047350368393651365e+00 -1.841017775314426785e+00 1.402516733613985878e+00
2.151800000000000000e+04 -9.212614324964363277e-01 -1.166540887773205526e+00 1.494357141220962859e+00
1.107700000000000000e+04 -4.554332600824650967e-01 -8.601022836339282662e-01 1.557416290588196972e+00
1.110100000000000000e+04 -2.640572070378265579e+00 -5.706792471460140348e-01 1.642109282772054257e+00
1.111000000000000000e+04 -2.180804628658577826e+00 -2.087759563665763096e+00 1.754051470878867036e+00
1.110300000000000000e+04 -8.551150092115342716e-01 -1.959630426402515724e+00 2.693797042215425819e+00
1.096400000000000000e+04 5.593292792110311495e-01 -1.879889403660648384e-01 3.108518608760917346e-01
1.116100000000000000e+04 4.936169713771363377e-01 6.567670860775649544e-01 1.828888928730972196e+00
1.112700000000000000e+04 2.975975151043144251e-01 1.417160174691215246e+00 -2.874710548098789786e+00
1.110400000000000000e+04 2.975975151043144251e-01 1.417160174691215246e+00 -2.874710548098789786e+00
1.108200000000000000e+04 8.797225703498767757e-02 2.196262682308969261e-02 -1.552319039730789996e+00
1.102000000000000000e+04 -6.763812231552677190e-01 8.753267577826946422e-01 -1.257948784214487858e+00
1.092900000000000000e+04 -5.964894711526724791e-01 2.892228660075630842e-01 -1.124126434444747247e+00
1.113200000000000000e+04 -1.003785128247962177e+00 -2.516591085896813240e-01 -5.616480089162045886e-01
1.097700000000000000e+04 -1.593378721612026538e-02 -3.364472397866684616e-01 -4.253204391488729641e-01
1.105200000000000000e+04 1.071069152597345919e-01 4.059708036098435002e-01 -3.846564853747693746e-01
1.110200000000000000e+04 -3.925366763541582316e-01 -1.812337311490459513e-01 -3.537214688381560279e-01
1.110500000000000000e+04 -2.413855853717272737e-01 -3.837058595146842777e-01 -1.865853966462367453e-01
1.112000000000000000e+04 -4.230131100944198863e-01 -8.009208739319539916e-01 -1.778898736827763116e-01
1.099600000000000000e+04 1.900134050695594823e+00 3.329578919677089743e-02 -3.534989476319577051e+00
1.107100000000000000e+04 8.375368161525358346e-01 -5.199975382027481885e-01 -2.708751011083212035e+00
1.103700000000000000e+04 8.375368161525358346e-01 -5.199975382027481885e-01 -2.708751011083212035e+00
1.110600000000000000e+04 2.772683049186905890e+00 1.063048512767430509e-01 -3.446798263819765396e+00
1.113800000000000000e+04 6.140176245100477104e-01 1.550359325407946187e-01 -2.855990503581246287e+00
