# star id 	 star_x_coords [pc] 	 star_y_coords [pc] 	 star_z_coords [pc] 
9.032000000000000000e+03 -7.221232324557202986e-01 5.656327437944912440e-01 4.329486121382850605e-01
9.033000000000000000e+03 5.254501262974820008e-02 -4.755200074069731997e-01 -1.850853920176687595e+00
1.538400000000000000e+04 5.254501262974820008e-02 -4.755200074069731997e-01 -1.850853920176687595e+00
1.538200000000000000e+04 -3.033888892416012339e-01 1.868213867032511022e-01 -6.646486035304306483e-01
9.855000000000000000e+03 -3.785349180145480830e-01 -9.406759232960864026e-01 4.519098055482251297e-01
1.537600000000000000e+04 4.556516993400538951e-01 -2.025495457378170272e-01 3.087285029790765023e-01
1.537700000000000000e+04 -4.047687299821767226e-02 4.382705942159015322e-02 8.429257441798250206e-01
1.538700000000000000e+04 -4.047687299821767226e-02 4.382705942159015322e-02 8.429257441798250206e-01
9.889000000000000000e+03 3.751616762528104942e-01 7.012719040054748998e-01 5.581654686888546379e-01
9.888000000000000000e+03 5.837726792890691740e-01 5.842259319270395324e-01 9.680688768796037458e-01
