# star id 	 star_x_coords [pc] 	 star_y_coords [pc] 	 star_z_coords [pc] 
1.317100000000000000e+04 -9.045829019157736184e-03 1.511906492398651380e-01 -1.324535142003355759e-01
1.319200000000000000e+04 3.030058157836776900e-01 -4.642058658120333803e-01 4.018344909172810731e-01
1.321900000000000000e+04 3.030058157836776900e-01 -4.642058658120333803e-01 4.018344909172810731e-01
1.321600000000000000e+04 2.302530185168620847e-01 3.329740143646517936e-01 -3.734127229136419146e-01
1.312200000000000000e+04 -1.871618106764998402e-01 -6.106514645243521500e-02 2.807889044472062778e-01
1.314300000000000000e+04 -2.046241768500749458e-01 2.769408069710266318e-01 -3.884772385596875210e-01
1.315800000000000000e+04 -1.768323396654807311e-01 -1.076354520250788482e-02 2.652632512264432307e-01
1.315700000000000000e+04 -4.262750642219259589e-02 1.257202897857183643e-01 1.982811154135788456e-01
1.321800000000000000e+04 -4.262750642219259589e-02 1.257202897857183643e-01 1.982811154135788456e-01
1.316400000000000000e+04 -1.216786326301644294e-02 -1.528076716068937912e-02 2.618514463149210769e-01
1.319000000000000000e+04 -1.307091047733877076e-02 -1.553536656061709209e-01 1.402246842759637957e-01
1.319100000000000000e+04 5.736365313140368016e-03 2.185061676031949673e-01 9.240343776528447961e-02
1.323400000000000000e+04 1.168899878952345261e-02 5.142905994944158010e-03 8.915783711854885496e-02
1.319900000000000000e+04 1.168899878952345261e-02 5.142905994944158010e-03 8.915783711854885496e-02
1.317700000000000000e+04 1.168899878952345261e-02 5.142905994944158010e-03 8.915783711854885496e-02
1.324700000000000000e+04 -3.753850767202493444e-02 -1.368161303483219626e-01 3.687767358172777676e-03
1.320100000000000000e+04 1.292470868242361348e-01 -2.307025628426515595e-01 4.468566952574377638e-01
1.314100000000000000e+04 8.709986430798721813e-02 -4.941661865172477519e-01 -2.177132953033833473e-02
1.316900000000000000e+04 -2.043716653826663787e-01 2.968647579539975823e-01 2.311376469576629233e-01
1.312700000000000000e+04 1.859660756544059268e-01 -4.465838419764907030e-01 2.422466062386092744e-01
1.317000000000000000e+04 1.287224530861834637e-01 -2.203428524326653815e-01 9.602320097670258292e-03
1.325100000000000000e+04 8.473606804861333330e-02 9.080832523392246003e-02 -5.588093703883600938e-02
1.312400000000000000e+04 8.473606804861333330e-02 9.080832523392246003e-02 -5.588093703883600938e-02
1.318400000000000000e+04 6.864606252818816756e-02 -1.216626586379305763e-01 6.977734298146742731e-03
1.318200000000000000e+04 -2.810149505809533821e-02 4.050842976366197945e-02 -6.547550236879828844e-02
1.313900000000000000e+04 -2.810149505809533821e-02 4.050842976366197945e-02 -6.547550236879828844e-02
1.318300000000000000e+04 -2.426758174129588497e-01 -3.629353810906366107e-01 -2.779181396355880906e-01
1.323800000000000000e+04 -1.778248736004428565e-01 1.302497792692918210e-01 -1.931726668460385099e-01
1.314400000000000000e+04 -1.778248736004428565e-01 1.302497792692918210e-01 -1.931726668460385099e-01
1.320200000000000000e+04 2.076103439672039030e-01 1.335569454406169143e-01 -9.743631063967939099e-02
1.324600000000000000e+04 -1.380886721644145609e-01 4.349429140951599493e-02 -2.013249480922638668e-01
1.313800000000000000e+04 -1.380886721644145609e-01 4.349429140951599493e-02 -2.013249480922638668e-01
1.325700000000000000e+04 1.964867953668516520e-01 -1.301362383323549921e-01 -1.718645517671291145e-01
1.317800000000000000e+04 -1.713861680560881950e-01 3.466077792074173658e-01 -3.568214253507591138e-01
1.314700000000000000e+04 7.698494115307141783e-02 4.163560962778376506e-01 -3.664824136028528301e-01
1.314000000000000000e+04 -2.867476922600928901e-01 -3.074304129146270270e-01 -2.704082925806403637e-01
1.317600000000000000e+04 -2.867476922600928901e-01 -3.074304129146270270e-01 -2.704082925806403637e-01
1.319400000000000000e+04 1.673726350218203152e-01 -1.347872135819443429e-01 -2.307894344212542137e-01
1.312600000000000000e+04 -1.216154847193706701e-01 2.815764296511389375e-01 1.352604251183322503e-01
1.314500000000000000e+04 1.432196139841295235e-01 2.929286170907374753e-01 1.123091983691182350e-01
1.314800000000000000e+04 1.446875151492434952e-01 2.196877546870723563e-01 1.468184547223501113e-01
1.314900000000000000e+04 1.446875151492434952e-01 2.196877546870723563e-01 1.468184547223501113e-01
