# star id 	 star_x_coords [pc] 	 star_y_coords [pc] 	 star_z_coords [pc] 
5.192300000000000000e+04 -3.882159009333223665e-01 -4.995374794703284493e-01 -1.090012100837870257e+00
5.245200000000000000e+04 -2.463827711292534417e-01 4.121458358027840774e-01 -7.365963190642679237e-01
5.244900000000000000e+04 -6.615965494496158783e-01 -2.724675082223733114e-01 -4.190043825365687979e-01
5.192700000000000000e+04 -3.491124208396394479e-01 -6.501850432611799846e-01 -2.562154890072898539e-01
5.193500000000000000e+04 2.894495312505362961e-02 -7.357971540019114798e-02 2.051850916023250093e-01
5.189800000000000000e+04 -1.877220874496465797e-02 6.393684486418216295e-02 1.161277692368559933e+00
5.310700000000000000e+04 4.063941709710450212e-01 9.488971996102826267e-01 1.146730276154722894e+00
5.193700000000000000e+04 2.412370891568338394e-01 3.069455798900087018e-01 -8.596654117733493194e-02
5.198900000000000000e+04 5.268771811814261241e-01 -1.499550812026928526e-01 -1.756287191835381734e-01
5.244200000000000000e+04 5.307165254733119397e-01 5.437709367333809496e-02 4.754335166156984371e-01
