# star id 	 star_x_coords [pc] 	 star_y_coords [pc] 	 star_z_coords [pc] 
3.562200000000000000e+04 4.118116955144586200e-01 -5.895086777146332224e-01 -8.542774037245557395e-01
3.560500000000000000e+04 1.343327124743421308e+00 -2.297545138048633362e-01 -3.678506760975963630e-01
3.558600000000000000e+04 1.343327124743421308e+00 -2.297545138048633362e-01 -3.678506760975963630e-01
3.559800000000000000e+04 1.037104048359491770e+00 3.855702928333357704e-01 1.424192627091933616e-01
3.559700000000000000e+04 -4.189825052035871522e-01 -9.307961117933132300e-01 -6.071539064940054686e-01
3.573500000000000000e+04 -1.118714703481554551e+00 -6.173756429567589521e-01 4.058997653543947592e-01
3.560600000000000000e+04 -1.107122770901113995e+00 2.051390684310234747e-01 4.328611379008115989e-01
2.844300000000000000e+04 -7.453750056089241127e-01 1.003240051886692186e+00 6.079762508866117798e-01
3.560400000000000000e+04 -7.453750056089241127e-01 1.003240051886692186e+00 6.079762508866117798e-01
