# star id 	 star_x_coords [pc] 	 star_y_coords [pc] 	 star_z_coords [pc] 
2.340000000000000000e+03 2.097571642808873094e-01 8.676498706949331563e-02 -4.162509165475540840e-01
2.344000000000000000e+03 -1.385805850512973336e-01 6.026203310914013400e-02 -1.232564616263260859e-01
2.498000000000000000e+03 -6.730426301883341011e-02 -2.267550995815525994e-01 -1.369649608149359210e-01
2.438000000000000000e+03 -3.024284639559837728e-02 1.091185044860978337e-01 -2.249756062546737212e-02
2.445000000000000000e+03 -3.024284639559837728e-02 1.091185044860978337e-01 -2.249756062546737212e-02
2.462000000000000000e+03 1.944017209094077714e-01 3.251961776746767896e-01 2.122760009372370860e-02
2.441000000000000000e+03 3.962912104440619032e-02 -1.422168289229404081e-01 3.953271228735388831e-02
2.350000000000000000e+03 -2.264715901104210616e-01 5.669195853511865835e-02 1.275326438847059762e-01
2.435000000000000000e+03 2.362086994737033763e-01 1.714291822831697232e-01 1.784941178987224930e-01
2.425000000000000000e+03 9.796124299388608847e-02 4.005332413763085242e-01 2.227126640005110403e-01
2.470000000000000000e+03 3.652781300210961035e-02 2.944386017779869746e-01 2.846491007269804641e-01
2.428000000000000000e+03 3.652781300210961035e-02 2.944386017779869746e-01 2.846491007269804641e-01
2.430000000000000000e+03 -4.447252327422823726e-01 3.829145751211520121e-01 3.726685319713283207e-01
2.484000000000000000e+03 6.470920063597418448e-02 -3.411108760706511589e-01 3.992913136229958582e-01
2.451000000000000000e+03 1.338896414996071371e-01 -3.686079944102758077e-01 4.258982129691588625e-01
2.450000000000000000e+03 -1.706668203486358948e-01 2.439995464510218426e-01 4.633511177620022181e-01
2.500000000000000000e+03 -1.706668203486358948e-01 2.439995464510218426e-01 4.633511177620022181e-01
2.499000000000000000e+03 -2.787210302757543445e-01 -2.565634014076891845e-01 5.649482756260653105e-01
2.481000000000000000e+03 8.167713083878780367e-02 -3.599067789179386523e-01 4.780317476278383992e-01
2.422000000000000000e+03 -1.052171690577807794e-01 2.558486648124080887e-01 5.511545004246727331e-01
2.443000000000000000e+03 -1.052359046239672580e+00 -4.907073385290061651e-02 2.306081096772345518e-01
2.442000000000000000e+03 5.475430395915843462e-01 3.807925643958931516e-01 -3.375038639328380441e-01
2.427000000000000000e+03 4.416599727105321449e-01 2.687866213826666240e-01 -2.991008579888472241e-01
2.454000000000000000e+03 3.033069186488610569e-01 -8.051539239517779833e-02 -2.143695090880441967e-01
2.434000000000000000e+03 7.197719084717135729e-02 -5.154788940318795198e-01 3.164652402930840935e-01
2.459000000000000000e+03 -1.536464395218629875e+00 9.413542688986957785e-01 8.632200835758396806e-02
2.437000000000000000e+03 -1.739476746415782316e-01 -2.535273644431796924e-01 1.045546139667834495e+00
2.431000000000000000e+03 9.518020016594768151e-01 -1.993697167099384160e-01 9.991315005421057549e-01
2.468000000000000000e+03 1.062143816029823995e+00 -1.005358383695160285e+00 9.065169797717516076e-01
2.429000000000000000e+03 1.122274902543765052e-01 -3.111752618054808295e-01 -1.473374940547827805e+00
2.483000000000000000e+03 3.197459311062189613e-02 3.818301977924427604e-01 -1.183756912557541341e+00
2.423000000000000000e+03 1.649536260676676136e-01 1.503822598597821525e-01 -5.145056150197149236e-01
2.446000000000000000e+03 6.035109517980394855e-01 3.420924124935957877e-01 -1.038171810794892735e+00
2.455000000000000000e+03 6.478492460027496236e-01 1.729094089305220905e-01 -4.929215859209250539e-01
2.449000000000000000e+03 -7.225915072218320745e-01 -8.951057822608632364e-01 -1.261836644766205495e+00
2.458000000000000000e+03 -9.220365610099783282e-01 -6.681393894698217650e-01 -9.250735500371263242e-01
