# star id 	 star_x_coords [pc] 	 star_y_coords [pc] 	 star_z_coords [pc] 
1.031900000000000000e+04 -1.093368941759614188e+00 -8.576916430898187116e-01 -4.802391110095527438e-02
1.032100000000000000e+04 -4.201675258089849763e-01 -3.041516749739372472e-01 -3.449256013018402456e-01
1.019000000000000000e+04 -7.419277170121425513e-01 -5.400132489794238211e-01 1.066861555050975241e-01
1.032600000000000000e+04 5.407604653260378313e-02 -2.097453753641822516e-01 1.945131150154528754e-01
1.022900000000000000e+04 -5.243250987040681821e-01 -5.921016523048052704e-01 2.931469524625791578e-01
1.023000000000000000e+04 -1.903322998081623751e+00 1.311551494234603155e+00 -7.026955313915168588e-01
1.032500000000000000e+04 -1.628411315330104969e-01 -1.010339560739126341e-01 2.887967233675290402e-01
1.015100000000000000e+04 -1.628411315330104969e-01 -1.010339560739126341e-01 2.887967233675290402e-01
1.015800000000000000e+04 -1.628411315330104969e-01 -1.010339560739126341e-01 2.887967233675290402e-01
1.032700000000000000e+04 -4.859588013001214790e-02 1.626265697676778643e+00 -1.387988095196270422e+00
1.017100000000000000e+04 -1.028962939697166235e+00 5.664605272881324538e-01 -8.318178227533481461e-01
1.017000000000000000e+04 -6.000787857489058297e-01 7.958327245698981756e-01 -5.715549305410334568e-01
1.027200000000000000e+04 -4.465147158904763103e-01 1.698955666534622821e-01 1.052384611317878083e-01
1.014100000000000000e+04 -4.465147158904763103e-01 1.698955666534622821e-01 1.052384611317878083e-01
1.015700000000000000e+04 3.223038184345128343e-02 7.158924803800204018e-01 1.931309650004644496e-01
1.022300000000000000e+04 -6.158290040136193966e-02 -3.505245461180450661e-02 -9.254311426172812105e-02
1.021100000000000000e+04 -6.158290040136193966e-02 -3.505245461180450661e-02 -9.254311426172812105e-02
1.031500000000000000e+04 -8.803681644540048978e-01 1.241887953447573523e-01 3.740642549571413511e-01
1.022200000000000000e+04 -6.823276767910648744e-01 9.242990885237638565e-01 4.160560049086905465e-01
1.020400000000000000e+04 -6.750229230719213547e-01 -1.365239440776026214e+00 5.461792227876616224e-01
1.024800000000000000e+04 -4.872004622890457881e-01 -2.259444518352644593e-01 6.313747934624851510e-01
1.026100000000000000e+04 -4.872004622890457881e-01 -2.259444518352644593e-01 6.313747934624851510e-01
1.016700000000000000e+04 -3.664799429859684210e-01 -3.826054691694693588e-01 1.136992788573595980e+00
1.025700000000000000e+04 1.100088039591007316e-01 1.296009311395867059e+00 5.485162053338221710e-01
1.029100000000000000e+04 -7.449114027061547461e-01 6.403829792334256865e-01 6.774096171882497686e-01
1.016200000000000000e+04 -2.252669791817851319e+00 -1.517075605252070858e+00 -4.381468955859597614e-01
1.015000000000000000e+04 -2.738328125493090681e+00 1.566344363621436031e+00 -7.470724228470437822e-02
1.023100000000000000e+04 -1.118134036558668498e+00 -2.262269901440667752e+00 -7.630920834807186637e-01
1.014700000000000000e+04 1.293843886506351737e+00 -5.243022314932410666e-01 -1.085405012035431049e+00
1.017800000000000000e+04 1.206279795607493099e+00 -1.572747903927592006e+00 -1.022558317276128115e+00
1.017700000000000000e+04 6.449989286840747127e-01 -8.932390528722073952e-01 -7.550153081662926979e-01
1.017500000000000000e+04 5.010837280025661755e-01 -1.849112772280214756e-01 -3.273575639686159278e-01
1.017400000000000000e+04 6.356999992341734185e-01 -3.217795688151170452e-01 -3.224267594289438321e-01
1.016300000000000000e+04 1.063135725115145647e+00 -3.213390303510053059e-01 -2.758563101189466238e-01
1.015300000000000000e+04 4.767048438727883308e-01 -1.796277319081944768e-01 -5.365970506304851284e-02
1.025100000000000000e+04 4.767048438727883308e-01 -1.796277319081944768e-01 -5.365970506304851284e-02
1.014300000000000000e+04 1.998885596630088912e-01 -5.187884594623000112e-01 -3.132471707916728576e-02
1.018300000000000000e+04 3.113903430522526605e-01 -7.688494413602526834e-01 5.608900740648525840e-02
1.014200000000000000e+04 8.158280965044468758e-01 -1.781752158430130351e+00 1.333947636222490019e-01
1.026600000000000000e+04 9.409972378021898010e-01 -1.991358528435515751e+00 -4.519972081289118648e-01
1.015400000000000000e+04 2.310589459126255463e-01 -2.667067807794119005e-01 3.564872432330385976e-01
1.014800000000000000e+04 6.193730531317633847e-01 -5.945331509771314416e-01 3.671046970123104103e-01
1.029000000000000000e+04 3.817636960761454645e-01 -2.762627363660357105e-01 4.192451422565515173e-01
1.026700000000000000e+04 1.306834911525278642e-01 -2.681328557633868570e-01 1.844691617236478010e-01
1.027600000000000000e+04 1.306834911525278642e-01 -2.681328557633868570e-01 1.844691617236478010e-01
1.019100000000000000e+04 1.332058986468869222e+00 6.605073175591691381e-01 -6.438744784644612196e-01
1.019200000000000000e+04 3.935813972044357456e-01 3.261549875964462331e-01 -3.413303787046926274e-01
1.019300000000000000e+04 2.802721621340751312e-01 8.068082347885408012e-01 -3.004269342095033934e-01
1.018200000000000000e+04 2.596864975064008263e-01 5.951706024723506516e-01 -2.497361347888018557e-01
1.017900000000000000e+04 2.596864975064008263e-01 5.951706024723506516e-01 -2.497361347888018557e-01
1.017300000000000000e+04 5.242818279816710003e-01 1.832725950364313405e-01 1.056239252932122952e-02
1.026300000000000000e+04 8.286388207289476782e-01 3.432458806281957209e-02 -2.480337655764941474e-03
1.032000000000000000e+04 3.334138566828031003e-01 -3.060002092370694982e-02 -1.865478279310677223e-01
1.015200000000000000e+04 2.521875858903399603e-01 6.281513787417907224e-01 3.054987768719490404e-01
1.024300000000000000e+04 7.332180320704644316e-01 -1.152210009021317205e-01 2.348448432726524260e-02
1.018100000000000000e+04 2.819832338830465801e-01 -2.214523248039412806e-01 6.261571753804568985e-01
1.016800000000000000e+04 5.518465717069780396e-01 -4.791310812559217425e-01 6.697804828472095906e-01
1.022600000000000000e+04 3.982222745745538361e-01 4.311599447384750761e-01 7.303970918271200929e-01
1.027700000000000000e+04 6.683736686365051582e-01 8.541017325112001402e-01 8.015070688587719872e-01
1.029700000000000000e+04 1.714327544533382763e-01 1.089558947550294477e+00 9.887619462096930434e-01
1.024100000000000000e+04 3.162031114551098199e-01 2.344062110773048602e+00 -4.903989744241243898e-01
1.024200000000000000e+04 3.162031114551098199e-01 2.344062110773048602e+00 -4.903989744241243898e-01
