# star id 	 star_x_coords [pc] 	 star_y_coords [pc] 	 star_z_coords [pc] 
8.878000000000000000e+03 -2.960526052050639123e+00 -6.293432446217366305e-01 -2.750642814431643046e-01
8.724000000000000000e+03 -1.937768060332842879e+00 -1.567029844054935950e+00 -2.066555600093522571e-02
8.695000000000000000e+03 -2.238847418419211976e+00 3.549343519479677411e-01 -5.250950235841855829e-02
8.648000000000000000e+03 8.661195352281225723e-01 6.818376561034469319e-01 -1.897402464127324606e+00
8.725000000000000000e+03 8.661195352281225723e-01 6.818376561034469319e-01 -1.897402464127324606e+00
8.755000000000000000e+03 -1.345198285229827206e-01 2.017781231112607543e-01 5.371336203358225703e-01
8.767000000000000000e+03 -4.017855452391501103e-01 -2.352807684391677867e-01 8.377183684640669981e-01
8.756000000000000000e+03 1.706176010193871662e-02 -5.910068040845501969e-01 7.731972135020726000e-02
8.610000000000000000e+03 -3.831610134076726126e-01 7.413059658972898092e-01 8.172198187875778785e-02
8.631000000000000000e+03 -3.087249792171604668e-01 3.646967844673625336e-01 1.911879025089575634e-01
8.796000000000000000e+03 5.495267080107595348e-01 9.724866707777124475e-02 -1.073992388049589408e-01
8.691000000000000000e+03 5.580127803464733915e-01 -1.733300855933848084e-01 -3.077720750198267297e-01
8.658000000000000000e+03 -2.185881506009224040e-01 -1.020116340757638795e+00 1.068129686372003562e-01
8.766000000000000000e+03 -6.906823016080210209e-01 5.740751320575228078e-01 5.443632822293125173e-01
8.615000000000000000e+03 4.077348634530721938e-01 4.990210360791635935e-01 -1.381942482764202396e-01
8.647000000000000000e+03 1.415102049466838707e-01 7.048130767885965042e-01 -2.586680513850581065e-02
8.762000000000000000e+03 5.177260097461697796e-01 4.803985032529638488e-01 1.034307093081565654e-02
8.776000000000000000e+03 -7.307154193711085099e-03 3.453406992554448607e-01 -1.244434926223050297e-01
8.645000000000000000e+03 -7.307154193711085099e-03 3.453406992554448607e-01 -1.244434926223050297e-01
8.657000000000000000e+03 8.786179041284327695e-01 8.865627186280065075e-01 -2.316475939883275714e-01
8.652000000000000000e+03 -5.193184011389462285e-03 5.472848436384865067e-01 2.342053054996142691e-01
8.601000000000000000e+03 4.244285581631856985e-02 6.055973644675631817e-01 2.184976871214558969e-01
8.757000000000000000e+03 2.551651474621650095e-01 4.849729714606922926e-01 2.621427990332279023e-01
8.727000000000000000e+03 1.429244211185078939e-01 3.847252215792877905e-01 7.390446237513401684e-01
8.773000000000000000e+03 2.716688953747876667e-01 3.359280915573279458e-01 5.628416392839454829e-01
8.740000000000000000e+03 2.929835477112590070e-01 -6.766318393832122524e-01 -1.263909223521778813e+00
8.697000000000000000e+03 1.576317364213792871e-01 -1.718592580887587928e-01 -1.528526064126779715e+00
8.760000000000000000e+03 1.338369974643001115e-01 -6.691201567742481870e-01 -6.281260674118271936e-01
8.683000000000000000e+03 -1.989376008656051908e-01 -5.680666125543609724e-01 -5.299689979206050339e-01
8.656000000000000000e+03 -1.935244996876122059e-01 -4.237657316931020546e-01 -4.731814207617333068e-01
8.726000000000000000e+03 -6.316982108102848770e-01 1.910317373918886119e-01 -3.860492779451618617e-01
8.611000000000000000e+03 -8.135557533778978723e-01 -2.021016495456713358e+00 8.286883385413545966e-02
8.743000000000000000e+03 1.587943198349947238e+00 -1.838474764214410584e-01 -1.188239807038371509e-02
8.770000000000000000e+03 -7.661718924851896872e-01 9.478557806413476783e-01 -2.129012280304465321e-01
8.809000000000000000e+03 -1.163990451840831497e+00 7.384389469533516603e-01 -7.960088053154663612e-01
8.746000000000000000e+03 -9.047933163100339016e-01 8.265018056487676290e-01 -5.518236368069580067e-01
8.808000000000000000e+03 1.388817805216277179e+00 9.627580663297621300e-01 4.843719222094051702e-01
8.623000000000000000e+03 3.102779055794258056e-03 1.103071563644007824e+00 8.493866567682459845e-01
8.707000000000000000e+03 -1.310900067582707607e-01 1.298099230347517619e+00 9.067867854734572575e-01
8.708000000000000000e+03 9.835532312827410806e-02 -2.553394275291367421e-01 4.706577375839628985e-01
8.712000000000000000e+03 9.835532312827410806e-02 -2.553394275291367421e-01 4.706577375839628985e-01
8.723000000000000000e+03 2.274133808473806084e-01 -5.629738435676756581e-02 2.491664340071366723e-01
8.692000000000000000e+03 8.795911592159200154e-02 -1.067231774323786908e-01 3.429905797383838717e-01
8.655000000000000000e+03 2.882892213446552887e-02 -1.005874659376715385e-01 3.748039233680628968e-01
8.722000000000000000e+03 1.814765581919317583e-01 -2.704664350970134024e-01 2.417346492098744193e-01
8.661000000000000000e+03 3.969062741632711777e-01 -1.157106908574121462e-01 2.481257129224161417e-01
8.660000000000000000e+03 -8.405892860723440663e-02 -1.643296429665923597e-01 2.167356567300942061e-01
8.730000000000000000e+03 -5.558689388041671009e-02 -7.879198269817777600e-02 3.247198837157156959e-01
8.653000000000000000e+03 -1.036998370075110643e-01 -2.576655932273865801e-01 3.588873854681366993e-01
8.625000000000000000e+03 2.338947722645485783e-01 -2.943005144229715597e-01 2.210010842421468169e-01
8.664000000000000000e+03 3.931339453619386859e-02 -2.914868794122824625e-01 3.672708572007223893e-01
8.694000000000000000e+03 1.553019106659263571e-01 3.965816376646102981e-02 2.263894361332319249e-01
8.626000000000000000e+03 -2.139853895657068961e-01 -3.100121048577832994e-01 3.129127896197729797e-01
8.627000000000000000e+03 -2.057113796629721492e-01 4.125954647221874438e-02 3.413575901083731878e-01
8.772000000000000000e+03 -2.057113796629721492e-01 4.125954647221874438e-02 3.413575901083731878e-01
8.635000000000000000e+03 1.216218829197543982e-01 -2.562758026233780129e-02 -7.881882016495467269e-02
8.741000000000000000e+03 1.216218829197543982e-01 -2.562758026233780129e-02 -7.881882016495467269e-02
8.729000000000000000e+03 1.727903984036771590e-01 -2.832053223130515107e-02 -2.393563653507158051e-02
8.701000000000000000e+03 4.162842323479765128e-02 -5.712802765631153079e-02 9.108752984475643188e-02
8.737000000000000000e+03 2.420648596199725944e-03 -2.842832500218150926e-02 1.026947482612285967e-01
8.742000000000000000e+03 8.632116826146329913e-02 7.335495401306957319e-03 1.199644100807120140e-01
8.736000000000000000e+03 8.632116826146329913e-02 7.335495401306957319e-03 1.199644100807120140e-01
8.606000000000000000e+03 1.031839395068345766e-03 -1.398259084650206319e-01 1.164011171625389807e-01
8.662000000000000000e+03 1.031839395068345766e-03 -1.398259084650206319e-01 1.164011171625389807e-01
8.700000000000000000e+03 1.739294150514183457e-01 -4.809490239745173312e-02 1.213633032143235368e-01
8.797000000000000000e+03 1.739294150514183457e-01 -4.809490239745173312e-02 1.213633032143235368e-01
8.750000000000000000e+03 -3.308157242182119262e-02 -9.170395876989090311e-02 1.224589455888605016e-01
8.753000000000000000e+03 1.917470261882670002e-02 -3.720782867375049818e-02 1.633184568824930238e-01
8.720000000000000000e+03 1.917470261882670002e-02 -3.720782867375049818e-02 1.633184568824930238e-01
8.618000000000000000e+03 1.390264019433118392e-01 -2.658348740281297751e-01 -3.027700342991579419e-02
8.654000000000000000e+03 1.118452743052529286e-01 -2.999184809394961349e-02 2.025150249428264715e-01
8.696000000000000000e+03 1.118452743052529286e-01 -2.999184809394961349e-02 2.025150249428264715e-01
8.719000000000000000e+03 1.118452743052529286e-01 -2.999184809394961349e-02 2.025150249428264715e-01
8.751000000000000000e+03 3.284345933655430372e-01 -4.232593216823232751e-02 -1.236303266225036168e-02
8.811000000000000000e+03 2.931176997413871277e-01 -9.818180940752796459e-02 7.248763961894155727e-02
8.665000000000000000e+03 3.353090378172822739e-01 -2.688850874493766696e-01 2.044067021475513002e-01
8.612000000000000000e+03 8.864338675259375577e-02 -3.327430966189268702e-01 3.125347248983700865e-02
8.714000000000000000e+03 9.884593093424598464e-02 -4.438235478323591110e-01 4.932199093980216276e-02
8.641000000000000000e+03 1.773898193882104124e-01 2.031301058859398267e-01 -1.540976604722743559e-02
8.758000000000000000e+03 2.079428509259884095e-01 5.793850029584746153e-02 5.044070829625013630e-02
8.891000000000000000e+03 2.079428509259884095e-01 5.793850029584746153e-02 5.044070829625013630e-02
8.890000000000000000e+03 1.262541461254329533e-01 6.748140696900861712e-02 1.762179676100288361e-01
8.633000000000000000e+03 1.262541461254329533e-01 6.748140696900861712e-02 1.762179676100288361e-01
8.748000000000000000e+03 1.537528541324633125e-01 6.757829908672619013e-02 1.804850407120710543e-01
8.643000000000000000e+03 -1.326629674190797914e-01 -3.252479240265770954e-01 1.824447332434715463e-01
8.617000000000000000e+03 5.390299737547792347e-01 2.146890198857889231e-01 8.128818881061761203e-03
8.644000000000000000e+03 -6.987529249921919927e-02 -1.651417824902381426e-01 4.357813777028241020e-02
8.624000000000000000e+03 -1.344312344860583153e-01 -1.104335540673773153e-01 9.724472208704071363e-02
8.607000000000000000e+03 -2.131554931320920332e-01 -9.468291593573496812e-02 1.196801484913407876e-01
8.710000000000000000e+03 -1.823028010376930297e-01 -1.676760117825679686e-01 1.404496704286799513e-01
8.870000000000000000e+03 -2.303940113326916617e-01 -4.534689246635537074e-02 1.812015220343852206e-01
8.640000000000000000e+03 -1.724601857655159165e-01 1.144833254438282211e-02 5.192402847951882450e-02
8.711000000000000000e+03 -1.600889494600465923e-01 8.137627019658566496e-02 1.268818370116520100e-01
8.613000000000000000e+03 -5.040496192614796200e-02 1.530820914012949174e-01 1.903535461399172846e-01
8.780000000000000000e+03 1.886316273686929890e-01 -2.350642470519659355e-02 -3.821895869353539865e-01
8.608000000000000000e+03 9.848570410672152775e-02 -3.321826720495124619e-02 -9.692994255320286356e-02
8.747000000000000000e+03 3.975438762278287186e-01 -1.335066678528988859e-01 -3.375588836884730881e-01
8.681000000000000000e+03 4.207855492317520429e-01 -2.123731626279408147e-01 -1.866138277707278803e-01
8.709000000000000000e+03 2.554622797188699224e-01 -4.392687917920312657e-02 -3.499318967341338293e-01
8.659000000000000000e+03 1.410394020818728222e-02 -3.001715606544834714e-01 -3.202289576577328489e-01
8.769000000000000000e+03 -7.727992573478559279e-03 1.911096083116277100e-01 -2.348836398007705384e-01
8.602000000000000000e+03 1.507110086467662313e-01 7.331994313452128154e-02 -2.762762314123392571e-01
8.621000000000000000e+03 2.113505317743715750e-01 7.660846697739742694e-02 -9.378342539548611967e-02
8.744000000000000000e+03 4.229555150311767875e-01 -3.753829620589073102e-01 -1.423608128282438656e-01
8.649000000000000000e+03 -2.178864274045508864e-01 -5.425987862404468842e-01 -3.441925059849921809e-01
8.759000000000000000e+03 -1.410427846165731580e-01 -3.021627151546368850e-01 -3.599107839760335992e-01
8.812000000000000000e+03 -9.355640622854366484e-02 -3.379869709549225831e-01 -1.481933947742675173e-01
8.745000000000000000e+03 4.679717747666813921e-01 1.695546172810296071e-01 -2.354819023247642917e-01
8.690000000000000000e+03 -2.819867185001641019e-01 -7.667295398326245959e-02 -1.775500724496055227e-01
8.650000000000000000e+03 -9.534276898719440396e-02 -2.209774666157215961e-02 -1.402761073654801294e-01
8.761000000000000000e+03 -2.499035583031741226e-01 3.342126919530130635e-02 -2.833831353297568967e-01
