# star id 	 star_x_coords [pc] 	 star_y_coords [pc] 	 star_z_coords [pc] 
2.227500000000000000e+04 -1.711082951644208094e+00 -9.283966098239950782e-01 -6.715479672774637976e-02
2.227600000000000000e+04 -1.516119575365909355e+00 -1.040104462222084081e+00 7.824893046817544828e-01
6.206600000000000000e+04 1.056782289130847374e+00 1.106563938785701140e+00 -4.166569936497568349e-01
6.335900000000000000e+04 6.792282609642725788e-01 1.966806848729436119e+00 -8.726484892404959837e-01
6.219300000000000000e+04 -2.515579940290791683e+00 -9.817476183456079752e-01 1.277737810814557839e+00
6.221200000000000000e+04 -1.493648263960523082e-02 2.798779962393069809e-01 1.640160696899366499e-01
2.703200000000000000e+04 1.320058962234789135e-01 -1.789277040283454134e+00 2.212407039679842313e-01
6.102100000000000000e+04 1.559029733959658159e+00 1.749581574349956092e+00 -1.594506356911944422e+00
6.344700000000000000e+04 1.820781327303219399e+00 1.455967939804807543e+00 -1.329704428070502154e+00
1.497800000000000000e+04 1.879678536061753391e+00 1.713625394397548796e+00 8.717527075183184593e-02
3.153300000000000000e+04 -1.078190501201206075e+00 1.244577826003299137e-01 -1.541879621580424242e-01
6.338300000000000000e+04 -6.529300771217059207e-01 -1.225926528999051968e+00 -7.248729258323649560e-02
8.155000000000000000e+03 -1.064318622031937167e+00 -1.547826161860989203e+00 -6.142787296552061349e-01
6.339100000000000000e+04 -1.064318622031937167e+00 -1.547826161860989203e+00 -6.142787296552061349e-01
6.361300000000000000e+04 2.244455144134640534e-01 1.096248841996060541e+00 7.617952478334366617e-02
6.338400000000000000e+04 1.294148825324050733e+00 1.067336394413912259e+00 8.813164455712119150e-01
6.061500000000000000e+04 9.281691579970292594e-01 7.510109356008207726e-01 8.411772536345702989e-01
5.977700000000000000e+04 6.112457342232247015e-02 -2.144520030757610218e+00 1.046630036653691143e+00
