# star id 	 star_x_coords [pc] 	 star_y_coords [pc] 	 star_z_coords [pc] 
5.357100000000000000e+04 -8.534690914632108161e-01 -1.042342097333950335e-01 -5.042532520745464097e-01
5.361800000000000000e+04 -1.008164565047442451e+00 4.373152012281167345e-01 4.305019062450696765e-01
5.365400000000000000e+04 1.291309607805121606e+00 -1.605689228258494694e+00 1.105894178362651914e+00
5.357400000000000000e+04 6.509688847418932944e-01 -3.884150263815193682e-01 2.931177097645090157e-01
6.553700000000000000e+04 -2.148285150933335608e-01 3.633039404242310866e-01 -3.593686177514587854e-01
5.357000000000000000e+04 6.557546104424680777e-01 8.281038367262674171e-01 -1.667746164368519857e-01
1.544200000000000000e+04 6.557546104424680777e-01 8.281038367262674171e-01 -1.667746164368519857e-01
5.361900000000000000e+04 -1.020262167563235067e-01 5.951754248375635825e-01 2.652629954674043944e-01
5.356100000000000000e+04 5.575436995151430430e-01 -1.081610109057031366e+00 3.036454312028524782e-01
5.319400000000000000e+04 -1.622685702468129598e-01 9.222644516809879178e-01 1.152457107304734052e-01
5.357500000000000000e+04 -5.144974883994049009e-01 -3.799939152890630112e-02 -9.016120844523154432e-01
5.357300000000000000e+04 -1.143051349297789621e+00 -8.385247871722611990e-01 -5.615101082932927312e-01
