# star id 	 star_x_coords [pc] 	 star_y_coords [pc] 	 star_z_coords [pc] 
2.326800000000000000e+04 5.034087747317173012e+00 -2.668279792655813054e+00 -6.053340846593897595e-01
2.311800000000000000e+04 4.130457165918663520e+00 -2.004379323080806685e+00 -5.876000793018931745e-02
2.326100000000000000e+04 5.515554222454785105e+00 -2.301677047629965500e+00 6.340476879461931503e-03
9.770000000000000000e+03 4.126356492735347103e+00 -7.594655119573374691e-01 -9.849812095955101654e-02
1.833600000000000000e+04 3.994843304749775115e+00 -7.259896512005195035e-01 -1.344916790707491927e+00
2.320400000000000000e+04 -1.603450487542339431e+00 -4.176793167049023481e+00 -5.571947191235777197e+00
2.427900000000000000e+04 -1.754737466448460737e+00 -3.286740766606195407e+00 -4.796312384731567846e+00
1.808000000000000000e+04 -3.443842478479155034e+00 -6.369690370814108604e+00 -4.539303203623367367e+00
2.428400000000000000e+04 -6.585121020408024606e-01 -3.413884448061859089e+00 -4.550206933536331988e+00
2.325200000000000000e+04 -2.862319692061319643e+00 -4.229741584239423702e+00 -4.187039677748213506e+00
1.806200000000000000e+04 -4.189667998192746268e+00 2.071941683506743459e+00 5.954949718541442394e-01
2.335400000000000000e+04 -1.181775048263325800e+00 4.756549185626408160e+00 1.095966968196414371e+00
1.794600000000000000e+04 -1.184561796091298191e+00 2.823544436665397228e+00 1.223313442081320090e+00
2.325400000000000000e+04 -5.932319721475209917e-01 3.855574126064905016e+00 1.252037835555455558e+00
2.426800000000000000e+04 -3.561706830800268619e+00 3.042686855135707802e+00 2.889453008552823832e+00
2.325700000000000000e+04 -3.596865422499050169e+00 4.106253070097784175e+00 3.009049267592114774e+00
2.326500000000000000e+04 -3.596865422499050169e+00 4.106253070097784175e+00 3.009049267592114774e+00
1.912800000000000000e+04 -3.513939783977896525e+00 1.773702886704027648e+00 1.678916561824557618e+00
1.814700000000000000e+04 -3.209399251599826641e+00 2.330605389064606570e+00 3.359380572829415712e+00
1.813200000000000000e+04 -2.670483811718035838e+00 3.040568346177714432e+00 3.524212818440254580e+00
1.996400000000000000e+04 -4.122087068585493341e+00 3.521354300927221459e+00 1.319499509361559575e+00
2.322900000000000000e+04 -1.123972575304460264e+00 4.965597490968455041e+00 4.559172422421944759e+00
9.214000000000000000e+03 -2.948934728943704897e+00 1.236303522167645497e+00 2.678179641585927584e+00
1.770700000000000000e+04 1.082818675344217496e+00 1.493755331009031906e+00 -5.138160445594769143e+00
9.174000000000000000e+03 9.234759337619671271e-01 2.051062924158243206e+00 -3.945551098130048118e+00
1.757700000000000000e+04 -1.542051023805193211e-01 1.209379691091095665e+00 -3.749308448300997298e+00
2.327400000000000000e+04 -3.727542759507329606e-02 -3.892883000525586112e+00 -4.876569592048062063e+00
2.438800000000000000e+04 -5.795081661581491517e-02 -4.096568581943202503e+00 -4.452237123005138741e+00
2.427500000000000000e+04 2.782618963874128326e-01 -3.938539426197827709e+00 -4.034752766993785045e+00
1.809200000000000000e+04 -7.831189760161898050e+00 3.447088081752582411e+00 1.403179245608001224e+00
2.336600000000000000e+04 -5.544944472086996257e+00 2.294369705555711292e+00 2.158204785859226149e+00
1.959600000000000000e+04 -4.811496398436901245e+00 2.814313290469002027e+00 1.186622820389096944e+00
2.324400000000000000e+04 -4.667483154945394119e+00 3.350667434904439190e+00 1.939229281395370208e+00
1.960400000000000000e+04 -7.071463194489119530e+00 2.533990883631981106e+00 1.435320473844690525e+00
2.087600000000000000e+04 -6.588620690553412373e+00 2.953243881122585179e+00 2.780198559294401406e+00
2.035400000000000000e+04 -7.003547025876684984e+00 2.834486368712052951e+00 2.833240025317579125e+00
2.324700000000000000e+04 -7.541736861867406105e+00 1.883562122217952606e+00 1.665886166349984876e+00
1.760500000000000000e+04 -5.978765585503779789e+00 3.042816671123526717e+00 3.298461511949831504e+00
2.324900000000000000e+04 -6.185262572247424373e+00 1.682324825804982993e+00 2.047203954229473766e+00
2.071000000000000000e+04 3.534782395513843767e+00 1.729505996042270510e+00 1.186402451635100164e+00
1.959700000000000000e+04 9.369728951708822251e-02 2.714670306947740031e+00 1.307387805122495195e+00
2.439100000000000000e+04 3.601767436326696270e+00 1.736212796441622075e+00 1.905412826737162391e+00
1.999800000000000000e+04 2.826046880018630247e+00 1.722168916570065988e+00 2.385830076049348492e+00
1.780400000000000000e+04 2.628909987004089288e+00 2.159625892244706691e+00 2.928997695955683156e+00
2.416800000000000000e+04 2.152002672969217656e+00 2.231915697247192298e+00 2.978018532562458631e+00
2.311500000000000000e+04 2.085446309711084467e+00 2.144941690427998537e+00 3.188704243254218085e+00
1.966300000000000000e+04 1.458487383782742342e+00 3.201506136387614276e+00 3.362330046197811839e+00
2.417300000000000000e+04 2.426578288037337217e+00 1.487718158216539521e+00 1.489912009345644606e+00
2.417500000000000000e+04 1.406710337464222249e+00 2.938802819536526556e+00 3.793666134161391312e+00
2.324300000000000000e+04 1.117134944713512823e+00 1.583320439188193873e+00 3.287694937607888335e+00
2.427700000000000000e+04 1.818325580100726313e+00 1.463598436651759371e+00 4.209888595466704686e+00
1.922500000000000000e+04 1.868169497266560342e+00 2.664399249827948069e+00 4.307026630749135165e+00
1.961400000000000000e+04 9.506822850080141052e-01 3.714655045954405210e+00 4.591322262508793273e+00
1.959800000000000000e+04 1.126077188139351648e+00 2.625861320251456021e+00 4.640551195253600270e+00
2.322800000000000000e+04 3.885717808464271172e+00 2.426222309183376780e-01 3.213913085919390511e+00
1.773400000000000000e+04 6.005179988673983615e+00 -2.005931303308200242e+00 8.837739065228120694e-01
2.335000000000000000e+04 6.851958729544612936e+00 -1.553220383901248169e+00 1.392589469142354375e+00
1.810500000000000000e+04 6.851958729544612936e+00 -1.553220383901248169e+00 1.392589469142354375e+00
1.773000000000000000e+04 7.901651580554226229e+00 -8.208336998479381919e-02 2.158307886713746626e+00
1.775700000000000000e+04 7.314790120879468560e+00 4.469501486419691361e-01 2.828944125798727782e+00
1.814300000000000000e+04 5.217676672810721783e+00 -1.455730520192169308e+00 3.537733988235682858e+00
1.777100000000000000e+04 4.863559981924932885e+00 -3.184803735865795460e-01 3.551706073427489230e+00
1.961300000000000000e+04 5.778320329945881184e+00 -4.874179454900353647e-01 3.756634522916243668e+00
1.854500000000000000e+04 7.592596169134750994e+00 9.828572671828759155e-01 3.790252220790840454e+00
2.323600000000000000e+04 6.509102910103948147e+00 5.685065081516125218e-01 3.855256694821427743e+00
1.775900000000000000e+04 6.509102910103948147e+00 5.685065081516125218e-01 3.855256694821427743e+00
1.808400000000000000e+04 6.509102910103948147e+00 5.685065081516125218e-01 3.855256694821427743e+00
2.095000000000000000e+04 3.927710992545346613e+00 9.360045529998206604e-01 1.624466174018589726e+00
1.831400000000000000e+04 5.301209132967230175e+00 -1.908520402742789557e+00 4.699864083762708589e+00
1.785300000000000000e+04 5.292093948525689484e+00 -3.112961635340635524e+00 8.969108722212766338e-01
2.005900000000000000e+04 -4.164064323936109702e-01 9.683770949482948254e-01 -3.735229844814563549e+00
2.470400000000000000e+04 1.094999651737232682e+00 -2.287622251238071058e+00 -4.839925008615407975e+00
2.384900000000000000e+04 1.495124436977608440e+00 -2.838568133479858702e+00 -4.585166192283951503e+00
2.325100000000000000e+04 -1.788434201404104584e+00 1.438473785665253857e+00 -2.761479404049003605e+00
1.765600000000000000e+04 -4.977894970552618759e-01 1.511384815255279790e+00 -1.636268174411947385e+00
2.324600000000000000e+04 -1.682659390901481089e+00 2.268364030348690719e+00 -5.027315487942303207e-01
2.426500000000000000e+04 -1.148901181698608553e+00 1.406046346572122019e+00 -3.677354672617632048e+00
1.959500000000000000e+04 -2.220398424751078181e+00 1.208675691010093090e+00 -4.528486149471113720e-01
1.768700000000000000e+04 -4.393640873810156222e+00 -4.008643159550270951e+00 -3.696823066055248574e+00
2.427600000000000000e+04 -3.228404327449233335e+00 -4.798385844539630796e+00 -2.931564937359594225e+00
1.811500000000000000e+04 -3.341338735812463767e+00 -3.142560558168103313e+00 -3.079451021066983429e+00
2.418600000000000000e+04 -3.594242176924907994e+00 -3.696845184440402221e+00 -3.142313196354795224e+00
1.761600000000000000e+04 -1.895129101028558694e+00 -3.244935426250343369e+00 -1.688338456132580490e+00
2.421800000000000000e+04 -1.208715570147045781e+00 -3.225424019061838621e+00 -1.084008531999330671e+00
2.421700000000000000e+04 -2.379507432223295638e+00 -6.370040426969172387e+00 -7.781481597700725672e-01
2.421600000000000000e+04 -2.039625833165235491e+00 -4.741738162922473521e+00 -4.319214904134689448e-01
1.255400000000000000e+04 -1.626765910373578095e+00 -4.149528782130797566e+00 -3.547909368872375069e-01
2.426000000000000000e+04 -2.545515435492376355e+00 -5.412882023912398921e+00 1.030061241300117558e-02
2.417200000000000000e+04 4.098559793300051268e+00 1.541660896174676054e+00 6.654580872033214689e+00
2.417000000000000000e+04 -1.071236025305758233e+00 4.502079849469462047e+00 5.879729139041540265e+00
2.421200000000000000e+04 -4.677155117038239496e+00 1.832137651118351585e+00 -4.970684449901412449e-01
2.330000000000000000e+04 -4.992149768593826309e+00 1.632487078330228769e+00 -1.376342843932933491e+00
2.329800000000000000e+04 -3.948557044175906583e-01 1.571216355939485609e+00 -1.856965066208868365e+00
2.329700000000000000e+04 -1.776839070391567077e-01 2.400899459736058006e+00 -3.309791196402720459e+00
2.323200000000000000e+04 2.855649258862232642e+00 1.998602065136307004e+00 -1.019261482950675202e+00
1.254200000000000000e+04 1.343108656821474511e+00 2.215932053146758562e+00 2.359261391707789812e-02
2.432500000000000000e+04 3.178350775456024735e+00 1.257420385102790306e+00 8.580005293257642052e-02
2.433000000000000000e+04 8.228706827343401642e-02 2.871200774007006018e+00 1.493328214642701823e-01
2.436800000000000000e+04 1.733341032826547945e+00 2.929669595363375123e+00 3.784010757895757138e-01
2.003200000000000000e+04 9.242777789614464723e-01 3.292455749951669119e+00 5.144472648931390779e-01
2.007600000000000000e+04 -2.088817813493548670e-01 1.145497752663768409e+00 5.249222104254656074e-01
2.426400000000000000e+04 4.255725511829879792e-01 -4.062055413374242363e+00 -2.817370445879776142e+00
1.833700000000000000e+04 5.719518264456944223e-01 -3.402404527113317201e+00 -1.677379981895363414e+00
1.760000000000000000e+04 5.719518264456944223e-01 -3.402404527113317201e+00 -1.677379981895363414e+00
1.762000000000000000e+04 6.082790300887630508e-01 -4.120785594467033519e+00 2.400197211745300763e-01
1.782300000000000000e+04 2.672656688537319525e+00 3.200063457121531840e+00 4.852048718101499958e+00
9.573000000000000000e+03 -1.349171967642988079e-01 4.498947430047245177e+00 5.081060482042886406e+00
2.437600000000000000e+04 2.381375309683996022e+00 2.762061541442147217e+00 5.444305916595507000e+00
2.324500000000000000e+04 1.108336450886046265e+00 1.242450422730538406e+00 5.362701663192062540e+00
1.821200000000000000e+04 3.595683436444392811e+00 2.362213960298367610e+00 6.171492071804042467e+00
1.809100000000000000e+04 -3.346432050964608607e+00 1.117737931660508721e+00 -1.860527171602651464e+00
1.781000000000000000e+04 -2.699215426574482990e+00 -1.713286126482051586e+00 -1.946089872344007432e+00
2.328000000000000000e+04 -2.815931063772296739e+00 -8.896376900146414357e-01 -1.499991863002275494e+00
2.322100000000000000e+04 -3.965120798287415482e+00 -1.344986170410013671e+00 -2.274292308749503277e+00
1.774900000000000000e+04 -4.116992187348067489e-01 -9.000855816370432194e-01 -1.257201285686051051e+00
1.785000000000000000e+04 -1.376211329508556958e+00 8.505513601949825642e-01 -1.072205643177870371e+00
1.810700000000000000e+04 -1.185540057363343891e+00 -1.227194878565853742e-01 -1.067958980761225973e+00
2.436500000000000000e+04 -4.259852463993048843e+00 -1.916815120852337628e-01 -2.827421090505172430e+00
1.809400000000000000e+04 -4.190429884071164679e+00 1.006134824431505592e+00 -3.506331860857114791e+00
1.785800000000000000e+04 -4.387456681853940665e+00 5.654237805835808928e-01 -2.367465804154992526e+00
1.784100000000000000e+04 -2.923791166308525646e+00 -1.811164238835882401e+00 -4.248856246565289041e-01
1.763800000000000000e+04 -1.723908183825763274e+00 -3.018138368991358789e+00 -5.416017898018523624e-01
1.811800000000000000e+04 -3.639909386574224470e+00 9.039756114098178585e-01 -1.140306144982297099e-01
1.785200000000000000e+04 -7.947734358144415978e-01 -1.024759632193333658e+00 -6.916050668109008370e-02
1.783600000000000000e+04 -2.577480318379212321e+00 -4.666835630948682478e-01 7.870202784710400579e-02
2.001900000000000000e+04 -3.355315417980506254e+00 9.642131511906271157e-02 1.706035334977116236e-01
1.777400000000000000e+04 -4.184884852775780928e-01 4.827261389779682332e-01 -2.872158066032808321e+00
2.002800000000000000e+04 -4.184884852775780928e-01 4.827261389779682332e-01 -2.872158066032808321e+00
1.758800000000000000e+04 -4.413784716819861842e-01 6.758228843441731470e-01 4.775087952115981693e-01
2.322300000000000000e+04 -4.627349470503268947e+00 -5.053043418549219012e-01 -2.685108536825957515e+00
1.831200000000000000e+04 -4.744715112970204984e+00 -3.001994078993869053e+00 -1.936737612020678512e+00
1.783900000000000000e+04 -4.862292283110363655e+00 -2.359649019683484283e+00 -1.781672753964762990e+00
1.855100000000000000e+04 -5.577737161343158334e+00 -1.153423492148080598e+00 -3.398446989793121986e+00
1.908700000000000000e+04 -5.128671983118252342e+00 -2.202871017901024686e-01 -2.101745549909059818e+00
2.426600000000000000e+04 -5.314079767419933376e+00 7.664059890787591200e-01 -1.919770039187284283e+00
2.416900000000000000e+04 -4.860831631373429218e+00 8.185829307867269478e-01 -1.642457341191613907e+00
1.772200000000000000e+04 -5.743724006651994785e+00 -2.740456805279070096e-01 -9.594939688229509045e-01
2.323500000000000000e+04 -4.667675567951256710e+00 1.028295154978588144e+00 -7.356903425594367718e-01
2.426200000000000000e+04 -5.503836674779137184e+00 -1.008449824592016597e+00 -5.714199062982672217e-01
2.070400000000000000e+04 -5.480834745203033265e+00 -1.610732282709115282e+00 -9.199510487460287322e-01
2.036700000000000000e+04 -4.819290312499681761e+00 -1.346271899906199110e+00 1.380392024363885639e-01
2.071600000000000000e+04 2.060404706028258204e-01 -4.715077884687826071e-01 -2.813315908879781446e+00
1.995400000000000000e+04 -2.179997135907889572e-01 -8.702614618704753724e-01 -3.637021020203638599e+00
1.995500000000000000e+04 1.931981658836953386e+00 -1.098724134186134904e+00 -3.646597472016610553e+00
1.954800000000000000e+04 5.841201479244553241e-01 -3.106954202891554218e-01 -2.140534898971793609e+00
1.833500000000000000e+04 1.017769023596141409e+00 -2.176553842326619304e+00 -3.073498620324498276e+00
2.436100000000000000e+04 -1.552116203431452846e-01 1.628141486750340761e-01 -2.861184779096790365e+00
1.952300000000000000e+04 7.341051355618510854e-01 -8.898847788475823251e-01 -3.053836696165445730e+00
2.321600000000000000e+04 -4.054863145941816072e-01 -6.187599545929156619e-01 -2.427795724571632618e+00
2.436600000000000000e+04 1.540424714697596897e+00 -1.435675838939154403e+00 -2.572817148998609582e+00
2.426900000000000000e+04 -3.175543248803798235e-01 1.914430162905169652e-01 -2.099394134989145400e+00
2.419400000000000000e+04 3.017099688827634907e+00 -1.139289978658315050e+00 -1.524293799654671488e+00
2.319400000000000000e+04 2.160497731745348204e+00 8.361613834037857629e-01 -1.769226190298700985e+00
1.812300000000000000e+04 3.049480150236089315e+00 -2.413155571322231907e-01 -1.221690953593089546e+00
2.000400000000000000e+04 3.696812696815918287e+00 -4.656012049155737742e-01 -1.592174432082892110e+00
2.325800000000000000e+04 1.248997088742669348e-01 8.175392749930292524e-01 -9.193721111469699281e-01
1.811900000000000000e+04 3.828255894292723838e+00 4.353958546020955112e-01 -1.348285916819161656e+00
2.417100000000000000e+04 1.681181846475652719e+00 -7.584245317571252087e-01 -1.310046502861766271e+00
1.815100000000000000e+04 3.435746484866658790e+00 -1.740717354890879420e-01 -1.351854228996357321e+00
2.425800000000000000e+04 1.816702729287190010e+00 -1.037127119707760059e+00 -7.889318710162847026e-01
2.000100000000000000e+04 3.437121860345165203e+00 -9.247146147860920706e-01 -6.352023628461829219e-01
2.030900000000000000e+04 3.457526951861368048e+00 1.011763067131809635e+00 -5.481368732324298776e-01
2.321500000000000000e+04 2.721412799896821610e+00 7.071438945606374205e-01 -5.015737685524825906e-01
1.813900000000000000e+04 1.722109540509109138e-02 1.003359218397960717e+00 -2.906221390431921847e+00
1.780700000000000000e+04 1.311210161047075218e+00 8.315172338791114726e-01 -3.684292635524357706e-01
1.758400000000000000e+04 -1.792060531627654996e-01 -2.649925914964899931e+00 -9.105487155066320781e-01
2.427000000000000000e+04 2.822629440156518399e+00 -1.562858405521968308e+00 -8.192816307908756812e-02
1.758500000000000000e+04 -2.627897934670748725e-01 -2.688574859127967898e-01 -1.384258288793168035e+00
1.806900000000000000e+04 9.690343219301702504e-01 -3.030490376886868731e+00 -5.883839936889430078e-01
1.815200000000000000e+04 1.175332263311865688e+00 -3.043149762006667203e+00 -3.372415123196516262e+00
1.776800000000000000e+04 1.911149541363890592e+00 -3.682541587033561825e+00 5.942895660483351605e-01
2.367900000000000000e+04 2.110967888205983911e+00 -3.142277286507978218e+00 1.123429764197723557e+00
2.422000000000000000e+04 -8.680230948959994919e-01 7.590190409455885856e-01 2.408229475820093057e+00
9.535000000000000000e+03 -9.142636592539723495e-01 3.719592622812619709e-01 2.911491633226649611e+00
1.774000000000000000e+04 -4.998798939827615584e-01 8.469983048354343680e-01 2.985232077262200079e+00
1.774500000000000000e+04 3.528531512535359127e+00 2.817890859448777263e-01 6.051628315351642584e-01
1.781600000000000000e+04 3.688210379876792899e+00 7.463412325594767083e-01 6.128546449999561219e-01
1.816600000000000000e+04 2.075124252338397923e+00 -1.780805846077162968e+00 1.637489333026639571e+00
1.784900000000000000e+04 3.251665460608748504e+00 6.703322089397687478e-01 1.024984840964297206e+00
1.820800000000000000e+04 3.193033177105313314e-01 9.383729777209506295e-01 1.474173362565235124e+00
2.417900000000000000e+04 1.261329883010866126e+00 4.640655240291202688e-01 2.026688843644429028e+00
1.774800000000000000e+04 2.610490226161882532e+00 8.879182851245417396e-01 2.190623871017539415e+00
1.765900000000000000e+04 2.102363255221700200e+00 -6.513853945279510782e-01 2.425114524151467776e+00
1.817600000000000000e+04 2.953778968745496059e+00 1.089261554574871838e+00 3.057926200296417818e+00
2.382100000000000000e+04 2.896924624485265554e+00 4.423280809238701039e-01 3.106501636641898045e+00
2.324800000000000000e+04 2.822255035606158202e+00 7.011614920570305998e-01 3.133960663815081205e+00
1.773200000000000000e+04 4.316190212919188696e-01 8.326198466967511536e-01 3.347907794380159174e+00
2.324200000000000000e+04 4.762981136386226666e+00 2.216049988213629973e+00 -1.133637181233559943e-01
2.418100000000000000e+04 3.867991194734251792e+00 2.699736583288451897e+00 -4.333907980167985841e-01
2.421300000000000000e+04 -2.039480932715466821e+00 -5.317060337845511242e+00 -5.696471087337235062e+00
2.427800000000000000e+04 -1.143186898885133473e+00 -5.701556056942969519e+00 -4.949591073450791967e+00
2.428000000000000000e+04 -1.412251298546841838e+00 -5.416960520332771978e+00 -4.398400260407891338e+00
2.326700000000000000e+04 -2.474153678142290147e+00 -5.504796057868770021e+00 -4.182838634200512828e+00
