# star id 	 star_x_coords [pc] 	 star_y_coords [pc] 	 star_z_coords [pc] 
1.637400000000000000e+04 1.370754929171830838e+00 1.481669050558632961e+00 1.414198676717539627e+00
1.754800000000000000e+04 -7.197844798111816544e-01 -5.834372319282543629e-01 -2.115982984840607983e+00
1.752400000000000000e+04 -5.105739433219866896e-01 -5.441296417231562543e-01 -4.501301458364324048e-01
1.659900000000000000e+04 -1.243582834388483604e+00 2.557346773504498572e-01 1.384292744918695917e-01
1.101200000000000000e+04 -1.021186540974952095e-01 7.972606679718552414e-02 5.280154291545269274e-01
1.907300000000000000e+04 4.302854659209032206e-02 -1.275739948445711036e-01 -1.754053605655633064e+00
1.738300000000000000e+04 1.645965970244134269e-01 -1.518174909104814674e+00 1.021040585281323132e-01
1.752700000000000000e+04 6.336789971523089093e-01 7.638145451840188116e-01 9.913057439051922159e-01
1.688200000000000000e+04 -6.065564925302169286e-02 -1.344980731616729486e-02 -5.723594197566672648e-01
1.751700000000000000e+04 4.246564965901811206e-01 2.058212444505898020e-01 1.718472976232648719e+00
