# star id 	 star_x_coords [pc] 	 star_y_coords [pc] 	 star_z_coords [pc] 
3.838000000000000000e+04 -7.341547523104141604e-01 9.181204903252293548e-02 -6.700058108351738539e-01
3.443800000000000000e+04 -5.285866322846901610e-01 1.443759235442916733e+00 -4.464855839425414530e-01
2.861100000000000000e+04 -1.755082424105518957e+00 3.935367921107921774e-01 -6.496346519286717580e-01
2.861000000000000000e+04 1.004203198150364074e-01 -6.431010346218766216e-01 7.040592508631728919e-01
3.483000000000000000e+04 1.004203198150364074e-01 -6.431010346218766216e-01 7.040592508631728919e-01
1.998000000000000000e+03 1.252011464468978374e-01 -1.275741423837120081e+00 1.468835380484376785e+00
2.870600000000000000e+04 1.249184993429291346e+00 6.462176876707079742e-01 -5.445101807050347631e-01
1.513600000000000000e+04 1.377479140055830165e+00 -1.933318552157814452e-02 -1.790290154118432397e-01
2.377600000000000000e+04 6.511788719139577353e-02 5.950910884617854890e-03 -3.872886423437975623e-01
