# star id 	 star_x_coords [pc] 	 star_y_coords [pc] 	 star_z_coords [pc] 
2.213600000000000000e+04 -9.832506744268840748e-01 8.597083771865676738e-01 -1.681173486821641916e+00
2.214100000000000000e+04 -6.034523004391658674e-01 -5.483817735345297706e-02 1.044261001090649899e+00
2.177700000000000000e+04 -1.141820027161024598e+00 -8.127563375975199733e-01 2.297124819032221765e+00
2.217400000000000000e+04 7.839855291198709608e-01 -1.157446141257111094e+00 1.094631981070653737e+00
2.210100000000000000e+04 8.030816964154325888e-01 2.980734506568225584e-01 -5.363405361436281993e-01
2.213400000000000000e+04 2.874025596956997219e-01 1.285203523039839979e+00 -6.031439596085146349e-01
2.175700000000000000e+04 -2.515204571354701102e-02 1.272450230415277161e+00 5.953212072886771011e-01
2.217100000000000000e+04 2.046887757634788585e+00 9.299318063667207923e-01 -8.167929000576030774e-01
2.170300000000000000e+04 -1.153775091674447140e-01 -1.158187927013184293e+00 -3.760707926929214295e-01
2.182200000000000000e+04 -1.969108980364424610e-01 -4.652038603651753590e-01 1.199865060991051280e+00
2.214000000000000000e+04 -2.543145591809228279e-01 -8.041669536781625993e-02 -1.275057107000883150e-01
2.155100000000000000e+04 -2.962890487990641475e-01 1.181875567331484689e+00 -1.524993573049812312e+00
2.219000000000000000e+04 -3.151074132882918377e-01 -2.104868822438458409e+00 -5.275590107457492905e-01
