# star id 	 star_x_coords [pc] 	 star_y_coords [pc] 	 star_z_coords [pc] 
1.428100000000000000e+04 -1.998083180802900927e-01 1.606324297382997202e+00 1.082677788442651945e-01
1.428500000000000000e+04 2.153171962280016061e+00 3.323831030421331434e-03 -3.158213525255639809e-01
1.426800000000000000e+04 9.315257085380785895e-01 -4.241368757090810959e-01 5.659342556446667061e-01
1.424600000000000000e+04 9.109117893514735442e-01 3.211392758527225055e-01 8.819362598746955939e-01
1.423500000000000000e+04 6.128106122166592229e-01 -8.636246800251967670e-01 -2.337707705380829282e-01
1.433400000000000000e+04 8.482165665117769038e-01 -3.471152126927847803e-01 -1.817809659246236720e-01
1.431600000000000000e+04 7.750569031182124036e-01 6.597591710079484528e-01 -5.049345599623009662e-01
1.433200000000000000e+04 -9.948647852322665130e-01 -2.045955352347590406e-01 -7.777749987499795736e-01
1.430600000000000000e+04 2.997848128683919811e-01 1.648209885004092712e-01 8.776346885867170045e-02
1.430000000000000000e+04 4.083276734164442701e-01 1.478175859018833194e-01 5.221567595991949418e-01
1.424300000000000000e+04 -7.912733156329281314e-01 1.849074054840258441e-01 -1.374476924572576308e-02
1.432100000000000000e+04 -3.940928017795286564e-01 -6.601177572539427274e-01 4.619644914219733778e-01
1.430900000000000000e+04 -3.039689200066071351e-01 1.280768695094920417e-01 1.551035494694872341e-01
1.425600000000000000e+04 -1.503917466565383165e-01 1.521639534334298105e-01 -2.155818427883815502e-02
1.425500000000000000e+04 -2.455664777971549029e-01 1.698949965935909745e-01 -3.199016912669350177e-02
1.432600000000000000e+04 -3.397842784639202307e-01 3.914308582848420315e-01 2.284785496930332727e-01
1.432000000000000000e+04 -3.397842784639202307e-01 3.914308582848420315e-01 2.284785496930332727e-01
1.422700000000000000e+04 9.315354402765763098e-03 2.278046353985985206e-02 -1.670889135984054974e-02
1.423600000000000000e+04 3.802114930355777744e-01 9.921201553303404808e-02 1.274186975949014311e-01
1.431900000000000000e+04 3.275749118013564498e-01 -3.844044464968945363e-01 1.840310385124226400e-01
1.427900000000000000e+04 3.512872406919811397e-01 -3.310246606181053153e-01 3.178887557974086064e-01
1.432200000000000000e+04 3.595055507601330191e-02 -5.843095585129987057e-02 4.842803976999476845e-02
1.434100000000000000e+04 1.474662447008583399e-01 -3.770966312740142712e-02 3.040224306247907293e-02
1.424500000000000000e+04 1.529331272544851572e-01 -1.003089621355925942e-01 1.115675578605390683e-01
1.423400000000000000e+04 3.496485257074866126e-02 -1.612381053886764448e-01 2.905980364014126849e-02
1.431800000000000000e+04 1.687392933507751991e-01 -1.948240386235227106e-01 3.396207960769181966e-01
1.430700000000000000e+04 -7.887352050404103920e-01 -1.466429742858821328e-01 -1.725427099865939340e-02
1.426900000000000000e+04 -5.161596834685866497e-02 -3.219674441287523337e-01 -3.621647980612152651e-03
1.432700000000000000e+04 -2.515472774453009208e-01 -3.514027159703232428e-01 1.452476847677814931e-01
1.436800000000000000e+04 5.601026442185741416e-04 5.363864216235469939e-02 -1.208153648919463308e-02
1.477900000000000000e+04 -8.302687453507928694e-02 7.973435453138222329e-03 -9.171121978788221440e-04
1.429600000000000000e+04 -8.302687453507928694e-02 7.973435453138222329e-03 -9.171121978788221440e-04
1.429200000000000000e+04 -1.229358988714643885e-01 -7.461717296851588799e-02 6.883093311966348438e-03
1.433600000000000000e+04 -1.198844058224857179e-01 2.069339700092598378e-03 2.705969457623425001e-02
1.424800000000000000e+04 -1.198844058224857179e-01 2.069339700092598378e-03 2.705969457623425001e-02
1.434500000000000000e+04 -1.999311596388899659e-01 6.739375503797617739e-02 1.153047146408177070e-01
1.431300000000000000e+04 -1.655806094658309746e-01 7.681231362819573860e-02 1.210871997888745000e-01
1.429500000000000000e+04 -3.981501164592060604e-02 -3.716928997899771048e-02 1.207483122240375906e-01
1.429800000000000000e+04 -1.694074442347570653e-01 -2.162893740378066809e-01 2.269479785652990245e-01
1.427600000000000000e+04 -4.851133490048269437e-01 -1.487818042099249283e-01 2.076355975459343028e-01
1.427700000000000000e+04 -4.851133490048269437e-01 -1.487818042099249283e-01 2.076355975459343028e-01
1.423700000000000000e+04 -2.002274289127008444e-01 7.236966610224015994e-02 2.124120313969974916e-01
1.434300000000000000e+04 -2.450639447925659908e-01 -2.313273124062220631e-02 2.249018953526231712e-01
1.434400000000000000e+04 -2.297153433120584509e-01 5.721101572380149491e-02 3.898936959943810621e-01
1.422000000000000000e+04 2.896402197411873658e-02 4.204797135792972540e-01 -4.116977230231029239e-01
1.425100000000000000e+04 3.894883418426076105e-02 4.424916275654595665e-01 -2.314015530796496023e-01
1.428300000000000000e+04 3.277067729166134313e-01 1.138163037233397290e-01 -3.156900402213906887e-01
1.422200000000000000e+04 1.342524962981137548e-01 1.516482673352186339e-01 -2.900515505581360287e-01
1.432800000000000000e+04 1.215333838995000804e-01 2.973684635425684064e-01 -8.685031503688023236e-02
1.434800000000000000e+04 5.413523036199663352e-02 1.546451981686942645e-01 -6.542694726671527405e-02
1.434900000000000000e+04 -4.993742609802751531e-01 -6.272348507578513477e-01 -5.667485257917128649e-01
1.435000000000000000e+04 -2.450669468495725312e-01 -4.815861687556903803e-01 -1.394284761052624333e-01
1.428700000000000000e+04 1.343033598893583758e-02 7.006848310849989048e-02 -2.526964397389406258e-01
1.434700000000000000e+04 2.524977943353761134e-01 -4.170750379047731826e-01 -1.571001269349387996e-01
1.428200000000000000e+04 1.661010910070750413e-01 -4.786419890599802329e-02 -1.833785224506137013e-01
1.428800000000000000e+04 1.681971882060295798e-01 -8.850493461222441738e-02 -1.733341832662382842e-01
1.432900000000000000e+04 1.609343915823160387e-01 1.001745543260099680e-01 -1.364637046565597700e-01
1.431000000000000000e+04 -4.186047457978787634e-01 -4.349121233077113402e-02 -2.510353426475511185e-01
1.427500000000000000e+04 -5.470712461081461697e-02 -6.746948126811247448e-02 -1.836785121439135082e-01
1.422300000000000000e+04 -1.646550068925272114e-01 -1.401308821999762699e-01 -1.653945739663420511e-01
7.749000000000000000e+03 -1.309251337117274261e-01 -7.097186684936929169e-02 -1.260225921171027608e-01
1.422500000000000000e+04 -1.535259689741721445e-01 -1.141609812434225546e-01 -7.938621760387576387e-02
1.422100000000000000e+04 -1.632043102184361771e-01 1.997273738065103998e-01 -2.504735348961055763e-01
1.422800000000000000e+04 -4.844212454593943562e-02 1.617612386135718339e-01 -1.130295064527828686e-01
1.431500000000000000e+04 -2.684228057484574492e-01 2.160155440657263171e-01 -7.457651860949709999e-02
1.430100000000000000e+04 -2.684228057484574492e-01 2.160155440657263171e-01 -7.457651860949709999e-02
