# star id 	 star_x_coords [pc] 	 star_y_coords [pc] 	 star_z_coords [pc] 
2.482600000000000000e+04 -4.402691069836706106e-02 -5.071625605097480616e-01 4.362420154160311370e-01
2.486400000000000000e+04 -2.056326450040231180e-01 6.335073343453245798e-02 -6.313850786809940274e-01
2.496900000000000000e+04 -2.377390073001670601e-01 -1.203869117120248688e-01 -5.498795136423328955e-01
2.496800000000000000e+04 2.890383409151553451e-02 1.009750785844261145e-01 4.359398741024040902e-01
2.477300000000000000e+04 8.485249081279278016e-02 7.838948217852248490e-03 7.253217097677477909e-02
2.477200000000000000e+04 7.257747373746425978e-02 2.617536302540202087e-02 1.414336599540195749e-01
2.490600000000000000e+04 -3.437003872578969776e-02 6.113387102502088055e-02 8.171672028296228518e-02
2.480300000000000000e+04 -3.437003872578969776e-02 6.113387102502088055e-02 8.171672028296228518e-02
2.478400000000000000e+04 3.687543111840341226e-02 2.508520434307115465e-02 1.780896903149287169e-01
2.478300000000000000e+04 3.687543111840341226e-02 2.508520434307115465e-02 1.780896903149287169e-01
2.497400000000000000e+04 -9.286627046578033173e-02 -1.050985330856804012e-01 2.773150573195941604e-01
2.498500000000000000e+04 6.958563063150791095e-04 -2.603629507016336220e-02 2.972838807599451627e-01
2.489700000000000000e+04 -2.981791619554243766e-01 4.886872397187858041e-02 1.712889741667815713e-01
2.494900000000000000e+04 -2.064176108360129547e-01 3.311188653111685198e-02 1.960308016964091848e-01
2.495700000000000000e+04 4.289463416620264979e-02 -3.263420953919933254e-01 1.434758704036962484e-01
2.483000000000000000e+04 -6.881801703281809068e-02 -3.012239148893485208e-01 2.111694165532025380e-01
2.488500000000000000e+04 -6.881801703281809068e-02 -3.012239148893485208e-01 2.111694165532025380e-01
2.492700000000000000e+04 -2.575893958947617080e-02 -2.424348387969317287e-01 3.354973480179364032e-01
2.480900000000000000e+04 1.065821548911181083e-01 2.084254865440016147e-01 9.116541126510391280e-02
2.483100000000000000e+04 -2.314782166670426022e-02 1.179166511888070090e-01 8.918670088356606129e-02
2.483200000000000000e+04 2.484791764158487126e-01 1.641481279287830830e-01 6.575714802072241127e-02
2.499400000000000000e+04 1.844697826911527727e-01 1.195252354770062198e-01 1.621623677520602769e-01
2.492600000000000000e+04 1.703496429600015460e-01 1.962059563471498791e-01 1.512088619687581570e-01
2.492800000000000000e+04 9.219531012004011927e-02 6.982368977861597159e-02 -1.690144341780204229e-01
2.492900000000000000e+04 4.215915452756391346e-02 8.267686009409658254e-02 -1.264795270549541328e-01
2.493000000000000000e+04 4.215915452756391346e-02 8.267686009409658254e-02 -1.264795270549541328e-01
2.491100000000000000e+04 3.014703035672283704e-02 2.157446006932417504e-02 -1.182606105914256744e-01
2.491300000000000000e+04 1.080945020226486974e-01 -1.117436746676361281e-01 -9.992384865623193946e-02
2.491400000000000000e+04 7.686636692488590938e-02 1.080729078704933954e-02 -5.019461476126352295e-02
2.485800000000000000e+04 7.686636692488590938e-02 1.080729078704933954e-02 -5.019461476126352295e-02
2.495000000000000000e+04 7.686636692488590938e-02 1.080729078704933954e-02 -5.019461476126352295e-02
2.495200000000000000e+04 -9.293406614059307458e-02 3.029445333105940108e-02 -4.639441565763746667e-02
2.490400000000000000e+04 1.082330341624668790e-01 1.687028833629966584e-02 -4.882929380286782362e-03
2.485600000000000000e+04 1.082330341624668790e-01 1.687028833629966584e-02 -4.882929380286782362e-03
2.485700000000000000e+04 -4.594248250511867582e-02 -6.092850012220907274e-02 5.926500668644862913e-03
2.488600000000000000e+04 4.702938674588352796e-02 -1.276532350956927075e-03 1.092806206282759263e-02
2.497100000000000000e+04 4.702938674588352796e-02 -1.276532350956927075e-03 1.092806206282759263e-02
2.493100000000000000e+04 2.623286133268010190e-02 -3.724792982933422536e-02 2.576003210403854382e-03
2.480700000000000000e+04 4.930234520426068912e-03 1.799435721402176114e-03 8.069357240126251440e-03
2.496500000000000000e+04 4.930234520426068912e-03 1.799435721402176114e-03 8.069357240126251440e-03
2.496400000000000000e+04 1.087593151964405536e-01 -7.035019193916980385e-02 1.161598808709207731e-02
2.486200000000000000e+04 -3.756900543289631855e-02 6.956891010131727171e-02 1.615915397305833778e-02
2.486100000000000000e+04 -5.678929551122990915e-02 2.928246766757069963e-03 2.762812001973991016e-02
2.495100000000000000e+04 -5.678929551122990915e-02 2.928246766757069963e-03 2.762812001973991016e-02
2.495400000000000000e+04 -5.473128383199821201e-02 7.018645697481673551e-02 3.098292431602089891e-02
2.497700000000000000e+04 -5.473128383199821201e-02 7.018645697481673551e-02 3.098292431602089891e-02
2.498700000000000000e+04 4.143574991606868707e-02 -5.934686354385831919e-02 4.171005585902776147e-02
2.491600000000000000e+04 -4.783382067529018400e-02 -8.980469235751087353e-02 4.666522804443573591e-02
2.493700000000000000e+04 1.366795030062526450e-01 5.912626781733365533e-02 5.550844639664731517e-02
2.501300000000000000e+04 1.089797940130345921e-01 7.255297763124701760e-02 5.556599958574359732e-02
2.490200000000000000e+04 4.603393618693019107e-02 -9.252894463912042511e-02 5.740621726785022361e-02
2.490100000000000000e+04 4.603393618693019107e-02 -9.252894463912042511e-02 5.740621726785022361e-02
2.490500000000000000e+04 -1.428944374208960255e-01 1.090930347908880549e-02 -1.459991195226209015e-01
2.482900000000000000e+04 -1.323598838854849191e-01 -2.250966624578154551e-02 -8.225525180535164793e-02
2.489500000000000000e+04 -1.248953178492939742e-01 2.935683439466885147e-02 -4.071576884493666171e-03
2.495800000000000000e+04 -1.248953178492939742e-01 2.935683439466885147e-02 -4.071576884493666171e-03
2.491500000000000000e+04 -1.464814998886119213e-01 5.332994396465551290e-02 5.827933079802249949e-02
2.480100000000000000e+04 1.704583469357423553e-01 9.553856476436806133e-03 -7.177391876273020443e-02
2.497900000000000000e+04 1.816954452969419265e-01 -1.033991985561399929e-01 -1.857986756824114849e-01
2.499500000000000000e+04 -5.122656714643269993e-02 -2.225166116270500538e-01 -1.189241755161436487e-01
2.494000000000000000e+04 -1.156780361560834081e-01 -2.658571163449110486e-01 -3.871008543332266072e-02
2.493900000000000000e+04 5.610799682134981481e-02 8.453180288393724595e-02 -4.719984661026543904e-02
2.500400000000000000e+04 5.395726288141489135e-02 2.120881418682429853e-01 -1.168243640787540727e-01
2.484700000000000000e+04 5.395726288141489135e-02 2.120881418682429853e-01 -1.168243640787540727e-01
2.495600000000000000e+04 6.987039630790192746e-02 1.140961554350710117e-01 -3.219778900079006689e-02
2.495500000000000000e+04 -9.650461320813263910e-03 1.135523795856414608e-01 2.479804578379507518e-02
2.492000000000000000e+04 -9.650461320813263910e-03 1.135523795856414608e-01 2.479804578379507518e-02
2.487600000000000000e+04 -1.960087973694868424e-02 1.897415449849617630e-01 3.986851418140702208e-02
2.493300000000000000e+04 -2.925468902626313650e-01 -3.340154502184944363e-01 4.204486112669059139e-02
2.489200000000000000e+04 -2.793743288186192331e-01 1.317973185531968738e-01 -2.019145227736132142e-01
2.494200000000000000e+04 -1.507477232116372079e-01 1.932044007928368501e-01 -2.143424483860378871e-02
2.494700000000000000e+04 1.946812228135463840e-01 2.173491251516423972e-01 -1.661078612626241124e-01
2.494800000000000000e+04 7.421980750452306097e-02 -9.329788879329470319e-02 -4.631748616534565599e-01
2.493200000000000000e+04 -1.232217561116755178e-02 -5.294757583554599023e-02 -2.320765740192900495e-01
2.498200000000000000e+04 -1.232217561116755178e-02 -5.294757583554599023e-02 -2.320765740192900495e-01
2.496000000000000000e+04 1.637128434117300912e-01 1.665915297354558788e-02 -3.944152925102137885e-01
