# star id 	 star_x_coords [pc] 	 star_y_coords [pc] 	 star_z_coords [pc] 
8.673000000000000000e+03 -4.539509605621674382e-01 -1.892252242380212834e+00 3.909890579485875151e-03
8.674000000000000000e+03 -8.469993222789327092e-01 1.113570692913508964e+00 -2.088683014937089411e-01
8.742000000000000000e+03 -1.265839532255924382e+00 -9.065664261002019941e-01 -4.390085908109639945e-01
8.664000000000000000e+03 -5.317865530162322329e-01 -1.715674705390643595e+00 5.360385382417049982e-01
6.260000000000000000e+03 -6.860963540142961392e-01 -1.121436404448488133e-01 9.548163141224179640e-01
8.697000000000000000e+03 2.802620506808750633e-01 -1.517732554736603845e-01 1.431298359923083297e+00
8.682000000000000000e+03 7.899645673158914860e-01 5.358886948862071620e-01 -2.535078731113102890e-01
8.665000000000000000e+03 7.899645673158914860e-01 5.358886948862071620e-01 -2.535078731113102890e-01
8.731000000000000000e+03 5.157543494416358953e-01 1.413660192133697535e+00 -1.354625405580378583e-02
8.685000000000000000e+03 1.480981004070955009e+00 1.775466881700708655e+00 -1.266732584889211921e-01
8.610000000000000000e+03 1.841280575409740550e+00 2.025130399402804926e+00 1.950770114112785336e-01
8.698000000000000000e+03 3.855896547805883756e-01 1.025477325791964489e+00 4.022318176606489715e-01
6.492000000000000000e+03 -1.158052949487000660e-01 -1.446640665119353741e+00 -8.712042085894964316e-01
8.660000000000000000e+03 4.372561981532214759e-01 1.597717672684737522e-01 -9.103570882703166944e-01
8.643000000000000000e+03 -1.760270554443934543e-01 1.835458192656496124e-01 6.679891012319316701e-01
8.717000000000000000e+03 7.943119153411259958e-02 -3.794209270060271422e-01 6.229983668358940463e-01
8.618000000000000000e+03 -2.082836939583643243e-01 2.826700784436866343e-01 -5.121996459759969866e-02
8.617000000000000000e+03 -2.082836939583643243e-01 2.826700784436866343e-01 -5.121996459759969866e-02
8.629000000000000000e+03 -1.534613482551350216e-01 4.202544433643353727e-01 -3.851637819002462493e-02
8.677000000000000000e+03 -2.282912332183428816e-01 1.563793837796119135e-01 9.495869093470332700e-03
6.149000000000000000e+03 -1.262210046108833694e-01 6.852833373541855622e-02 -7.892043263503722983e-02
6.531000000000000000e+03 -1.262210046108833694e-01 6.852833373541855622e-02 -7.892043263503722983e-02
8.607000000000000000e+03 -3.599442124740903637e-02 2.192888767069725020e-01 2.477784605204362833e-01
8.659000000000000000e+03 -1.156192688219306319e-01 4.635003995707762670e-01 2.670146566764373119e-01
8.670000000000000000e+03 -2.021124835261076669e-01 3.347238871115685299e-01 2.651140933151623358e-01
8.754000000000000000e+03 4.044920415994113227e-02 1.920487329234354945e-01 2.770753978675131179e-01
8.736000000000000000e+03 -8.772982336540025017e-01 -6.458223612308344741e-02 6.902680116574799740e-02
8.638000000000000000e+03 -6.731379129527113037e-01 -3.954153826705173458e-01 7.388090336824149063e-02
8.786000000000000000e+03 1.818748844847135615e-01 -2.307413358575516327e-02 -1.843392493838962309e-01
8.690000000000000000e+03 2.154004211551949766e-01 -2.066278165556987290e-01 6.370761974780236869e-02
8.743000000000000000e+03 2.154004211551949766e-01 -2.066278165556987290e-01 6.370761974780236869e-02
8.605000000000000000e+03 1.156057187905474848e-01 -9.280328322281050646e-02 3.453172127314729778e-02
8.808000000000000000e+03 1.156057187905474848e-01 -9.280328322281050646e-02 3.453172127314729778e-02
8.602000000000000000e+03 1.026630197483200391e-01 -3.701148270678089602e-01 2.928460479172656505e-02
6.481000000000000000e+03 1.026630197483200391e-01 -3.701148270678089602e-01 2.928460479172656505e-02
8.746000000000000000e+03 9.194320797337240947e-02 -4.559919782115322562e-01 -1.951396444980986189e-01
8.745000000000000000e+03 -9.582035273595579383e-02 -2.370530062671534210e-01 -2.423541665075177320e-01
8.699000000000000000e+03 -9.582035273595579383e-02 -2.370530062671534210e-01 -2.423541665075177320e-01
8.634000000000000000e+03 -1.833556603791635098e-01 -2.478894280122396765e-01 -1.918997461163911566e-01
8.706000000000000000e+03 -6.579396019951389007e-02 -3.170151862031609369e-01 -1.045040224184106137e-01
8.750000000000000000e+03 -1.646173428332389221e-01 3.767175343040563007e-02 -6.792813343210468702e-02
8.620000000000000000e+03 -8.578383583081006236e-02 -4.144214521407931784e-01 -2.578004214453955001e-02
8.650000000000000000e+03 4.328649161283237845e-02 -5.070893658056725428e-01 -2.507599178136388218e-02
8.681000000000000000e+03 -2.326928193552930679e-01 -3.040058448708577998e-01 -2.807924006813777851e-02
8.686000000000000000e+03 -1.704324898415165990e-02 2.083765316657348876e-02 -8.146121543774142992e-03
8.723000000000000000e+03 -2.296761934653375192e-01 5.979055970353641669e-03 1.688467880196498072e-02
8.724000000000000000e+03 -3.232978135450821355e-01 -3.387281902999177419e-01 4.633369958897759489e-02
8.715000000000000000e+03 3.845017256630001157e-02 2.054685082527640816e-02 5.858266430528402680e-02
8.741000000000000000e+03 1.312703520471814045e-02 2.666639351054556073e-02 1.053021999865890734e-01
8.740000000000000000e+03 1.312703520471814045e-02 2.666639351054556073e-02 1.053021999865890734e-01
8.716000000000000000e+03 -6.016729237924778317e-02 -2.050077553427769317e-01 1.442286839003088517e-01
8.797000000000000000e+03 -6.016729237924778317e-02 -2.050077553427769317e-01 1.442286839003088517e-01
8.711000000000000000e+03 -2.575604252285046414e-01 -2.110354921900778891e-01 1.702001749751929083e-01
8.680000000000000000e+03 5.754552509588535258e-01 2.697506410759089590e-01 -1.215350002172570498e-01
8.687000000000000000e+03 1.939508860149459224e-01 1.239160512061694419e-01 -5.628248844556793529e-02
8.705000000000000000e+03 4.031943448486288162e-01 5.854638297455139195e-02 -8.307096758689169747e-02
8.654000000000000000e+03 1.183048835885784911e-01 1.615339794832131304e-01 -1.629093078207830558e-01
8.622000000000000000e+03 6.670862002660271628e-02 1.873022608575034553e-01 8.148116404356642306e-02
8.700000000000000000e+03 -8.099325445260916467e-01 1.326510798719091611e-01 -5.199195701504777389e-01
8.712000000000000000e+03 3.637886719422454007e-01 -1.656416826546625032e-01 -7.260568871763410925e-01
8.666000000000000000e+03 1.016752614042530922e-01 -5.648597091408547044e-02 -7.904923519518689545e-01
