# star id 	 star_x_coords [pc] 	 star_y_coords [pc] 	 star_z_coords [pc] 
9.910000000000000000e+03 -7.493400832966718994e-01 -4.987183069421865511e-01 1.814641216590828776e-01
9.926000000000000000e+03 -9.572287243231070164e-02 3.895358652284419687e-01 1.920939556392156078e-01
9.901000000000000000e+03 -1.298124329296879154e-01 3.876613866805826980e-01 2.370547957443349674e-01
9.916000000000000000e+03 -1.230977547582039477e-01 5.100288856584949126e-01 4.608248799534102602e-01
9.917000000000000000e+03 -5.070200577591643665e-01 -2.209761028649133152e-01 8.249308637559238377e-02
9.930000000000000000e+03 -1.518928312174967488e-01 4.934495335863215981e-01 3.700613221401383157e-02
9.920000000000000000e+03 3.816288524555693229e-01 3.931935578716088120e-01 -7.442233480942661572e-02
9.906000000000000000e+03 -1.065971504610221388e-01 2.191098592453983862e-01 -6.469518206795896731e-01
9.925000000000000000e+03 1.622491990150614072e-01 -1.623339189266568283e-01 1.421190138888874799e-01
9.945000000000000000e+03 -3.718991729112808287e-01 -1.491691594743143057e-01 -1.899473743286144156e-01
9.937000000000000000e+03 -6.565887285128635398e-02 -2.719286997673493467e-01 1.021921190424492920e-01
9.923000000000000000e+03 -5.761824971703344289e-02 -2.149570535624838463e-01 1.378031195400879483e-01
9.909000000000000000e+03 -3.033471360427597574e-02 2.251785353952620028e-01 -3.365969315625285674e-01
9.974000000000000000e+03 9.342566302186483540e-02 5.974296547922763878e-02 2.118829105604298491e-01
9.959000000000000000e+03 9.342566302186483540e-02 5.974296547922763878e-02 2.118829105604298491e-01
9.938000000000000000e+03 4.441792500016639167e-02 -2.100431488278187153e-01 3.712655778926787775e-02
9.908000000000000000e+03 2.649976785631098508e-01 -1.483397513341735419e-01 5.086253641980320594e-02
9.964000000000000000e+03 3.578910686099323613e-02 -2.191446742334886011e-01 -2.339638952788192228e-02
9.976000000000000000e+03 3.578910686099323613e-02 -2.191446742334886011e-01 -2.339638952788192228e-02
9.919000000000000000e+03 1.230904085426152150e-01 1.369359860014696118e-01 -1.907210604072773208e-02
9.956000000000000000e+03 5.340449593826157582e-02 1.223632588203766858e-01 4.884562568184591669e-02
9.965000000000000000e+03 -4.254540500722825414e-03 -1.758462001426095433e-01 3.243308895270402559e-02
9.978000000000000000e+03 -1.373357901144345306e-04 1.322050925136775135e-01 -6.912235591197912754e-02
9.994000000000000000e+03 3.527510319136872852e-02 -2.000434064501810383e-02 -9.488432527273005235e-02
9.999000000000000000e+03 9.996007897482694915e-02 2.217444691322079109e-02 -1.234814088858513514e-01
9.932000000000000000e+03 1.037183604312250651e-01 -4.790397404646373758e-02 -1.111896903197227005e-01
9.065000000000000000e+03 1.037183604312250651e-01 -4.790397404646373758e-02 -1.111896903197227005e-01
9.961000000000000000e+03 2.096635943124089962e-01 -5.434437948748316316e-02 -1.057368972366816706e-01
9.941000000000000000e+03 1.851701251108153201e-01 5.848390500560629590e-03 -4.427875226219413207e-02
9.904000000000000000e+03 1.919536335898044399e-01 -1.378661538367067507e-01 3.881104780645117103e-02
9.966000000000000000e+03 3.094658254188065172e-02 2.064295036112628878e-02 -4.884784635026662158e-02
9.927000000000000000e+03 2.962036580510396533e-02 -1.354798229809484056e-02 8.037576406998425682e-04
9.936000000000000000e+03 2.711846156004238395e-02 -1.029645088587827217e-02 -1.502587275401303657e-01
9.933000000000000000e+03 -2.733981367980753419e-03 -4.624275519259635203e-02 -1.080348551861156636e-01
9.953000000000000000e+03 2.023879053005117612e-02 -9.728353545250412182e-02 -1.048803333919572367e-01
9.973000000000000000e+03 2.023879053005117612e-02 -9.728353545250412182e-02 -1.048803333919572367e-01
9.913000000000000000e+03 7.474176967815715500e-03 -8.750707674027857763e-04 -8.884653566795108759e-02
9.944000000000000000e+03 -1.301912163286012003e-02 -1.072882558699386202e-01 -5.446592599044919325e-02
9.943000000000000000e+03 -5.583891148449371400e-02 4.644527336609227675e-02 -3.757057405713482012e-02
9.905000000000000000e+03 -5.583891148449371400e-02 4.644527336609227675e-02 -3.757057405713482012e-02
9.931000000000000000e+03 -6.816317304686947409e-02 -2.071665940713973697e-02 -1.975240617057139048e-02
9.929000000000000000e+03 -1.730556207384648104e-02 -5.922316759455847901e-02 -1.272063236341836046e-02
9.970000000000000000e+03 -4.498139574579163025e-02 -4.889726899341217958e-02 -6.865731821399378987e-03
9.902000000000000000e+03 -5.307874770759202221e-02 -1.207036412018305249e-01 -5.585851699834165629e-04
9.954000000000000000e+03 -9.571799973606687217e-04 1.258469844956700001e-03 9.927389007174269864e-03
9.918000000000000000e+03 -1.430587508483833759e-01 8.880148070646054492e-02 1.619085244020368464e-02
9.912000000000000000e+03 -1.199068766815667431e-01 -7.436915454271852965e-02 1.917397710128199151e-02
9.914000000000000000e+03 1.455658432814121994e-02 -2.987892950099668710e-02 7.160781497405821483e-02
9.922000000000000000e+03 3.211954288670275659e-01 2.199017009093888753e-01 1.579529812090143537e-01
9.921000000000000000e+03 3.131518162186832654e-01 4.627300517808574654e-03 2.909302526776187392e-01
