# star id 	 star_x_coords [pc] 	 star_y_coords [pc] 	 star_z_coords [pc] 
1.432600000000000000e+04 -2.730936403110106880e-01 1.463880492181175441e-01 5.211510329432513799e-01
1.434500000000000000e+04 -2.672962325451138099e-01 6.470712596470917788e-02 4.573191091437820432e-01
1.427200000000000000e+04 -1.471025287110023783e-01 1.558605273594864116e-01 -5.881849127025278179e-01
1.425200000000000000e+04 -3.957414344019767327e-01 -2.716114800406899121e-03 -1.971090572994560475e-01
1.425100000000000000e+04 -3.487801828560890272e-01 1.222428575908836024e-01 -7.012184714800007157e-02
1.428500000000000000e+04 -3.185339467796843849e-01 -3.030723742406848942e-01 2.185867963969716499e-01
1.430600000000000000e+04 -3.112107920944637840e-01 -3.036578470311752653e-01 3.972415189722333650e-01
1.430000000000000000e+04 -1.342560845258482516e-01 2.325597870132796174e-01 2.343769236709061232e-01
1.432700000000000000e+04 -2.041479948493680752e-01 2.141634159698639905e-01 2.499643297679359222e-01
1.430800000000000000e+04 -1.245759128297230234e-01 -4.679770033730790146e-02 2.030736787211662175e-02
1.481400000000000000e+04 -1.341394667736395263e-01 -5.400585955805325966e-02 1.834645447438365551e-02
1.423000000000000000e+04 -1.167218061153683095e-01 -4.574635167762863830e-02 1.709680653461376210e-02
1.430300000000000000e+04 -1.167218061153683095e-01 -4.574635167762863830e-02 1.709680653461376210e-02
1.432800000000000000e+04 -2.246271871214773341e-01 -1.198997989947940823e-01 1.803521078651204590e-02
1.428300000000000000e+04 -3.081272484124859545e-01 -7.470924824629321392e-02 -1.327362815132282492e-02
1.492200000000000000e+04 -2.300806090319831299e-01 -1.186207721669489956e-01 1.183113333250203070e-01
1.422400000000000000e+04 -2.037444128854311032e-01 1.069680657152076719e-01 -4.022494346533456167e-02
1.431000000000000000e+04 -1.869314043876855180e-01 1.443086555957791006e-01 -3.710600123826335306e-02
1.422800000000000000e+04 -9.890590632923945691e-02 1.033610030020781778e-01 -6.963215102341102636e-03
1.430700000000000000e+04 -2.210079358466074950e-01 1.321827862224722594e-01 -2.898489156421133472e-01
1.422900000000000000e+04 -9.087662701711352042e-02 2.057076846249614732e-01 -2.524688345901271447e-01
1.428700000000000000e+04 -9.062695413519605836e-02 6.309013988024503305e-02 -2.499225851544384369e-01
1.427500000000000000e+04 -1.535666083434215068e-01 5.971113204108746686e-02 -1.878128619735877081e-01
1.431900000000000000e+04 -1.799083051352461382e-01 4.621316243219553144e-02 -5.649512722197957970e-02
1.429800000000000000e+04 -1.218221827197183416e-01 -6.241724369338896850e-03 -6.423478062278942247e-02
1.431800000000000000e+04 -9.123119788923972351e-02 -4.572520408915892176e-02 -1.565076396891926791e-01
1.435000000000000000e+04 -2.968724175095154294e-01 -3.278213440113120214e-02 -8.094913731989095140e-02
1.434900000000000000e+04 -1.363551635720305910e-01 -4.849274736255182461e-02 -6.555062003086131739e-02
1.424500000000000000e+04 2.797452230296215703e-02 -6.791930813897550934e-02 -5.303048879326812681e-01
1.427000000000000000e+04 -6.364785121434479720e-02 -2.355857688701945563e-02 -4.924208344383211866e-01
1.429500000000000000e+04 -6.364785121434479720e-02 -2.355857688701945563e-02 -4.924208344383211866e-01
1.429900000000000000e+04 4.419887663572943381e-01 -4.978972744358927116e-01 -1.590233146355082283e-01
1.431300000000000000e+04 6.173577460146262297e-02 1.976321005792200936e-01 -3.196270574963859801e-01
1.429300000000000000e+04 2.198225134016702498e-01 3.901905401419014652e-02 -3.105664307981985672e-01
1.434100000000000000e+04 6.010662018679688856e-01 5.641253585174155205e-02 -1.355874177024949390e-01
1.433400000000000000e+04 8.849741440646852197e-01 2.332020662530851496e-01 -6.695595506704687949e-02
1.426700000000000000e+04 4.155196826086751116e-01 -1.731149553539523822e-02 1.873790615498069911e-01
1.426600000000000000e+04 7.939765338926179084e-01 3.952808766067832380e-01 8.646814645236489127e-02
1.419600000000000000e+04 3.192549664889590133e-01 1.542992969742869036e-01 5.451871946173518779e-01
1.419700000000000000e+04 1.397779233617910677e-01 -5.774445366796001622e-01 1.754142225717769676e-01
1.424900000000000000e+04 -8.404364526299445970e-02 7.271700978687789529e-02 2.075541208032829488e-01
1.432100000000000000e+04 -7.670095216660399728e-03 -4.448001136661616783e-02 3.658215393254984349e-01
1.432500000000000000e+04 1.462359967579160980e-01 1.258244394417857848e-01 5.161431911585179222e-02
1.432200000000000000e+04 -2.801560852683238068e-02 6.771515540377492925e-02 5.864437516200204925e-02
1.431600000000000000e+04 -2.801560852683238068e-02 6.771515540377492925e-02 5.864437516200204925e-02
1.426800000000000000e+04 1.060398481101287871e-02 4.433171012687608936e-02 7.211010750022239790e-02
1.434400000000000000e+04 -4.296726965638697493e-02 6.598938764955875058e-02 9.255244739271706322e-02
1.434300000000000000e+04 1.499739126766321817e-01 6.787897198741887905e-02 1.141864421986493738e-01
1.425900000000000000e+04 -7.517408916585210932e-02 1.077137338080689233e-01 7.273566461118541326e-03
1.430900000000000000e+04 7.123115057869000566e-02 5.396216915132612257e-02 1.166607188425432540e-01
1.433600000000000000e+04 7.123115057869000566e-02 5.396216915132612257e-02 1.166607188425432540e-01
1.432000000000000000e+04 -8.247576861185024200e-02 6.265522330495798542e-02 6.321701816541125396e-02
1.428400000000000000e+04 1.991651909399649867e-03 -1.531404185520557348e-03 8.471166676206021151e-02
1.431500000000000000e+04 2.754429673312230875e-02 -2.117799997805036583e-03 7.568537883463832827e-02
1.426100000000000000e+04 -8.870110561561617146e-02 -2.681951887389288913e-03 2.105060264907177014e-02
1.423500000000000000e+04 -1.597449286999719220e-02 -9.297713687388409198e-03 2.649029654836443370e-02
1.429200000000000000e+04 -3.151773044227823561e-02 -7.373605910028402377e-02 6.816715333930467580e-03
1.428600000000000000e+04 -3.151773044227823561e-02 -7.373605910028402377e-02 6.816715333930467580e-03
1.429600000000000000e+04 -5.933751115009400223e-02 -8.070019926573479552e-02 -2.683345271526160758e-02
1.427700000000000000e+04 5.628321647645151415e-02 -1.949241183612571149e-02 2.053959057473342398e-02
1.427600000000000000e+04 -5.974874778533489916e-02 -6.315269149332181087e-02 5.582511860365269030e-02
1.423400000000000000e+04 -4.567752819367143502e-02 -1.128315123996159741e-01 7.426550383350161155e-02
1.422100000000000000e+04 8.510785576552493126e-02 -1.342033046400814555e-02 8.035452400909992576e-02
1.422200000000000000e+04 -6.589344761120941030e-03 -7.198123918318088954e-02 8.017134988376017901e-02
1.423700000000000000e+04 5.842206575252717471e-02 -1.151354506827004798e-01 9.566969513782197509e-02
1.425500000000000000e+04 -1.933276939449157794e-02 -1.640334668361731474e-02 9.311265428393422638e-02
1.433000000000000000e+04 -6.336325275211862618e-02 -6.151157332927681409e-02 1.708333629383851360e-02
1.424600000000000000e+04 -6.374144016295346660e-02 -4.947802441486714997e-02 9.996648536252461525e-02
1.425600000000000000e+04 -4.628408239458892126e-02 -1.240603580062824562e-01 1.476714504349505575e-01
1.434800000000000000e+04 3.185780062499539156e-01 -7.191614659441825097e-02 2.584560157843007744e-02
1.428100000000000000e+04 1.651262205558268192e-01 2.206095599630444326e-01 2.859512532386663253e-01
1.435200000000000000e+04 1.651262205558268192e-01 2.206095599630444326e-01 2.859512532386663253e-01
1.427800000000000000e+04 1.249677731115745871e-01 -4.354028517854899860e-01 -7.503977897388391938e-02
1.423300000000000000e+04 -2.530593039899997621e-03 2.225866562577039076e-02 -1.694662070727224190e-01
1.432900000000000000e+04 -8.256505853267626094e-02 7.775684203918586945e-02 -6.971766611075747022e-02
1.477900000000000000e+04 -8.982976319281021915e-02 1.219667472731345015e-01 -8.881303422023734129e-02
1.422300000000000000e+04 -3.426863857708184469e-03 -1.374877850559315107e-01 -2.182828346906617867e-01
1.422000000000000000e+04 -3.943352227012653088e-02 -9.939515594138015331e-02 -1.265517348062337177e-01
1.424800000000000000e+04 1.167741859710744734e-01 -5.344084342019073119e-02 -1.153342118932814131e-01
1.428800000000000000e+04 1.197714343256706115e-02 -1.350089354163941380e-01 -7.044338429897223364e-02
1.422700000000000000e+04 2.295380727674753985e-01 -2.227063152600550211e-02 -2.491100693662042787e-01
1.433200000000000000e+04 1.786205952620996129e-01 -4.878733154185184162e-01 -2.109971705635702577e-01
1.426500000000000000e+04 3.689912641865369380e-01 4.996651958682463146e-02 -6.511645709858004949e-02
1.424300000000000000e+04 2.986514159469919605e-01 2.882592367852652160e-01 4.959846752599794684e-02
