# star id 	 star_x_coords [pc] 	 star_y_coords [pc] 	 star_z_coords [pc] 
3.096500000000000000e+04 -2.438027280787480322e-02 -6.631456608552355192e-02 2.269644922555045241e-01
3.096600000000000000e+04 -6.177488031021738379e-02 6.382759508255730907e-03 -6.440351216037498716e-02
3.045700000000000000e+04 -6.177488031021738379e-02 6.382759508255730907e-03 -6.440351216037498716e-02
2.940000000000000000e+04 -6.177488031021738379e-02 6.382759508255730907e-03 -6.440351216037498716e-02
3.096700000000000000e+04 2.845233972723804072e-02 9.028120586020094152e-02 -1.677636711997294583e-01
2.939900000000000000e+04 2.845233972723804072e-02 9.028120586020094152e-02 -1.677636711997294583e-01
2.939800000000000000e+04 2.845233972723804072e-02 9.028120586020094152e-02 -1.677636711997294583e-01
2.940800000000000000e+04 6.927829374937033435e-02 -3.632750829069664178e-03 -2.463955635494130547e-02
2.950300000000000000e+04 5.506960335490163061e-02 -2.200445716578940392e-01 4.941766177433919438e-01
