# star id 	 star_x_coords [pc] 	 star_y_coords [pc] 	 star_z_coords [pc] 
1.200000000000000000e+04 -4.898717327161108415e-01 -1.330747582312127975e+00 -1.170897109328336683e+00
1.207200000000000000e+04 -4.643625728581710632e-01 -1.194253596759104141e+00 -4.422250366478088779e-01
1.197500000000000000e+04 -1.031738340956280808e-01 -1.057400745339329262e+00 -6.755309753080247503e-01
1.193200000000000000e+04 9.639880780391152371e-01 5.287475886612398313e-01 -1.288682919144477523e+00
1.205000000000000000e+04 -5.030407900267874766e-02 4.055040800749694085e-01 -1.198736785196789612e+00
1.198600000000000000e+04 -5.030407900267874766e-02 4.055040800749694085e-01 -1.198736785196789612e+00
1.204100000000000000e+04 -1.230457224736227317e+00 -4.978236218704523708e-03 -7.114746661558690732e-01
1.198300000000000000e+04 -1.230457224736227317e+00 -4.978236218704523708e-03 -7.114746661558690732e-01
1.204000000000000000e+04 1.029518490856219159e+00 -9.027825256956418798e-01 -5.133142770502949759e-01
1.200200000000000000e+04 -9.832311022907660458e-01 -7.126729461055560932e-01 -3.655191457909445774e-01
1.202200000000000000e+04 7.951755278099241764e-01 6.036840169793791233e-01 -9.062800624982259023e-02
1.200100000000000000e+04 7.951755278099241764e-01 6.036840169793791233e-01 -9.062800624982259023e-02
1.193300000000000000e+04 -2.205397492431870887e-03 4.742419154931383218e-01 3.164841423555309063e-01
1.195000000000000000e+04 3.676081897068925741e-01 6.840630068047417467e-01 4.153195385335912704e-01
1.206100000000000000e+04 -7.860234148703568735e-01 2.572866628526710997e-01 4.636207032526016292e-01
1.196800000000000000e+04 2.691835049754374154e-01 -7.030764907086037852e-01 7.149886653167527584e-01
1.200800000000000000e+04 7.696813504639479220e-01 8.149725453370919581e-01 1.251866047702115736e+00
1.196900000000000000e+04 8.490661165090784834e-02 -1.434071797551915495e+00 6.544225469518742955e-01
1.187400000000000000e+04 2.281571954017636017e-02 1.577188208645914358e+00 2.074373472499125626e+00
1.187500000000000000e+04 2.923376636933809891e-01 9.900860127927941789e-01 2.566773247690107951e+00
