# star id 	 star_x_coords [pc] 	 star_y_coords [pc] 	 star_z_coords [pc] 
2.993000000000000000e+03 -2.733914679813889137e-01 -5.729866807521730721e-01 -2.391034113866908895e-01
3.732000000000000000e+03 -2.733914679813889137e-01 -5.729866807521730721e-01 -2.391034113866908895e-01
3.731000000000000000e+03 -2.733914679813889137e-01 -5.729866807521730721e-01 -2.391034113866908895e-01
3.730000000000000000e+03 1.578761711796747846e-01 -5.063721982671092192e-01 -5.872579085923859132e-01
3.729000000000000000e+03 1.324596458754019324e-01 4.450664469784664234e-01 2.609136288083933053e-01
3.728000000000000000e+03 1.324596458754019324e-01 4.450664469784664234e-01 2.609136288083933053e-01
3.150000000000000000e+03 1.324596458754019324e-01 4.450664469784664234e-01 2.609136288083933053e-01
2.992000000000000000e+03 1.324596458754019324e-01 4.450664469784664234e-01 2.609136288083933053e-01
2.991000000000000000e+03 1.324596458754019324e-01 4.450664469784664234e-01 2.609136288083933053e-01
