# star id 	 star_x_coords [pc] 	 star_y_coords [pc] 	 star_z_coords [pc] 
1.950300000000000000e+04 6.798081651190557295e-03 6.832716551365791702e-02 -1.969008183071525586e-01
1.994200000000000000e+04 1.565733252131060738e-01 2.730415709145290748e-01 -1.121879530306757466e-01
1.991800000000000000e+04 3.845249962914429886e-01 1.199494018826463559e-01 -6.639565000986324961e-02
1.964200000000000000e+04 -1.262683559409794043e-02 2.329569225195236015e-01 -1.725642158561924155e-01
1.988500000000000000e+04 -1.231149399910229647e-01 2.406966223511624037e-01 -1.563619988115680925e-01
1.941000000000000000e+04 -1.231149399910229647e-01 2.406966223511624037e-01 -1.563619988115680925e-01
1.963600000000000000e+04 7.026715972624941742e-02 1.224784050595069118e-01 3.073990686844201292e-01
2.001000000000000000e+04 -1.141551495367423286e-01 1.416569057790013630e-01 1.949368946709770789e-01
2.010400000000000000e+04 -1.878513050753802816e-01 4.355033175386324729e-03 3.148726206588556842e-01
1.954000000000000000e+04 -1.385115435992148036e-01 -1.532519790068036514e-01 1.168460368945591910e-01
1.960900000000000000e+04 -3.450666883642021787e-01 -2.079903384872814343e-01 1.436152034262825339e-01
1.962800000000000000e+04 1.119604074751201495e-01 -2.683037216970447503e-01 -2.053620405648262093e-01
1.940900000000000000e+04 4.105215410071743065e-01 -2.681628377609399649e-01 -6.574544614727484415e-02
1.986500000000000000e+04 -9.620410134751011810e-02 -5.464497647426682647e-01 5.421030457074627051e-02
