# star id 	 star_x_coords [pc] 	 star_y_coords [pc] 	 star_z_coords [pc] 
8.697000000000000000e+03 1.303871793448935890e+00 5.995912631034912010e-01 -1.359336728162006125e+00
8.663000000000000000e+03 -5.875497232204835996e-01 8.498483207398450645e-01 1.057031940143104976e+00
6.171000000000000000e+03 -9.835641886190877869e-01 9.924733115028772090e-01 7.853956282925196319e-01
6.170000000000000000e+03 3.027916807414143818e-02 9.970941780383029140e-01 5.820532258044863738e-02
8.593000000000000000e+03 6.531624078722764182e-02 -8.923554964179984950e-01 4.221710885874330188e-01
6.224000000000000000e+03 6.531624078722764182e-02 -8.923554964179984950e-01 4.221710885874330188e-01
8.696000000000000000e+03 1.163977294321405509e-02 -7.006514399137842020e-02 -2.249973533391624869e-01
8.656000000000000000e+03 3.538376548069308569e-01 -3.512297310543743833e-01 1.039546564664703965e+00
8.669000000000000000e+03 3.538376548069308569e-01 -3.512297310543743833e-01 1.039546564664703965e+00
8.685000000000000000e+03 -9.956016855185971792e-01 -3.061611370920758191e-02 7.522847261347180847e-01
6.215000000000000000e+03 2.238923641621965999e-01 -2.427160906762964032e-01 -1.989944240792752339e+00
8.714000000000000000e+03 -3.718374736324392416e-02 -1.434158340482113658e+00 -4.691120159552610858e-01
8.628000000000000000e+03 5.276202941273719915e-01 1.978765787662410958e-01 -1.010463637220638589e+00
8.645000000000000000e+03 8.319655582926070991e-01 4.736340956128373136e-01 -7.945455471628264377e-01
8.698000000000000000e+03 -1.163677397454421225e+00 1.542083925627366625e-01 2.720465982554287621e-01
