# star id 	 star_x_coords [pc] 	 star_y_coords [pc] 	 star_z_coords [pc] 
3.427600000000000000e+04 -4.013387535014047991e-01 2.752829718097338230e-01 2.131534120209011007e-02
3.427500000000000000e+04 7.196359503249816214e-04 -4.156666677796749809e-02 -1.139642635225612821e-02
3.429600000000000000e+04 -1.243675518226501353e-01 1.732694644784764648e-01 -3.857565483207281432e-02
3.421800000000000000e+04 -4.458953332872028774e-02 3.274316716629463997e-01 1.058710283595800661e-01
3.427100000000000000e+04 3.497354440774813611e-03 1.198856232793410470e-01 3.002300857979633975e-02
3.428100000000000000e+04 3.497354440774813611e-03 1.198856232793410470e-01 3.002300857979633975e-02
3.428500000000000000e+04 -4.275872480628029049e-02 8.383844285213370995e-02 7.468093687121779567e-02
2.804800000000000000e+04 6.934567760259979785e-02 4.974860189358665252e-02 -3.783703373855473728e-03
3.421700000000000000e+04 -1.670836833539846022e-01 4.749804207727592598e-02 -7.063563788963733714e-02
3.426800000000000000e+04 -8.299147440348919602e-02 1.283119123723963639e-02 4.789066436354261214e-02
3.429000000000000000e+04 -8.299147440348919602e-02 1.283119123723963639e-02 4.789066436354261214e-02
3.428700000000000000e+04 3.179298844019717851e-02 7.821191267360916299e-03 -3.133237858536119802e-02
3.426300000000000000e+04 -1.994259479318416517e-03 -2.701013153940934330e-02 -8.785312368810593853e-02
3.425400000000000000e+04 -1.994259479318416517e-03 -2.701013153940934330e-02 -8.785312368810593853e-02
3.427700000000000000e+04 8.393863312098481799e-02 -1.373681455203907831e-01 3.997851718013833988e-02
3.427200000000000000e+04 1.796671943238407065e-01 -8.018529208845137646e-02 4.076360603835169627e-01
3.425300000000000000e+04 1.859818288648759088e-01 -3.093077753776540817e-01 6.097614557583597161e-02
3.425700000000000000e+04 -1.590728218369303892e-01 4.542652483804658914e-01 -1.606338137428053869e-02
3.428000000000000000e+04 -1.019356484895632686e-01 4.796394447245084791e-01 4.461674643574085053e-01
3.427900000000000000e+04 2.408931214314122826e-01 2.167585021934463896e-01 2.492172036744122465e-01
3.429400000000000000e+04 5.219120677613442449e-01 -1.614249730597592247e-01 3.692320371361290654e-02
3.426000000000000000e+04 2.619128472582454847e-02 4.152078239275880378e-03 -1.306957921070690531e-01
3.426700000000000000e+04 2.225035648562966317e-01 -5.286036371662561351e-01 -2.038178424943168920e-01
3.428300000000000000e+04 9.850026789101884450e-02 -1.941914759125147327e-01 -4.639110501055156988e-01
3.426400000000000000e+04 -1.209652211933133215e-01 -2.677469634848108626e-01 -1.975774491339663541e-01
3.425500000000000000e+04 -1.925430393679989916e-01 -2.749388184440242355e-01 -1.088524118016422904e-01
3.424600000000000000e+04 -1.925430393679989916e-01 -2.749388184440242355e-01 -1.088524118016422904e-01
