# star id 	 star_x_coords [pc] 	 star_y_coords [pc] 	 star_z_coords [pc] 
2.961000000000000000e+04 -1.232715513643313443e+00 1.890610583399579880e+00 4.513596715073958876e+00
2.926600000000000000e+04 -2.440029167700643598e+00 4.570730823765529749e-01 4.603958089113540098e+00
2.896900000000000000e+04 -2.358585922410384228e+00 1.203705952051114636e+00 4.662357571144937651e+00
2.933800000000000000e+04 -1.882378824068617007e+00 4.069021445610587762e-01 4.738199822847356302e+00
2.901200000000000000e+04 -2.159844327788327689e+00 2.599165444474742515e-01 4.723350139850161611e+00
2.889500000000000000e+04 -2.141254983435359804e+00 8.110219712300654749e-01 4.834214151236608359e+00
2.768900000000000000e+04 -2.419101397097918493e+00 1.246532855153835939e+00 4.881585327134601471e+00
2.927800000000000000e+04 -1.272412544592761208e+00 -7.571428093209675581e-02 5.096457781549929678e+00
2.766500000000000000e+04 -2.239490618520214582e+00 1.380550312603915586e+00 5.552555348436712279e+00
2.927400000000000000e+04 -1.513709885667609001e+00 1.591000844398500647e+00 5.730265622369927314e+00
2.923400000000000000e+04 -3.686379406523833779e+00 1.278019548075663536e+00 7.217621719286306359e+00
3.013100000000000000e+04 -3.689275175046027755e+00 1.394530388091927975e+00 6.500403356260576970e+00
3.035200000000000000e+04 -4.005165492662356996e+00 -2.586582888457300555e-02 6.524475972248545474e+00
2.928800000000000000e+04 -3.135261105656262259e+00 -1.027881237074730336e-01 7.029039115989256459e+00
2.923000000000000000e+04 -3.126296402739257019e+00 9.366171425455807054e-01 6.381469370991645462e+00
3.018300000000000000e+04 -1.564202304670011756e+00 1.092596024020169310e+00 7.342492397188983944e+00
2.929500000000000000e+04 -1.595582710965935291e+00 1.558187327107084741e+00 7.351834540632282256e+00
2.885900000000000000e+04 -1.829924447006270327e+00 1.730712232307345388e+00 6.995997486809137911e+00
2.927100000000000000e+04 -2.360402322948552012e+00 1.576868577004415073e+00 6.659417545541209904e+00
2.927700000000000000e+04 -1.568386749477106434e+00 1.690768101412389868e+00 2.376037874198139832e+00
2.936100000000000000e+04 -2.280907775198244281e+00 1.403748637620315876e+00 2.397570121896698936e+00
2.931500000000000000e+04 -2.204461281110518200e+00 6.733472895608549891e-01 2.755153879228885216e+00
2.936300000000000000e+04 -2.723173692386431810e+00 9.264081968713373527e-01 2.985398145335672382e+00
2.876200000000000000e+04 -1.616483596839827896e+00 7.962530156570437612e-01 3.296896345568939068e+00
2.929400000000000000e+04 -2.193119043520574962e+00 1.013607626901132264e+00 3.364843434741068506e+00
2.929300000000000000e+04 -2.295023398391364822e+00 1.124793821606406397e+00 3.885859091932964304e+00
2.962000000000000000e+04 -2.529626388996852882e+00 1.845769715232870922e+00 3.958439093493950622e+00
2.901100000000000000e+04 -3.537148775704288539e+00 -4.313278870821655175e-01 5.138541723595494659e+00
2.958200000000000000e+04 -2.358303294439579645e+00 -3.874320939833530986e-01 6.063778114986902779e+00
2.958100000000000000e+04 -4.238109113072070500e+00 8.044524791324647595e-02 5.610992640859585379e+00
2.931300000000000000e+04 -3.691159425923892456e+00 6.944321839902585225e-01 5.970883114524134783e+00
2.889200000000000000e+04 -4.865739068069483864e+00 1.772482226149188378e+00 6.353632285819799108e+00
2.960400000000000000e+04 -3.574944164200594798e+00 -7.126649409780796418e-01 2.399615188480389349e+00
2.932000000000000000e+04 -2.513059171085380683e+00 -3.138098264489457279e-01 2.467455630087300733e+00
2.930300000000000000e+04 -1.103687301907953611e+00 2.044502129017899961e-01 1.044862766518136254e+00
2.931600000000000000e+04 1.392428621867082938e+00 4.226019003406587871e+00 2.128297933817236753e+00
2.931200000000000000e+04 2.067936385062758120e+00 5.275689745077349002e+00 2.116591903905799654e+00
2.938800000000000000e+04 1.695787713594157253e+00 -1.857278795813996908e-01 4.365844408646424313e+00
2.926200000000000000e+04 1.515356538481519522e+00 2.557492865000838833e-01 5.382660881628879679e+00
2.959800000000000000e+04 2.965919696320916898e+00 -5.719189906812616186e-02 7.611636976978175539e+00
2.926300000000000000e+04 1.677058465768574536e+00 2.942821379781506153e-01 7.346997562310939145e+00
2.929800000000000000e+04 1.677058465768574536e+00 2.942821379781506153e-01 7.346997562310939145e+00
2.959500000000000000e+04 -2.521172180730587797e+00 2.027508697413212602e+00 2.517802911247351005e+00
2.925800000000000000e+04 1.217259177645672708e+00 1.917403295571382671e-01 6.608403937686489371e+00
2.931100000000000000e+04 1.990052323728939143e+00 5.125361676312580883e+00 -1.234371268515651821e+00
2.932100000000000000e+04 1.889275927670716726e+00 4.754418017698458954e+00 -5.696473885576835983e-01
2.879100000000000000e+04 3.436881797490016766e-01 -1.227875097473837940e+00 -2.387115111010636781e+00
2.889300000000000000e+04 3.183496682668462086e+00 3.122831021163925413e+00 8.853743806479030809e-02
2.887900000000000000e+04 4.131535042231107013e+00 6.069297328322480922e+00 -4.071855575626912582e-01
2.897700000000000000e+04 3.799415517610434279e+00 5.429325914772876516e+00 -2.501903202574027318e-01
2.887400000000000000e+04 4.037785032304228139e+00 2.490900063710773438e+00 1.788406628832603928e-01
2.887100000000000000e+04 3.401814841124007671e+00 6.386216821363650098e+00 -1.009459348674795365e+00
2.933600000000000000e+04 -2.865463026015333980e+00 2.520638821330718926e+00 2.993191868174946535e+00
2.930000000000000000e+04 -9.451661562127924299e-01 2.379558342410215133e+00 4.828508653473100765e+00
2.886300000000000000e+04 -7.052424331383022604e-01 -4.936200457369572803e-01 3.858139701718499737e+00
2.940400000000000000e+04 -2.749283618262516882e+00 3.307785808796245064e+00 2.442079347335358364e+00
2.886700000000000000e+04 -2.521172180730587797e+00 2.027508697413212602e+00 2.517802911247351005e+00
2.943800000000000000e+04 -2.631280522946980227e+00 2.365464583540198618e+00 3.683293533132228958e+00
2.962700000000000000e+04 8.582364740493062527e-01 6.383731531180849572e-01 2.796242673627190811e+00
2.944100000000000000e+04 4.930697286888303665e-01 1.006908294888546607e-01 3.092051355097410692e+00
2.888100000000000000e+04 -3.727601755179890120e-01 1.258893693946877335e+00 3.388045064951633378e+00
2.942900000000000000e+04 4.769697804471988434e-01 8.564296207008936790e-02 3.900135706552354975e+00
2.887700000000000000e+04 -1.120423966323819798e+00 1.176325337115233793e+00 2.905933458813635184e+00
3.035100000000000000e+04 1.092149663907726165e+00 7.730428433829814594e-01 2.760989307892067757e+00
3.034300000000000000e+04 -5.529156289983916395e-01 -3.097463031435346181e+00 -1.309559672424839505e+00
2.929100000000000000e+04 -1.139422027693356654e+00 -2.731952645114549938e+00 -6.727824984539196862e-01
2.932200000000000000e+04 1.232623899779376586e+00 -3.104304778117278119e+00 -1.677693174119575303e+00
2.888200000000000000e+04 1.353214130519546643e+00 -2.659365849946038196e+00 -1.530062479990654367e+00
2.940000000000000000e+04 1.073053260826192457e+00 6.397747754090019612e-01 2.860247411279694063e+00
2.930900000000000000e+04 5.274195453726804317e-01 -5.072876130290850938e-01 4.674434230228129650e+00
2.928900000000000000e+04 -2.414315178240421744e+00 2.403588283324797459e+00 5.115769033500590979e+00
2.897100000000000000e+04 -1.277795753196642181e-02 -8.218353200615169385e-02 4.449644681808223368e+00
2.930400000000000000e+04 -2.952791086630881523e-01 6.734232866495659664e-02 5.361786774751593043e+00
2.929000000000000000e+04 -1.124290282630191484e+00 7.346013365436014908e-01 4.892816555892757435e+00
2.932600000000000000e+04 -4.058577140741618905e+00 2.542995762341623944e+00 7.656062638969594047e+00
2.889000000000000000e+04 1.813056549171889742e-01 -3.083957824220284749e-01 6.890997494777813870e+00
2.923300000000000000e+04 1.813056549171889742e-01 -3.083957824220284749e-01 6.890997494777813870e+00
2.926800000000000000e+04 -8.364430999257876920e-03 -3.445708005509150240e+00 -4.074152757478017861e+00
2.926700000000000000e+04 4.354960610312517133e-01 -2.564367860390344589e+00 -3.200822345372323241e+00
2.923100000000000000e+04 3.380490545737018238e-01 -2.397031596122761954e+00 -3.199438489343677361e+00
2.876100000000000000e+04 1.158848334274900083e+00 -2.369608583066920460e+00 -2.652592276794301540e+00
2.934000000000000000e+04 1.728775525574647531e+00 -2.336240585271802672e+00 -3.018051748677322621e+00
2.899200000000000000e+04 7.044005346987916028e-01 -1.295392310437716077e+00 -5.758254385691948585e+00
2.890400000000000000e+04 -3.906506034068755184e-01 -8.299362551063538262e-01 -5.347569794011342026e+00
2.890300000000000000e+04 7.124571563267068086e-01 -1.064991899089680061e+00 -4.855609992282204246e+00
2.893900000000000000e+04 2.800575386818763945e+00 -5.842181004742421635e-01 -4.817308685365574661e+00
2.897800000000000000e+04 7.818848925002583883e-01 -3.125296720678282014e+00 -1.933778503316773367e+00
3.034500000000000000e+04 8.376190979979156737e-01 -3.069787420108646359e+00 -1.651035745566332480e+00
2.888400000000000000e+04 8.376190979979156737e-01 -3.069787420108646359e+00 -1.651035745566332480e+00
2.932300000000000000e+04 6.235399671703376612e-01 -2.621936489395267245e+00 -2.839974353982341881e+00
3.012400000000000000e+04 1.753479095955803757e+00 -2.866186565662300012e+00 -3.258431933489205790e+00
2.959600000000000000e+04 1.640362224430056415e+00 -3.011497748360586257e+00 -3.237323313799649327e+00
2.881500000000000000e+04 1.282621468500131812e+00 -2.984307676631289041e+00 -2.817223314496487774e+00
2.878500000000000000e+04 -3.499631622634851169e-01 -2.005760326727781262e+00 -4.377023377350795386e+00
2.941700000000000000e+04 -1.195636536918925685e+00 -1.865554593952300166e+00 -4.705518182286091644e+00
2.879300000000000000e+04 4.310409566373813561e+00 -1.154156554130018719e+00 -4.031487257982249162e+00
2.887000000000000000e+04 3.478033347552134558e+00 -8.533292268892473942e-01 -3.897994759250515528e+00
2.886600000000000000e+04 9.512153101635334451e-01 -9.625402792517618877e-01 -3.835031921632975127e+00
2.881100000000000000e+04 1.151800512748323513e+00 -2.101171856488928569e+00 -3.517132918564790600e+00
2.942100000000000000e+04 2.594231006997688382e+00 -5.545412744393409810e-01 -4.186756409561240844e+00
2.821300000000000000e+04 2.101180965862759820e+00 -1.847125685369043424e+00 -3.412393400479892591e+00
2.880600000000000000e+04 1.592892834548592873e+00 -2.255050662380629234e+00 -3.390656728659081409e+00
2.880400000000000000e+04 1.374532666657721336e+00 -2.363924851143082151e+00 -1.894580350971530436e+00
2.876000000000000000e+04 2.068303184878487855e+00 -3.418379934986941038e+00 -7.329794961993272295e-01
2.875700000000000000e+04 2.263279223999347778e+00 -3.119805072202009200e+00 -4.985086748671037071e-01
2.941800000000000000e+04 2.890199179929027196e-01 -2.076263894730026038e+00 -4.325349966454339778e+00
2.886900000000000000e+04 -4.208610557025096455e-01 -1.030832748341776295e+00 -3.854291989941124541e+00
2.941200000000000000e+04 7.693635621968795135e-01 -1.651331561824427752e+00 -3.181280119514255489e+00
2.878600000000000000e+04 8.014561772215316182e-01 -2.124611729134564087e+00 -3.092211967245162896e+00
2.887200000000000000e+04 -9.924667569793186317e-01 -1.830309898509103306e+00 -3.393253976633104685e+00
2.961400000000000000e+04 -1.953023911239100130e-01 -4.863641931946958152e-01 -2.892814864859040824e+00
2.940800000000000000e+04 2.006123694135197866e-02 -1.297912948295167013e+00 -2.601188647529006914e+00
2.941300000000000000e+04 3.908722626101948094e-01 -1.609646694666935218e+00 -2.571565679686834471e+00
2.940200000000000000e+04 8.367170716905647510e-01 -1.622344984961173964e+00 -2.431642634372160217e+00
2.936800000000000000e+04 -4.454491152589739045e-01 -6.932836438068328277e-01 -2.390170653413854041e+00
2.925900000000000000e+04 2.678926697078331642e+00 -6.001788482560144189e-02 -3.383244765369774143e+00
2.878700000000000000e+04 1.452778662125517428e+00 1.135765534507029884e+00 -2.877096698163676081e+00
2.878900000000000000e+04 1.064872184877607708e+00 6.717104888196097079e-01 -3.732026016758482001e+00
2.931400000000000000e+04 1.973872553410885189e+00 -2.250891067525522260e-01 4.131795266400949629e+00
2.932500000000000000e+04 1.156298835770904532e+00 4.868581012168036182e-01 -2.415520061935204410e+00
2.940100000000000000e+04 1.156298835770904532e+00 4.868581012168036182e-01 -2.415520061935204410e+00
2.929600000000000000e+04 2.542673584345628512e+00 1.084950459265328959e+00 -2.252816817288447737e+00
2.929900000000000000e+04 2.443177917658729825e+00 -1.256781707035091955e+00 2.320775013185070179e+00
2.943600000000000000e+04 -3.483950172264940193e-01 -8.074133270092893611e-01 -1.977876949835611242e+00
2.878300000000000000e+04 -3.483950172264940193e-01 -8.074133270092893611e-01 -1.977876949835611242e+00
2.901400000000000000e+04 -3.824936361539599261e-01 -2.586043475359964816e-01 -1.723936689904768116e+00
2.941900000000000000e+04 4.514647081036429199e-01 -2.211453431073049813e+00 -1.609311936707619850e+00
2.943000000000000000e+04 -4.089998348893288949e-01 -2.010548077827603919e+00 -1.614264411356089113e+00
2.898000000000000000e+04 6.111532562281851710e-01 -7.087090529848651954e-01 -1.457244598433653948e+00
2.898500000000000000e+04 -9.154250629529769867e-02 -1.896023948208711118e+00 -1.336395980146193097e+00
2.897000000000000000e+04 -8.211572851311359500e-01 -1.231112693511320799e+00 -2.023723034956226741e+00
2.901900000000000000e+04 -5.489453246795505947e-01 -7.482653426026075749e-01 -1.009592516530119610e+00
2.934400000000000000e+04 -3.789041862873006039e-01 -1.060972814724120639e+00 -8.445347495904584889e-01
2.895800000000000000e+04 7.460274001103641694e-01 -9.700224099910990105e-01 -5.266669290283587657e-01
2.893600000000000000e+04 -7.272154794583016724e-01 -5.775452056467038631e-01 -4.605558108532576966e-01
2.961100000000000000e+04 -1.163138194624920629e+00 -8.816902681980351986e-01 -2.200582614199717568e+00
2.922800000000000000e+04 5.411564092612906052e-01 -3.351742081273272333e-01 -9.849720330110045552e-02
2.926000000000000000e+04 1.646653261224187759e+00 -1.893086742904891651e+00 -1.975114942568950482e+00
2.943700000000000000e+04 2.765916565099907132e+00 -1.461524819389339314e+00 -1.729551231964180147e+00
2.959400000000000000e+04 3.030517075809569860e+00 -4.947083872119186765e-01 -1.744797392536227676e+00
2.897400000000000000e+04 1.352795166476212785e+00 -1.156626577249287635e+00 -1.309677289145383838e+00
2.927500000000000000e+04 2.229358541148592110e+00 -1.080902611154925808e+00 -1.246685190198682847e+00
2.901500000000000000e+04 3.372952346394022527e+00 1.368716150740267423e+00 2.263141348282502463e-01
2.943100000000000000e+04 3.382814282174486209e+00 4.548260107638029126e-01 9.697060336981877526e-02
2.900000000000000000e+04 3.914661667308102722e+00 -1.669443301376567490e-01 3.350971371754098982e-01
2.894400000000000000e+04 3.914661667308102722e+00 -1.669443301376567490e-01 3.350971371754098982e-01
2.943200000000000000e+04 4.403695321123912265e+00 1.125960726488486330e-01 9.465576913609368148e-01
2.886400000000000000e+04 2.673977364901396925e+00 -2.184979550593268982e-02 -2.453658130888030087e-01
2.959700000000000000e+04 4.746414160053618048e-01 -9.063517311603384030e-01 2.263488767357486608e-01
2.959300000000000000e+04 3.950875622284755195e-01 -6.844151382124401550e-01 2.807729153125535504e-01
2.878400000000000000e+04 3.950875622284755195e-01 -6.844151382124401550e-01 2.807729153125535504e-01
2.879000000000000000e+04 9.485237567987354623e-01 -5.402559790297836173e-01 2.936516747575197428e-01
2.896800000000000000e+04 2.986866978425055663e-01 -1.067585940352969942e+00 3.907110066598207254e-01
2.934200000000000000e+04 -8.783166384308316310e-02 -6.010945953749846637e-01 3.924519658848666381e-01
2.927300000000000000e+04 4.729758518512241494e-01 -1.095605209637138699e+00 1.031379972402937995e+00
2.932900000000000000e+04 9.510462848709266837e-02 -4.784537912272028848e-01 1.346117008965109108e+00
2.932700000000000000e+04 2.083990463518254899e+00 -1.210359700266504746e+00 1.769396023322613587e-01
2.888700000000000000e+04 2.848604840514994407e+00 -1.465075292560662490e+00 1.672460957107333002e+00
2.893700000000000000e+04 7.143729201550783614e-01 7.205459019786317754e-01 3.122821047011754558e-01
2.896600000000000000e+04 -2.315203793896642992e-01 -3.679346569741781536e-02 8.361727789050164006e-01
2.931900000000000000e+04 2.229358541148592110e+00 -1.080902611154925808e+00 -1.246685190198682847e+00
2.931700000000000000e+04 2.316340820196401751e+00 -2.007183574132024972e+00 -9.900387041205434002e-01
2.931000000000000000e+04 3.094472435015987344e+00 -1.804333376698618707e+00 -3.659057500368234628e-01
2.886500000000000000e+04 1.122562835612292531e+00 -1.093951840682152010e+00 -2.416012329235854850e-01
2.940600000000000000e+04 2.055353444120356698e+00 -7.662483574212650694e-01 -1.084789356855253573e-01
2.961900000000000000e+04 -2.115774949098536695e-01 1.400496928956135534e+00 -1.651535813470530911e+00
2.941400000000000000e+04 -2.115774949098536695e-01 1.400496928956135534e+00 -1.651535813470530911e+00
2.942600000000000000e+04 -8.626899148901969738e-01 1.757697136039489294e+00 -1.923955714203053446e+00
2.884000000000000000e+04 2.250721035177036811e-01 -7.901449218965694854e-02 -9.170167391340058316e-01
2.879200000000000000e+04 -8.506350926347394648e-01 1.628253957647984862e-02 -2.621888587280380989e-01
2.940500000000000000e+04 3.486370530748359897e+00 1.210613941343106958e+00 -1.581886411324276764e+00
2.939700000000000000e+04 4.502208754741737096e+00 9.816773040839947839e-01 -1.506232179502788426e+00
2.942300000000000000e+04 3.180180865035410420e+00 1.141457535040347082e+00 -2.123403206865113191e+00
2.878800000000000000e+04 1.633967449081509926e+00 7.022937456711630944e-01 -1.713376734259441037e+00
3.012100000000000000e+04 2.661880173021181406e+00 9.423979336470971191e-01 -1.352300112567931478e+00
2.929200000000000000e+04 1.199839761797278470e+00 1.441719866545751572e+00 -1.533907747836721569e+00
2.937400000000000000e+04 2.184834265990829749e+00 2.770445448028588942e-01 -8.712846520924699689e-01
2.889100000000000000e+04 1.268453991027286065e+00 1.673605131687763148e+00 -3.028713374559544036e-01
2.943400000000000000e+04 -1.083473388506746460e+00 -2.426654151284328265e+00 -5.889238805954136069e+00
2.962400000000000000e+04 -1.077670533333119351e-01 -1.602249847526238113e-02 -5.012900592666646560e+00
2.957800000000000000e+04 7.023293402589985135e-01 2.568150652693894642e-01 -5.064134343750154699e+00
2.962500000000000000e+04 -1.067605518736769454e+00 1.035456909784278068e+00 -5.528394394212170937e+00
2.960000000000000000e+04 3.613521810375061705e+00 -1.386677775014888425e-02 1.565624049237875681e+00
2.960100000000000000e+04 3.169372145974314492e+00 2.043582616151233822e-01 4.237806083858330908e-01
2.960300000000000000e+04 3.036958312344800959e+00 6.093474575833717211e-01 1.091006534743073075e-01
2.930600000000000000e+04 1.639746534469878725e+00 1.055474146260397816e+00 7.252765831809782071e-01
2.940900000000000000e+04 2.056505866568905105e+00 2.946675665301512481e-02 7.324890247735993398e-01
2.957900000000000000e+04 -9.576604835572339880e-01 3.963551319891038816e-01 -4.837404661600132272e+00
2.937000000000000000e+04 3.800211011865783917e-01 -1.234566246612551765e-01 -4.802069644596201670e+00
2.932400000000000000e+04 -1.065261057501906805e+00 8.826835267449855138e-01 -6.214371118355643375e+00
2.935400000000000000e+04 2.955610215803496033e+00 -9.564778320160094438e-01 2.532202622665707281e+00
3.012000000000000000e+04 2.431246743609506211e+00 -7.066307492406345148e-01 3.313709761327629622e+00
2.898100000000000000e+04 9.643912596304247131e-01 -2.434128242756585792e-01 3.041142619606439723e+00
2.769700000000000000e+04 6.807527600157854408e-01 -1.849420118767017840e+00 -1.379827284607486604e+00
3.049600000000000000e+04 -3.807375247270456953e-01 -2.341872304192602172e+00 -5.197813690809837794e+00
3.049700000000000000e+04 1.173804162421795638e+00 -8.997743915134037707e-01 4.212084453267777917e+00
2.897500000000000000e+04 3.005641561094087422e+00 4.983690477482713987e+00 -4.322281556799651980e-01
2.880700000000000000e+04 2.048359919962656761e+00 5.016004936200193498e+00 -6.761636874281862220e-02
2.939800000000000000e+04 2.090593325373156119e+00 4.714926028767351340e+00 1.227839962469602142e+00
2.935900000000000000e+04 1.980520857623794484e+00 5.216595863322291748e+00 1.633875417739723446e+00
2.942200000000000000e+04 2.329836893578445256e+00 4.934306486327374230e+00 1.698172851919807158e+00
2.926500000000000000e+04 2.181461594668789417e+00 -2.019086607163696812e+00 -3.319041500353378638e+00
2.923200000000000000e+04 1.569050021165004694e+00 -2.223072063681986066e+00 -3.247762501004459068e+00
2.962200000000000000e+04 2.505338414704894490e+00 -1.541042239293268779e+00 -3.218799665398670129e+00
2.943300000000000000e+04 2.505338414704894490e+00 -1.541042239293268779e+00 -3.218799665398670129e+00
2.939600000000000000e+04 1.827637855519007815e+00 -8.607982858268492521e-01 -2.769022630095918203e+00
2.942400000000000000e+04 1.499906768650184574e+00 -1.797703211935221645e+00 -2.558758473208897044e+00
2.942800000000000000e+04 -5.919525837020387371e-01 2.478127191827859122e-01 -3.977617495443531936e+00
2.882300000000000000e+04 6.916128659352196451e-01 5.830466500576179101e-01 -2.325017812836406961e+00
2.940700000000000000e+04 3.718194147757657220e+00 1.589725720334536518e+00 -2.808934255957204584e+00
2.936700000000000000e+04 9.593178063267870925e-01 2.865295384732142736e-01 -3.830469753347166773e+00
2.936400000000000000e+04 1.999194023880541238e+00 3.581005339056060777e+00 -3.684842026716310670e-01
2.941500000000000000e+04 2.754454092479740268e+00 2.439170535751454594e+00 -3.835698052860507801e+00
2.766200000000000000e+04 2.593545959701245351e+00 2.094586174326954264e+00 -3.157591928877948817e+00
2.927600000000000000e+04 1.452440584729579598e+00 2.415598983000302624e+00 -2.423769959060216195e+00
2.939900000000000000e+04 3.159053542241132106e+00 2.875077436327593716e+00 -4.644865890691534105e-01
3.020200000000000000e+04 1.833778333382447556e+00 4.077233778433690503e+00 3.655080615079100426e-01
2.936500000000000000e+04 2.340213558797501037e+00 3.799472105520383280e+00 1.091755418138966149e+00
2.894600000000000000e+04 1.592892834548592873e+00 -2.255050662380629234e+00 -3.390656728659081409e+00
2.940300000000000000e+04 -4.076591211055102804e-01 -1.173327693643216207e+00 -1.823414975514623393e+00
2.901000000000000000e+04 -2.343231285548057485e-01 -4.897019816329475361e-01 -1.726148279484490899e+00
2.897900000000000000e+04 -1.453164328539003236e+00 2.866729396076230785e-01 1.485817792657250891e+00
2.930200000000000000e+04 -1.404182109568132830e+00 5.330975969280515869e-01 1.726476896063743993e+00
2.958000000000000000e+04 -2.102779595793670353e+00 3.558083506911238203e-01 -1.677423111785621757e+00
3.019800000000000000e+04 -1.267045202711997831e+00 5.976718623037768907e-01 -1.417162378011042279e+00
2.937800000000000000e+04 -2.972143046018430823e+00 1.616615127626198856e+00 -1.355797784618751223e+00
2.893800000000000000e+04 -1.620792901899328342e+00 1.751759659037645633e+00 -1.078369124453104178e+00
2.941000000000000000e+04 -1.246435026699785453e+00 1.257355384892406391e+00 -7.927540289901457982e-01
2.933500000000000000e+04 -1.246435026699785453e+00 1.257355384892406391e+00 -7.927540289901457982e-01
2.959900000000000000e+04 -1.554622558933992593e+00 1.598129025911040557e+00 -6.943716903262497908e-01
3.058400000000000000e+04 -2.393067823881700917e+00 5.633635863840709135e-01 -4.587478029037228566e-01
2.922900000000000000e+04 -1.243862992235634124e+00 1.181395877408750295e+00 -3.588093799246010462e-01
2.941600000000000000e+04 -3.760287665463422968e+00 -6.728982244975618698e-01 1.607413241101212975e+00
2.880200000000000000e+04 -3.316811641027470614e+00 -1.276773105856300106e+00 1.818453073543835785e+00
2.881300000000000000e+04 -2.351936640861829630e+00 -1.786176788569569851e+00 7.421928966354798263e-01
2.887800000000000000e+04 -2.537465219000509364e+00 -1.179935249458736735e+00 7.813536980119906161e-01
3.035400000000000000e+04 -3.771821708547676621e+00 9.730348188490722805e-02 1.506356066761121326e+00
2.886800000000000000e+04 -2.042809083460490172e+00 7.987913435395839201e-01 -7.319281795825816062e-02
2.881400000000000000e+04 -1.332716544843684403e+00 1.047943518926675921e+00 1.918933341507056412e-03
2.881200000000000000e+04 -1.381675183530028050e+00 6.551866061205089409e-01 9.640677874597542996e-01
2.943500000000000000e+04 -2.444268461033928475e+00 1.186601175540205944e+00 9.852166868755176665e-01
2.887300000000000000e+04 -1.931608275462714630e+00 1.481582122078606290e-01 1.036876291593742394e+00
2.874800000000000000e+04 -2.115116393629648428e+00 -1.893582103231707947e-01 -1.167377120338620955e+00
2.852000000000000000e+04 -2.095953482982608307e+00 -6.582012278232980407e-01 -7.624852655006293389e-01
2.888900000000000000e+04 -2.171708198655849742e+00 -1.272417080153751101e+00 -5.965998417469933202e-01
2.820000000000000000e+04 -2.911537112793197934e+00 -1.442010401104905526e+00 -5.130388973375730188e-01
3.032400000000000000e+04 -2.222899382397855561e+00 -4.313400502866961972e-01 -4.875991662556629080e-01
2.875800000000000000e+04 -2.222899382397855561e+00 -4.313400502866961972e-01 -4.875991662556629080e-01
2.855400000000000000e+04 -1.881270220751062539e+00 9.948079484197904776e-01 1.388088480924629664e+00
2.942000000000000000e+04 -1.670849848384605707e+00 -1.414613869595694240e+00 -3.398973067610654653e+00
2.898900000000000000e+04 -1.303310216819468792e+00 -7.101149233113943637e-01 -2.427459697561459961e+00
2.892800000000000000e+04 -2.049220244303505467e+00 -6.407420884051617804e-01 -2.248753328390343142e+00
2.888800000000000000e+04 -1.285309468483035289e+00 1.467475056946305756e-01 -3.592910564881819369e+00
2.877100000000000000e+04 -2.062345982214409901e+00 -2.919061887434892810e+00 -2.575438481902480703e+00
3.036400000000000000e+04 -1.686368689100369522e+00 -2.832825312482949442e+00 -2.408955391407722857e+00
2.889400000000000000e+04 -4.165203979438146575e+00 -1.509226943382198982e+00 -2.889938130885830958e+00
3.035000000000000000e+04 -3.859683823134631098e+00 -5.087159545766546387e-01 -2.510658256412810374e+00
2.890500000000000000e+04 -2.671986145532819990e+00 -5.249980339395214912e-01 -3.872666667394369711e+00
2.944600000000000000e+04 -1.848729029412929492e+00 -3.736757956130212222e-01 -2.031168354885991789e+00
2.878200000000000000e+04 -1.764647324079227531e+00 -2.021301039765305063e+00 -1.392717442635564851e+00
2.888600000000000000e+04 -2.236970179879257614e+00 -4.106571702510279920e-01 -1.371043490767220874e+00
2.944400000000000000e+04 -1.495588184921594177e+00 -6.536344973047185647e-01 -1.272183361952706093e+00
2.888000000000000000e+04 -2.706628436281668826e+00 7.532356975761729245e-01 -2.506364597472121147e+00
2.880900000000000000e+04 -1.365835108835774747e+00 2.262287356845718023e-01 -2.312174996596915832e+00
2.888300000000000000e+04 -1.301875450602324236e+00 -2.703508849972369177e+00 -1.776268738788893131e+00
2.880500000000000000e+04 -3.246347473649272786e+00 -2.530215909181702472e+00 -1.035838900708185406e+00
2.942700000000000000e+04 -3.042098245739090601e+00 -6.479033965968277187e-01 -1.704624425374390739e+00
2.875500000000000000e+04 -2.937302434870879608e+00 -6.988658243084486799e-01 -1.418479161319226023e+00
2.881600000000000000e+04 -2.556204548130729393e+00 -1.073097510978961111e+00 -2.146140974332901408e+00
2.876400000000000000e+04 -1.957989994631660124e+00 -8.912786032396020630e-01 -2.150426561630993660e+00
2.819800000000000000e+04 -1.800205620034617482e+00 -5.281810074128152621e-01 -1.955307322591885111e+00
2.887600000000000000e+04 -2.410246591949537276e+00 -1.451372771896600966e+00 -1.878293824856463345e+00
2.880800000000000000e+04 -2.347544481485833501e+00 -1.764022696945733770e+00 -1.555856145051933481e+00
