# star id 	 star_x_coords [pc] 	 star_y_coords [pc] 	 star_z_coords [pc] 
5.278500000000000000e+04 -3.634043811589391382e-01 2.654572714738669958e-01 -2.138328615194346582e+00
5.331800000000000000e+04 -8.560052377027216330e-01 -3.944991218632623031e-01 -1.875935390003279579e+00
4.509100000000000000e+04 -1.081065161542642761e+00 7.209904570736114238e-02 -2.368038762209028647e+00
2.831200000000000000e+04 -1.816722021534511455e-01 5.674963530906858011e-01 -1.272960191807120722e+00
5.548800000000000000e+04 1.044756675845698091e+00 1.327150590198506563e+00 -1.359541496997486831e+00
7.870000000000000000e+03 -8.108694579548849646e-01 9.828332568741515729e-02 -9.815191189921073089e-01
5.548400000000000000e+04 8.332840083017241106e-01 -3.655811495718310766e-01 -7.850397286919523765e-01
5.331900000000000000e+04 9.003194552111879467e-01 3.813952095415977794e-01 -6.507667330127162586e-01
2.831100000000000000e+04 9.003194552111879467e-01 3.813952095415977794e-01 -6.507667330127162586e-01
1.797400000000000000e+04 -1.329944460248218441e+00 3.500425206792705524e-01 -6.116167565791830185e-01
5.341200000000000000e+04 -1.392980823361475329e+00 1.342969582943677409e+00 -5.337754879493932236e-01
5.405500000000000000e+04 -3.381880009431137424e-01 -7.190341254763765733e-02 2.726107730672691076e-01
5.348800000000000000e+04 -3.381880009431137424e-01 -7.190341254763765733e-02 2.726107730672691076e-01
5.369700000000000000e+04 1.614116781542136003e+00 1.141140774034795413e+00 4.411635024924258630e-01
5.300400000000000000e+04 1.975201244127442024e+00 5.857639756829264854e-01 6.216317677637306360e-03
5.334400000000000000e+04 -2.342040623161212309e-02 1.717942496517228079e+00 -1.800918641852433666e-02
5.219400000000000000e+04 -1.320882635565310270e+00 -2.946597936665682482e-01 3.389424323977952014e-01
5.442300000000000000e+04 -1.562360995613980341e+00 2.447179689499918709e-01 4.091249239442955599e-01
5.334500000000000000e+04 1.595204215767207501e+00 -8.839635814356725518e-01 -8.718594157818078116e-01
5.341300000000000000e+04 1.595204215767207501e+00 -8.839635814356725518e-01 -8.718594157818078116e-01
5.425500000000000000e+04 -4.385484097477778676e-01 -7.442433911179335837e-01 -4.216220857510197817e-01
5.325800000000000000e+04 1.123297433728707162e-01 -1.484782327404772673e+00 1.264327405667245330e+00
5.387800000000000000e+04 3.913799863306546278e-01 -1.455484127515127568e+00 1.953717343453208244e+00
5.549900000000000000e+04 -5.784626884544232794e-01 -8.796302560776787516e-01 2.112931323657319282e+00
5.387700000000000000e+04 3.854507403350702077e-01 -6.375474030049517182e-01 8.551896961590781387e-01
1.073200000000000000e+04 1.526879634234553862e+00 -3.894679110904384345e-01 2.797604847361050417e-01
5.300300000000000000e+04 -1.151760118513625031e-01 9.271064970780713566e-01 8.344151643835431287e-01
5.341100000000000000e+04 -1.077096790941582727e+00 -7.110187518649624394e-02 1.646525633936546384e+00
5.403000000000000000e+04 -6.528544192374856614e-01 -2.256302201159492427e-01 1.657835649935332611e+00
4.602400000000000000e+04 -4.133260736930397528e-01 -5.485992571631328474e-01 3.066267695693516870e+00
