# star id 	 star_x_coords [pc] 	 star_y_coords [pc] 	 star_z_coords [pc] 
1.319400000000000000e+04 -2.394688556332340568e-01 -1.512354158904558155e+00 -1.000560564228038629e+00
1.326200000000000000e+04 3.859806254941702264e-01 -9.441706809895986652e-01 -8.313377863923889777e-01
1.316400000000000000e+04 2.695849176083129350e-01 -1.006170024072388536e+00 -6.393237897015708882e-01
1.317600000000000000e+04 1.083749098440463854e+00 3.018166115524243409e-01 -3.251745746041478924e-01
1.319900000000000000e+04 4.663703308799753700e-01 -5.435880258049285985e-01 1.212379061745203046e+00
1.320200000000000000e+04 3.619459651903085273e-01 -7.908262340761762488e-01 2.510851788657646466e-01
1.317800000000000000e+04 5.839883816702524655e-01 1.158889063852685197e+00 1.139897592122871117e+00
1.313400000000000000e+04 5.839883816702524655e-01 1.158889063852685197e+00 1.139897592122871117e+00
1.317000000000000000e+04 -2.222022510039707299e-01 -9.523437135247370122e-02 -1.148624151974118490e+00
1.316700000000000000e+04 -9.466708456194439236e-01 1.487899066321891173e+00 5.437919084077904586e-01
1.319100000000000000e+04 -1.435496196986250084e-01 -6.212433235589767122e-01 -8.386835707043331922e-01
1.319000000000000000e+04 -1.821919015572959211e-01 1.060239598567533470e+00 -7.195387686729830534e-01
1.318600000000000000e+04 -9.993509331331722478e-01 4.576012360075321084e-02 4.793735360177464599e-02
1.321800000000000000e+04 -4.998487012133949747e-01 2.793321843166927110e-01 4.490584447688661385e-02
1.321900000000000000e+04 -4.904691899631785645e-02 -9.650247418156521206e-02 7.602998277462091892e-02
1.314300000000000000e+04 -4.904691899631785645e-02 -9.650247418156521206e-02 7.602998277462091892e-02
1.324600000000000000e+04 -3.170746978073424316e-01 3.404156078025453169e-01 -3.329031400965050125e-01
1.321600000000000000e+04 1.582816441608514424e-02 -4.259318253556187983e-02 -1.468408571266834883e-01
1.319200000000000000e+04 1.582816441608514424e-02 -4.259318253556187983e-02 -1.468408571266834883e-01
1.316900000000000000e+04 1.582816441608514424e-02 -4.259318253556187983e-02 -1.468408571266834883e-01
1.314400000000000000e+04 6.205472600730388422e-02 1.669913185283364854e-01 -2.343867306382421134e-01
1.314500000000000000e+04 -1.107555030730154044e-01 2.419333083887797997e-01 -1.352234119772575127e-01
1.312200000000000000e+04 2.324861367925024069e-02 3.580787688971192040e-01 1.190578150480305908e-01
1.323400000000000000e+04 2.324861367925024069e-02 3.580787688971192040e-01 1.190578150480305908e-01
1.313200000000000000e+04 -2.609267613765098304e-02 4.298761567936537631e-02 1.369208620837980561e-01
1.318300000000000000e+04 5.110665261268110271e-02 4.358382702806995468e-01 1.644368329326297840e-01
1.315500000000000000e+04 5.110665261268110271e-02 4.358382702806995468e-01 1.644368329326297840e-01
1.321100000000000000e+04 -6.344421105238353675e-01 7.238677743975268086e-01 -2.050147737773784229e-01
1.312400000000000000e+04 -2.098910771587227941e-01 -2.745485170416834819e-01 -3.685567050679736667e-01
1.313800000000000000e+04 1.808655192403989531e-01 -3.389131651564367687e-01 -2.985889576588505179e-01
1.325700000000000000e+04 5.305261687662721215e-02 -2.105891869784421999e-01 -3.964253784867253216e-01
1.323000000000000000e+04 -2.006428819189665091e-01 -1.232843819971627397e-01 -3.201661785094245261e-02
1.318500000000000000e+04 -1.172841604553198636e-01 -3.484805537416866272e-01 -2.606309928199124215e-02
1.314000000000000000e+04 1.842337938322557989e-01 -1.883404441730602841e-01 -1.543866315235931097e-02
1.317100000000000000e+04 1.842337938322557989e-01 -1.883404441730602841e-01 -1.543866315235931097e-02
1.312600000000000000e+04 -1.265034136931575404e-02 -4.037391198135233950e-01 1.812807500500142055e-01
1.318200000000000000e+04 -1.265034136931575404e-02 -4.037391198135233950e-01 1.812807500500142055e-01
1.314700000000000000e+04 5.395447054209938642e-01 -8.233955259797198778e-02 3.318840379407745900e-01
1.314800000000000000e+04 -9.069577507809967187e-01 4.671584997723225996e-01 2.668702188178002643e-01
1.314900000000000000e+04 -5.840446467841715616e-01 2.630416815768450434e-01 6.284596881539670221e-01
1.320100000000000000e+04 -2.227397697658872744e-01 -8.726644159340590789e-02 3.420761680650201697e-01
1.324700000000000000e+04 1.120957252614473987e-01 2.810717506214670536e-01 3.692376708940159347e-01
1.313900000000000000e+04 -5.225476299031583949e-02 1.058120909550730460e-01 2.612038513498475822e-01
1.312700000000000000e+04 -5.225476299031583949e-02 1.058120909550730460e-01 2.612038513498475822e-01
1.327600000000000000e+04 2.655539954062646757e-03 2.505927815930952818e-03 3.085577307647255907e-01
1.311800000000000000e+04 8.530666545203544615e-01 -5.688365566444080201e-01 -4.513210677440397944e-01
1.315700000000000000e+04 -4.105061020085187806e-01 -1.839317495008208070e-01 4.469853021265706161e-01
1.315800000000000000e+04 -3.268332245121285951e-02 -1.214636240981592508e-01 2.526667948582002055e-01
1.315200000000000000e+04 -1.271436037048374601e-01 1.165953786149646731e+00 3.933402898271580739e-01
1.315100000000000000e+04 3.882840663553253080e-01 -3.564623283291528111e-01 -2.553373275219641414e-01
1.317700000000000000e+04 3.882840663553253080e-01 -3.564623283291528111e-01 -2.553373275219641414e-01
1.318400000000000000e+04 2.406357697366061643e-01 -4.585511876325147895e-01 -2.475470536601278582e-01
1.314100000000000000e+04 2.406357697366061643e-01 -4.585511876325147895e-01 -2.475470536601278582e-01
