# star id 	 star_x_coords [pc] 	 star_y_coords [pc] 	 star_z_coords [pc] 
1.087000000000000000e+03 -1.163525718510811657e-01 3.144568275643662147e-01 -3.321688467596999317e-01
1.086000000000000000e+03 -1.163525718510811657e-01 3.144568275643662147e-01 -3.321688467596999317e-01
1.085000000000000000e+03 -1.163525718510811657e-01 3.144568275643662147e-01 -3.321688467596999317e-01
1.088000000000000000e+03 5.817628633955607143e-02 -1.572284135793928783e-01 1.660844231921601022e-01
1.083000000000000000e+03 5.817628633955607143e-02 -1.572284135793928783e-01 1.660844231921601022e-01
9.897000000000000000e+03 5.817628633955607143e-02 -1.572284135793928783e-01 1.660844231921601022e-01
9.896000000000000000e+03 5.817628633955607143e-02 -1.572284135793928783e-01 1.660844231921601022e-01
9.895000000000000000e+03 5.817628633955607143e-02 -1.572284135793928783e-01 1.660844231921601022e-01
1.084000000000000000e+03 5.817628633955607143e-02 -1.572284135793928783e-01 1.660844231921601022e-01
