# star id 	 star_x_coords [pc] 	 star_y_coords [pc] 	 star_z_coords [pc] 
2.774000000000000000e+04 -4.264158197797005556e-01 1.007587645559695488e-01 -2.885509242551114184e-01
2.773900000000000000e+04 -4.264158197797005556e-01 1.007587645559695488e-01 -2.885509242551114184e-01
2.773800000000000000e+04 -4.264158197797005556e-01 1.007587645559695488e-01 -2.885509242551114184e-01
2.236900000000000000e+04 9.364326896972894332e-01 1.526617312028228923e-01 1.300649796251560630e-01
2.900400000000000000e+04 -8.396191891663402629e-01 -3.654122354707762810e-01 -2.735310908721144685e-01
3.368200000000000000e+04 -1.205201621925056088e-02 2.800032202426780970e-01 3.975457563470801148e-01
3.368100000000000000e+04 -1.205201621925056088e-02 2.800032202426780970e-01 3.975457563470801148e-01
3.368000000000000000e+04 -1.205201621925056088e-02 2.800032202426780970e-01 3.975457563470801148e-01
2.912500000000000000e+04 1.218590011440397802e+00 -9.295354481249518130e-01 -1.835183874010155591e-01
