# x(pc), y(pc), z(pc),radii at birth (pc), particle tag
-7.061351114298255993e+01 1.444433061726386427e+02 -2.192832585618218033e+01 1.522149174754327428e+00 1.004400000000000000e+04
7.368747838603645128e+00 1.565742746564898766e+02 7.997927149116974022e+01 1.353972235864505436e+00 6.000000000000000000e+00
5.674878679909047463e+01 1.508829851036018397e+02 1.128232282016373773e+02 1.522149174754327428e+00 1.282800000000000000e+04
3.931766973491688333e+01 1.561070053673062148e+02 1.098429904314706107e+02 2.431347568918668767e+00 1.208900000000000000e+04
4.652343737092397902e+01 7.756003216703874159e+01 9.540525159608334604e+01 1.923765499111181665e+00 4.494000000000000000e+03
7.441159714949185400e+01 1.288952167369910740e+02 1.058905906218221418e+02 1.353972235864505436e+00 1.301100000000000000e+04
1.841701268765072541e+01 -6.078515906486255460e+01 4.169876431097056013e+01 1.071309222674815764e+00 2.370300000000000000e+04
4.793125456669830586e-01 -7.373207373181455182e+01 5.176620658773556016e+01 1.711215377120288705e+00 2.306000000000000000e+03
-1.726499277486317752e+01 -5.784557271361584441e+01 8.629538555677431333e+00 1.204376578785591123e+00 1.341100000000000000e+04
-9.425575470403716238e+00 -7.960904785075790357e+01 1.179164837277346933e+01 1.711215377120288705e+00 1.446200000000000000e+04
1.159703817587114649e+01 -5.944093658312722539e+01 3.245752731541976743e+01 1.204376578785591123e+00 8.510000000000000000e+02
-2.993865705827655765e-01 -5.888990986020919394e+01 1.106219752392173739e+01 1.353972235864505436e+00 3.088000000000000000e+03
3.433433550751944896e+00 -8.468687397924240656e+01 -1.968003823139870878e+00 1.522149174754327428e+00 2.041300000000000000e+04
9.129055313303609864e+00 -6.167926794309939709e+01 -1.795059925878229157e+00 1.353972235864505436e+00 2.522000000000000000e+03
1.245949724322061769e+01 -5.942481845021968923e+01 -8.857460468689991373e+00 1.204376578785591123e+00 3.010000000000000000e+03
-4.901237343791956746e+00 -6.014729280267395950e+01 -1.380800147452974524e+00 1.204376578785591123e+00 2.073100000000000000e+04
-3.178774300019784782e+00 -6.909025773311772411e+01 -4.339575461510162824e-01 1.522149174754327428e+00 2.009800000000000000e+04
-3.379285571159530654e+00 -7.191966611893633399e+01 -1.460769449265430886e+01 1.711215377120288705e+00 1.967700000000000000e+04
-1.360309264118552797e+00 -7.913836880998817946e+01 -4.474248005093373060e+00 1.711215377120288705e+00 1.410300000000000000e+04
-2.605768697523780375e+01 -6.582352523599644201e+01 -9.489219358806199267e+00 1.522149174754327428e+00 2.220300000000000000e+04
-2.813477682948510150e+01 -6.153736018931821405e+01 -2.603732125703501765e+01 2.162716479207014153e+00 1.874800000000000000e+04
-2.185858140101001013e+01 -5.839743259205221193e+01 -2.257036054890992816e+01 1.071309222674815764e+00 2.234900000000000000e+04
-2.440886017087751725e+01 -6.131741275562157512e+01 -3.814937891747676701e+01 1.071309222674815764e+00 1.741200000000000000e+04
1.431139130169194118e+01 -5.793205733153836690e+01 -4.053591709925428432e+01 1.923765499111181665e+00 1.694700000000000000e+04
3.140232541914642539e+01 -3.308810883383907964e+01 -4.573078960972505058e+01 1.353972235864505436e+00 9.465000000000000000e+03
2.748651424233272778e+01 -3.207589512517798624e+01 -3.833914367312760163e+01 1.711215377120288705e+00 1.785900000000000000e+04
4.612612514210709946e+01 -3.353066672740940390e+01 -4.055787794325208040e+01 1.522149174754327428e+00 1.805000000000000000e+04
4.851005280608242742e+01 -4.313187139553289029e+01 -3.965044445987192745e+01 1.522149174754327428e+00 1.994200000000000000e+04
4.816838479863115197e+01 -3.328790906193193422e+01 -2.994989042940877155e+01 1.711215377120288705e+00 1.757200000000000000e+04
5.067300502769428761e+01 -3.526829384008831880e+01 -3.100874780525693808e+01 1.204376578785591123e+00 1.847400000000000000e+04
1.966765655554109316e+01 -4.164559626489140243e+01 -2.663288207388361428e+01 1.204376578785591123e+00 3.292000000000000000e+03
4.572212988556672997e+01 -5.254818174172997658e+01 -1.804133426144420582e+01 1.353972235864505436e+00 2.086400000000000000e+04
4.648131865156435794e+01 -5.308373263584562096e+01 -1.385912772218129696e+01 1.353972235864505436e+00 2.121800000000000000e+04
4.477488599988205920e+01 -5.060057644015643774e+01 -1.401479985675401707e+01 1.071309222674815764e+00 2.140500000000000000e+04
3.511943844077435983e+01 -3.978940318479495630e+01 -2.768005870525702505e+01 1.204376578785591123e+00 2.097400000000000000e+04
4.711069099202208577e+01 -3.915369009025650371e+01 -2.176391863365951806e+01 1.353972235864505436e+00 2.061800000000000000e+04
4.969221240985260124e+01 -3.180503015400849876e+01 -2.329838800144458233e+01 1.522149174754327428e+00 1.772500000000000000e+04
4.498963153518985081e+01 -4.507881634165573104e+01 -2.375638262085552554e+01 1.071309222674815764e+00 2.105800000000000000e+04
4.847290155337239526e+01 -4.063721019070541729e+01 -2.468561558606107909e+01 1.353972235864505436e+00 2.030800000000000000e+04
4.913434345325584474e+01 -4.776170005774672234e+01 -1.736148349871424656e+01 1.204376578785591123e+00 2.112900000000000000e+04
4.478339302239059805e+01 -4.503472271996008658e+01 -1.744410054193760828e+01 1.204376578785591123e+00 2.132100000000000000e+04
4.747819148054163918e+01 -2.625262138619084595e+01 -1.324702840661205094e+01 1.711215377120288705e+00 1.817500000000000000e+04
1.739242419478041768e+01 -4.761448224472767166e+00 -2.619070510069235169e+01 1.711215377120288705e+00 2.373400000000000000e+04
2.501223659870820626e+01 -3.179942420041299300e+01 -1.637683747438771764e+00 1.353972235864505436e+00 1.531300000000000000e+04
2.369824931188258077e+01 7.125198330389014956e+00 -1.656334925411569614e+01 1.204376578785591123e+00 2.395900000000000000e+04
-1.636805030736600663e+00 -1.211801897172215536e+00 -4.791721828377016124e+01 1.353972235864505436e+00 8.820000000000000000e+03
1.321601332638992510e+01 5.688936773131390012e+00 -3.627415561847853809e+01 1.071309222674815764e+00 2.345500000000000000e+04
8.617190988555769593e+00 7.704398839127492238e+00 -4.187994941573371932e+01 1.522149174754327428e+00 2.329500000000000000e+04
-1.180017675759723694e+01 1.985701662343022811e+00 -4.220705982612899021e+01 1.711215377120288705e+00 1.474000000000000000e+03
2.423010650050114734e+00 -3.746448655109371373e+01 -5.214169756251225607e+01 1.071309222674815764e+00 1.504000000000000000e+04
-6.945015248601580371e-01 -1.921451509756072795e+01 -5.904830933977680019e+01 1.071309222674815764e+00 2.437400000000000000e+04
1.532569246892248316e+01 -3.739302160441092582e+01 -5.191695523399965140e+01 1.522149174754327428e+00 9.140000000000000000e+03
4.091137459493955575e+00 -2.029271415824286251e+01 -5.431522666935440213e+01 1.204376578785591123e+00 2.428800000000000000e+04
3.701907331181365723e+00 -1.959459291257142866e+01 -5.332195522339824834e+01 1.204376578785591123e+00 2.433300000000000000e+04
2.802669785171829187e+00 -1.262034340228518481e+01 -4.968891692540610450e+01 1.522149174754327428e+00 2.412000000000000000e+04
9.114000659926576375e+00 -4.914714354899515314e+01 -4.018093018596125177e+01 1.353972235864505436e+00 1.956300000000000000e+04
1.031803149249597773e+01 -3.900409602988268176e+01 -3.932691166681295414e+01 1.522149174754327428e+00 1.908300000000000000e+04
1.066279139965722322e+01 -3.987611243300661812e+01 -3.945630053340901355e+01 1.522149174754327428e+00 1.941200000000000000e+04
2.628570531214724948e+00 -4.269391862686954653e+01 -3.236104722615784368e+01 1.711215377120288705e+00 2.791000000000000000e+03
1.067391397154556776e+00 -5.556950693369139316e+01 -6.180668038054424329e+01 1.711215377120288705e+00 1.385400000000000000e+04
-1.133882963380191633e+01 -5.656540965388977327e+01 -3.639713920407317715e+01 1.522149174754327428e+00 1.835300000000000000e+04
-1.377299892253494384e+01 -3.353973374182774592e+01 -3.699206989859466432e+01 1.353972235864505436e+00 1.867900000000000000e+04
-6.732321294980704529e+00 -5.492476067346326118e+01 -3.202842940905257052e+01 1.522149174754327428e+00 1.643400000000000000e+04
-2.171134175222963236e+01 -3.762013090345110555e+01 -5.246958361103001067e+01 1.353972235864505436e+00 9.731000000000000000e+03
-1.749150572050789165e+01 -4.899006944784783713e+01 -3.084788977365808194e+01 1.522149174754327428e+00 1.855900000000000000e+04
-2.008740905802597965e+01 -1.882524927306097240e+01 -5.917572144614893404e+01 1.522149174754327428e+00 9.580000000000000000e+03
-3.843107085431937264e+01 -3.926628751566855868e+01 -2.696803331177923369e+01 1.522149174754327428e+00 6.658000000000000000e+03
-2.510836782173585391e+01 -4.956441227995454568e+01 -2.596548120181518726e+01 1.522149174754327428e+00 1.596000000000000000e+04
-1.612846280306464042e+00 -2.947934469694669346e+01 -2.802810409871137409e+01 1.353972235864505436e+00 7.520000000000000000e+02
-1.477307828339067264e+01 -3.003980183133511161e+01 -2.652897025693753008e+01 1.353972235864505436e+00 1.482500000000000000e+04
-1.411752802035324628e+01 -3.724483394310534834e+01 -1.363908892963646480e+01 1.353972235864505436e+00 1.630200000000000000e+04
-1.000096197685890154e+01 -3.794199561102068685e+01 -2.060649702458781718e+01 1.204376578785591123e+00 2.239800000000000000e+04
-1.057950198704565459e+01 -4.885543276635196719e+01 -1.417683611841338021e+01 1.353972235864505436e+00 1.676900000000000000e+04
-1.268717848189356090e+01 -4.652388597517789037e+01 -6.434825565067934683e+00 1.522149174754327428e+00 2.202800000000000000e+04
2.390480488440887008e-01 -4.205721209565948016e+01 1.111889429141435404e+00 1.353972235864505436e+00 1.665500000000000000e+04
9.844713676079717146e+00 -5.176209310071413228e+01 -1.526316061980720562e+01 1.353972235864505436e+00 3.378000000000000000e+03
5.056872478260364012e+00 -4.058082010520491423e+01 -1.642489125253812354e-01 1.522149174754327428e+00 1.922800000000000000e+04
-1.415873037143289537e+01 -5.172529171400522330e+01 -3.911747796252777132e+00 2.162716479207014153e+00 2.147400000000000000e+04
-1.238508187353612477e+01 -5.211047723394354136e+01 -6.494856925789875390e+00 1.522149174754327428e+00 2.189400000000000000e+04
5.180635670241701796e+00 -3.133820934659398461e+01 -2.425307375800818477e+01 1.204376578785591123e+00 3.206000000000000000e+03
3.384267673405938925e+00 -2.380755895580659498e+01 -2.488671829689512194e+01 1.522149174754327428e+00 2.420500000000000000e+04
1.549915132808168927e+01 1.407326474462964772e+00 -1.865674322409574870e+01 1.071309222674815764e+00 2.407600000000000000e+04
1.333217449076418148e+01 -1.842133883055846866e+01 -2.058042645882339983e+01 1.204376578785591123e+00 4.060000000000000000e+03
1.654871645795551771e+01 -2.174222266626557598e-01 -1.071282593467343602e+01 1.204376578785591123e+00 2.402400000000000000e+04
3.513873065679629537e+00 -4.181542185084451546e+01 7.498208844367355574e+00 1.353972235864505436e+00 1.748100000000000000e+04
1.586234649368009109e+01 -4.739245893248767771e+01 6.622874729326849952e+00 1.522149174754327428e+00 1.721300000000000000e+04
-4.790830929363213642e+01 -9.333508679850803347e+00 5.240115146042285232e+01 1.204376578785591123e+00 1.333000000000000000e+04
-1.700871357491630986e+00 -3.294493876917037767e+01 3.288301514428705019e+01 1.522149174754327428e+00 1.347700000000000000e+04
-3.423288207549172313e+01 -4.231143469737956053e+01 2.660593255954485770e+01 1.204376578785591123e+00 1.436900000000000000e+04
-1.882636242417038730e+01 -5.002675732578974532e+01 5.536244367365054586e+01 1.522149174754327428e+00 1.314100000000000000e+04
-1.315284859988896216e+00 -3.169002921370494619e+01 6.052211918523941137e+01 1.923765499111181665e+00 9.370000000000000000e+02
6.892381496883536407e+00 -4.676769095195280102e+01 4.953702636957721950e+01 1.923765499111181665e+00 1.067100000000000000e+04
4.656251993594218597e+00 -2.790010296789921540e+01 4.362563227528641363e+01 1.522149174754327428e+00 1.124500000000000000e+04
5.835917972241802865e+00 -3.390816923717211750e+01 4.281982656706725976e+01 1.711215377120288705e+00 1.359800000000000000e+04
-2.782252160588682077e+00 -9.515373794869338653e+00 4.851131031847722852e+01 1.353972235864505436e+00 8.971000000000000000e+03
-1.729498474023103638e+00 -2.177156129007337526e+01 5.076167373715615838e+01 1.353972235864505436e+00 9.841000000000000000e+03
5.471684390893815753e+00 -8.858505436041134828e+00 4.736743301973723419e+01 1.204376578785591123e+00 8.444000000000000000e+03
2.346528126255255486e+01 -3.799253614884005259e+01 2.578284947180023323e+01 1.204376578785591123e+00 1.617600000000000000e+04
1.802790832476644667e+01 -4.597645942256043128e+01 4.550532421161574526e+00 1.204376578785591123e+00 1.654100000000000000e+04
1.992097030978903405e+01 -5.477746790509687003e+01 1.062777887885686745e+01 1.522149174754327428e+00 6.000000000000000000e+02
2.638028440323430601e+01 -2.599892807441921505e+01 4.804989327163981017e+01 1.711215377120288705e+00 1.183000000000000000e+04
1.756447597405005823e+01 2.050506420808199337e+01 -2.344255002593379800e+01 1.204376578785591123e+00 2.310300000000000000e+04
1.757990723658455323e+01 1.887129303552168835e+01 -6.195702896072469379e+00 1.522149174754327428e+00 2.348800000000000000e+04
1.724087183324487427e+01 1.377041106829713613e+01 -2.541102262038542392e+01 1.522149174754327428e+00 2.295500000000000000e+04
1.677903501531250896e+01 1.654383671732840710e+01 -2.355711418819180025e+01 1.353972235864505436e+00 2.303500000000000000e+04
5.190094750983995908e+01 7.509764398631418203e+01 -3.529071087924310035e+01 1.204376578785591123e+00 3.884000000000000000e+03
3.339824759156228140e+01 4.615388994956050084e+01 -2.221860343499456647e+01 1.522149174754327428e+00 1.511500000000000000e+04
3.037684684080377551e+01 5.529318226448130957e+01 -2.484238599627027000e+01 1.522149174754327428e+00 3.520000000000000000e+03
2.886861601537599853e+01 5.566270186482239524e+01 -2.615824798973154941e+01 1.204376578785591123e+00 4.292000000000000000e+03
-1.333750864093853394e+01 8.115756305770914025e+01 1.760825422776384386e+01 1.522149174754327428e+00 9.306000000000000000e+03
-2.176369014837425553e+01 7.991030987840781563e+01 2.208035552755240261e+01 1.522149174754327428e+00 1.033900000000000000e+04
-2.221699485746055913e+01 1.000194402584190385e+02 3.042708868942969502e+01 1.204376578785591123e+00 5.434000000000000000e+03
-2.128406893646177878e+01 9.846227326456556739e+01 2.801750103011655213e+01 1.522149174754327428e+00 4.852000000000000000e+03
-3.518948572682322862e+01 1.371329925313488332e+02 8.760071885342698650e+00 1.204376578785591123e+00 1.856000000000000000e+03
-2.590645297104030220e+01 1.284658946781466113e+02 1.533930908383692682e+01 1.204376578785591123e+00 1.778000000000000000e+03
-3.447740879538958580e+01 1.005872814096393029e+02 -1.439018309852951560e+01 1.711215377120288705e+00 2.247300000000000000e+04
1.241279784400490804e+01 4.930139314901002479e+01 3.731645068602074566e+00 1.204376578785591123e+00 2.338700000000000000e+04
1.630991663967031968e+01 2.267177905507058711e+01 -4.474229745717739348e+01 1.522149174754327428e+00 1.545300000000000000e+04
1.596075563158600552e+01 2.158030804435917815e+01 -4.597696197978191890e+01 1.522149174754327428e+00 1.567900000000000000e+04
1.391764588438607930e+01 1.117755894638218805e+01 -3.589218935476787919e+01 1.204376578785591123e+00 2.365300000000000000e+04
1.192341340522947668e+01 1.625760950537259930e+01 -1.280008939290262227e+01 1.522149174754327428e+00 2.386700000000000000e+04
1.616309923302430107e+01 1.624861036498369771e+01 -2.379645401105414848e+01 1.522149174754327428e+00 2.319000000000000000e+04
9.647285136967591157e+00 2.463412826298973002e+01 -4.221610763372162900e+00 1.353972235864505436e+00 2.359100000000000000e+04
7.265053287579823049e+00 3.946037365817964115e+01 -6.602206282358431544e+00 1.522149174754327428e+00 2.285600000000000000e+04
3.207067433066244533e+00 3.130495925778958011e+01 -1.118325998115037123e+01 1.071309222674815764e+00 2.315500000000000000e+04
6.398838843526957199e+00 3.303314560018162638e+01 -4.544488976440833383e+00 1.923765499111181665e+00 2.266100000000000000e+04
-3.748800315209639678e+01 5.293997422755821702e+01 2.355810246061417601e+01 1.711215377120288705e+00 7.408000000000000000e+03
1.245480162098213306e+01 7.551121798581490907e+01 5.856033531344703391e+01 2.162716479207014153e+00 6.002000000000000000e+03
7.821734586668983802e+00 6.613974689236346194e+01 5.572149202205817886e+01 1.353972235864505436e+00 6.808000000000000000e+03
6.608295095197900260e+00 7.324949620138063722e+01 5.707880513002740486e+01 1.522149174754327428e+00 8.564000000000000000e+03
-1.716806068257669438e+01 1.065313825677555393e+01 4.573809099687130697e+01 1.204376578785591123e+00 8.329000000000000000e+03
-5.775189915951634134e+01 7.263607190419327253e+01 1.623474171181035075e+01 1.711215377120288705e+00 5.131000000000000000e+03
-8.091738339966360627e+01 3.033788207630777478e+01 1.706216373011594456e+01 1.204376578785591123e+00 4.170000000000000000e+03
-5.429977338114653662e+01 2.397712671664083572e+01 -1.332410921117916303e+01 1.204376578785591123e+00 3.745000000000000000e+03
-7.302111537138105746e+01 7.569143232668751864e+01 -3.054937451029740458e+01 1.353972235864505436e+00 7.984000000000000000e+03
-7.073488812923297075e+01 7.189151330081185165e+01 -2.699516203298834327e+01 1.522149174754327428e+00 7.722000000000000000e+03
-8.020400719556009506e+01 1.028170701850426667e+02 -3.438801845194961260e+01 1.204376578785591123e+00 8.182000000000000000e+03
-7.516546442975594289e+01 1.212916835409709790e+02 9.382661159787684113e+00 1.522149174754327428e+00 1.256000000000000000e+03
-7.111618835759490764e+01 1.309416588169091824e+02 1.470159617452905110e+01 1.353972235864505436e+00 1.272600000000000000e+04
-7.981315638482195141e+01 1.037103367209178373e+02 1.122999356332053011e+01 1.522149174754327428e+00 1.157900000000000000e+04
-7.239948082575027399e+01 7.991060753897167501e+01 2.048815107742348474e+01 1.522149174754327428e+00 7.064000000000000000e+03
-6.794918801975614997e+01 3.371416909959049413e+00 8.538662236628910662e+00 1.204376578785591123e+00 2.628000000000000000e+03
-5.872143771139198520e+01 -6.912906820511711459e+00 -1.230403022747593411e+01 1.522149174754327428e+00 5.678000000000000000e+03
3.292267880206772901e+01 4.401834772610938273e+01 -6.289516251021697002e+01 1.353972235864505436e+00 1.925000000000000000e+03
5.082473173478854989e+01 5.105697434341063712e+01 -7.354293441181096114e+01 1.204376578785591123e+00 2.083000000000000000e+03
5.142489908790831521e+01 5.137979833428776288e+01 -7.357802988099987829e+01 1.204376578785591123e+00 2.203000000000000000e+03
4.790566189627005400e+01 -1.677922568612734437e+02 -1.101706740832328819e+02 1.353972235864505436e+00 1.010000000000000000e+02
2.053259492360043836e+01 -1.602594445562101271e+02 -6.676965120555006195e+01 1.353972235864505436e+00 4.920000000000000000e+02
8.058114680427347309e+01 -2.399639637521143527e+02 -1.031435954766857463e+02 1.522149174754327428e+00 1.500000000000000000e+02
7.647087061770555749e+01 -2.523180178375721425e+02 -1.064485298361718719e+02 1.522149174754327428e+00 3.110000000000000000e+02
