# x(pc), y(pc), z(pc),radii at birth (pc), particle tag
-1.599994067709737919e+02 1.244083403611248144e+02 2.154573603007032716e+02 1.622469324149496961e+00 3.110000000000000000e+02
-8.549515440496785246e+00 -1.275742392262044973e+02 -2.768755517843681559e+02 2.591590175485052328e+00 1.208900000000000000e+04
9.044244732891564809e+01 -4.292370760754045733e+01 -5.236188316947323074e+01 1.141915903708234481e+00 2.535000000000000000e+04
4.411472578123226640e+01 -3.502142338117729281e+01 -2.369421043099595892e+01 1.141915903708234481e+00 3.337100000000000000e+04
1.000646248086255667e+02 -3.566148402390965089e+01 -3.774946926876625497e+01 1.141915903708234481e+00 2.530800000000000000e+04
5.686837811808514687e+01 -3.184295018575757297e+01 -2.498504557713462404e+01 1.283753318145788302e+00 1.617600000000000000e+04
4.988068784017272606e+01 -4.553377811247656126e+01 -3.757165955312328265e+01 1.141915903708234481e+00 3.341200000000000000e+04
5.933079893850246123e+01 -4.152424894038021108e+01 -3.887501087185209769e+01 1.622469324149496961e+00 2.202800000000000000e+04
4.379690239259765860e+01 -3.356765169614828892e+01 -3.637146117902509701e+01 1.141915903708234481e+00 3.345400000000000000e+04
4.375064281151781387e+01 -3.223691598873969610e+01 -2.205936458237949438e+01 1.283753318145788302e+00 3.331400000000000000e+04
6.458100117781781080e+01 -3.230749658958677628e+01 1.593780956169034368e+01 2.305254440592080289e+00 2.562400000000000000e+04
7.022185478472695763e+01 -9.325709251558424739e+01 -3.135521195337011235e+01 1.443208362803747091e+00 6.000000000000000000e+00
1.992910165022668068e+01 -3.477404922604715409e+01 9.544722227244932355e+00 1.443208362803747091e+00 3.301200000000000000e+04
1.998109622902881810e+01 -3.585043280644902097e+01 1.014355398571022882e+01 1.141915903708234481e+00 3.283000000000000000e+04
2.804820272537756409e+01 -4.480476473886195521e+01 5.124458101123421372e+00 1.283753318145788302e+00 3.235000000000000000e+04
2.912791259525987897e+01 -2.942334883573197146e+01 -3.733465225475800953e+00 1.283753318145788302e+00 2.490300000000000000e+04
2.858473470056826216e+01 -4.540340130216695513e+01 -1.775276418642476273e+01 1.622469324149496961e+00 1.347700000000000000e+04
4.167952835958976010e+01 -3.110770056046925092e+01 5.579332460549563777e+00 1.283753318145788302e+00 3.276100000000000000e+04
2.417268244997206494e+01 -3.182012519833126518e+01 -3.001039362278014622e+01 1.622469324149496961e+00 2.009800000000000000e+04
1.444758042166023593e+01 -3.896781211290422675e+01 -5.910317156410562234e+01 1.622469324149496961e+00 1.596000000000000000e+04
2.643589017394578633e+01 -3.918546127810980551e+01 -6.325749749451814097e+01 1.283753318145788302e+00 1.654100000000000000e+04
5.867900945056227613e+01 -9.101523512966632268e+01 -7.126539652352977328e+01 1.141915903708234481e+00 3.123200000000000000e+04
3.597309243215624264e+01 -4.962225711670188133e+01 -1.212616044751507189e+02 1.283753318145788302e+00 2.538600000000000000e+04
4.177141493820072071e+01 -5.194867701857108244e+01 -1.124231895118792011e+02 1.141915903708234481e+00 2.527300000000000000e+04
4.191292833972875798e+01 -4.437645981272558515e+01 -1.185882850870840883e+02 1.622469324149496961e+00 2.547500000000000000e+04
-1.670192064564015411e+01 -7.882342272728955379e+01 -1.992783723389871398e+01 1.823996295789266142e+00 1.817500000000000000e+04
-1.776953781674896504e+01 -7.160385853830560166e+01 -4.253232136379378403e+01 1.283753318145788302e+00 1.436900000000000000e+04
5.585910975348659946e+01 -1.097060061551654968e+02 -5.292338932692373987e+01 1.283753318145788302e+00 2.485800000000000000e+04
4.189976826284399714e+00 -5.147944474786407199e+01 -3.905947057676651468e+01 1.622469324149496961e+00 1.908300000000000000e+04
4.271021209170666744e+00 -3.970839260423717576e+01 -4.956932004372966816e+01 1.443208362803747091e+00 1.867900000000000000e+04
-5.007194158929225480e+00 -3.405517158232215991e+01 -4.088279991153881809e+01 1.283753318145788302e+00 3.010000000000000000e+03
3.649520171686003067e+00 -3.414114530710337903e+01 -4.015011114217322330e+01 1.622469324149496961e+00 1.941200000000000000e+04
5.880572199222822150e+00 -3.347121766499775219e+01 -2.322304952623226271e+01 1.443208362803747091e+00 1.956300000000000000e+04
-4.015682602078425845e+01 -2.872193939322648149e+01 -3.141798574908996144e+01 1.283753318145788302e+00 8.510000000000000000e+02
-4.875266063003714123e+01 -4.981907270310655633e+01 -3.461638146864780907e+01 2.050554939642367014e+00 9.370000000000000000e+02
-7.723127292297115787e+01 -5.767161593115961438e+01 -4.219564677558428656e+01 1.283753318145788302e+00 2.132100000000000000e+04
-3.569558617587201610e+01 -5.592339797798562984e+01 -8.075580364631480279e+01 1.823996295789266142e+00 1.359800000000000000e+04
-3.248684808694130055e+01 -3.845358197503704645e+01 -8.661006514851666793e+01 2.050554939642367014e+00 1.067100000000000000e+04
-3.648242113793327235e+01 -3.127748928089076230e+01 -7.515482538061114326e+01 1.443208362803747091e+00 1.748100000000000000e+04
-7.945233356924147472e+01 -5.803995349617010646e+01 -5.345212057449740684e+01 1.283753318145788302e+00 2.112900000000000000e+04
-7.104069160941517680e+01 -2.986079112420417658e+01 -8.542466489619521042e+00 1.283753318145788302e+00 3.745000000000000000e+03
-3.089415486277748712e+01 -3.957392195973795168e+01 -6.644271090288334847e+01 1.141915903708234481e+00 2.370300000000000000e+04
-3.637099728930027709e+01 -2.939767855751166081e+01 -5.425869858283412128e+01 1.823996295789266142e+00 2.791000000000000000e+03
-1.682337480826439702e+01 -2.974814569059200053e+01 -8.445163692837788005e+01 1.622469324149496961e+00 1.124500000000000000e+04
-1.621263813854169555e+01 -3.002413468849225353e+01 -6.277094999394733321e+01 1.443208362803747091e+00 8.971000000000000000e+03
-2.492946157939234908e+01 -3.932200136214278530e+01 -6.359100898659863077e+01 1.283753318145788302e+00 3.206000000000000000e+03
-1.546786852837266757e+01 -5.601731896202963412e+01 -6.482458919972849287e+01 1.622469324149496961e+00 1.314100000000000000e+04
-8.782388974282561378e+00 -1.356276067361934565e+02 -2.618550289176575347e+02 1.622469324149496961e+00 1.282800000000000000e+04
-1.197725753732217058e+01 -1.185409221173265450e+02 -2.051887439339429875e+02 1.443208362803747091e+00 1.301100000000000000e+04
4.646334897830750599e+00 -4.875806190709324284e+01 -7.209999889829568076e+01 1.622469324149496961e+00 1.721300000000000000e+04
5.139661960355910253e+01 -9.632886890394087231e+01 -1.326823504220866425e+02 1.823996295789266142e+00 2.247300000000000000e+04
1.469016405641753309e+01 -5.987708141428550590e+01 -1.371068188155770997e+02 1.141915903708234481e+00 2.543800000000000000e+04
3.243775644169240024e+01 -7.456979844225327270e+01 -1.447329957463949768e+02 1.283753318145788302e+00 2.557300000000000000e+04
-7.539881914509646776e+01 -1.409802885251324511e+01 -1.413417270943583617e+02 1.283753318145788302e+00 2.995400000000000000e+04
2.331157911809349947e+00 -2.836069835394030036e+01 -6.119294710313716479e+01 1.443208362803747091e+00 1.531300000000000000e+04
-3.707883402846658960e+00 -1.760698938794951118e+01 -5.900006530317105558e+01 1.443208362803747091e+00 9.841000000000000000e+03
-2.060366460481120399e+01 -2.419380127154875026e+01 -7.777835397604533796e+01 1.443208362803747091e+00 2.522000000000000000e+03
-5.661387080748625067e+01 -2.549871895426142121e+00 -1.081257484995399096e+02 1.141915903708234481e+00 3.127600000000000000e+04
-2.638268866361342546e+01 -1.575706846546515649e+01 -6.068984904153018078e+01 1.823996295789266142e+00 1.183000000000000000e+04
-3.276582161261448078e+01 5.880061158639245944e-01 -6.621006358262070535e+01 1.283753318145788302e+00 4.060000000000000000e+03
-4.219193581471310495e+01 -1.294040126131895008e+01 -6.633925243306637753e+01 1.443208362803747091e+00 1.665500000000000000e+04
-4.147055360907650368e+01 -1.110446015080175819e+01 -6.458710918932108314e+01 1.443208362803747091e+00 1.676900000000000000e+04
-5.162915128670322673e+01 2.882532061625492048e+01 -6.801652519863809232e+01 2.050554939642367014e+00 2.680200000000000000e+04
-3.666401303956811830e+01 1.436900985352012583e+01 -6.341245408128762762e+01 1.283753318145788302e+00 3.292000000000000000e+03
-7.131670874643583602e+01 3.149013641270167341e+01 -8.346786915412999974e+01 1.622469324149496961e+00 2.665800000000000000e+04
-8.999909938148815058e+01 5.116173515277450434e+01 -9.777174206924463817e+01 2.050554939642367014e+00 3.059300000000000000e+04
-8.806788288063556536e+01 5.022916048476637485e+01 -9.357726630915871624e+01 1.443208362803747091e+00 3.101000000000000000e+04
-8.731465152571531974e+01 5.509998381139308066e+01 -8.532591460900070501e+01 1.443208362803747091e+00 3.089300000000000000e+04
-6.948919015348008088e+01 5.223043719461389855e+01 -7.358354447616204652e+01 1.283753318145788302e+00 2.963100000000000000e+04
-7.102962574642384652e+01 5.019137228408870044e+01 -6.488564903545299956e+01 1.622469324149496961e+00 2.903500000000000000e+04
-6.388089540390743082e+01 6.766597094785646505e+01 -3.191546103647037214e+01 1.283753318145788302e+00 2.818500000000000000e+04
-1.192608470891701984e+02 6.125947946094524355e+01 9.437576747241644526e+00 1.443208362803747091e+00 1.010000000000000000e+02
-5.061788341090792187e+01 3.282894490472579463e+01 -1.743771407262188333e+01 1.622469324149496961e+00 2.945000000000000000e+04
-4.578871855219129827e+01 3.306752002156159165e+01 -4.849453336196591358e-01 1.283753318145788302e+00 2.845600000000000000e+04
-6.392423176514553518e+01 4.163753737369247432e+01 -4.749610353153951792e+01 1.443208362803747091e+00 2.970300000000000000e+04
-4.691823868016357579e+01 4.097958183981766922e+01 -6.712278579624331165e+00 1.283753318145788302e+00 2.874400000000000000e+04
-3.109102896085886059e+01 3.762121203434719519e+01 -8.208942990656002081e+00 1.283753318145788302e+00 2.734200000000000000e+04
-3.386101940064703797e+01 3.015503382807366606e+01 7.494518468022187463e+00 1.141915903708234481e+00 2.774600000000000000e+04
-4.227265917021188812e+01 2.930760041020887030e+01 9.346511246515024851e+00 1.283753318145788302e+00 2.778800000000000000e+04
-3.042537918712847045e+01 2.616009969641154953e+01 1.388464715142390915e+01 1.283753318145788302e+00 2.880100000000000000e+04
-5.324729438032585449e+01 -3.978322011145606574e+00 -4.030292144230693907e+01 1.283753318145788302e+00 2.083000000000000000e+03
-5.299737855758694138e+01 -3.526168762547961855e+00 -3.996768715188495946e+01 1.283753318145788302e+00 2.203000000000000000e+03
-6.065712028071049389e+01 -2.045171928965164199e+01 1.209532483443164530e+01 1.283753318145788302e+00 4.292000000000000000e+03
-4.829732072448802427e+01 -2.282630155707373021e+01 7.629970246243845899e+00 1.443208362803747091e+00 2.359100000000000000e+04
-6.046952867202022475e+01 -1.486491123535423320e+01 9.945206481784982344e+00 1.622469324149496961e+00 3.520000000000000000e+03
-3.826707280767617192e+01 3.091342037155871747e+00 -1.231888455669137272e+01 1.141915903708234481e+00 2.407600000000000000e+04
-2.796815983825137053e+01 7.583204126870709549e-01 -9.758019985891627002e+00 1.823996295789266142e+00 2.373400000000000000e+04
-5.531270330378601585e+01 -9.663345141101995495e+00 6.817718418851298701e+00 1.622469324149496961e+00 2.420500000000000000e+04
-3.837876243931507503e+01 -2.170664310123320107e+01 2.239989201474649860e+00 1.141915903708234481e+00 2.140500000000000000e+04
-1.937176268185205785e+01 6.357655103812450470e+00 -1.651689367903634675e+01 1.622469324149496961e+00 2.295500000000000000e+04
-1.741407496201184202e+01 -6.479939326668082700e+00 2.906233350170003504e+00 1.283753318145788302e+00 2.338700000000000000e+04
-1.296841583930628161e+01 -4.479817353841077932e+00 1.188652111148760504e+01 1.622469324149496961e+00 2.189400000000000000e+04
7.395358934920524874e+00 -9.246461280868857102e+00 -9.715750543875016021e+00 1.443208362803747091e+00 3.131100000000000000e+04
-4.108477513269768622e+00 5.007858113216440366e+00 1.061891453998990187e+01 1.622469324149496961e+00 1.643400000000000000e+04
6.990305774033411801e+00 -9.849660183097423527e+00 -2.939514722073952147e+00 1.283753318145788302e+00 3.144900000000000000e+04
-4.915363628467881441e+00 -1.019993079734670793e+01 -1.726888405539108007e+01 1.622469324149496961e+00 2.348800000000000000e+04
-2.706616844380020037e+00 3.610747476403108003e+00 -1.023357348328159588e+01 1.283753318145788302e+00 2.395900000000000000e+04
-1.728149085935620377e+01 -1.385766868887466474e+00 -1.161512284421459462e+01 1.443208362803747091e+00 3.380400000000000000e+04
-1.469752950498786781e+01 -1.266675930127107108e+00 -3.790410201586495109e+00 1.141915903708234481e+00 1.741200000000000000e+04
5.234255777053629544e+00 6.720163765450251958e+00 7.737073714436689009e+00 1.823996295789266142e+00 3.317000000000000000e+04
-1.318575392404477853e+01 -5.431635400251393797e+00 -3.178314967901860744e+00 2.050554939642367014e+00 2.266100000000000000e+04
-5.116162720328757407e-01 -1.131380099658952076e+01 -2.294328832105965432e+01 1.443208362803747091e+00 2.643700000000000000e+04
-9.174831254970786887e+00 -1.095604018762491094e+01 1.110226332243502334e+01 2.050554939642367014e+00 1.694700000000000000e+04
5.968541411189973722e+00 -1.384789524017464224e+01 -1.575364687789471141e+01 1.283753318145788302e+00 2.402400000000000000e+04
-2.048623633199453842e+00 -3.111159543789514537e+00 2.248862109904447293e-01 1.141915903708234481e+00 2.234900000000000000e+04
-3.797758259915165358e+00 -5.555845366287456066e+00 9.266249357027509959e+00 1.443208362803747091e+00 2.121800000000000000e+04
3.946473047744629703e+00 -1.594503901368982035e+01 7.203316911683846691e+00 1.443208362803747091e+00 3.378000000000000000e+03
-2.868944512042335582e+00 -1.511864944205287919e+01 -1.133388801732602857e+01 1.622469324149496961e+00 2.285600000000000000e+04
-2.205416945360069292e+01 -3.339098380759946139e+00 -4.120293849159314448e+01 1.443208362803747091e+00 1.630200000000000000e+04
-6.692227345309223807e+00 7.741472293312268160e-01 -1.940018512442371446e+01 1.443208362803747091e+00 2.303500000000000000e+04
-8.293224414780270948e+00 4.725625125856175224e+00 -2.035326814481000923e+01 1.283753318145788302e+00 2.310300000000000000e+04
4.794696337697073929e+00 1.485589483842878344e+01 -3.927632066261676869e+01 1.622469324149496961e+00 7.064000000000000000e+03
-2.301144841489807469e+00 3.891588693607314298e+01 -3.636194104678260430e+00 1.283753318145788302e+00 2.628000000000000000e+03
-2.463310691875359737e+01 1.376319583314062100e+01 8.690750621684356858e+00 1.141915903708234481e+00 2.315500000000000000e+04
-1.299203913877251182e+01 1.087381392471166741e+01 1.074624714074561105e+01 1.141915903708234481e+00 2.345500000000000000e+04
-4.547552462758248204e+00 1.645636621102347164e+01 1.643039542127833741e+01 1.622469324149496961e+00 2.041300000000000000e+04
-1.720109398130413680e+01 1.479459621689421489e+01 1.279370617945532729e+01 1.283753318145788302e+00 3.389700000000000000e+04
-1.222418190499166890e+01 8.225801255506171472e+00 -5.084501229555015378e+00 1.622469324149496961e+00 2.319000000000000000e+04
-4.880094047498937826e+00 1.702350399810964277e+01 -1.050956856955028584e+01 1.622469324149496961e+00 2.220300000000000000e+04
-5.629750097790706320e+01 4.598273571582951291e+01 -1.228269726315086174e+01 1.622469324149496961e+00 3.037400000000000000e+04
-4.836827274166264345e+01 5.765697262017558700e+01 -2.216774105059494460e+01 1.283753318145788302e+00 2.759500000000000000e+04
-4.077641215600371538e+01 4.438259324827303232e+01 -2.228158888836970064e+01 1.443208362803747091e+00 2.725400000000000000e+04
-4.407797500053226258e+01 4.575257308716385296e+01 1.269769005701659204e+01 1.141915903708234481e+00 3.032300000000000000e+04
-5.139312845502199423e+01 5.051922956605472592e+01 -4.078200566598972898e+00 1.443208362803747091e+00 2.851300000000000000e+04
-5.055217186650855865e+01 4.840665430878191700e+01 -3.902520429867846641e+00 1.443208362803747091e+00 3.001600000000000000e+04
-3.041220539991016736e+01 4.680114230770727346e+01 1.384596413612763399e+01 1.622469324149496961e+00 2.891300000000000000e+04
1.759245028992634241e+00 2.065175310100422834e+01 7.662066770719843767e+00 1.622469324149496961e+00 2.329500000000000000e+04
1.015321537585631795e+01 5.024417393494248074e+01 -4.862738129521309105e+01 1.283753318145788302e+00 3.884000000000000000e+03
4.438789922801472443e+01 2.676269462783773179e+01 -5.478753804204357181e+01 1.141915903708234481e+00 1.504000000000000000e+04
7.364398372462113684e+01 -2.461055790814922517e+01 -7.063829236109049248e+01 1.283753318145788302e+00 2.444800000000000000e+04
5.354649565853171822e+01 -4.592267415200289804e+00 -6.697592340549800838e+01 1.141915903708234481e+00 2.514700000000000000e+04
5.458402105546049654e+01 -2.134843007747499133e+00 -6.694328300461359049e+01 2.050554939642367014e+00 2.494500000000000000e+04
4.229951005054812896e+01 -1.181052281231111856e+01 -8.521425036883125870e+01 1.443208362803747091e+00 1.482500000000000000e+04
3.040015623749524210e+01 -2.531149573943095277e+01 -6.034778156037449293e+01 1.443208362803747091e+00 8.820000000000000000e+03
3.868755186601666196e+01 9.743178172380112523e-01 -7.885578573021567195e+01 1.443208362803747091e+00 3.088000000000000000e+03
2.337711765691485155e+01 -1.843694134617073388e+01 -4.198647117845705878e+01 1.141915903708234481e+00 3.349400000000000000e+04
1.146877325257015379e+01 -2.021278528896169391e+01 -5.288302245195691142e+01 1.443208362803747091e+00 7.520000000000000000e+02
2.375374064649254180e+01 -2.550073063624887126e+01 -1.755537905112069552e+01 1.283753318145788302e+00 2.073100000000000000e+04
4.075195365001896164e+01 -1.659566579854169177e+01 -1.300693155321822836e+01 1.622469324149496961e+00 3.182300000000000000e+04
3.832558244432021155e+01 -2.215277758863825497e+01 -5.709593928205693558e+00 1.283753318145788302e+00 3.193600000000000000e+04
4.231710163959891702e+01 -1.550684908624161551e+01 -2.481486940173584621e+00 1.622469324149496961e+00 6.000000000000000000e+02
3.916957061270707641e+01 -2.497958212193722716e+01 -2.657616586265225678e+01 1.622469324149496961e+00 1.922800000000000000e+04
4.180720961289682691e+01 -7.169742455547507554e+00 -2.399527772613422272e+01 1.622469324149496961e+00 2.386700000000000000e+04
4.101999706547841384e+01 -2.138323257949987877e+01 -3.259553342364589668e+01 1.283753318145788302e+00 2.239800000000000000e+04
1.847401335642824449e+01 -2.476670955400122054e+01 -3.599068272519891565e+01 1.823996295789266142e+00 1.474000000000000000e+03
1.466258556744965169e+01 -2.418243078822412784e+01 -1.622315683094241123e+01 1.141915903708234481e+00 3.150200000000000000e+04
1.830230364408044963e+01 2.956280682088042067e+00 -2.128113558391079962e+01 1.283753318145788302e+00 2.365300000000000000e+04
3.303222653644307627e+01 -1.138185281596949672e+01 1.599273974027524403e+01 1.622469324149496961e+00 3.223100000000000000e+04
2.696830472620322183e+01 -1.315448608985263590e+01 -6.565583324287450395e+00 1.283753318145788302e+00 3.176800000000000000e+04
1.770424054381064138e+01 4.156139267058377662e+00 3.559808477979522490e+00 1.622469324149496961e+00 3.288600000000000000e+04
2.297833162232192450e+01 1.675893101212049707e+00 1.049602715733875513e+01 2.305254440592080289e+00 1.874800000000000000e+04
2.501744906422069192e+01 2.409039296807798269e+00 1.163959795037502865e+01 1.141915903708234481e+00 3.249200000000000000e+04
2.841766803072978220e+01 -5.359962266895090116e-02 1.231913011468025232e+01 1.141915903708234481e+00 3.259600000000000000e+04
2.681582313488387115e+01 4.012947862585837910e+00 1.349430298713109799e+01 1.443208362803747091e+00 3.241100000000000000e+04
9.001094928750372759e+00 3.233098320893029065e+00 1.120696330571494137e+01 1.283753318145788302e+00 8.329000000000000000e+03
3.932570216022146781e+01 -1.011541265719911742e+01 2.479125923634102335e+00 1.622469324149496961e+00 1.545300000000000000e+04
1.035102866099910202e+01 5.887564187790350623e+00 1.399396258152162531e+01 2.305254440592080289e+00 3.352900000000000000e+04
3.931729568648034956e+01 1.138904940448147940e+01 -1.100849747648200871e+00 1.823996295789266142e+00 1.757200000000000000e+04
2.550734773333605432e+01 1.103249701307434627e+01 -4.145871221798674178e+00 1.283753318145788302e+00 8.444000000000000000e+03
1.911801664171121828e+01 -9.150266247005466980e+00 -5.098071910919163230e+00 1.823996295789266142e+00 1.967700000000000000e+04
4.143256788673205904e+01 -7.970057426491743868e+00 -1.102063843804941490e+00 1.622469324149496961e+00 1.567900000000000000e+04
2.082910315698116577e+01 -9.374835256844219700e+00 -1.544932396591927315e+01 2.050554939642367014e+00 3.200500000000000000e+04
2.193165278976464450e+01 1.136694515190592014e+01 1.253843866198850421e+01 1.283753318145788302e+00 3.269900000000000000e+04
3.374138613381111185e+01 1.289211312325917014e+01 -4.478176285809184520e+01 1.443208362803747091e+00 2.519500000000000000e+04
1.787016759439644176e+01 1.728141287420756811e+01 -3.624040703035889521e+01 1.622469324149496961e+00 9.140000000000000000e+03
2.011022321441234695e+01 3.987348941026009896e+01 1.618664743479045143e+01 1.283753318145788302e+00 1.333000000000000000e+04
2.423460281000367189e+01 7.894957103748974525e+00 3.901156600953761711e+00 1.823996295789266142e+00 1.446200000000000000e+04
1.293727557905420156e+01 2.690679952283747056e+01 -1.902654956771432637e+01 2.050554939642367014e+00 2.606800000000000000e+04
1.300272818294647514e+01 7.118390004167109097e+00 1.509852830758047881e+00 1.283753318145788302e+00 3.310700000000000000e+04
5.717400860606973367e+01 2.029276525648414520e+01 1.470437327862442523e+00 1.283753318145788302e+00 1.847400000000000000e+04
4.956059817104561915e+01 2.308776258509225698e+01 1.310911117843742701e+00 1.622469324149496961e+00 1.805000000000000000e+04
4.822896162166293266e+01 1.662874993884890529e+01 6.484428296486257182e+00 1.622469324149496961e+00 1.994200000000000000e+04
5.219193942212839232e+01 1.243989458641100754e+01 7.797231858659350756e+00 1.443208362803747091e+00 2.030800000000000000e+04
5.270912575914601206e+01 1.328032924456357122e+01 1.090450761774587818e+01 1.141915903708234481e+00 2.105800000000000000e+04
6.002429440818682593e+01 1.431474567729270575e+01 8.930535512323096725e+00 1.443208362803747091e+00 2.061800000000000000e+04
5.831819889330893147e+01 1.491162463747112632e+01 -8.270236858351131204e+00 1.622469324149496961e+00 1.772500000000000000e+04
7.831754441262405919e+01 7.662730743621178675e+00 1.545039812112140787e+01 1.823996295789266142e+00 2.306000000000000000e+03
5.441817777048319726e+01 3.813058022765316935e+01 -1.298096087619193284e+01 1.823996295789266142e+00 1.785900000000000000e+04
5.973507299065831688e+01 -1.941221339326445872e+01 -1.540440997656938116e+01 1.443208362803747091e+00 2.480300000000000000e+04
9.943438418738014661e+01 -1.034251684710874386e+01 -4.004280599852101119e+01 2.305254440592080289e+00 2.147400000000000000e+04
5.083145670610090860e+01 7.190815249575875923e-01 -2.697638799522187014e+01 1.443208362803747091e+00 9.465000000000000000e+03
4.473071106275423148e+01 -1.697366447655470978e+01 -2.126117610609081865e+01 1.283753318145788302e+00 2.097400000000000000e+04
8.312595426067231585e+01 -1.551324099668461898e+01 -7.556158621354042282e+01 1.141915903708234481e+00 2.457100000000000000e+04
7.684525847513383212e+01 -1.314239644043393795e+01 3.479051941725909103e+01 1.443208362803747091e+00 2.596400000000000000e+04
5.756954604057316516e+01 2.360708876515775323e+00 1.901759554773931171e+01 1.823996295789266142e+00 1.385400000000000000e+04
7.007096910601440243e+01 1.899797492239500585e+01 8.740957376689671321e+01 1.622469324149496961e+00 3.397200000000000000e+04
1.314893871005113191e+01 9.168312750931379540e+00 6.230100215484200987e+01 1.823996295789266142e+00 7.408000000000000000e+03
3.630403076541475826e+01 2.097255050767275364e+01 2.885907036647191504e+01 1.443208362803747091e+00 2.086400000000000000e+04
2.155907507220557306e+01 5.960731924078274346e+00 2.040255855370113736e+01 1.283753318145788302e+00 3.253300000000000000e+04
1.529160953387241051e+01 2.648019472407846742e+00 1.985866360768630656e+01 1.283753318145788302e+00 3.263800000000000000e+04
1.072627531530079281e+01 3.367592757314188390e+01 1.476629319501950306e+02 2.050554939642367014e+00 4.494000000000000000e+03
4.486540523026064875e+01 4.103738082555197053e+01 1.020528897302001923e+02 1.443208362803747091e+00 3.409500000000000000e+04
1.574295224845061014e+01 4.128416878972526405e+01 1.163521856149384774e+02 1.283753318145788302e+00 5.434000000000000000e+03
2.409862384810281810e+01 3.919675455833736066e+01 1.101444325796625918e+02 1.622469324149496961e+00 1.033900000000000000e+04
3.300275809200881838e+01 4.811579580834950320e+01 1.161476551125273033e+02 1.823996295789266142e+00 5.131000000000000000e+03
1.953878842803052507e+01 4.506910108948896720e+01 1.380904571159520060e+02 1.622469324149496961e+00 4.852000000000000000e+03
1.134648741804195993e+01 4.861833530235380607e+01 1.316334391926815499e+02 1.443208362803747091e+00 7.984000000000000000e+03
3.792614615931037036e+01 4.263996901552803109e+01 1.324583190058737330e+02 1.622469324149496961e+00 9.306000000000000000e+03
3.585232244728506856e+01 9.190899730204199614e+01 4.279965850550553341e+01 1.283753318145788302e+00 4.170000000000000000e+03
-5.083542198368004250e+01 1.050790775139409874e+02 6.730197085363361964e+01 1.622469324149496961e+00 1.256000000000000000e+03
-7.883013976410439660e+00 5.132011377230214322e+01 7.332894340856717008e+01 1.283753318145788302e+00 3.020500000000000000e+04
-1.222585503129524476e+01 4.531807145660300762e+01 5.493576368388964681e+01 1.283753318145788302e+00 3.052600000000000000e+04
-2.429899684026347728e+01 4.971520909050325088e+01 6.571350842040864393e+01 1.443208362803747091e+00 2.980500000000000000e+04
-4.064015654174348668e+01 4.298055915472904331e+01 1.932413152192094330e+01 1.443208362803747091e+00 2.765600000000000000e+04
-1.659460310808633565e+01 4.855904869294879234e+01 2.071622704788615721e+01 1.443208362803747091e+00 3.451300000000000000e+04
-1.888707954802019984e+01 7.790238680003226079e+01 2.513630267165764920e+01 1.622469324149496961e+00 5.678000000000000000e+03
-2.510817910592913549e+01 4.592534785499437078e+01 3.930134009011479890e+01 1.443208362803747091e+00 2.919000000000000000e+04
-1.542431406290453744e+01 4.690347794975904350e+01 3.509607070216282665e+01 1.622469324149496961e+00 3.439800000000000000e+04
-4.332129847110762455e+01 4.818719858841635784e+01 4.158676115161233611e+01 1.141915903708234481e+00 2.914500000000000000e+04
-1.487607834726632383e+01 4.424299667324486052e+01 2.679700519589769669e+01 1.443208362803747091e+00 1.272600000000000000e+04
6.362631245483167497e+00 2.963776778358425190e+01 2.670936984549528148e+01 1.622469324149496961e+00 2.653200000000000000e+04
-2.005998888607831177e+01 3.509878076266724634e+01 4.532122231162131243e+01 1.622469324149496961e+00 2.928000000000000000e+04
-1.966366175011666684e+01 3.361502712185450292e+01 4.577253762543919180e+01 1.283753318145788302e+00 2.957100000000000000e+04
-1.918678608324742285e+01 3.668727885770243802e+01 4.609080549909551650e+01 1.283753318145788302e+00 2.939000000000000000e+04
-2.354908944495631218e+01 3.413512829072601562e+01 4.882887775706757338e+01 1.283753318145788302e+00 2.885600000000000000e+04
-4.737374307765754189e+00 2.264283804315369864e+01 3.612225593351502795e+01 1.443208362803747091e+00 3.431800000000000000e+04
-2.307211689417745681e+00 2.392985317010146673e+01 3.504172625642059558e+01 1.823996295789266142e+00 3.417700000000000000e+04
6.611615922977591708e+00 1.181432052118648102e+01 4.584975564999256648e+01 1.015749609142361010e+00 3.460800000000000000e+04
-1.185220989038226369e+00 1.270880160836560080e+01 5.073623197461031253e+01 1.141915903708234481e+00 2.709800000000000000e+04
4.278774090226207250e+00 2.386333914461635075e+01 5.165194463788132140e+01 1.443208362803747091e+00 2.785300000000000000e+04
5.816720336750333509e+00 2.982337934239881250e+01 6.384822178457459074e+01 1.141915903708234481e+00 2.842100000000000000e+04
2.138499722160766670e+00 2.882986923631347054e+01 6.226234270786555669e+01 1.443208362803747091e+00 2.794400000000000000e+04
-5.533307109990950323e+00 4.052866756566528750e+01 7.776739243097782150e+01 1.283753318145788302e+00 2.988500000000000000e+04
-1.539114295251634701e+01 4.196021997112970325e+01 6.381551946950744281e+01 1.443208362803747091e+00 3.011900000000000000e+04
-2.447030246436655432e+01 3.904388328222427873e+01 5.544274498366836923e+01 1.622469324149496961e+00 8.564000000000000000e+03
-1.238632886755203666e+00 -1.304309832856931806e+01 8.514942788211682512e+01 1.283753318145788302e+00 3.469900000000000000e+04
2.289755317471541041e+00 1.825269007157303136e+01 5.999999034252208929e+01 1.141915903708234481e+00 2.700600000000000000e+04
-5.101271470816719500e-01 1.988541384302656567e+01 5.898406446363552647e+01 1.443208362803747091e+00 2.864900000000000000e+04
3.443204276042584056e+00 2.466094047209658768e+01 6.027070303469037782e+01 1.141915903708234481e+00 2.705200000000000000e+04
4.118489064228000096e+00 2.087577483167000203e+00 5.943084510764372652e+01 1.283753318145788302e+00 2.858800000000000000e+04
-4.895472073830525184e-01 5.759207271397493777e+00 5.974443152286634273e+01 1.283753318145788302e+00 3.464000000000000000e+04
2.167014183117876414e+00 -8.136123915967967413e-02 6.319488350489694284e+01 1.622469324149496961e+00 2.713900000000000000e+04
-7.796855938748872283e+00 2.186414793182495764e+00 7.008551112335207733e+01 1.823996295789266142e+00 2.825400000000000000e+04
-4.994081315115583841e+00 3.482919853031192226e+00 6.835093621367543903e+01 1.283753318145788302e+00 2.752900000000000000e+04
-3.770245817206137495e+00 1.157455320408678290e+01 6.532034892397247461e+01 1.141915903708234481e+00 2.802000000000000000e+04
-7.450830496655875379e+00 -1.273369466098313696e+00 2.675327897096348551e+01 1.283753318145788302e+00 3.026700000000000000e+04
3.359068433209827287e+00 -6.546697771578398051e-01 3.270077421045324684e+01 1.823996295789266142e+00 1.410300000000000000e+04
-4.048714114373760253e+01 -2.036917294091515274e+01 3.974359873303172463e+01 1.283753318145788302e+00 2.440600000000000000e+04
-1.213599837133880222e+01 3.228978880654505002e+00 3.181923098944715278e+01 1.622469324149496961e+00 1.835300000000000000e+04
-1.944252244799970697e+01 1.384629863884539347e+00 3.687957017803935855e+01 1.823996295789266142e+00 2.627900000000000000e+04
-1.007293994045999064e+01 2.819997277205088526e+00 1.792783806514350431e+01 1.622469324149496961e+00 1.855900000000000000e+04
-1.802142343918813339e+01 -1.494798429259279793e+01 5.141792774650708253e+01 1.622469324149496961e+00 2.805900000000000000e+04
-4.816286677426919738e+00 -7.614718618577461129e+00 5.003243119600759314e+01 1.622469324149496961e+00 2.740500000000000000e+04
-3.084548506674619262e+01 4.194455771623333717e+00 2.226493439953064168e+01 1.141915903708234481e+00 2.467100000000000000e+04
-2.773136631064555857e+01 5.693729054476017737e+00 6.590214088544996685e+01 1.622469324149496961e+00 3.112300000000000000e+04
-6.061711908685398953e+01 -8.336509381915831796e+00 2.545931784473415149e+01 1.622469324149496961e+00 2.412000000000000000e+04
-4.592302176423176263e+01 -8.096691025157461752e+00 3.604431293888153931e+01 1.283753318145788302e+00 2.433300000000000000e+04
-5.246284329888969467e+01 -1.201906656605941137e+01 3.792341545264445557e+01 1.141915903708234481e+00 2.437400000000000000e+04
-4.818331555784376263e+01 -1.085055768690300404e+01 3.644640735798112274e+01 1.283753318145788302e+00 2.428800000000000000e+04
-5.936627189372775604e+01 2.803310840796656223e+01 4.063429203007617474e+01 1.443208362803747091e+00 2.450000000000000000e+04
-4.557066419223497888e+01 2.798046189003317963e+01 3.532418185211088257e+01 1.622469324149496961e+00 1.004400000000000000e+04
-3.102828962401171253e+01 3.218931703666540045e+01 4.624898633868546227e+01 2.305254440592080289e+00 6.002000000000000000e+03
-2.849717172600110615e+01 2.664244979460431750e+01 3.029750332733265594e+01 1.443208362803747091e+00 6.808000000000000000e+03
-7.416371918833907273e+01 -2.442199455242362660e+01 6.795666488705813890e+01 1.443208362803747091e+00 1.925000000000000000e+03
-9.224080838339683908e+01 9.434193494417343118e+00 5.502869831010671220e+01 1.622469324149496961e+00 2.471500000000000000e+04
-4.652520515607756124e+01 1.358664709538399507e+01 2.834714460160128624e+01 1.443208362803747091e+00 2.460800000000000000e+04
-1.153217666508408854e+02 1.029137935879976169e+02 3.916216101144396333e+01 1.443208362803747091e+00 4.920000000000000000e+02
-9.546720364590360930e+01 7.111748352547832042e+01 1.007683849394192066e+02 2.050554939642367014e+00 3.154100000000000000e+04
-4.001408170446641321e+00 3.128572223328762902e+01 1.035309089441236665e+02 1.283753318145788302e+00 1.856000000000000000e+03
-1.191224140093645545e+01 2.872112358443076729e+01 1.183123602313733187e+02 1.283753318145788302e+00 1.778000000000000000e+03
-4.978694125207808518e+00 -1.997720555115523267e+00 1.014122784983423742e+02 1.141915903708234481e+00 3.475600000000000000e+04
6.667247496083970937e+00 4.904222067641335769e+01 1.356988391494923576e+02 1.622469324149496961e+00 7.722000000000000000e+03
-1.510502711969057010e+01 7.263669432123079162e+01 1.373792707576081114e+02 1.283753318145788302e+00 8.182000000000000000e+03
-1.233004664020575403e+00 1.112683749994856015e+02 1.161223845640037950e+02 1.622469324149496961e+00 1.157900000000000000e+04
-7.640078285820167681e-01 -5.370424360633586502e+01 2.032519621103112684e+01 1.622469324149496961e+00 9.580000000000000000e+03
-7.028898035670277933e-01 -2.909124027695386872e+01 3.322656658888078596e+01 1.283753318145788302e+00 3.139400000000000000e+04
-3.074008658938664240e+01 -4.298651201624898022e+01 2.822401924001048101e+01 1.622469324149496961e+00 1.511500000000000000e+04
9.684731669660724407e+00 -5.697127778348647809e+01 2.896375367098320197e+01 1.283753318145788302e+00 1.341100000000000000e+04
1.116632185877517713e+01 -4.650755527329039296e+01 3.516334522639560589e+01 1.443208362803747091e+00 9.731000000000000000e+03
7.449713813437551835e+01 -3.808141592761573690e+01 4.321859871463396985e+01 1.622469324149496961e+00 6.658000000000000000e+03
-1.660008476339473305e+02 1.101333214980615764e+02 1.976616478346930421e+02 1.622469324149496961e+00 1.500000000000000000e+02
