# star id 	 star_x_coords [pc] 	 star_y_coords [pc] 	 star_z_coords [pc] 
1.492100000000000000e+04 1.224642129609840424e+00 -2.641627547519089347e+00 -3.438752549164741268e+00
1.486300000000000000e+04 1.224642129609840424e+00 -2.641627547519089347e+00 -3.438752549164741268e+00
1.493700000000000000e+04 1.224642129609840424e+00 -2.641627547519089347e+00 -3.438752549164741268e+00
3.098000000000000000e+03 1.454711619572948145e+00 -4.487159715496687795e+00 -2.844859195929739570e+00
1.493400000000000000e+04 1.280094907675988658e+00 -3.865224141848312200e+00 -2.715348687710832820e+00
3.283000000000000000e+03 1.280094907675988658e+00 -3.865224141848312200e+00 -2.715348687710832820e+00
1.482300000000000000e+04 5.033975923091054128e-01 -2.006426392113350943e+00 -4.408567622442658873e+00
1.482700000000000000e+04 -3.465678385518836890e+00 -4.641403451160215354e+00 -4.731089348280146822e+00
1.987000000000000000e+03 -4.955334153506552042e-02 -3.207344650798731323e+00 -5.828975186267500774e+00
1.494500000000000000e+04 -4.955334153506552042e-02 -3.207344650798731323e+00 -5.828975186267500774e+00
1.493800000000000000e+04 -3.401024342953897772e-01 -3.366583107181615020e+00 -5.503148277642836206e+00
1.482900000000000000e+04 -3.735881701577090652e-01 -3.797021692597443376e+00 -4.662654509450179674e+00
1.485900000000000000e+04 -3.735881701577090652e-01 -3.797021692597443376e+00 -4.662654509450179674e+00
1.494200000000000000e+04 -2.236593762765757276e-01 -6.550259741547321823e+00 -4.960460092076685257e+00
1.481700000000000000e+04 -7.623803777535584913e-01 -6.376859478420691119e+00 -4.800357666092164521e+00
1.485400000000000000e+04 6.537311638030800509e-01 1.645145573079577872e+00 -4.849148171265170504e+00
1.484500000000000000e+04 -5.377622795734122718e-01 -5.702947862624867525e+00 -4.789884046476409196e+00
1.482600000000000000e+04 -1.574011817208944564e+00 2.047060327605397134e+00 -3.891410103592500391e+00
1.486000000000000000e+04 6.557402072024300921e-01 1.792580985079336386e+00 -4.188399940682288047e+00
1.486600000000000000e+04 -1.030079636270416543e+00 -4.940041126201148103e+00 -3.927691355572086707e+00
1.489400000000000000e+04 -5.766047233839168840e-01 -1.339821468675424398e+00 -3.882823154028073986e+00
1.489500000000000000e+04 -1.601782341589572667e+00 -5.103267989220029222e+00 -3.890414076999384463e+00
1.481600000000000000e+04 -1.601782341589572667e+00 -5.103267989220029222e+00 -3.890414076999384463e+00
1.483000000000000000e+04 3.466578861442357606e-01 -9.996020932353779642e-01 -3.453831450159595917e+00
1.494700000000000000e+04 -5.485845131742790315e-01 -2.065716878140463564e+00 -2.605857257787024039e+00
1.483200000000000000e+04 -1.208257377243082686e+00 -2.399134012809334138e+00 -3.104077383035109605e+00
1.492200000000000000e+04 -3.243077675999396448e+00 -2.552016567334650432e+00 -3.186675634714360328e+00
3.664000000000000000e+03 -3.243077675999396448e+00 -2.552016567334650432e+00 -3.186675634714360328e+00
1.495400000000000000e+04 -3.243077675999396448e+00 -2.552016567334650432e+00 -3.186675634714360328e+00
3.726000000000000000e+03 -4.098418738898823577e-01 -1.201948049098497506e+00 -2.915990551030226641e+00
1.508000000000000000e+04 -4.098418738898823577e-01 -1.201948049098497506e+00 -2.915990551030226641e+00
3.204000000000000000e+03 -4.098418738898823577e-01 -1.201948049098497506e+00 -2.915990551030226641e+00
3.051000000000000000e+03 -1.311190075546665668e+00 -1.337115844872180048e+00 -2.860728136075886496e+00
3.052000000000000000e+03 -1.311190075546665668e+00 -1.337115844872180048e+00 -2.860728136075886496e+00
3.053000000000000000e+03 7.059034763716072192e-01 -5.614369741807308856e+00 -3.005932982459002645e+00
3.054000000000000000e+03 7.059034763716072192e-01 -5.614369741807308856e+00 -3.005932982459002645e+00
3.055000000000000000e+03 7.059034763716072192e-01 -5.614369741807308856e+00 -3.005932982459002645e+00
1.425900000000000000e+04 7.059034763716072192e-01 -5.614369741807308856e+00 -3.005932982459002645e+00
1.441000000000000000e+04 1.777462564282465962e-01 2.329317098908969541e+00 -3.215501114929427473e+00
1.424200000000000000e+04 -2.867272556309599096e-01 -4.813880552245812794e-01 -3.644559105850074587e+00
1.412700000000000000e+04 -2.717424096751399176e+00 6.345244691627165423e-01 -4.340251012301139966e+00
1.412800000000000000e+04 -5.682124726875787957e-01 -5.349062351634259471e-02 -2.852799253054689288e+00
1.432500000000000000e+04 -5.682124726875787957e-01 -5.349062351634259471e-02 -2.852799253054689288e+00
1.429200000000000000e+04 -1.085396663513904514e+00 -5.375550822657899630e-01 -2.497736588517156520e+00
1.427100000000000000e+04 -1.085396663513904514e+00 -5.375550822657899630e-01 -2.497736588517156520e+00
1.436300000000000000e+04 -1.085396663513904514e+00 -5.375550822657899630e-01 -2.497736588517156520e+00
1.481800000000000000e+04 -2.517257554641009420e+00 1.101824929339233705e+00 -2.834354218590149799e+00
1.436500000000000000e+04 -1.677292372397401365e+00 9.998755082112005255e-01 -2.604819243980186272e+00
1.427400000000000000e+04 -1.475459471938782130e+00 2.906593035028137706e-01 -2.574601718745856971e+00
1.483100000000000000e+04 -1.733975557990376615e+00 1.044593305599459399e+00 -2.503574255379774627e+00
3.264000000000000000e+03 -1.255021134247668257e+00 4.349534142425888206e-01 -2.485077990309140006e+00
6.490000000000000000e+02 4.867122075836727291e-01 9.810341474033137388e-01 -2.568800134843357341e+00
3.661000000000000000e+03 -1.179237130800281363e-01 9.318893418841476262e-01 -2.383746951543251669e+00
3.662000000000000000e+03 -2.920914950828915835e+00 -2.210315879092622282e+00 -4.306493007586057686e+00
3.663000000000000000e+03 -8.796791047723990786e-01 -2.086589523136758828e+00 -3.653566206557620433e+00
3.665000000000000000e+03 -6.150570499662135759e-01 -4.330378744195687801e+00 -4.879534094772475683e+00
1.517500000000000000e+04 -2.283870886987834581e+00 -5.200156062222252018e+00 -4.015691683391143130e+00
1.506900000000000000e+04 -1.388325682361967850e+00 -4.776341721689941977e+00 -4.095806831277215565e+00
1.507000000000000000e+04 6.238736577130419292e-01 -4.105606805644832491e+00 -3.619995502470958471e+00
1.487800000000000000e+04 -3.049102218950256571e+00 -3.749430298810871420e+00 -3.872853410123349605e+00
1.494400000000000000e+04 8.225317223777581788e-01 -2.925853434292729816e+00 -3.790261615068260426e+00
1.493100000000000000e+04 8.225317223777581788e-01 -2.925853434292729816e+00 -3.790261615068260426e+00
1.487500000000000000e+04 -8.315497812775003439e-01 -3.967590911132710119e+00 -2.757638333479242476e+00
1.488900000000000000e+04 -5.836314268641480396e-01 -3.256870579778212260e+00 -2.441717892949336388e+00
1.484400000000000000e+04 3.120056595499489660e-01 -6.554718188024658332e+00 -3.819800374436725932e+00
1.491000000000000000e+04 3.519363922898524066e-01 -6.442091241218314224e+00 -3.732361555027056355e+00
1.485000000000000000e+04 -4.654995247845894468e-01 -6.466579505719693088e+00 -3.386417827900464417e+00
1.482500000000000000e+04 -8.818849568603068789e-01 5.949733546910533022e+00 1.230749045468030545e+00
1.490800000000000000e+04 -1.651689529653969757e+00 1.820578658805377614e+00 8.885396114870856010e-01
1.490600000000000000e+04 -1.811576375283010520e+00 1.889037188455876759e+00 7.885996526198200129e-01
1.482400000000000000e+04 -1.251963598924628940e+00 1.604563655158305124e+00 6.550969198266534121e-01
1.488300000000000000e+04 -3.073147823090877750e+00 6.259401161924312618e+00 1.546530123377000798e+00
1.492800000000000000e+04 -6.078101767538699463e-01 3.528543037594978671e+00 6.240183398618608379e-01
1.488700000000000000e+04 -6.163753213143472465e-01 3.484535484847835818e+00 7.914573633110713047e-01
1.489900000000000000e+04 -6.343951336390203366e-01 2.646590687463856284e+00 1.333216393438757308e+00
1.493000000000000000e+04 -2.384323650559947438e-01 -1.081022616144952764e+00 6.407326695095312274e-01
1.486500000000000000e+04 -2.758847542616464921e-01 -1.159477717750405645e+00 1.321359567672827140e+00
1.491100000000000000e+04 -3.418272607142949226e-01 -7.672429168474899086e-01 6.481157347358248444e-01
1.492900000000000000e+04 -1.629610179938991266e+00 3.325767498215121520e+00 7.874707273165197918e-01
1.486700000000000000e+04 -1.166956763646254558e+00 -7.624989709498173340e-01 7.576283973136677119e-01
1.492500000000000000e+04 3.152451653780463658e-02 -8.707514861350951207e-01 6.390366791841124439e-01
1.491300000000000000e+04 -5.015117217678390915e-01 -2.121659425783974484e+00 -1.473246567054704137e+00
1.493600000000000000e+04 -5.015117217678390915e-01 -2.121659425783974484e+00 -1.473246567054704137e+00
1.490400000000000000e+04 -5.122779981160174856e-01 1.818120341406839202e+00 1.695060553589827101e+00
1.490900000000000000e+04 -1.765124147675489752e-02 -2.135149277273278301e+00 -1.869829179783908835e+00
1.484600000000000000e+04 -1.765124147675489752e-02 -2.135149277273278301e+00 -1.869829179783908835e+00
1.485600000000000000e+04 1.768497376277382571e-01 2.144019663695807765e+00 1.855014822273971298e+00
1.485700000000000000e+04 6.256078726859382044e-02 1.723103884125332996e+00 2.404638212430691535e+00
1.490000000000000000e+04 7.629145155137226908e-01 -1.762012696067781548e+00 1.748049796823728297e+00
1.492600000000000000e+04 -2.638774244331521857e+00 2.602709694093334747e+00 1.704828586105977539e+00
1.489800000000000000e+04 -2.608652721334712155e+00 6.734990867206168019e+00 2.547989063008643473e+00
1.490500000000000000e+04 -9.296708889749298876e-01 2.570944710505735031e+00 -1.883931620796068351e+00
1.486800000000000000e+04 -9.296708889749298876e-01 2.570944710505735031e+00 -1.883931620796068351e+00
1.491700000000000000e+04 -7.499290717571325260e-01 3.139356141728292471e+00 -1.630828290205044162e+00
1.491800000000000000e+04 -9.128387939249229532e-01 -1.333343697184769638e+00 -2.275724855266971325e+00
1.491900000000000000e+04 -9.128387939249229532e-01 -1.333343697184769638e+00 -2.275724855266971325e+00
1.492700000000000000e+04 -1.071483360761229520e+00 2.959084893316973108e+00 -1.916048376518045160e+00
1.491400000000000000e+04 4.340558790235036213e-01 6.964565565720885587e+00 2.032039768013718994e+00
1.491500000000000000e+04 -2.660052904485752379e+00 3.743587428865598810e+00 8.801260700790427549e-01
1.490300000000000000e+04 -4.367547964436431229e-01 3.699462678129957993e+00 1.297030988092728876e+00
1.485100000000000000e+04 -7.155358615882612128e-01 2.601949067086906098e-01 9.091192058049788471e-01
1.482000000000000000e+04 -2.262567932636388335e+00 5.072569710048924208e+00 1.393281246806782114e+00
1.496300000000000000e+04 -2.486162007028022813e+00 9.796404415115667064e-01 9.693429141281466599e-01
1.487200000000000000e+04 -9.930805778143412255e-01 1.016729149708726965e+00 1.102994305586113555e+00
1.486900000000000000e+04 -1.234455819531302012e+00 1.502720928516378507e+00 9.253420222647426030e-01
1.492400000000000000e+04 -1.226910949926152128e+00 1.414090371514603817e+00 5.795542928096910629e-01
1.492300000000000000e+04 1.442432529922736961e-01 5.587930983317924927e+00 7.269475391917907814e-01
1.486200000000000000e+04 -1.157190975164866131e+00 1.737039887838136565e-01 2.336953299367256598e+00
1.484700000000000000e+04 4.021420264001918099e-01 7.625058707585576911e+00 2.072364411944862983e+00
1.494100000000000000e+04 -8.003770580959210790e-01 7.011946439041949475e-01 1.715286068979883893e+00
1.487300000000000000e+04 -8.003770580959210790e-01 7.011946439041949475e-01 1.715286068979883893e+00
1.487100000000000000e+04 -5.761973437531846542e-01 1.415277477655891403e+00 1.825103890668797746e+00
1.483800000000000000e+04 -5.045230133331646272e-01 1.405759911574119059e+00 2.082105523800570790e+00
1.489700000000000000e+04 -5.045230133331646272e-01 1.405759911574119059e+00 2.082105523800570790e+00
1.485200000000000000e+04 -4.814240496271144920e-01 -6.335502499757168948e+00 -6.385988619921532106e-01
1.491600000000000000e+04 -7.807168862122617625e-01 -2.436836667715553517e+00 -1.425158872555346790e+00
1.486400000000000000e+04 -6.579243695621164179e-01 -1.974611701052083390e+00 -8.018628941432091040e-01
1.490200000000000000e+04 -4.791278781369685547e-01 -1.794047363413945106e+00 -7.594546995464810379e-01
7.340000000000000000e+02 -7.130507666755194762e-01 2.044843152861314906e+00 2.760818815503658818e+00
1.481500000000000000e+04 -1.015493381880835599e+00 -2.129368784523929747e+00 -5.252914113506292892e-01
1.493500000000000000e+04 7.625145907700225933e-01 -1.600821618469705498e+00 -9.940034650578759567e-01
1.485300000000000000e+04 -8.961718116008201562e-01 3.580008386603488191e+00 -9.988014661731199340e-01
1.494000000000000000e+04 -8.018774272119495450e-01 3.062581062003140175e+00 -8.445912053404853737e-01
1.488400000000000000e+04 -5.895106376337357901e-01 -1.139407265467919927e+00 -1.177902890354936893e+00
1.482100000000000000e+04 -6.833569082366324210e-01 -1.208339237562380930e+00 -7.827523678648740102e-01
1.496400000000000000e+04 8.529608856871622180e-01 -1.484670720284867684e+00 -9.009274091445762522e-01
1.481900000000000000e+04 8.222071809364868145e-01 -6.233823051090077172e-01 -1.356536501571427245e+00
1.493300000000000000e+04 4.851224132005516054e-01 -8.733313321072877500e-01 2.713124455144600766e+00
1.485800000000000000e+04 -2.436962472499288879e-01 5.852059150683022182e+00 4.856921317987081821e-01
1.494300000000000000e+04 6.497653076536735739e-02 -2.485821553027086850e+00 -5.746857128453797259e-02
1.487400000000000000e+04 4.642446273972735682e-01 -1.722425755705675243e+00 3.927913195573946581e-01
1.488800000000000000e+04 -6.327747522652789058e-01 2.874742014497304154e+00 1.631464843203147552e-01
1.487000000000000000e+04 -4.165783588248253011e-01 3.035734184398712898e+00 4.181416302356248949e-01
1.485500000000000000e+04 -8.150604483754397833e-01 -1.073245636201651365e+00 2.332713637891714598e-02
1.484000000000000000e+04 -8.150604483754397833e-01 -1.073245636201651365e+00 2.332713637891714598e-02
1.484100000000000000e+04 -7.629301717763325996e-02 -1.329503418937843406e+00 1.919277323466932472e-01
1.484200000000000000e+04 -1.469707962895133946e+00 2.907116095685644552e+00 -5.119517266832929181e-02
1.484300000000000000e+04 -8.086130194220553236e-01 3.669773104441219402e+00 -1.119177328032601615e+00
1.489600000000000000e+04 3.825797900509932958e-01 -3.560278196450401111e+00 -1.179329677366648177e+00
1.488200000000000000e+04 3.825797900509932958e-01 -3.560278196450401111e+00 -1.179329677366648177e+00
2.951000000000000000e+03 1.169862115744626507e-01 -2.309379047309398914e-01 3.533680135728403560e+00
1.487600000000000000e+04 -5.873338985297458237e-01 -2.695324785248011779e+00 -1.431831288852289497e+00
1.483400000000000000e+04 -4.777086776410168767e-01 -2.688025302853695564e+00 -5.233702381189715425e-01
1.483500000000000000e+04 1.572146753342549275e-01 -3.079558312265398001e+00 -1.088374974714360732e+00
1.487900000000000000e+04 7.440472851948074506e-01 8.446771857338042366e-01 -1.438338756489136117e+00
1.486100000000000000e+04 -2.658949287491054747e-01 4.203000885581147372e+00 1.883654777135062020e-01
1.498400000000000000e+04 -7.875071083403639705e-01 -2.697323616608581887e+00 -3.952069494611567535e-01
1.428800000000000000e+04 -1.054700127000213428e+00 -2.918626214189686152e+00 4.092389515382164333e-01
1.519700000000000000e+04 -1.813216430920666866e+00 5.550513291680026384e+00 3.822856678859341883e+00
1.519500000000000000e+04 -1.813216430920666866e+00 5.550513291680026384e+00 3.822856678859341883e+00
1.511800000000000000e+04 -3.610088107180732919e+00 9.105850933402415137e-01 3.365254123105483330e-01
1.521300000000000000e+04 -5.812725046686413322e-01 1.629668219232261350e+00 -9.056136113996835491e-01
1.515200000000000000e+04 -5.812725046686413322e-01 1.629668219232261350e+00 -9.056136113996835491e-01
1.505400000000000000e+04 3.843743503143315365e-01 5.895118335133489040e+00 2.998087673871170367e+00
1.504000000000000000e+04 -8.701378222495055326e-01 5.653605502847341313e+00 3.176988145645061490e+00
1.508600000000000000e+04 1.152219575504087601e-02 5.920725960935826038e+00 3.468382463135947447e+00
1.515500000000000000e+04 -1.331995657116348042e+00 1.778374248514641209e+00 -6.047401636506561928e-01
1.515400000000000000e+04 -1.385442192184333621e+00 -8.602474898996348429e-01 -6.925851754469416477e-01
1.512600000000000000e+04 -1.016986209140851471e+00 -7.892179773563157141e-01 -7.023528135470105127e-01
1.502700000000000000e+04 -1.016986209140851471e+00 -7.892179773563157141e-01 -7.023528135470105127e-01
1.512500000000000000e+04 -9.267178492330829798e-01 1.702789782366274096e+00 -4.613356790670657404e-01
1.523600000000000000e+04 2.297415859451676923e-01 5.671748686077751955e+00 3.857836841740826195e+00
1.519100000000000000e+04 -1.284899986286466955e+00 1.642837469210185475e+00 -3.264933080574392577e-01
1.518900000000000000e+04 -1.284899986286466955e+00 1.642837469210185475e+00 -3.264933080574392577e-01
1.508200000000000000e+04 -1.023222216971509724e+00 1.735611822206728050e+00 1.183427192695862828e-01
1.415300000000000000e+04 -7.092400160430027967e-01 -7.184089925282428624e-01 -8.960279695933692778e-02
1.431900000000000000e+04 -2.175236979778683022e-01 -6.243454510809165470e-01 -3.468838814064474363e-01
1.418800000000000000e+04 -9.722995635714859475e-01 -5.780566695248694487e-01 3.203500106340761988e-01
1.428200000000000000e+04 -1.764926338212836399e+00 -7.050833267225158352e-01 2.586023916319257765e-01
1.424800000000000000e+04 -1.448578612027702661e+00 -7.288285108563741233e-01 2.617381064276607106e-01
1.431500000000000000e+04 -8.045657994250259293e-01 -2.030711954779356176e-01 -1.179806016817882330e+00
1.426400000000000000e+04 -8.149679392352915386e-01 -1.425811794974052304e-02 -1.204477270871791461e+00
1.512400000000000000e+04 -7.353456285810997528e-01 7.138330976863116462e-02 -1.158152490974097226e+00
1.423900000000000000e+04 -7.353456285810997528e-01 7.138330976863116462e-02 -1.158152490974097226e+00
1.510400000000000000e+04 1.149786071591716308e-01 4.111397779579625933e+00 2.929046124151360786e+00
1.520800000000000000e+04 -1.138538894748108987e-02 4.141948802649960015e+00 3.026931513003078056e+00
1.514500000000000000e+04 -1.138538894748108987e-02 4.141948802649960015e+00 3.026931513003078056e+00
1.440500000000000000e+04 -2.020052247262302814e-01 4.178703539382741639e+00 2.965171638191093528e+00
1.417400000000000000e+04 -1.001041884987120767e+00 2.325535829761449236e-01 -1.396672190348049902e+00
1.423100000000000000e+04 -6.452921201347301405e-01 -5.478177276507167903e-02 -9.337115145258243487e-01
1.503500000000000000e+04 -1.895363807431269976e+00 -2.831191012984035638e-01 -6.542191754504491641e-01
1.511700000000000000e+04 4.120908996298844329e-01 4.067876646458717715e+00 3.375372884901421955e+00
1.523400000000000000e+04 2.671337728716540738e-01 4.588953505933091037e-02 -5.684348955395410741e-01
1.504500000000000000e+04 3.232870541128392006e-01 4.875063613647299121e-01 -9.406728453034434168e-01
1.421400000000000000e+04 3.232870541128392006e-01 4.875063613647299121e-01 -9.406728453034434168e-01
1.501400000000000000e+04 3.156263143239854685e-01 4.502550413464248891e+00 3.364855119125753191e+00
1.515100000000000000e+04 -1.213464452573962404e-01 4.257095678971715813e+00 3.096540204606780922e+00
1.506000000000000000e+04 -1.213464452573962404e-01 4.257095678971715813e+00 3.096540204606780922e+00
1.427700000000000000e+04 -5.192119891367257267e-01 7.653519677001696664e-01 -1.379735805151686812e+00
1.513100000000000000e+04 -7.932891214015223014e-01 4.996464675786405962e+00 3.094964754229243553e+00
1.513000000000000000e+04 -7.932891214015223014e-01 4.996464675786405962e+00 3.094964754229243553e+00
1.512900000000000000e+04 -2.470143388194516731e-01 4.673928838174017386e+00 2.773581202023506442e+00
1.519800000000000000e+04 -1.022961958535024252e+00 6.555411002390165720e-01 -1.370859199049629495e+00
1.508900000000000000e+04 -1.214265347469464018e+00 6.505782583522226048e-01 -1.305304825052011175e+00
1.520600000000000000e+04 -9.141754460496667178e-01 1.571256330284239056e+00 -1.378151896923220043e+00
1.502600000000000000e+04 -6.316609943522664139e-01 1.400231941017818116e+00 -9.340456131529544237e-01
1.521500000000000000e+04 -6.316609943522664139e-01 1.400231941017818116e+00 -9.340456131529544237e-01
1.502800000000000000e+04 -6.316609943522664139e-01 1.400231941017818116e+00 -9.340456131529544237e-01
1.520000000000000000e+04 -6.316609943522664139e-01 1.400231941017818116e+00 -9.340456131529544237e-01
1.506400000000000000e+04 -1.034577151329482803e+00 5.125145975200229742e+00 2.967640446869359128e+00
1.520200000000000000e+04 -3.412493090561641296e-01 5.219958394790445766e+00 2.745788698230865243e+00
1.511300000000000000e+04 -7.224897930510376654e-02 5.406025648161659092e+00 2.617332152519606936e+00
1.430500000000000000e+04 -1.484656977832317537e+00 1.374961477501255303e+00 -1.072527386158204088e+00
1.425100000000000000e+04 -1.639000871675399651e+00 9.566713079209812065e-01 -8.548736845297826292e-01
1.428100000000000000e+04 -4.270389319181733256e-01 4.860600891232952137e+00 3.221198515462095013e+00
1.427600000000000000e+04 6.569463599205782600e-02 4.727764882157448056e+00 3.463143897612384059e+00
1.422900000000000000e+04 -9.204137397542178078e-01 1.289664976988351697e+00 -7.473645905364101338e-01
1.422800000000000000e+04 -6.704246527278252543e-01 5.529317637071780922e+00 3.396950706362701133e+00
1.422700000000000000e+04 -6.704246527278252543e-01 5.529317637071780922e+00 3.396950706362701133e+00
1.417300000000000000e+04 -1.605694030536907846e+00 1.207747473127525950e+00 -7.705163542860855586e-01
1.417200000000000000e+04 -3.246371855900251902e-01 1.172441904756190922e+00 -5.187165958750972194e-01
1.420000000000000000e+04 -2.177481038045101513e-01 1.347026900241033331e+00 -5.030896006134959464e-01
1.437300000000000000e+04 -2.276464576933410200e-01 5.497281043010112001e+00 3.401810805445845354e+00
1.420100000000000000e+04 -6.763095109400296678e-02 5.168931232881405435e+00 3.427703477959715972e+00
1.426000000000000000e+04 -9.449093749942667486e-01 -2.151475915951621687e-01 -3.139360101432435712e-01
1.430900000000000000e+04 -9.449093749942667486e-01 -2.151475915951621687e-01 -3.139360101432435712e-01
1.431400000000000000e+04 -9.449093749942667486e-01 -2.151475915951621687e-01 -3.139360101432435712e-01
1.437600000000000000e+04 -6.077221530976792963e-01 -1.263103714384428145e-02 -2.922518270285001663e-01
1.425600000000000000e+04 -6.077221530976792963e-01 -1.263103714384428145e-02 -2.922518270285001663e-01
1.417100000000000000e+04 1.231227872990334760e-01 5.499390819289445176e+00 2.626021088257548097e+00
1.441300000000000000e+04 -7.603733861170063335e-01 2.152475349507518843e-01 -4.251168047664268812e-01
1.419200000000000000e+04 -6.247771823181382800e-01 1.659769727551498875e-01 -3.600114892259576038e-01
1.506800000000000000e+04 -5.648360181153124771e-01 3.073560160555466325e-01 -1.244455688301906449e-01
1.508800000000000000e+04 -8.612289713400098634e-01 4.472834206053342143e-01 2.572101180996710923e-03
1.515300000000000000e+04 -1.114021577510332150e+00 2.729213560002250460e-01 -3.329892722836627073e-01
1.519200000000000000e+04 1.789399433007794471e-01 5.031340215688892670e+00 3.401181700043394596e+00
1.515900000000000000e+04 3.289981961513746000e-01 4.881965307738536097e+00 3.516182565318191511e+00
1.515800000000000000e+04 -1.899894474125691346e+00 -4.425537604075948650e-01 3.378476336957794146e-01
1.422300000000000000e+04 7.341619785335380399e-01 4.898500604452213025e+00 3.502970562799511800e+00
1.434600000000000000e+04 1.298140375514922340e-01 1.333446871555526769e+00 -5.049367970897042923e-01
1.425200000000000000e+04 1.298140375514922340e-01 1.333446871555526769e+00 -5.049367970897042923e-01
1.431600000000000000e+04 2.730488778551656281e-01 5.550461700035132395e+00 3.067054290411790340e+00
1.430000000000000000e+04 -5.095878971006300162e-01 3.900883565097146288e-01 6.489648201159603502e-02
1.424900000000000000e+04 -9.915112787293249852e-01 3.210000087812261427e-01 1.209475239290167536e-01
1.421900000000000000e+04 -6.696970135853543837e-01 1.453912680436602045e-01 3.896322253841040251e-01
1.426900000000000000e+04 7.523150910360172361e-01 5.443469160890018088e+00 3.374917193296586682e+00
1.420700000000000000e+04 8.027065223866625132e-01 5.294149250477889979e+00 3.440065193212934247e+00
1.423400000000000000e+04 3.038962072994602082e-01 4.084102898193229692e+00 4.126029504903401701e+00
1.424300000000000000e+04 -9.726052200511094981e-01 6.735002719138485361e-01 -5.074315791716736967e-01
1.424100000000000000e+04 -6.460101783511600360e-01 1.016121042379111827e+00 -2.544014104132417131e-01
1.424000000000000000e+04 -1.913219945879127692e-01 7.155365453086588445e-01 -2.047122749738985448e-01
1.428900000000000000e+04 -3.098674470999824848e-01 5.244511608137578662e-01 -1.055824718883862090e-01
1.441200000000000000e+04 -4.236635348417054914e-01 8.955412253313461690e-01 -4.362421715712097026e-01
1.416300000000000000e+04 5.004295866159349515e-01 4.555313138465475475e+00 3.711981918678271875e+00
1.441100000000000000e+04 -5.701386330026689819e-01 1.295781962597374104e+00 -3.354142500738355182e-02
1.423000000000000000e+04 5.574671785632077103e-01 4.560360233315503109e+00 3.790645945396694305e+00
1.428700000000000000e+04 -2.492270478238829412e-01 5.719013646905857229e-01 2.057788377047682360e-01
1.423200000000000000e+04 -2.492270478238829412e-01 5.719013646905857229e-01 2.057788377047682360e-01
1.421600000000000000e+04 -2.334371620113682155e-01 6.641419601393785399e-01 3.081843142970477345e-01
1.416900000000000000e+04 -2.334371620113682155e-01 6.641419601393785399e-01 3.081843142970477345e-01
1.420300000000000000e+04 -2.770944713977900875e-01 8.123886044558439323e-01 4.143898438670774453e-01
1.426500000000000000e+04 -1.336224939153474622e+00 9.940992621336874890e-01 4.318862488929440246e-01
1.425400000000000000e+04 1.553914866626993074e-02 2.089996443366715084e-01 7.830703800463378883e-02
1.429400000000000000e+04 1.074335053233372861e-01 3.526439677451627119e-01 3.014135861485121026e-01
1.422400000000000000e+04 1.074335053233372861e-01 3.526439677451627119e-01 3.014135861485121026e-01
1.431700000000000000e+04 -1.893253621692572608e+00 1.471550587109621944e+00 5.210080828560670341e-01
1.429500000000000000e+04 -2.599016480537201801e-01 1.074004608165438412e+00 5.015361572122074563e-01
1.503100000000000000e+04 -2.599016480537201801e-01 1.074004608165438412e+00 5.015361572122074563e-01
1.434200000000000000e+04 -3.457245551200172073e-01 5.231029690159118672e+00 4.246133546388001889e+00
1.438700000000000000e+04 -1.258705336315921741e+00 1.395625204201067504e+00 2.135868928402420153e-01
1.436700000000000000e+04 2.786197854674936636e-01 5.490960102682912236e+00 3.603810215070143208e+00
1.432300000000000000e+04 1.294707695731487362e-01 5.364325171874675391e+00 3.600243136479125639e+00
1.429000000000000000e+04 1.294707695731487362e-01 5.364325171874675391e+00 3.600243136479125639e+00
1.436800000000000000e+04 3.028438377344739862e-01 5.335574812644782838e+00 3.773757592463387045e+00
1.417700000000000000e+04 6.980690226246277774e-01 5.300281455188486035e+00 3.960716782310016448e+00
1.498000000000000000e+04 6.980690226246277774e-01 5.300281455188486035e+00 3.960716782310016448e+00
1.493900000000000000e+04 8.994055884229901210e-02 6.199658123813200916e-01 5.136685423140487927e-01
1.487700000000000000e+04 3.187538126664763993e-01 5.548177265596603291e+00 4.413891410109201274e+00
1.490100000000000000e+04 -1.368245386761834936e-02 4.508609980976753917e+00 2.572321567945452525e+00
1.507800000000000000e+04 3.944021623673865662e-02 4.825555444498249358e+00 2.387627171650723579e+00
1.516900000000000000e+04 1.768008525985651502e-01 4.869948233398304183e+00 2.353975364993400543e+00
1.442100000000000000e+04 3.425836319569857125e-01 4.833943312898149713e+00 2.356469599405841109e+00
1.429100000000000000e+04 1.900979215930300725e-01 4.948750423270876553e+00 2.505969244615143143e+00
1.502400000000000000e+04 1.941659995723208354e-01 4.691532543648239795e+00 2.528394937719673941e+00
9.610000000000000000e+02 1.076688398601737262e-01 4.908184204190881417e+00 2.519497916942107896e+00
1.517300000000000000e+04 3.186683277993775931e-01 5.336331929335738522e+00 2.265745556120032589e+00
1.426100000000000000e+04 1.189649690839083007e-01 5.159562026009076874e+00 2.361553809326245368e+00
1.425000000000000000e+04 4.167386585397192533e-01 5.351511318287123231e+00 2.584593701857515580e+00
1.434900000000000000e+04 -7.011017395516727646e-02 5.268918973917145365e+00 2.157617479913598313e+00
1.434500000000000000e+04 -3.660541385329523223e-01 5.240349801396309459e+00 2.548846322600817782e+00
1.415500000000000000e+04 -2.326868814248900463e+00 1.892094844830335632e+00 -1.774235267272619154e+00
1.427900000000000000e+04 -7.798334576537024887e-01 1.683545996338956741e+00 -1.663946015413923618e+00
1.437500000000000000e+04 -1.101132170443211322e+00 1.937626767781754467e+00 -1.858358554351322134e+00
1.414900000000000000e+04 -7.742125095000105262e-01 -4.621260924451817687e-01 -1.770845085234330263e+00
1.502300000000000000e+04 -6.083995366268464267e-01 -1.660480783460478449e-01 -1.884437402773142978e+00
1.419400000000000000e+04 -9.314538786029729067e-01 -2.317203820468591857e-01 -1.876523708061798246e+00
1.430100000000000000e+04 -9.314538786029729067e-01 -2.317203820468591857e-01 -1.876523708061798246e+00
1.431100000000000000e+04 -3.735932169441724682e-01 -6.035974584378323016e-03 -1.606503474501412398e+00
2.980000000000000000e+03 -8.600778745877839526e-01 5.295381034405757248e-01 -1.836018091318281975e+00
1.520300000000000000e+04 -9.836268013646751740e-01 3.912921266129174569e-01 -1.662841416979969900e+00
1.520400000000000000e+04 -9.836268013646751740e-01 3.912921266129174569e-01 -1.662841416979969900e+00
1.489000000000000000e+04 -9.836268013646751740e-01 3.912921266129174569e-01 -1.662841416979969900e+00
1.489100000000000000e+04 -4.747144827670499723e-01 2.616723571477095334e-01 -1.742691226500859614e+00
1.489200000000000000e+04 -2.896423794826521458e-01 1.111462116493981966e-01 -1.507644553701043222e+00
1.489300000000000000e+04 -8.514919970923360282e-01 1.002481137195541550e+00 -1.528324190553250972e+00
1.411500000000000000e+04 -4.527353582212469973e-01 8.748841355400394093e-01 -1.752635009694651025e+00
1.495900000000000000e+04 -2.938556521757345052e-01 9.803066814936514106e-01 -1.700702295258490260e+00
1.421000000000000000e+04 -2.938556521757345052e-01 9.803066814936514106e-01 -1.700702295258490260e+00
1.438500000000000000e+04 -2.938556521757345052e-01 9.803066814936514106e-01 -1.700702295258490260e+00
1.856000000000000000e+03 -3.323213113378713501e-01 7.398168115043475268e-01 -1.700969805732734486e+00
1.438600000000000000e+04 -1.191821622404452441e+00 1.820801426376661425e-02 -1.709281685338057244e+00
1.497600000000000000e+04 -1.071862313287736512e+00 1.576242346524487914e-01 -1.552611513459067893e+00
1.497700000000000000e+04 -1.819340871416718741e+00 6.724380062190284946e-01 -1.491939411638877999e+00
1.418900000000000000e+04 -1.456410923517132971e+00 7.232131719798289282e-01 -1.591294090183530408e+00
1.418600000000000000e+04 -2.057697755556251451e-01 5.561425050914891699e+00 1.827482980500897192e+00
1.416800000000000000e+04 3.838286970553372868e-01 3.701640021315789397e+00 1.645659681539059171e+00
1.417900000000000000e+04 3.646359094034323789e-01 4.202925965564830335e+00 2.029851808970974059e+00
1.416700000000000000e+04 1.592887710612949093e-01 5.623193467256065503e+00 1.855798761373924854e+00
1.523900000000000000e+04 7.601626037631232791e-01 5.565986317057653565e+00 1.811468887715140585e+00
1.439400000000000000e+04 5.303862302927822014e-01 6.397130050572318538e+00 2.596246769408151245e+00
1.423300000000000000e+04 -8.900690740964520842e-01 6.294449779971159842e+00 3.810417014013600223e+00
1.428500000000000000e+04 -6.498345182395359743e-01 1.034674697515782782e-01 -2.024891719471670015e+00
1.497500000000000000e+04 -8.181825779111875363e-01 7.348490436474577336e-01 -2.310537568777577100e+00
1.431300000000000000e+04 -1.374347864138769637e+00 1.310809278293721292e+00 -2.276239469531694759e+00
1.441400000000000000e+04 -8.404004755592948683e-01 2.257254875551193862e+00 -2.322287659628578638e+00
1.492000000000000000e+04 -2.167559364146613987e+00 2.170612379859424124e+00 -1.132063356002234400e+00
1.433700000000000000e+04 -2.516861975390778383e-01 2.018148486722083135e+00 -1.380723100529211322e+00
1.425700000000000000e+04 -3.955384668368218115e-01 2.174260290477057822e+00 -1.049537544077983497e+00
1.422500000000000000e+04 -1.536639450513231253e+00 2.300481916481391664e+00 -9.574156608181629835e-01
1.503800000000000000e+04 2.619562261954735405e-01 4.340560516373571431e+00 3.138771249735582192e+00
1.519600000000000000e+04 1.203865367815026843e-01 4.851943746183341233e+00 3.243764525965941559e+00
1.519000000000000000e+04 2.476041611727959335e-01 4.865960995202321726e+00 3.137655847873777493e+00
1.437900000000000000e+04 2.654514192824573016e-01 4.872796725377568805e+00 3.133157810060618331e+00
1.436000000000000000e+04 2.085456102568477021e-01 4.624987936131848443e+00 3.148529753036978462e+00
1.414800000000000000e+04 2.790422521009690016e-01 4.735947391407648865e+00 3.306467801030326559e+00
1.442300000000000000e+04 1.393331749512061180e-01 4.686590931829915263e+00 3.196395125204417376e+00
1.433100000000000000e+04 1.393331749512061180e-01 4.686590931829915263e+00 3.196395125204417376e+00
1.511100000000000000e+04 3.002800361289716946e-01 4.563315175797626466e+00 3.288417327908924825e+00
1.438300000000000000e+04 4.537590744620674243e-01 4.646518920095829230e+00 3.093804428187722166e+00
1.516000000000000000e+04 3.144548997373854959e-01 4.828729886816276462e+00 3.086193361790101619e+00
1.514100000000000000e+04 3.567585926415866027e-01 4.746506937786946878e+00 3.096071752536970312e+00
1.439600000000000000e+04 3.799414050226364026e-01 4.884430615092636430e+00 3.117073090705591021e+00
1.417500000000000000e+04 4.616689780309943814e-01 4.623012230058378691e+00 3.138519506972645701e+00
1.417600000000000000e+04 3.696912089541397606e-01 4.682427609183449135e+00 3.242322680392694778e+00
1.417800000000000000e+04 3.190697453538842154e-01 4.796764840960026532e+00 3.157485385736614969e+00
1.432600000000000000e+04 3.509303283010725139e-01 4.764813266128829383e+00 3.180643007669841094e+00
1.432700000000000000e+04 5.359116337537539465e-02 4.970514863241703551e+00 3.163982607487293208e+00
1.518700000000000000e+04 3.674576452581650443e-01 4.821569263327962318e+00 3.102246231693976508e+00
1.505300000000000000e+04 3.674576452581650443e-01 4.821569263327962318e+00 3.102246231693976508e+00
1.439200000000000000e+04 5.433497276451317859e-01 4.934973355546539153e+00 3.185813898868461891e+00
1.415400000000000000e+04 5.398920304116296975e-01 4.890407405058915913e+00 3.124943131689495779e+00
1.503700000000000000e+04 3.427579680959027542e-01 5.020167201164980497e+00 3.147447911564738909e+00
1.516400000000000000e+04 3.427579680959027542e-01 5.020167201164980497e+00 3.147447911564738909e+00
1.519900000000000000e+04 5.566477406056176136e-01 4.959173488053025380e+00 3.265049799288498367e+00
1.482800000000000000e+04 3.076410429660150214e-01 4.985011475411841531e+00 3.222020401478975060e+00
1.430300000000000000e+04 2.877526748184493499e-01 4.946969390209854822e+00 3.257283832673857127e+00
1.160000000000000000e+03 -7.944569218393322529e-01 6.991449836401990581e-01 -7.578633253835720396e-01
1.517400000000000000e+04 -7.944569218393322529e-01 6.991449836401990581e-01 -7.578633253835720396e-01
1.429800000000000000e+04 -8.716894652210696037e-01 7.286416878651174045e-01 -6.169571145690131431e-01
1.419700000000000000e+04 -7.918333100202330499e-01 7.393843474339263366e-01 -5.140086570159692059e-01
1.421200000000000000e+04 -5.885802613388184668e-01 6.307589153694230788e-01 -6.891619853896413517e-01
1.424400000000000000e+04 -5.885802613388184668e-01 6.307589153694230788e-01 -6.891619853896413517e-01
1.437000000000000000e+04 -6.663349866969356938e-01 6.688667806179253716e-01 -6.503874772811260030e-01
1.435600000000000000e+04 -6.685285601750328155e-01 8.340124000709963070e-01 -6.935691361516731490e-01
1.435700000000000000e+04 -6.685285601750328155e-01 8.340124000709963070e-01 -6.935691361516731490e-01
1.417000000000000000e+04 -6.643214662754735045e-01 6.809300846127932516e-01 -5.484539578436429252e-01
1.501700000000000000e+04 -6.603484545594247024e-01 7.871506026990715554e-01 -6.664277992064002731e-01
1.501800000000000000e+04 -6.606999552095516037e-01 4.779435032479533163e-01 -6.291720713121407016e-01
1.430700000000000000e+04 -8.688861155491274246e-01 2.811178851202669193e-01 -6.661311961977007812e-01
1.435400000000000000e+04 -8.029679585307514245e-01 8.172095218975847786e-01 -6.713539796718270836e-01
1.506100000000000000e+04 -8.654894738310101587e-01 7.240128935993226378e-01 -6.650863268846469722e-01
1.510900000000000000e+04 -7.629192417908026158e-01 8.489457105256725811e-01 -6.458854884906646276e-01
1.504700000000000000e+04 -9.324781181685786180e-01 9.160971372905564181e-01 -7.537955231194564121e-01
1.505500000000000000e+04 -9.324781181685786180e-01 9.160971372905564181e-01 -7.537955231194564121e-01
1.511600000000000000e+04 -7.240120321801422065e-01 5.439586327956149603e-01 -7.492423039579509947e-01
1.519400000000000000e+04 -6.718152500661291882e-01 4.059879043309955193e-01 -6.199393305235769702e-01
1.513700000000000000e+04 -7.453382034886972818e-01 8.671532322329760234e-01 -6.710673954897394822e-01
1.521600000000000000e+04 -1.232224070196313193e+00 6.773575659944874872e-01 -7.252377771474707302e-01
1.502900000000000000e+04 -1.011705532766582039e+00 8.608486604082052907e-01 -4.556542402262619973e-01
1.521700000000000000e+04 8.725914861367911612e-02 4.591553323457180369e+00 2.951422511249840230e+00
1.509900000000000000e+04 1.260823877927661485e-01 4.545512915438735035e+00 3.101671070329829139e+00
1.504100000000000000e+04 -1.361014269917726338e-01 4.710905506113356012e+00 2.916696660242002359e+00
1.523000000000000000e+04 -2.014693298570078284e-01 4.809959946816004361e+00 2.894576621736683286e+00
1.426800000000000000e+04 -3.609387254175011606e-02 4.697835488682965632e+00 3.109704312837517470e+00
1.422600000000000000e+04 1.450777012257997711e-02 5.098312018130709333e+00 2.831131568018875999e+00
1.435500000000000000e+04 -1.337826980984662129e-01 5.064830491332021012e+00 2.999829254746741114e+00
1.434100000000000000e+04 -1.389371495741125173e-01 4.943874358328180563e+00 2.929414464581775235e+00
1.441900000000000000e+04 4.879657167923934225e-02 4.939348525698793679e+00 3.013887949891351337e+00
1.429700000000000000e+04 2.040740434509951129e-01 4.726289007737392467e+00 2.906806900298803065e+00
1.433400000000000000e+04 1.436462099974527007e-01 4.673604139483426678e+00 2.874470237867118527e+00
1.433300000000000000e+04 1.436462099974527007e-01 4.673604139483426678e+00 2.874470237867118527e+00
1.440300000000000000e+04 1.434913988648753858e-01 4.818601282550229570e+00 2.873788833785464458e+00
1.496100000000000000e+04 1.434913988648753858e-01 4.818601282550229570e+00 2.873788833785464458e+00
1.496000000000000000e+04 1.434913988648753858e-01 4.818601282550229570e+00 2.873788833785464458e+00
1.495500000000000000e+04 2.134108894005422030e-01 4.765801523571326470e+00 2.955585714020146249e+00
1.419000000000000000e+04 2.424039217039055671e-01 4.858543642102688409e+00 2.925691354706880798e+00
1.428300000000000000e+04 1.885241158694386243e-01 4.780467582343238320e+00 2.881585558273021430e+00
1.513500000000000000e+04 1.100807153527538773e-01 4.825727052866827904e+00 2.895474344705001979e+00
1.513400000000000000e+04 2.690270854727208061e-01 4.713735882688926182e+00 3.049017966908547539e+00
1.440200000000000000e+04 2.217305482636895420e-01 4.733679187026332613e+00 2.969166717463393557e+00
1.432900000000000000e+04 2.217305482636895420e-01 4.733679187026332613e+00 2.969166717463393557e+00
1.432800000000000000e+04 2.302611123119602254e-01 4.838181760055565661e+00 2.988484178440290684e+00
1.503200000000000000e+04 2.368348651205653965e-01 4.814345316784368833e+00 2.955337523352455698e+00
1.511900000000000000e+04 1.822334167723944631e-01 4.674397106198661334e+00 3.041055122500265995e+00
1.495200000000000000e+04 1.682681611009781975e-01 4.909034601460351865e+00 2.994039147223964026e+00
1.495300000000000000e+04 3.146686269484160192e-01 4.858476369245366300e+00 2.915504110547658456e+00
1.429300000000000000e+04 3.207296320346708640e-01 4.687432008845238585e+00 3.083747098292328737e+00
1.512800000000000000e+04 2.430299343013508917e-01 4.681487769958241785e+00 2.784671362844572506e+00
1.438800000000000000e+04 1.435892735210488880e-01 4.786426168761586553e+00 2.976547885120542247e+00
1.424600000000000000e+04 2.512449612535512244e-01 4.757759214429842842e+00 3.011137280621923207e+00
1.435800000000000000e+04 3.110912808465116086e-01 4.874631251883553062e+00 3.051272194199358356e+00
1.522700000000000000e+04 2.641927233316723189e-01 5.076074119262329987e+00 2.960877176663522459e+00
1.499100000000000000e+04 2.514780867782704377e-01 5.067427310593636491e+00 3.014363433285750737e+00
1.499000000000000000e+04 2.514780867782704377e-01 5.067427310593636491e+00 3.014363433285750737e+00
1.498900000000000000e+04 2.772172895973312734e-01 4.903690666904964246e+00 3.011384414028866807e+00
1.509500000000000000e+04 2.101440227958839557e-01 4.905202718540706996e+00 3.015564860397593527e+00
1.522300000000000000e+04 2.101440227958839557e-01 4.905202718540706996e+00 3.015564860397593527e+00
1.505700000000000000e+04 2.757158686267358050e-01 4.970052394872837453e+00 2.969434930976076359e+00
1.505600000000000000e+04 1.590966467100960458e-01 4.950990489896117452e+00 3.008654242878159746e+00
1.521100000000000000e+04 5.425314845882667214e-02 5.072337239612178195e+00 2.976352873164121782e+00
1.441800000000000000e+04 2.264934973538172969e-01 5.017860077929611862e+00 3.001523382055555800e+00
1.418300000000000000e+04 1.726629124368317392e-01 4.891675732236716811e+00 2.935784773203623299e+00
1.437400000000000000e+04 1.700929550728336181e-01 5.012500649027579414e+00 3.031695819514463430e+00
1.415100000000000000e+04 2.138579186598175141e-01 4.914730459993258194e+00 3.006251393825602580e+00
1.440100000000000000e+04 2.528531679101568841e-01 4.935083461097111268e+00 3.089459930114659691e+00
1.501500000000000000e+04 2.510371321847921777e-01 5.093073233774386921e+00 2.982489952133525080e+00
1.523700000000000000e+04 3.716496427529287772e-01 4.903963828952665693e+00 2.896279509877552449e+00
1.419800000000000000e+04 3.122486457117545910e-01 4.880938071033803283e+00 2.924462216222022626e+00
1.523800000000000000e+04 2.183533196674929400e-01 4.986418808167655925e+00 2.859285308756593036e+00
1.418500000000000000e+04 3.678565682132246550e-01 5.105336905369547651e+00 3.033080994454327328e+00
1.440800000000000000e+04 3.018933899389448783e-01 4.839597555363333470e+00 3.049676227839201115e+00
1.428400000000000000e+04 2.952202442778188995e-01 4.841336134868853947e+00 3.070496646317042888e+00
1.440900000000000000e+04 3.235092065026679009e-01 4.867417858203126002e+00 3.071013081759239594e+00
1.439100000000000000e+04 3.125993619956934921e-01 4.849867914837499683e+00 3.096763302607989488e+00
1.427500000000000000e+04 2.968031869155440816e-01 4.918766443127836396e+00 3.050662323279839327e+00
1.437700000000000000e+04 -7.887579260767259015e-01 4.054365755233106938e-01 -8.879086991820575037e-01
1.524200000000000000e+04 -7.089374967930819338e-01 5.269761058538016130e-01 -8.816562288284481852e-01
1.500000000000000000e+04 -5.353813883081492975e-01 3.678298342402719356e-01 -7.581233884924269972e-01
1.499900000000000000e+04 -7.020897442139411027e-01 4.498279879629549782e-01 -8.100786925337759570e-01
1.512100000000000000e+04 -7.957030637001833995e-01 7.122946947437611698e-01 -9.319832589435037562e-01
1.435300000000000000e+04 -7.957030637001833995e-01 7.122946947437611698e-01 -9.319832589435037562e-01
1.435200000000000000e+04 -7.957030637001833995e-01 7.122946947437611698e-01 -9.319832589435037562e-01
1.498600000000000000e+04 -9.631353348306985751e-01 7.103630976920989326e-01 -9.871947789450032928e-01
1.498500000000000000e+04 -9.631353348306985751e-01 7.103630976920989326e-01 -9.871947789450032928e-01
1.504600000000000000e+04 -8.655811203328882542e-01 6.527021341837873081e-01 -9.916704760723007439e-01
1.430800000000000000e+04 -1.000227617452976503e+00 7.281743506436235691e-01 -8.482632789967086140e-01
1.426200000000000000e+04 -8.723004531043656584e-01 7.984429967225992186e-01 -8.126126943354616827e-01
1.507500000000000000e+04 -8.600461560602052913e-01 6.311195790243786519e-01 -8.797770174249714970e-01
1.853000000000000000e+03 -8.324090319892372136e-01 7.365429084039725183e-01 -8.549555359738860716e-01
1.854000000000000000e+03 -8.861896278410945627e-01 7.724141251432392608e-01 -8.108325561147378124e-01
1.418700000000000000e+04 -8.976351634278136871e-01 7.795886756561323239e-01 -8.090932047007486361e-01
1.507400000000000000e+04 -7.988391207306104747e-01 6.452470475938092420e-01 -8.297691392599295668e-01
1.434700000000000000e+04 -8.216170201092705128e-01 7.847413224078962912e-01 -8.636853913225444046e-01
1.411000000000000000e+04 -7.759290280307169496e-01 6.578560819444980723e-01 -7.257281190747493227e-01
1.410900000000000000e+04 -8.168017650533494489e-01 6.981340460977669693e-01 -7.847161613034066008e-01
1.521200000000000000e+04 -9.404545981378253927e-01 6.436800534218427572e-01 -7.643093948002377402e-01
1.414600000000000000e+04 -7.680899903132845097e-01 6.077848992932324279e-01 -7.852124396863180422e-01
1.436200000000000000e+04 -7.792551451918265926e-01 5.605128238729939483e-01 -7.911280227641741547e-01
1.510300000000000000e+04 -7.714608480790454692e-01 6.321870134972833455e-01 -7.773559277851402882e-01
1.418400000000000000e+04 -8.225776813538878685e-01 6.760545703952907104e-01 -7.918399905663697780e-01
1.437100000000000000e+04 -8.511877415184621043e-01 7.290187489338144644e-01 -8.253307113966608100e-01
1.440700000000000000e+04 -7.794493123738748253e-01 6.832591616395831124e-01 -7.427848035264634774e-01
1.516800000000000000e+04 -5.619261088767117940e-01 5.957396368959493316e-01 -7.861704829295561581e-01
1.509000000000000000e+04 -8.216440453675417643e-01 7.040537938145554619e-01 -8.781935024373304088e-01
1.508300000000000000e+04 -7.679507101953548798e-01 5.788054397921378325e-01 -8.065876337641082472e-01
1.503600000000000000e+04 -7.679507101953548798e-01 5.788054397921378325e-01 -8.065876337641082472e-01
1.435100000000000000e+04 -7.679507101953548798e-01 5.788054397921378325e-01 -8.065876337641082472e-01
1.500900000000000000e+04 -5.590438184009141054e-01 5.378222192564408033e-01 -7.622162674395367432e-01
1.500800000000000000e+04 -1.137894472067031870e+00 7.523209694907357914e-01 -7.717693304985360214e-01
1.422200000000000000e+04 -8.263904261616339397e-01 7.517369229523964691e-01 -8.381199179749945216e-01
1.511200000000000000e+04 -8.539718990167068924e-01 7.640870438301377021e-01 -8.533837749615535984e-01
1.429900000000000000e+04 -9.222605204246772104e-01 8.206395970775623994e-01 -8.640928981160298505e-01
1.522800000000000000e+04 -8.888669622801721459e-01 7.574972572321527764e-01 -8.978609040288763055e-01
1.515700000000000000e+04 -8.191176037558705048e-01 7.826007050474856896e-01 -8.249010996737675683e-01
1.434800000000000000e+04 -7.962647907072781805e-01 8.481351671443277951e-01 -7.189246710800976103e-01
1.520900000000000000e+04 -8.781963985863106004e-01 8.131599946369938436e-01 -7.558933750112872829e-01
1.430600000000000000e+04 -1.168530600866720448e+00 5.351174545657038095e-01 -9.091159817781138130e-01
1.421300000000000000e+04 -7.213248248813091124e-01 9.300453771282626292e-01 -8.621824577968331127e-01
1.510500000000000000e+04 -7.353566094726833313e-01 8.258572989776347129e-01 -7.235299334200426813e-01
1.442000000000000000e+04 -7.573794848221124809e-01 1.012357196938665993e+00 -9.159549671788154157e-01
1.416200000000000000e+04 -7.096018610657921499e-01 8.402490528824237970e-01 -7.970936835214992300e-01
1.509800000000000000e+04 -7.129276141324387694e-01 1.067473850940633184e+00 -8.074105544768110931e-01
1.512000000000000000e+04 -9.962144373501651273e-01 9.723748803105642935e-01 -8.884110470596384701e-01
1.415200000000000000e+04 -1.085668340742543592e+00 9.913987330673741383e-01 -8.858062682558509593e-01
1.498300000000000000e+04 -1.112638783640138129e+00 7.360118544162723708e-01 -9.511131722530636878e-01
1.498200000000000000e+04 -9.689748940913327502e-01 9.324861244421249751e-01 -7.659835121918812106e-01
1.437200000000000000e+04 -9.762412362328376503e-02 5.145879024874801644e+00 2.988486862020983015e+00
1.433200000000000000e+04 -1.856968398211833460e-02 5.292999521489178960e+00 3.260097001143754891e+00
1.440400000000000000e+04 -1.097539531124169798e-02 5.134271670336044480e+00 3.149334716535513667e+00
1.436900000000000000e+04 2.880768300704348306e-01 5.204811023821996230e+00 2.970313358818227556e+00
1.507600000000000000e+04 7.835221901350930551e-02 5.068968013337492806e+00 2.846845105173271939e+00
1.510800000000000000e+04 1.655738525672401096e-02 5.340436647346727739e+00 3.017216573404473579e+00
1.517800000000000000e+04 3.860932285250386897e-01 5.124333000213184164e+00 2.919781928327726206e+00
2.979000000000000000e+03 2.874334692767401833e-01 5.143890086823450503e+00 2.892477392444233963e+00
1.435000000000000000e+04 5.319081705367159074e-01 5.067174400565942705e+00 2.851516122644295326e+00
1.511000000000000000e+04 -1.389231848063587904e-02 4.453457973613904386e+00 2.545331133699741066e+00
1.419600000000000000e+04 -5.008146842892546857e-02 4.838060857893630384e+00 2.815514873645446947e+00
1.421500000000000000e+04 -9.135859287924041894e-02 5.067615760622913967e+00 2.593275180828014559e+00
1.429600000000000000e+04 3.319621115561943725e-03 4.973778400814801159e+00 2.831174847544645878e+00
1.427000000000000000e+04 -1.886901237712841350e-01 4.952155616390339077e+00 2.809653619149820702e+00
1.427800000000000000e+04 8.408297010666920812e-03 4.963439058955206207e+00 2.780098102269022320e+00
1.424500000000000000e+04 1.318027452525702969e-01 4.776864738816513523e+00 2.774911309379852753e+00
1.433600000000000000e+04 1.358349931869424765e-01 4.688493241489595675e+00 2.782655948849837912e+00
1.433500000000000000e+04 2.265333004708605102e-01 4.819993262930381661e+00 2.875221615310480150e+00
1.431800000000000000e+04 1.962577582293016931e-01 4.798074586762457017e+00 2.753715602355168546e+00
1.425500000000000000e+04 4.010833404365854449e-02 5.211628423991712111e+00 2.597796312666451612e+00
1.522600000000000000e+04 1.784487206362799228e-01 5.283497347741789696e+00 2.661299721865361345e+00
1.415600000000000000e+04 3.057443277623290712e-01 4.684946188564182989e+00 2.796358827097299216e+00
1.425800000000000000e+04 1.081444405451721380e-01 4.913062524920906782e+00 2.832150502946742421e+00
1.428600000000000000e+04 1.646023724814664746e-01 4.812855319071903892e+00 2.746003179956569173e+00
1.424700000000000000e+04 1.646023724814664746e-01 4.812855319071903892e+00 2.746003179956569173e+00
1.434300000000000000e+04 1.933359133207366298e-01 4.819169678432807302e+00 2.714735064260543673e+00
1.516600000000000000e+04 3.670642612869903232e-01 4.952405119349439389e+00 2.567484304801259221e+00
1.496700000000000000e+04 -8.533437502730469859e-01 3.869824575012863477e-01 -1.020760805980897246e+00
1.514400000000000000e+04 -7.974775256670625367e-01 2.607064791745408172e-01 -1.060255690381764815e+00
1.438200000000000000e+04 -6.492248642723676966e-01 4.231538284042919429e-01 -1.144356089575179425e+00
1.437800000000000000e+04 -1.113742936181775889e+00 3.360739939131924814e-01 -1.206862004050553772e+00
1.418200000000000000e+04 -8.902237481941224218e-01 6.404878717822022338e-01 -1.064732330064774857e+00
1.501000000000000000e+04 -8.800364833503859785e-01 7.131229031705075272e-01 -9.695022160876289874e-01
1.439000000000000000e+04 -8.800364833503859785e-01 7.131229031705075272e-01 -9.695022160876289874e-01
1.420800000000000000e+04 -8.655788612548436234e-01 6.209817346566737228e-01 -1.012526538199380433e+00
1.514000000000000000e+04 -1.039014828673950674e+00 6.854794414113385415e-01 -9.228915157927186641e-01
1.421100000000000000e+04 -7.593401031876840790e-01 9.029153221752856950e-01 -1.198682478541554630e+00
1.505800000000000000e+04 -9.308965162634681434e-01 9.965466195602097343e-01 -1.098479286193499327e+00
1.513600000000000000e+04 -8.256477552534757791e-01 9.199186711365143765e-01 -9.656804429594494366e-01
1.519300000000000000e+04 -7.301339322417446098e-01 1.006013358618972120e+00 -1.017534447882233906e+00
1.521000000000000000e+04 -6.509085054725858299e-01 8.618231205744422141e-01 -1.007967721291164409e+00
1.503400000000000000e+04 -7.340507387259842531e-01 9.250504272338844203e-01 -8.918873366159214555e-01
3.199000000000000000e+03 -1.226812689080691854e+00 9.126713050215933265e-01 -1.231722296937247663e+00
1.503300000000000000e+04 -1.073868537246742250e+00 9.570217367371789408e-01 -1.110341043570755026e+00
3.200000000000000000e+03 4.091794799516295100e-01 5.167521005703882508e+00 2.809625725141944752e+00
1.507700000000000000e+04 -8.977159312854245954e-01 1.244724630913772501e+00 -5.956294377568811527e-01
1.504300000000000000e+04 -6.164557137950312793e-01 1.187280228159913520e+00 -7.373093909109478261e-01
1.504200000000000000e+04 -1.041762222503512803e+00 1.219287142293929094e+00 -5.207828561670515555e-01
1.506600000000000000e+04 6.266801147631699820e-01 5.178957460788780054e+00 3.107544162949129163e+00
1.426300000000000000e+04 5.804271091902446500e-01 4.963044106721760329e+00 3.327606343578845660e+00
1.506700000000000000e+04 6.089856350624440751e-01 4.800418441934581892e+00 3.116070495133794083e+00
1.507100000000000000e+04 2.803171386203500148e-01 4.787894076117826359e+00 4.686974091799849695e+00
1.436600000000000000e+04 -6.366916019989581343e-01 4.532265961261845888e+00 5.519870562900040412e+00
1.416100000000000000e+04 1.843241255827519076e+00 -1.816283872483346329e-01 4.260881840207738414e+00
1.515600000000000000e+04 3.716183897779629763e+00 4.974051754840047579e-01 5.239524268818717800e+00
1.439800000000000000e+04 1.549054500216140440e+00 -4.175465116793080966e+00 2.477595014475545199e+00
1.427300000000000000e+04 1.622860110348624652e+00 -3.421709507350687574e+00 2.228375200993343519e+00
1.427200000000000000e+04 1.602209197940536178e+00 9.046201651262300913e+00 2.184490779869714405e+00
1.419100000000000000e+04 3.345031123690657804e+00 -3.536280361550431905e+00 2.393089054713409602e+00
1.420600000000000000e+04 3.429143718755825798e+00 -4.651890735248244368e+00 1.731559984417015308e+00
1.423600000000000000e+04 3.429143718755825798e+00 -4.651890735248244368e+00 1.731559984417015308e+00
1.423500000000000000e+04 3.409142278005129256e+00 -2.322232858148289836e+00 5.182287533115248479e-01
1.507200000000000000e+04 3.409142278005129256e+00 -2.322232858148289836e+00 5.182287533115248479e-01
1.420900000000000000e+04 3.409142278005129256e+00 -2.322232858148289836e+00 5.182287533115248479e-01
1.422000000000000000e+04 1.376833473478217051e+00 -3.810362208239151727e+00 7.571122107907974907e-01
3.252000000000000000e+03 2.696721956927342845e+00 -4.109765526456950369e+00 1.458869905387021326e+00
1.518200000000000000e+04 1.779130265108753051e+00 8.454848042602346680e+00 1.224727510666177466e+00
1.514300000000000000e+04 3.457219963550028918e+00 -3.647195851420768520e+00 -9.565590009098823288e-02
1.518300000000000000e+04 3.223250992969058260e+00 1.420961657429902658e+00 4.385551779756017510e+00
1.512200000000000000e+04 2.572717411881621175e+00 1.610759401991987971e+00 4.361303925724294928e+00
1.504800000000000000e+04 1.589583058436642382e+00 6.362606603414182160e+00 4.458214730067638243e+00
1.524100000000000000e+04 9.074156982220218381e-01 1.171988842435197853e+00 4.087807845914378291e+00
1.518500000000000000e+04 1.628756525933169108e+00 -2.122511495208392773e+00 -7.935452388573427385e-01
1.510700000000000000e+04 1.491221461997469966e+00 2.340039157641641054e+00 3.240709547060840912e+00
1.508400000000000000e+04 1.540801978115612592e+00 -1.625396088564841079e-01 -1.493663295267019464e+00
1.509600000000000000e+04 9.736199185488043639e-01 9.769006071668648872e-01 1.826549029310758243e+00
1.509700000000000000e+04 1.630362912822610255e+00 -3.653726977265385756e-01 2.971070630643040111e+00
1.518100000000000000e+04 1.496629153277782898e+00 7.759077592584123551e+00 2.684288200412990655e+00
1.434000000000000000e+04 1.960371711736137890e+00 7.616965760167271782e+00 3.042291599286711001e+00
1.523500000000000000e+04 1.598399001088881555e+00 4.359284897731292574e-01 2.958752697455271363e+00
1.423800000000000000e+04 1.598399001088881555e+00 4.359284897731292574e-01 2.958752697455271363e+00
1.430200000000000000e+04 1.598399001088881555e+00 4.359284897731292574e-01 2.958752697455271363e+00
1.506200000000000000e+04 9.308002335091583035e-01 -6.340151711048982008e+00 -2.387044890352436610e-01
1.507300000000000000e+04 1.313860528758345581e+00 -1.727581082571738591e-01 -1.857244631030221527e-01
1.522000000000000000e+04 1.444222793783440650e+00 -1.565112867132931740e-01 2.690667464656399943e-01
1.508100000000000000e+04 2.610744694727990201e+00 -6.416671314926453817e+00 -1.184817247843632515e-01
1.505100000000000000e+04 9.354148459547673156e-01 9.486194404183798667e-01 3.491371591532397289e-01
1.506500000000000000e+04 9.354148459547673156e-01 9.486194404183798667e-01 3.491371591532397289e-01
1.505000000000000000e+04 1.571071517146968688e+00 1.897226886985141192e+00 1.188258037597279326e+00
1.504900000000000000e+04 1.983469698333933273e+00 -2.283724771521345787e+00 1.219397982640019862e+00
1.423700000000000000e+04 1.983469698333933273e+00 -2.283724771521345787e+00 1.219397982640019862e+00
1.416400000000000000e+04 2.869340254679789481e+00 8.197155274970253203e+00 1.496429930224183025e+00
1.520700000000000000e+04 1.333034156203529719e+00 2.403684558745325717e+00 1.162509950309179807e+00
1.509300000000000000e+04 1.587317041207673363e+00 7.101085104382875102e+00 9.751549507619587942e-01
1.518800000000000000e+04 1.285208406163632411e+00 4.232633945121300201e-01 1.090286417120482909e+00
1.416600000000000000e+04 2.515294404202244039e+00 -2.864133320288555495e+00 -7.241740130006126819e-01
1.501100000000000000e+04 1.797937347445352607e+00 -4.288443394307467571e+00 2.251601555384441511e-01
1.515000000000000000e+04 3.655768460461548575e+00 -3.875183677710129615e+00 1.664373999636827861e-01
1.521800000000000000e+04 3.655768460461548575e+00 -3.875183677710129615e+00 1.664373999636827861e-01
1.438900000000000000e+04 3.655768460461548575e+00 -3.875183677710129615e+00 1.664373999636827861e-01
1.512700000000000000e+04 3.655768460461548575e+00 -3.875183677710129615e+00 1.664373999636827861e-01
1.497900000000000000e+04 3.655768460461548575e+00 -3.875183677710129615e+00 1.664373999636827861e-01
1.522200000000000000e+04 1.285465432409690578e+00 6.112684633406100687e+00 2.983255010972856169e+00
1.432000000000000000e+04 8.940429215543330699e-01 5.830393322959345426e+00 2.669926346913975124e+00
1.438400000000000000e+04 1.063776595006625136e+00 5.634693316381731876e+00 3.290788862016985394e+00
2.742000000000000000e+03 1.689823014453379457e+00 5.287820239664302591e+00 3.504990138377512832e+00
1.432100000000000000e+04 1.689823014453379457e+00 5.287820239664302591e+00 3.504990138377512832e+00
1.432200000000000000e+04 9.014680950457689690e-01 5.158870579595681960e+00 2.734691406188408003e+00
1.414700000000000000e+04 9.861534492507981753e-01 5.155985418438358892e+00 3.105191552116079556e+00
1.415900000000000000e+04 1.565843759282180336e+00 4.992808117866495365e+00 2.837008386201281152e+00
1.416000000000000000e+04 9.664282005941124964e-01 4.427258938056205295e+00 3.645745744302507862e+00
1.509400000000000000e+04 1.330485865398264522e+00 5.267930262120486873e+00 3.383071471240296724e+00
1.440000000000000000e+04 1.070691435222664190e+00 6.034319163442781075e+00 2.009571484553830167e+00
1.439700000000000000e+04 3.152778110110343590e+00 5.354709924054468217e-01 5.766480227361402200e+00
1.524300000000000000e+04 3.152778110110343590e+00 5.354709924054468217e-01 5.766480227361402200e+00
1.428000000000000000e+04 -1.724767198132960644e+00 4.605536744833266027e+00 6.176427702581023915e+00
1.508700000000000000e+04 5.044081439778287823e+00 -7.491792508077949719e+00 -4.116237413011072377e-01
1.505900000000000000e+04 1.760122782029629462e+00 -1.029226528232639026e+01 -7.554116660481557943e-01
1.509200000000000000e+04 1.365137006525648289e+00 -9.664879239001308520e+00 -1.133731029227436515e+00
1.502100000000000000e+04 3.575757036483252715e+00 -8.945979385898631620e+00 -1.959029721379997646e+00
2.978000000000000000e+03 3.427656694442304364e+00 -7.605374252774240063e+00 -7.351962806639757986e-01
1.431000000000000000e+04 3.427656694442304364e+00 -7.605374252774240063e+00 -7.351962806639757986e-01
1.500400000000000000e+04 3.427656694442304364e+00 -7.605374252774240063e+00 -7.351962806639757986e-01
1.503900000000000000e+04 3.427656694442304364e+00 -7.605374252774240063e+00 -7.351962806639757986e-01
1.511500000000000000e+04 3.427656694442304364e+00 -7.605374252774240063e+00 -7.351962806639757986e-01
1.516200000000000000e+04 2.128002175067162938e+00 -7.675985453920965540e+00 -1.025897738142947269e+00
1.512300000000000000e+04 2.034745561577055994e-01 -8.770385341508550425e+00 -9.835255825517439376e-01
1.514900000000000000e+04 2.034745561577055994e-01 -8.770385341508550425e+00 -9.835255825517439376e-01
1.521900000000000000e+04 1.950539909467163824e-01 -8.944679982823508624e+00 3.928354217627143541e-01
1.521400000000000000e+04 2.814300268770659308e+00 -8.098512095522579557e+00 4.630879900977156183e-01
1.508500000000000000e+04 1.922225350255819976e+00 -7.368279048896873462e+00 -2.351694869549350031e-01
1.436400000000000000e+04 3.938073832147170883e+00 -8.915226422499756609e+00 -1.498821848152799063e+00
1.509100000000000000e+04 4.508648681176340212e+00 -7.652144150964140579e+00 -1.429647335083696902e+00
1.522900000000000000e+04 1.060296946567265586e+00 -7.779532081304758151e+00 -2.363459754931248824e+00
1.421700000000000000e+04 9.242898926052207642e-01 -8.030618595820044447e+00 -2.148699239581637777e+00
1.520100000000000000e+04 3.954523023358236244e-01 -8.436413333458389729e+00 -2.118265918214735422e+00
1.510200000000000000e+04 8.398698504396273634e-01 -8.574996900130138044e+00 -2.240351026117700428e+00
1.520500000000000000e+04 4.812755596285569482e-01 -8.319577955310585082e+00 -2.031264572993944029e+00
1.419300000000000000e+04 5.201847782226787231e-01 -7.847013211472514627e+00 -2.248824920002689964e+00
1.500500000000000000e+04 7.220942417062037322e-01 -8.183209423240832336e+00 -2.370949782367079095e+00
1.505200000000000000e+04 4.841615418200726495e-01 -7.512037070144948814e+00 -2.021919105127659932e+00
1.516300000000000000e+04 6.327561154172123281e-01 -7.479157816937657799e+00 -2.311229979136355084e+00
1.443900000000000000e+04 5.044562278716480108e-01 -7.650124968156859495e+00 -2.365778794797424922e+00
1.441700000000000000e+04 8.018877672530981826e-01 -7.717342241957879878e+00 -2.326135129270030966e+00
1.517700000000000000e+04 7.328336140825815193e-01 -7.836375383608256584e+00 -2.348977493583182863e+00
1.517600000000000000e+04 7.198782027300039132e-01 -7.294550858081180422e+00 -2.234572646244487260e+00
1.506300000000000000e+04 7.198782027300039132e-01 -7.294550858081180422e+00 -2.234572646244487260e+00
1.523300000000000000e+04 4.219013440974563878e-01 -6.994707098151842217e+00 -2.346489956487435080e+00
1.502000000000000000e+04 7.548376399631084865e-01 -8.859016201491449749e+00 -2.150707038149302974e+00
1.501900000000000000e+04 9.436574822677190610e-01 -9.337529709424146063e+00 -1.684021815113483811e+00
2.795000000000000000e+03 3.182097239089349827e-01 -8.692188947941211552e+00 -1.725288917681520040e+00
3.780000000000000000e+03 3.182097239089349827e-01 -8.692188947941211552e+00 -1.725288917681520040e+00
1.513300000000000000e+04 3.986716811912049963e-02 -8.758791924806729412e+00 -1.694095125676663649e+00
3.779000000000000000e+03 7.888160507718300352e-02 -7.066337388185033319e+00 -1.810357948474083933e+00
1.439500000000000000e+04 7.888160507718300352e-02 -7.066337388185033319e+00 -1.810357948474083933e+00
9.020000000000000000e+02 7.699823287611735623e-01 -8.060306303671566752e+00 -1.785304983096558828e+00
1.510100000000000000e+04 1.993696350724014188e+00 -8.686007627851168422e+00 -1.724489321579421031e+00
1.488600000000000000e+04 -4.348639932502553762e-01 -6.939284482338614168e+00 -4.002441043609868743e+00
1.414400000000000000e+04 3.025682034171977008e-01 -8.247126359132067819e+00 -3.571374890497196475e+00
1.488500000000000000e+04 4.386209746220446348e-01 -8.006206519201690242e+00 -3.752529179162328532e+00
1.049000000000000000e+03 4.688963255318459034e-01 -7.425587908848477525e+00 -3.486929885178385646e+00
1.048000000000000000e+03 5.507080913303061820e-01 -7.885907976997252433e+00 -3.409127687919513150e+00
1.047000000000000000e+03 7.389537225831750433e-01 -8.258482181513855380e+00 -3.355332458008767560e+00
1.484800000000000000e+04 8.004485034833308532e-01 -7.125024648192876953e+00 -3.337102926332780939e+00
1.415800000000000000e+04 2.410888148514240825e-01 -7.380102134223939458e+00 -3.281481452183658831e+00
1.500700000000000000e+04 5.794614653281700001e-01 -7.509265445111921622e+00 -3.266431720349983081e+00
1.500600000000000000e+04 2.724823990509896987e-01 -6.908562076313891964e+00 -3.200288865571248920e+00
1.513800000000000000e+04 2.689980862536325290e-01 -7.884740474604484461e+00 -3.183729794358781007e+00
1.499500000000000000e+04 6.429366923463097905e-01 -7.976456243514725486e+00 -3.103768397523925415e+00
1.516500000000000000e+04 4.298221853085264499e-01 -7.801750606774888297e+00 -3.145020234215179400e+00
1.187000000000000000e+03 6.662141690528775584e-01 -7.007072641685581971e+00 -3.070629587508278746e+00
1.497000000000000000e+04 5.278691820362135800e-01 -7.892311904066332318e+00 -3.057510261251222161e+00
1.442200000000000000e+04 4.756993266939755216e-01 -7.663191308914818478e+00 -2.980861774515030760e+00
1.431200000000000000e+04 6.110587616729752369e-01 -7.775960681765695881e+00 -2.926266494618126046e+00
1.503000000000000000e+04 5.223009913818623673e-01 -7.759687848034644730e+00 -2.877681783439722807e+00
1.514800000000000000e+04 3.983444087889607133e-01 -7.738924306565230893e+00 -2.897328498871507563e+00
1.420500000000000000e+04 2.501906694390330088e-01 -7.239510591285743146e+00 -2.889749855685263213e+00
1.517900000000000000e+04 8.609396924292287423e-01 -7.184757950889860467e+00 -2.883024904012458478e+00
1.414200000000000000e+04 6.170350514500873018e-01 -7.924115002867587521e+00 -2.870731121170511102e+00
1.435900000000000000e+04 4.181223590027780546e-01 -7.531760072886463320e+00 -2.832517743038787117e+00
1.494900000000000000e+04 4.181223590027780546e-01 -7.531760072886463320e+00 -2.832517743038787117e+00
1.495000000000000000e+04 4.353529583814790271e-01 -7.755130757343174253e+00 -2.832324498433091975e+00
1.495100000000000000e+04 3.301290380629753329e-01 -7.266736342909545954e+00 -2.826585037884033369e+00
1.517000000000000000e+04 7.089915812914719950e-01 -7.815221061595863716e+00 -2.803672667301990273e+00
1.510600000000000000e+04 5.500267422506563975e-01 -7.854610679682323848e+00 -2.791359570999873085e+00
1.499600000000000000e+04 7.239572040133088748e-01 -7.814383071744316567e+00 -2.811454592959698573e+00
1.494600000000000000e+04 4.136203488226488645e-01 -7.127200702122323150e+00 -2.816259450521362950e+00
1.497100000000000000e+04 6.680259461187887382e-01 -7.871032696712674692e+00 -2.795025096832032929e+00
1.497200000000000000e+04 6.413632290924624613e-01 -7.879452233339179656e+00 -2.804512141972599792e+00
1.421800000000000000e+04 4.577534203743116592e-01 -7.804772134354230673e+00 -2.791600921674733726e+00
1.514600000000000000e+04 5.935258663430884596e-01 -7.864595014631547087e+00 -2.779669314572753791e+00
1.514700000000000000e+04 8.065212442108924407e-01 -7.910722850921239058e+00 -2.774890063499713122e+00
1.906000000000000000e+03 6.898761819295851083e-01 -7.703570005477963889e+00 -2.755930057492474106e+00
1.522500000000000000e+04 6.120805132205697774e-01 -7.769539590075424940e+00 -2.743541642762087562e+00
1.430400000000000000e+04 6.750825977202072892e-01 -7.865901856610221898e+00 -2.739704852676451807e+00
1.496500000000000000e+04 7.096831111480792487e-01 -7.807650400516720879e+00 -2.722633239176468933e+00
1.513900000000000000e+04 6.527824593830438005e-01 -7.825963075948855874e+00 -2.721206549711046918e+00
1.491200000000000000e+04 6.527824593830438005e-01 -7.825963075948855874e+00 -2.721206549711046918e+00
1.513200000000000000e+04 5.796495938072698806e-01 -7.821455012492599224e+00 -2.736660797545466650e+00
1.523200000000000000e+04 6.622076105802383594e-01 -7.825085293792625407e+00 -2.721307805345119846e+00
1.432400000000000000e+04 8.151345524281037314e-01 -7.974774413619819313e+00 -2.722970310732440780e+00
1.524000000000000000e+04 6.512224476449937072e-01 -7.838294221840300224e+00 -2.720998415545698990e+00
1.434400000000000000e+04 6.460990833491351282e-01 -7.821123064584860174e+00 -2.728315033649888477e+00
1.420400000000000000e+04 6.476327023519612425e-01 -7.801763648361216497e+00 -2.730145887009205907e+00
1.433900000000000000e+04 6.476327023519612425e-01 -7.801763648361216497e+00 -2.730145887009205907e+00
1.496200000000000000e+04 6.476327023519612425e-01 -7.801763648361216497e+00 -2.730145887009205907e+00
1.516700000000000000e+04 6.463460221336019274e-01 -7.846890232632347306e+00 -2.709166878243985721e+00
1.518600000000000000e+04 6.398405973276037884e-01 -7.786356202531351300e+00 -2.710240392788870523e+00
1.496900000000000000e+04 6.398405973276037884e-01 -7.786356202531351300e+00 -2.710240392788870523e+00
1.514200000000000000e+04 6.386051528864689075e-01 -7.836488882594444760e+00 -2.701663367325380705e+00
1.419900000000000000e+04 6.933083683403422626e-01 -7.793705452807522249e+00 -2.699500842243606868e+00
1.414100000000000000e+04 6.248796032359669184e-01 -7.856966324557554060e+00 -2.713525562603209096e+00
3.056000000000000000e+03 5.605819227871089439e-01 -8.012713477482371616e+00 -2.697126073359553899e+00
3.057000000000000000e+03 3.759161787757490103e-01 -8.695060479178799540e+00 -2.664335302158489682e+00
1.133000000000000000e+03 6.884008716326519561e-01 -7.855611213384122493e+00 -2.664798562415185756e+00
1.134000000000000000e+03 6.118282594561064158e-01 -7.906169906299652439e+00 -2.631148014457574291e+00
1.135000000000000000e+03 4.350320466023829269e-01 -8.562118401323751016e+00 -2.623811678369929012e+00
1.496600000000000000e+04 7.084242885046441174e-01 -7.876613733625724478e+00 -2.621214899302085399e+00
1.510000000000000000e+04 6.457511115241754140e-01 -7.831651034407570933e+00 -2.607001457193902638e+00
1.436100000000000000e+04 6.123287252779290313e-01 -7.929173133141105723e+00 -2.594120359895390138e+00
1.212000000000000000e+03 7.111177075041821283e-01 -7.439778782741136354e+00 -2.596885387273479395e+00
1.327000000000000000e+03 3.741746376238488381e-01 -7.786572445026344269e+00 -2.569620053245804669e+00
1.511400000000000000e+04 4.204470262321278184e-01 -8.059870645724082294e+00 -2.556846141690614971e+00
1.501300000000000000e+04 7.612188138313005226e-01 -7.892058047957156930e+00 -2.522772306300389289e+00
1.416500000000000000e+04 5.439805355241489337e-01 -7.791183508197320862e+00 -2.515085898439471279e+00
1.855000000000000000e+03 6.185925794010493917e-01 -7.675681234544988740e+00 -2.453197732392883523e+00
8.110000000000000000e+02 9.589293298232224316e-01 -8.284492814992745480e+00 -2.749337647486930436e+00
2.718000000000000000e+03 9.589293298232224316e-01 -8.284492814992745480e+00 -2.749337647486930436e+00
1.502500000000000000e+04 9.589293298232224316e-01 -8.284492814992745480e+00 -2.749337647486930436e+00
1.924000000000000000e+03 9.589293298232224316e-01 -8.284492814992745480e+00 -2.749337647486930436e+00
1.493200000000000000e+04 1.061018631625255004e+00 -7.022397246740425203e+00 -2.861023554190982310e+00
1.484900000000000000e+04 1.104932605513783805e+00 -7.042141381063913741e+00 -2.543192697082060860e+00
1.415700000000000000e+04 1.047816033274037828e+00 -8.364857814183942253e+00 -3.194708821984992397e+00
1.488000000000000000e+04 1.443632837350264708e+00 -7.236058031098409060e+00 -2.928610741855818489e+00
1.488100000000000000e+04 1.314012846701784198e+00 -9.005884487120702886e+00 -2.386415484486400729e+00
1.499800000000000000e+04 1.314012846701784198e+00 -9.005884487120702886e+00 -2.386415484486400729e+00
1.418000000000000000e+04 9.210103252386181438e-01 -7.732661796465443160e+00 -3.105594366752280067e+00
1.443200000000000000e+04 9.105513091250818647e-01 -7.737615603450365143e+00 -2.899075701233970292e+00
1.500300000000000000e+04 1.072898698793628647e+00 -7.925612731417317036e+00 -2.452137470040293366e+00
1.439900000000000000e+04 1.049944136973334885e+00 -7.417432112708418401e+00 -2.884631344728648017e+00
1.522400000000000000e+04 1.049944136973334885e+00 -7.417432112708418401e+00 -2.884631344728648017e+00
