# star id 	 star_x_coords [pc] 	 star_y_coords [pc] 	 star_z_coords [pc] 
2.583500000000000000e+04 4.245096908726395668e-01 -4.862879620658588919e-02 4.175091469739866668e-01
2.589800000000000000e+04 2.359644388796056091e-02 -1.176776937578907223e-01 3.518086963257953670e-01
2.567600000000000000e+04 -4.428690411579694342e-02 5.307789146269215053e-02 4.311534890992705371e-01
2.565100000000000000e+04 -3.029114718084002789e-02 -2.116868167851180260e-01 4.446092714581046934e-01
2.583600000000000000e+04 3.059546967324173750e-01 2.456827249060467011e-01 5.722731197794903579e-01
2.598800000000000000e+04 1.569659752574210643e-01 1.522688606428772573e-01 3.424440519551170681e-01
2.584400000000000000e+04 -8.373077998606959227e-02 2.445258034587567408e-01 5.818725451641215685e-01
2.576100000000000000e+04 4.174757546039735701e-01 -1.317202623399111872e-01 -2.461405976972752541e-03
2.582400000000000000e+04 2.687037938302232476e-01 -1.552005217378038537e-01 -1.422189217597860100e-01
2.586000000000000000e+04 2.879230312581988471e-01 -3.979537556599197501e-01 2.625996091187468018e-01
2.568200000000000000e+04 2.149875054895176163e-01 -9.187136594950118251e-02 -1.731946328165721027e-01
2.583100000000000000e+04 2.190693456175907272e-02 -1.903842400121575906e-01 -1.732448916262367966e-01
2.582700000000000000e+04 6.963134297052064881e-02 -5.352688192116517030e-02 -1.495277917979551674e-01
2.593100000000000000e+04 6.963134297052064881e-02 -5.352688192116517030e-02 -1.495277917979551674e-01
2.577000000000000000e+04 1.158707426075906710e-01 3.211957572236201486e-02 -1.418791018500407120e-01
2.592200000000000000e+04 3.886612723007587533e-02 -1.623149461860151632e-02 -1.192435397230475758e-01
2.590500000000000000e+04 1.001584813460247858e-01 -1.408140303321800957e-01 3.673975119783179366e-03
2.594900000000000000e+04 1.299271121283709363e-01 -2.545409874031960840e-01 -5.653790503868272310e-03
2.590400000000000000e+04 -3.534120832817961855e-01 -2.438452087514519917e-01 8.034466006053087028e-02
2.589700000000000000e+04 1.145121134135322905e-01 -2.048810906123321729e-01 2.361330635137801615e-01
2.584300000000000000e+04 6.371687827293470718e-02 -8.856208314799118853e-02 2.482984371519703082e-01
2.584100000000000000e+04 1.898024938554954133e-02 -1.802275207334389506e-01 2.743126808394715788e-01
2.568900000000000000e+04 -3.040855217803724031e-01 -2.547067045157973553e-01 2.812591726218758303e-01
2.585800000000000000e+04 -3.040855217803724031e-01 -2.547067045157973553e-01 2.812591726218758303e-01
2.589900000000000000e+04 -3.831639801186810246e-01 -4.465121336064612478e-01 -2.231910858420440569e-01
2.590000000000000000e+04 3.103223589940888871e-01 1.082886279859920364e-01 -2.585791210593768596e-03
2.587500000000000000e+04 3.103223589940888871e-01 1.082886279859920364e-01 -2.585791210593768596e-03
2.584200000000000000e+04 2.223941885919913375e-01 2.780912787164524502e-01 -1.477502713247988986e-01
2.593800000000000000e+04 -4.492170140873028572e-01 6.133613172783753953e-01 1.094279238492035233e-02
2.575900000000000000e+04 -2.796850844551421744e-01 -7.529065117802957730e-01 1.354501987772800398e-01
2.589300000000000000e+04 -7.423768321584489627e-02 -5.474101771978965303e-01 2.880740064200031370e-01
2.565900000000000000e+04 -6.882184138646607607e-02 7.207141891628054964e-02 8.491749873618825717e-02
2.587900000000000000e+04 -3.427790224343638670e-01 3.786323341710726709e-01 3.418851430169755901e-02
2.590100000000000000e+04 -4.063221886113765891e-02 4.910620705840642586e-01 -2.344251653402213975e-01
2.588700000000000000e+04 1.050243391763174827e-01 1.070577943230972551e-01 -2.413390966149382422e-01
2.593000000000000000e+04 -8.138518789444759705e-02 2.652826647599866305e-01 -2.055722403621640382e-01
2.591600000000000000e+04 3.196604493041732553e-02 9.889291837689739850e-02 -1.742358633200429274e-01
2.591200000000000000e+04 1.388502568826730510e-01 3.519712736956961407e-01 -7.033478449491292750e-02
2.585900000000000000e+04 2.318242131060799238e-02 1.808703334996906165e-01 -4.420223830906433449e-02
2.591500000000000000e+04 1.210026678806279676e-01 3.457343075684917721e-01 -1.659981087397177646e-02
2.571100000000000000e+04 1.210026678806279676e-01 3.457343075684917721e-01 -1.659981087397177646e-02
2.594300000000000000e+04 -2.552984785102836440e-01 3.431238520135408976e-01 3.047138130724080796e-02
2.588100000000000000e+04 -7.799073371742792915e-03 6.942155433048924351e-02 -8.051973068153595037e-02
2.586800000000000000e+04 -7.711369261619438475e-02 3.042420887478485270e-01 2.761133947431293478e-01
2.586900000000000000e+04 -7.711369261619438475e-02 3.042420887478485270e-01 2.761133947431293478e-01
2.578100000000000000e+04 -2.635864689625790902e-01 7.334371320659016646e-02 2.901132573847542417e-01
2.604100000000000000e+04 8.532241352401825907e-02 8.968819101568925589e-02 3.187013510167746588e-01
2.581100000000000000e+04 -1.661071052894769196e-02 -2.104734454319441284e-01 -4.219913228477096823e-01
2.583900000000000000e+04 -1.481464273580463953e-01 -3.408296238187631388e-01 -3.788184856043277371e-01
2.580900000000000000e+04 -1.587861236374052964e-01 6.125728861277934811e-02 -3.765939162057989620e-01
2.588200000000000000e+04 -2.307940627183633353e-01 -2.128747875518186561e-01 -3.221220236748680854e-01
2.590600000000000000e+04 1.940550913653602549e-01 -2.815030360308341528e-01 -3.226783484646662536e-01
2.590800000000000000e+04 9.890550825827304493e-02 -4.118726025982510919e-02 -2.904316462416631772e-01
2.586100000000000000e+04 -8.246734280624679059e-02 -7.229089377900308477e-01 -4.591252598893467152e-01
2.570200000000000000e+04 -1.740357708181790031e-01 1.952076418851973472e-01 -4.232048938866359578e-01
2.587700000000000000e+04 8.714332361690324547e-02 4.469741871975827507e-01 -4.205992076094786647e-01
2.590700000000000000e+04 -2.945955049185329244e-01 1.853001128327207425e-01 -3.329014636754954459e-01
2.581900000000000000e+04 -6.665052720103403772e-02 1.014841124953704821e-01 -2.892767780666263278e-01
