# star id 	 star_x_coords [pc] 	 star_y_coords [pc] 	 star_z_coords [pc] 
2.550800000000000000e+04 -1.555191737758917725e+00 1.986154362715666366e-01 -1.012392166886336042e+00
2.551500000000000000e+04 5.761995122752949783e-02 -7.248112953399115099e-01 -7.372090411579037550e-01
2.553300000000000000e+04 -9.040233946836622181e-01 -7.112688572909959817e-01 -4.148677163385414701e-01
2.551800000000000000e+04 -3.130571135524036208e-01 1.793070064534163066e+00 -3.636489992364744239e-01
2.553500000000000000e+04 -9.044315096107879981e-02 -8.694160769094239072e-01 -4.206830627347102336e-02
2.551400000000000000e+04 1.423225323628273031e+00 3.403099489112904052e-01 1.189700019911299478e-01
2.552400000000000000e+04 -2.983507160391525304e-01 -9.901343630912435856e-01 9.850215953684227088e-02
2.552500000000000000e+04 3.081556172421002771e-01 1.209600913136426925e+00 2.127039745736141185e-01
2.550900000000000000e+04 -5.274874041098058797e-01 2.099240267356208278e-01 1.973602077765121976e-01
2.550600000000000000e+04 1.981323654245059629e-01 -5.368616466703883816e-01 2.236972137646091596e-01
2.551600000000000000e+04 1.572186428400279112e+00 1.012114863398636544e-01 2.308571386349029808e-01
2.552700000000000000e+04 -3.383573661935912469e-02 -3.963199770268417410e-01 2.367530934910391238e-01
2.551100000000000000e+04 4.194366595249547913e-01 -1.991089666781959977e-01 4.319182948932223098e-01
2.549700000000000000e+04 -2.563670976688783298e-01 5.751893102493710330e-01 8.194241371546198138e-01
