# star id 	 star_x_coords [pc] 	 star_y_coords [pc] 	 star_z_coords [pc] 
1.029000000000000000e+04 -4.505178577870410095e-01 -5.159580150840952228e-01 -3.726377373429841100e-01
1.015000000000000000e+04 -6.456505077567875617e-01 2.884570689688317202e-01 -3.288273370268086637e-01
1.024300000000000000e+04 -6.456505077567875617e-01 2.884570689688317202e-01 -3.288273370268086637e-01
1.024200000000000000e+04 -4.170033289582200098e-01 2.458923756360391621e-01 9.663845106180701805e-02
1.026600000000000000e+04 -2.680101937902961140e-01 -1.146824958820282347e+00 1.550771221034779046e-01
1.017700000000000000e+04 -2.680101937902961140e-01 -1.146824958820282347e+00 1.550771221034779046e-01
1.017800000000000000e+04 -9.566981204612439171e-01 1.287053329378267108e-01 1.700417707416477242e-01
1.017100000000000000e+04 -2.949104869812835261e-01 -9.235272066138122682e-02 4.311410431924684872e-01
1.015100000000000000e+04 -2.414306685900839966e-01 8.640712929512659457e-01 4.401553806179094863e-01
1.031900000000000000e+04 -5.975421720390698965e-01 6.095332033290645768e-01 4.977994092908772927e-01
1.015300000000000000e+04 -1.767324742603548771e-01 5.568836985699334718e-01 2.428121599926669205e-01
1.016800000000000000e+04 -1.767324742603548771e-01 5.568836985699334718e-01 2.428121599926669205e-01
1.032500000000000000e+04 -4.104249909938708640e-01 -8.050954577177478200e-01 1.940691118910478963e+00
1.022900000000000000e+04 -1.562673750605849676e+00 -8.155282021284548932e-01 2.051348848885027110e+00
1.029700000000000000e+04 2.941569879463550308e-01 1.418527460213709901e-01 -2.589480296415672456e+00
1.015800000000000000e+04 2.662400641709048443e-01 -4.255563271518454371e-01 -1.325762585053297471e+00
1.032600000000000000e+04 2.662400641709048443e-01 -4.255563271518454371e-01 -1.325762585053297471e+00
1.025100000000000000e+04 1.026079752324811523e+00 -5.064054980299985687e-01 -7.336335558612745444e-01
1.027200000000000000e+04 3.640516406581220110e-01 1.422578133482083729e+00 -6.121298821933294221e-01
1.024100000000000000e+04 5.067064677282928642e-01 8.113795364105058638e-01 -5.989740534040493003e-01
1.017400000000000000e+04 5.003351749128839288e-01 -1.464442396469195273e+00 -5.865797745452141498e-01
1.015700000000000000e+04 5.003351749128839288e-01 -1.464442396469195273e+00 -5.865797745452141498e-01
1.019300000000000000e+04 3.430895683803463214e-01 5.394069271750225880e-01 -4.899753517601936892e-01
1.019200000000000000e+04 3.430895683803463214e-01 5.394069271750225880e-01 -4.899753517601936892e-01
1.019100000000000000e+04 1.135175065588747145e-01 -3.804611316245001262e-01 -2.804018564424666238e-01
1.017900000000000000e+04 1.247061187095681589e-01 3.183487720428388457e-01 1.229629228897408666e-01
1.023000000000000000e+04 1.247061187095681589e-01 3.183487720428388457e-01 1.229629228897408666e-01
1.017000000000000000e+04 1.247061187095681589e-01 3.183487720428388457e-01 1.229629228897408666e-01
1.014100000000000000e+04 6.603055471651160246e-01 -3.953528182708581085e-01 8.693170147640216783e-02
1.027600000000000000e+04 2.995928422467031282e-01 1.021357361641229033e+00 7.207837431756729529e-01
1.026700000000000000e+04 1.992387857673243445e-01 -1.206020721260543382e-01 1.301444107794225147e+00
1.015200000000000000e+04 1.054890225933618808e+00 7.354915790354965566e-01 1.747904575996841459e+00
