# star id 	 star_x_coords [pc] 	 star_y_coords [pc] 	 star_z_coords [pc] 
5.227900000000000000e+04 3.162439221816249812e+00 -1.390545197916889464e+00 1.785286282542919878e+00
5.237200000000000000e+04 3.278365019759323928e+00 -2.108834115917183283e+00 2.697520568434441657e+00
5.231900000000000000e+04 -1.679780390867797735e+00 1.400437649035254140e+00 1.784642568928717310e+00
5.237100000000000000e+04 -2.295424091886850704e-01 3.121427776283436373e-01 1.913617135899350785e+00
5.232800000000000000e+04 -8.001070158868266446e-01 -5.825303554337413203e-01 2.278648310802878996e+00
5.232400000000000000e+04 5.055036394952416856e-01 -9.723500318067834769e-02 1.165455552876792922e-01
5.228000000000000000e+04 9.257485090083505952e-02 3.609275361316992559e-01 3.856256325667004603e-01
5.236500000000000000e+04 -2.485692455827859249e-01 3.774525862438125046e-01 -7.958563762666912567e-01
5.228100000000000000e+04 4.779671420707103380e-01 -4.089801708603211239e-01 3.915456944606106049e-01
5.234700000000000000e+04 2.227430971611070731e-01 -3.646379216627479991e-01 4.039861285177863692e-01
5.211500000000000000e+04 3.251327658932758879e-01 -5.794024982008956215e-01 6.337937989271793526e-01
5.227700000000000000e+04 9.736704769042141550e-01 1.054014970958178310e+00 -1.728321791377844363e+00
5.229400000000000000e+04 -1.591645536404350025e+00 -7.238608847039174066e-01 9.990319366356814612e-01
5.273300000000000000e+04 -5.225556297745406198e-01 1.361973330047661079e-02 2.435023779626774854e-01
5.227500000000000000e+04 -2.818920251563401536e+00 1.739455867847112813e+00 -4.043315223408825432e-01
5.266400000000000000e+04 5.929400985075830022e-01 3.433566620041155204e-01 -2.871755737901040106e+00
5.264100000000000000e+04 3.220578558291329330e-01 6.025171244820839433e-01 -2.591889069818194002e+00
5.259900000000000000e+04 -1.996301570409674042e+00 -1.400221037305353633e-01 1.106754532691738291e-01
5.205000000000000000e+04 -1.550302292083461708e+00 -8.416329269386384482e-01 9.105345748757329716e-01
5.238300000000000000e+04 5.071104549204257239e-01 2.895862398115909286e-01 4.928286792308824715e-01
5.232000000000000000e+04 1.777778596268397848e-01 1.754258901243765933e-01 2.420286281908872184e-01
5.232700000000000000e+04 2.730618324864160229e-01 2.880059459174439951e-01 3.082720020268681083e-01
5.260600000000000000e+04 4.596452532140560265e-02 3.361906672328878187e-01 3.415072371478871105e-01
5.237500000000000000e+04 1.124582512810334833e-01 9.248083142560652448e-01 -7.163942745631217690e-01
5.233400000000000000e+04 1.460869392060040184e-01 1.201564860800298007e+00 -4.077230531476487840e-01
5.236200000000000000e+04 7.243961607222360044e-01 1.753259731931018806e+00 -3.872816429260481641e-01
5.229000000000000000e+04 8.904605879141200830e-01 -4.864815000961808522e-01 -4.604637474356110260e-02
5.233800000000000000e+04 2.393068358128154216e-01 -9.940628337378019097e-01 1.376828883425815775e-01
5.228500000000000000e+04 1.062125583177301991e+00 -1.246339786149729179e+00 3.490922433128815783e-01
5.261700000000000000e+04 5.412875510406891522e-01 3.207828582275435991e-01 6.592495369418429618e-01
5.238600000000000000e+04 7.813047702971118724e-01 -1.164611804308801624e-01 -1.084465019530568952e+00
5.218800000000000000e+04 1.026975996418642012e-01 3.973229059090375159e-01 -8.997486457950572003e-01
5.228200000000000000e+04 -2.827129267265284795e-01 1.314178565292110079e-01 -1.198174881324902685e+00
5.265500000000000000e+04 -1.167131176275539417e+00 2.545004950043967540e-01 -1.075721929123908183e+00
5.260300000000000000e+04 -6.236466202661574698e-01 -6.484204844144105806e-01 -1.876203212380396224e+00
5.236700000000000000e+04 -4.452022714573971029e-01 -9.318773334415890730e-01 -1.441047791522287014e+00
5.262100000000000000e+04 -7.673119041593174927e-01 -9.819305964050268898e-01 -1.294585456202057117e+00
5.212400000000000000e+04 1.831996449502035773e-01 -1.084879088641006462e-01 6.357088239579624656e-01
5.212900000000000000e+04 4.315845641135318544e-01 1.618873031806096208e-01 7.131278987200033725e-01
5.226700000000000000e+04 6.251728849056021886e-01 -6.624783449995241824e-02 7.336709596393902189e-01
5.237700000000000000e+04 2.613342681557814018e+00 -1.850322401026186725e+00 1.203240531049779349e+00
5.263600000000000000e+04 2.699994286357494389e-01 -1.806963767092934603e+00 7.759315354344309412e-01
5.263100000000000000e+04 2.295813934590508865e+00 -1.698006587591034844e+00 6.838879118954892533e-01
5.242600000000000000e+04 -1.555782136694237039e+00 2.586007591834325936e+00 -6.133815333873826603e-02
5.229500000000000000e+04 2.170485076328887430e-02 1.409935759357967555e-01 -1.051924970488471445e-01
5.232900000000000000e+04 -1.858785889481850973e-03 -5.560817166667675338e-04 2.766243251737421360e-02
5.235300000000000000e+04 7.565731117003764439e-01 -3.197583501164285025e-01 1.364503764779392725e+00
5.235200000000000000e+04 -2.206714599957173562e-01 -6.828831125022638560e-02 1.452444460063922804e+00
5.218400000000000000e+04 7.252778447648680071e-01 -1.382304076977554530e+00 6.297541671696507137e-01
5.236400000000000000e+04 5.600233257040088120e-02 -7.268759833512667967e-01 4.460346445603278198e-01
5.252900000000000000e+04 -8.124408437056374055e-01 9.101068529819063002e-01 -2.903244779869474712e+00
5.229200000000000000e+04 -2.382660893451848949e-01 -1.782612984240046217e-01 -3.820448330588490649e-01
5.234200000000000000e+04 -3.248583162593341456e-01 5.760325733640225820e-01 -3.034107720719347867e-01
5.227800000000000000e+04 -3.845846999625521789e-01 3.029658509985289072e-01 -1.245271245526851089e-01
5.285600000000000000e+04 -3.585687030490518623e-01 7.331636834574144501e-01 7.762337821393572312e-02
5.261800000000000000e+04 2.417468624681404776e-01 -1.041415518016004071e+00 -1.569315660106859411e+00
5.234400000000000000e+04 -7.134136987501911165e-01 9.314600898254834505e-01 -8.741344601527458735e-01
5.233900000000000000e+04 1.712853587303747815e+00 -6.093703025674344076e-01 -1.296706170516557677e+00
5.263800000000000000e+04 -4.300669338852429746e-01 -5.042531652166832856e-01 -2.009054214039522890e+00
5.285700000000000000e+04 -1.020360504827706905e+00 1.213288047341514186e+00 -2.525195540138028605e+00
5.228700000000000000e+04 -2.389691648931478341e+00 1.915282314375302164e+00 -1.389266459540216658e+00
5.229300000000000000e+04 -2.531719177903230644e+00 1.771082318150664747e+00 -2.166005868700111137e+00
5.237300000000000000e+04 -4.931327333520165723e-01 2.179794201773095352e-01 2.841882348467166253e-01
5.237400000000000000e+04 -1.723038354791913918e+00 -1.950381384878774327e-01 -9.155629147533659307e-01
5.266500000000000000e+04 5.600233257040088120e-02 -7.268759833512667967e-01 4.460346445603278198e-01
5.202900000000000000e+04 -9.375421814027120604e-01 1.328502683133525153e+00 7.732570170830399547e-02
5.234300000000000000e+04 1.428796863678023499e+00 -1.332891024800801461e+00 3.299154906526879927e-01
5.234800000000000000e+04 -1.231677086687135159e-01 -2.870981443363511687e-01 6.431824956256235737e-01
5.232100000000000000e+04 2.127411528890306158e-01 -3.247133910437405291e-02 4.134625713747794862e-01
5.226800000000000000e+04 3.122915914219674960e-01 -9.038296675126389346e-02 5.135478816798126900e-01
5.234900000000000000e+04 2.165514793937006743e-02 1.173580902421669236e-01 4.655401211382041993e-01
5.232600000000000000e+04 -1.593223606430964168e+00 1.903479637379431821e+00 -3.261405711820231090e-01
5.229100000000000000e+04 -2.388443282366207399e+00 1.012057652663152396e+00 2.017382553328417316e-01
5.252800000000000000e+04 2.699994286357494389e-01 -1.806963767092934603e+00 7.759315354344309412e-01
5.252200000000000000e+04 2.699994286357494389e-01 -1.806963767092934603e+00 7.759315354344309412e-01
5.233100000000000000e+04 2.699994286357494389e-01 -1.806963767092934603e+00 7.759315354344309412e-01
5.261900000000000000e+04 4.794587622095036750e-02 2.996804040259206658e-01 -7.162003108921908279e-01
5.231800000000000000e+04 9.094363733878552125e-02 8.768692043535075697e-02 -4.974011234018362870e-01
5.233500000000000000e+04 3.968834713885378562e-01 1.718162883386753492e-01 -1.119982768045844068e-01
5.233200000000000000e+04 3.958264418744938951e-01 2.796233476151872566e-01 1.800020672978988046e-01
5.233000000000000000e+04 5.119824517564097732e-01 2.288350221506245674e-01 1.950096090585020647e-01
5.273200000000000000e+04 5.119824517564097732e-01 2.288350221506245674e-01 1.950096090585020647e-01
5.227100000000000000e+04 5.708898556649515399e-01 -1.780924181697489672e-01 1.993094281648666311e-01
5.262000000000000000e+04 8.152060120949471411e-01 -1.822476160417672020e-01 1.156703058672277962e+00
5.266100000000000000e+04 2.492674617768528833e-01 6.183456835568783561e-01 9.461221735057065985e-01
5.258900000000000000e+04 8.419689216406176513e-01 -8.880759082752884837e-01 1.293953103031320495e+00
5.219000000000000000e+04 -1.023471658007281349e+00 1.487458731728331429e+00 7.172370254076128049e-01
5.235000000000000000e+04 -7.034862951171731993e-01 1.228510443788657369e+00 8.489141207045918236e-01
5.234000000000000000e+04 1.981958696474642068e+00 -1.359075349508220398e+00 7.869453214001751462e-01
5.234100000000000000e+04 6.083708703979127108e-01 3.966742776878486865e-01 -1.519762636859027793e-01
5.266200000000000000e+04 2.631837020177556496e-01 4.815951646722442803e-01 4.028339341330280376e-01
5.228300000000000000e+04 -1.167131176275539417e+00 2.545004950043967540e-01 -1.075721929123908183e+00
5.227600000000000000e+04 9.130690233607197115e-02 1.393965482184942317e-01 1.111823473622024494e-01
5.265800000000000000e+04 9.556941233618587717e-02 1.277001754684210511e-01 -1.729252681602595487e+00
5.228400000000000000e+04 3.791716674921374874e-01 2.765813521645217321e-01 1.511900219733917083e-01
5.235700000000000000e+04 1.777274969992568288e-01 -1.332183612080637403e-01 7.518328274940841993e-01
