# star id 	 star_x_coords [pc] 	 star_y_coords [pc] 	 star_z_coords [pc] 
4.618000000000000000e+03 -2.026675212155559791e+00 1.467612884187730060e-01 4.986048475722022477e-01
3.609400000000000000e+04 -1.124790317648241000e+00 1.035020515203655123e-03 4.810107596478314651e-01
3.605400000000000000e+04 -5.478767190619251437e-01 3.747529088177437018e-01 -1.107957745588983300e+00
3.615500000000000000e+04 1.844400609451845696e+00 -7.953789439797489536e-01 -1.414764173989339291e+00
3.609100000000000000e+04 1.172747194423571671e+00 -8.182582588054287953e-01 -1.207144305521138605e+00
3.608700000000000000e+04 -5.206058853532482544e-01 1.434637394071724970e+00 1.096659449961551180e+00
3.609800000000000000e+04 -1.235979433576027020e+00 5.635216486614851306e-01 1.178193205999176651e+00
3.611200000000000000e+04 4.446897710803341397e-01 -2.213763095671694714e-01 -8.036728461237538923e-01
3.612000000000000000e+04 3.515361068972211456e-01 1.454392950705027943e-01 -4.361502849076295263e-01
3.612300000000000000e+04 1.009984938613627037e+00 -1.787314364418008950e-01 1.044830296104670708e-01
3.610700000000000000e+04 1.152748349357906932e+00 -7.926038243614783596e-01 1.382899607278496035e-01
3.612600000000000000e+04 4.055207383562091650e-01 -1.452618537109131580e-01 1.992343647848877630e-01
3.610300000000000000e+04 4.321143738544748203e-01 -7.975457131117025256e-03 1.078037781077381574e+00
3.610500000000000000e+04 -6.458108840307588139e-01 8.480963585485312706e-02 5.093011522421009296e-01
3.613800000000000000e+04 -7.120036238618396851e-01 2.086288985102697779e-01 -3.141251965531788315e-01
