# star id 	 star_x_coords [pc] 	 star_y_coords [pc] 	 star_z_coords [pc] 
4.388100000000000000e+04 -7.116717501434699500e-01 3.236773261901113585e-01 -2.571051609867440746e-01
4.394200000000000000e+04 -4.617264343908757951e-01 -5.715780403866155268e-01 7.004508556561050980e-02
4.390900000000000000e+04 -1.147923838240963335e+00 9.975841211466374148e-02 8.011882724508914144e-01
4.388700000000000000e+04 -1.553107713122301448e+00 2.484001374764552850e-01 1.299118603065038124e+00
4.455500000000000000e+04 -1.029760209619919209e+00 5.110506086235098167e-01 -5.020429613654104894e-01
4.394600000000000000e+04 -1.520047318659450752e+00 7.446755937591795771e-01 4.870587140156743544e-01
4.393900000000000000e+04 -1.044161954106250789e+00 9.143461696239718606e-01 9.066032605673315370e-01
4.396100000000000000e+04 2.571123129282987918e+00 -3.257007959779798512e-01 -5.704168476068161020e-01
4.388800000000000000e+04 1.955137451795600612e+00 -7.733046251088921963e-01 -5.916106940812504433e-02
4.455700000000000000e+04 8.400742438407569068e-01 -3.704785226125260067e-01 3.781955606052388452e-01
4.388900000000000000e+04 2.221551008486493117e-01 -5.320877436674642524e-01 -5.430632409931690496e-02
4.389100000000000000e+04 1.583038577802042823e-01 -4.745933563934805477e-01 -1.328615817857652814e+00
4.388200000000000000e+04 1.917119178270255020e+00 1.285043699951096130e-01 -1.176477423892596796e+00
