# star id 	 star_x_coords [pc] 	 star_y_coords [pc] 	 star_z_coords [pc] 
3.087100000000000000e+04 5.032899475469392314e-01 5.216489132330028866e-01 3.990603167402360096e-01
2.930900000000000000e+04 5.032899475469392314e-01 5.216489132330028866e-01 3.990603167402360096e-01
2.930800000000000000e+04 -3.243586172414012481e-01 6.024778511152870664e-01 4.881016443163730401e-01
3.039200000000000000e+04 -3.243586172414012481e-01 6.024778511152870664e-01 4.881016443163730401e-01
2.976800000000000000e+04 1.512456803957729079e+00 2.187123808872630804e-01 -1.149219899362160957e+00
3.051900000000000000e+04 1.551389508970114406e+00 -8.180531282332896836e-01 -1.669006816206335841e+00
3.052000000000000000e+04 -3.443063205092862233e-01 -4.614274670915339271e-01 -8.029398135080942911e-01
2.981800000000000000e+04 -3.443063205092862233e-01 -4.614274670915339271e-01 -8.029398135080942911e-01
3.049200000000000000e+04 -3.443063205092862233e-01 -4.614274670915339271e-01 -8.029398135080942911e-01
3.049300000000000000e+04 1.233599454588233613e+00 3.969967784182024673e-01 -3.911642227342243539e-01
3.112000000000000000e+04 1.233599454588233613e+00 3.969967784182024673e-01 -3.911642227342243539e-01
3.112100000000000000e+04 -1.908959493240136140e+00 -1.043840145643038397e+00 1.247362457856820761e+00
2.966400000000000000e+04 -8.538649001630176372e-01 -4.751444411242591315e-01 2.756551796561975132e-01
2.929600000000000000e+04 -1.828255271459724440e-01 4.201983014194858868e-01 7.295216704478733050e-01
3.052100000000000000e+04 -1.828255271459724440e-01 4.201983014194858868e-01 7.295216704478733050e-01
2.981900000000000000e+04 -1.727513469686996928e+00 -3.800359430223050339e-01 1.252989700982670485e+00
