# star id 	 star_x_coords [pc] 	 star_y_coords [pc] 	 star_z_coords [pc] 
5.123300000000000000e+04 -6.125417352696871376e-01 3.354630148903936515e-01 -3.740723423906615608e-01
5.129500000000000000e+04 -1.755972190784973463e-01 -6.116285121959492699e-01 -5.144182485326496135e-01
5.126300000000000000e+04 -3.616701858142761239e-01 -4.256904876535827498e-02 -4.131228133417721438e-01
5.121000000000000000e+04 -1.268492783569143967e-01 4.385504021591373203e-01 -1.847631854046767330e-01
5.125800000000000000e+04 2.951732270570914807e-01 4.019754323903157456e-02 -7.293837699018013154e-02
5.125900000000000000e+04 -2.701109453549577211e-02 -1.559196248069838475e-02 -6.255448082731618342e-02
5.117600000000000000e+04 -2.231285781426066706e-01 -9.257893776833725497e-03 -9.403563266306491641e-02
5.125100000000000000e+04 2.108531975058269836e-02 3.377101920969778348e-01 -3.813420024812330666e-02
5.127400000000000000e+04 2.108531975058269836e-02 3.377101920969778348e-01 -3.813420024812330666e-02
5.123000000000000000e+04 -4.272887878671838280e-02 -4.735102505259192185e-02 -1.438644921144032196e-01
5.126800000000000000e+04 5.749641220734247327e-02 2.352794096928505496e-01 7.140415459798532538e-02
5.128100000000000000e+04 -4.359261190835610478e-01 -8.997874276778361491e-02 -6.686487456590839429e-04
5.121800000000000000e+04 -4.359261190835610478e-01 -8.997874276778361491e-02 -6.686487456590839429e-04
5.124100000000000000e+04 7.011817123426737908e-01 -3.976531311541293690e-01 -1.832383135536019836e-02
5.129400000000000000e+04 -3.255491030610926373e-01 -1.844432560423285850e-01 2.030400963776628487e-01
5.126200000000000000e+04 5.305819575995940340e-02 -4.506736828187456467e-01 3.725965794979515522e-01
5.123900000000000000e+04 5.174966070494235737e-01 9.403305269935913202e-02 3.331863522028015723e-01
5.127100000000000000e+04 5.174966070494235737e-01 9.403305269935913202e-02 3.331863522028015723e-01
5.127300000000000000e+04 -6.037388056520853752e-02 2.159520426481833510e-01 3.341806369393793830e-01
5.125700000000000000e+04 -6.037388056520853752e-02 2.159520426481833510e-01 3.341806369393793830e-01
5.124200000000000000e+04 -3.417090264960620516e-03 9.749484932871155252e-02 4.721370520666141601e-01
5.124500000000000000e+04 1.056630170783421363e-01 -1.024752494564324934e-01 6.843779694755198761e-01
5.123800000000000000e+04 -1.026411813491222347e+00 -5.467498904266392401e-01 -4.450312954975288449e-01
5.122500000000000000e+04 1.004649054469211933e+00 2.688902695408899035e-01 3.211955678892763899e-02
5.124000000000000000e+04 1.853727257937919148e+00 5.841938489419362668e-02 1.518236357133559977e-01
5.128000000000000000e+04 7.575244457150489552e-01 1.667894296480483263e-01 4.569861627433624562e-01
5.124600000000000000e+04 2.666668620122436550e-03 -9.824221912509756294e-02 8.509350404400493062e-01
5.127000000000000000e+04 1.470573729218642711e-01 -3.816504203638260151e-01 9.316923420097964481e-01
5.122600000000000000e+04 1.470573729218642711e-01 -3.816504203638260151e-01 9.316923420097964481e-01
5.127900000000000000e+04 -1.597139864792893604e-01 -3.848663045926343784e-01 -4.442075845961994673e-01
5.125000000000000000e+04 -7.304755937913824937e-01 9.961001605091723832e-01 -7.599136446075931417e-01
5.124900000000000000e+04 -7.315925691014513177e-01 -8.922536940339682587e-01 -8.692026473711962353e-01
5.129200000000000000e+04 -6.631314729736459412e-01 7.944391676920758982e-01 -2.019484639535221504e+00
