# star id 	 star_x_coords [pc] 	 star_y_coords [pc] 	 star_z_coords [pc] 
4.078600000000000000e+04 -2.145254348806020062e+00 -4.587870198362864471e-01 1.558625601665610816e-01
4.066700000000000000e+04 -1.074569390919648981e+00 -4.762844334601368246e-01 5.660012668501934741e-01
4.062700000000000000e+04 -2.024317197881373431e+00 9.602252915595954619e-01 6.977199931387900733e-02
4.062800000000000000e+04 -1.475807841017655164e+00 1.209245113173480490e+00 2.709467764612440988e-01
4.060800000000000000e+04 -1.223675150835831005e+00 7.994288255948447386e-01 6.095453969585165055e-01
4.060900000000000000e+04 -1.223278516652982262e+00 1.147710751730571133e+00 7.936973267630662576e-01
4.070700000000000000e+04 -5.418000317794735565e-01 -1.232217481068552445e+00 4.985780546739988495e-01
4.080300000000000000e+04 -4.086498629291668294e-02 1.181642424640543254e+00 -2.264225056097615152e-01
4.095100000000000000e+04 -2.398314479865035764e-01 9.909608307107120595e-01 -1.971959950547557128e-01
4.069000000000000000e+04 -5.145989288745909107e-01 1.043751730164949265e+00 6.063268928877150188e-01
4.078400000000000000e+04 1.158003531755440463e-01 1.262748434520538865e+00 -2.663082106588205988e-01
4.063900000000000000e+04 -2.078925923778328411e+00 1.750294684221387342e-02 -5.384756628991524963e-01
4.066200000000000000e+04 -1.026425056373170719e+00 -1.268218427479368415e-01 -3.559635751482588262e-01
4.061200000000000000e+04 -1.534230645095107093e-01 -1.129972974827062160e+00 -1.652664726958818164e+00
4.067000000000000000e+04 -6.990751555653389460e-01 3.207069026034048420e-01 -1.716111496584801444e+00
4.079700000000000000e+04 -2.281683727631957481e+00 7.769507672252657926e-01 -1.175899944958111121e+00
4.077000000000000000e+04 -3.078054568721015016e+00 8.985897653905539073e-02 -2.732759713573145177e-01
4.078300000000000000e+04 -3.896941318896978146e-01 4.971336582649001912e-01 -2.716927159903164579e+00
4.078200000000000000e+04 -8.819556598405711156e-01 -4.696089031712276096e-01 6.423852997837116163e-01
4.080500000000000000e+04 -1.957813901610450102e-02 4.958945086331851826e-01 4.118783827775587270e-01
4.076500000000000000e+04 -6.638043230482253421e-01 1.183911317367432048e-01 -1.462306873302452459e-01
4.067100000000000000e+04 -2.990943216097718960e-01 -2.163923712543152078e-01 -1.603814274667669793e-01
4.065400000000000000e+04 -2.990943216097718960e-01 -2.163923712543152078e-01 -1.603814274667669793e-01
4.100300000000000000e+04 -2.251104439947795299e-01 -2.263795335361109551e-01 -8.141971927813074217e-04
4.078100000000000000e+04 -9.322402234204218985e-04 -2.011256983793003883e-01 -2.348405397849901988e-01
4.068000000000000000e+04 7.508051975898411001e-02 -2.649571721996011320e-01 -2.139865902121584895e-01
4.068100000000000000e+04 -1.011444578395668259e-01 -3.373195055489617289e-01 -1.236856420063645601e-01
4.062000000000000000e+04 -1.755773655820860313e-01 -1.211704390264216613e-01 -1.880263128459134236e-01
4.082000000000000000e+04 -1.400682628866434243e-02 -4.281173950349170809e-02 -1.968343503480127765e-01
4.057000000000000000e+04 1.378843354248004971e-01 -9.720117009410955689e-02 -9.666594187709165453e-02
4.056800000000000000e+04 1.274567796770895711e-01 -1.344279204971599029e-01 -3.857564303508809189e-02
4.062900000000000000e+04 1.274567796770895711e-01 -1.344279204971599029e-01 -3.857564303508809189e-02
4.099000000000000000e+04 4.359714918678037066e-04 -8.285760174438649983e-02 -3.300455643917388215e-02
4.068800000000000000e+04 4.359714918678037066e-04 -8.285760174438649983e-02 -3.300455643917388215e-02
4.063400000000000000e+04 -1.083155461006697351e-01 -3.610800906467801497e-01 3.235011566090335577e-01
4.073000000000000000e+04 -3.184650151135031138e-01 -5.455749505074436456e-04 2.357226618039902633e-01
4.082100000000000000e+04 -4.536829107503592695e-02 -1.635776037372664860e-01 4.207610307942388772e-02
4.062500000000000000e+04 -1.360867349742420629e-01 -1.596670120931591441e-01 1.266047537071273155e-01
4.063200000000000000e+04 -6.524136477345194862e-01 5.673003815726644916e-01 -1.048946247126210096e-01
4.061500000000000000e+04 -6.188000593901676893e-02 -4.935896447080097005e-01 -1.110394961958860449e-02
4.096600000000000000e+04 -2.204429270160233045e-01 2.932464483836554336e-01 -2.008036572217832827e-01
4.096700000000000000e+04 -3.459026389419932457e-01 2.008307425386774980e-01 -2.043277234906284434e-01
4.098400000000000000e+04 1.198894278301168015e-01 -2.718358794918884769e-02 -6.673482175276674866e-01
4.098500000000000000e+04 -1.667893670000069051e-01 -2.186913711158240403e-01 -6.447642487396478828e-01
4.075800000000000000e+04 -2.732296547611099413e-01 -5.242139185966721016e-03 -4.787953776743165690e-01
4.074300000000000000e+04 5.245890343854853199e-02 -4.981671164282630571e-02 -4.698698089105164399e-01
4.074400000000000000e+04 5.245890343854853199e-02 -4.981671164282630571e-02 -4.698698089105164399e-01
4.075900000000000000e+04 3.827650785115110921e-02 -4.913257947698923545e-03 -4.728788693556325029e-01
4.065800000000000000e+04 7.238763837426631653e-02 6.104278233794246944e-02 -4.578450510545835073e-01
4.065900000000000000e+04 5.646149908517372751e-02 -3.380154498618992420e-02 -2.968804658576758015e-01
4.075700000000000000e+04 5.646149908517372751e-02 -3.380154498618992420e-02 -2.968804658576758015e-01
4.076400000000000000e+04 6.775061981230123820e-03 -3.304308686242762860e-02 -2.878164388270221252e-01
4.067600000000000000e+04 6.775061981230123820e-03 -3.304308686242762860e-02 -2.878164388270221252e-01
4.077100000000000000e+04 -2.346848474493867798e-02 -1.221303257443651091e-02 -2.656737567110312170e-01
4.073200000000000000e+04 1.193968583519762205e-01 -1.069441747287527278e-01 -2.529086867767418312e-01
4.075500000000000000e+04 1.193968583519762205e-01 -1.069441747287527278e-01 -2.529086867767418312e-01
4.072300000000000000e+04 2.584553338728312610e-02 1.055108303982450479e-01 -2.446943275819535302e-01
4.064200000000000000e+04 2.584553338728312610e-02 1.055108303982450479e-01 -2.446943275819535302e-01
4.076100000000000000e+04 -5.847040452181317960e-01 3.988921546529056172e-01 -3.863541157309740015e-01
4.052500000000000000e+04 -2.539431757156194180e-01 -9.749760419495316910e-01 -4.004993128147376069e-01
4.064300000000000000e+04 2.099197861014090449e-02 2.476530762530515517e-01 -7.229361250681023421e-01
4.066100000000000000e+04 -1.132688097937375460e-01 -1.931879802635947385e-01 -1.217915837687549185e+00
4.064100000000000000e+04 -5.686175951079235347e-01 -7.496756341301775706e-01 -1.363404932760033716e+00
4.065600000000000000e+04 -4.805577287891509286e-01 -4.593320661166302443e-01 -8.506908813055318319e-01
4.059600000000000000e+04 -4.739730009599725236e-01 1.847124418414338720e-01 -9.270826954280551035e-01
4.059700000000000000e+04 -1.041117392023380717e-01 -1.036097873429078220e+00 -9.829680729455958499e-01
4.060100000000000000e+04 -3.309470179518143595e-01 -5.251946442690922368e-01 -1.295640728505723871e+00
4.059000000000000000e+04 1.072551942053848961e+00 -1.073737316049587776e+00 -8.262498340595954005e-01
4.101600000000000000e+04 6.744546892266356508e-01 -1.030950279998606334e+00 -3.969015112226870201e-01
4.095000000000000000e+04 2.689343128121777227e-01 -4.398228192036981454e-01 6.007867731495508679e-02
4.081700000000000000e+04 2.689343128121777227e-01 -4.398228192036981454e-01 6.007867731495508679e-02
4.072900000000000000e+04 2.205432997504885861e-01 -3.532322613007750078e-01 1.898785874182848943e-01
4.099300000000000000e+04 2.205432997504885861e-01 -3.532322613007750078e-01 1.898785874182848943e-01
4.069300000000000000e+04 5.695615220409138146e-01 -3.876830874863799181e-01 3.230606221815008894e-01
4.067300000000000000e+04 5.446063737669248894e-01 -1.934747471303239763e-01 1.278633218121356663e-01
4.106600000000000000e+04 5.446063737669248894e-01 -1.934747471303239763e-01 1.278633218121356663e-01
4.063300000000000000e+04 1.161762551083512562e+00 7.617040106363646146e-01 6.152425792450060271e-01
4.070200000000000000e+04 4.771643765013777738e-01 -1.370195561339713208e-01 3.751562421204113207e-02
4.070000000000000000e+04 4.771643765013777738e-01 -1.370195561339713208e-01 3.751562421204113207e-02
4.060700000000000000e+04 5.941196941047337532e-01 4.410004128179849658e-01 2.551061305268902402e-01
4.063500000000000000e+04 1.607229739003173563e+00 2.983592264512395786e-01 6.557067751327636529e-01
4.095600000000000000e+04 5.976584575760739426e-01 -6.305226643989669810e-02 3.299336750018966313e-01
4.061100000000000000e+04 4.780044354986898725e-01 -2.718565853811938382e-01 5.652978832113433327e-01
4.061700000000000000e+04 4.831784704174140188e-01 -3.101249124832747839e-01 2.846275255049235398e-01
4.070500000000000000e+04 1.842114155918437746e+00 2.409936341855711817e-01 8.741017059953151147e-01
4.070600000000000000e+04 1.176741715665343690e-01 -5.485685674477025486e-02 9.495098368664969257e-01
4.102700000000000000e+04 4.953411205375459758e-01 6.988586897256894304e-01 8.304001877958100408e-01
4.082500000000000000e+04 -4.448387768327677350e-02 1.789037861224713311e+00 9.759419623533673871e-01
4.063800000000000000e+04 2.082952886124473935e-01 1.069347858127905226e+00 1.016283901665758549e+00
4.064000000000000000e+04 1.888103248811390245e+00 1.078000286134816577e+00 7.937206013316497888e-01
4.067800000000000000e+04 -1.863714391075646404e+00 1.233998840774766848e+00 9.320278837401758665e-01
4.077700000000000000e+04 7.994924003475318841e-01 -3.193758559640755834e-01 7.496099993164264674e-01
4.077800000000000000e+04 1.556393877165973549e+00 7.574989716336233414e-02 1.085198496900730447e+00
4.060000000000000000e+04 7.665526252742154156e-01 -2.293283801921361942e-01 1.085404512436952018e+00
4.074700000000000000e+04 8.716031153260530573e-01 -3.768793666378655871e-01 1.059725451068459279e+00
4.074800000000000000e+04 -8.528606082556677848e-01 -8.435557344097759369e-01 1.185881195067246097e+00
4.095700000000000000e+04 -2.011500406893190984e+00 -4.049388265976148205e-01 1.431243144148275803e+00
4.076700000000000000e+04 -5.860458262261829532e-01 4.769725431193663212e-01 1.152846223736396780e+00
4.073700000000000000e+04 4.185795287890528016e-01 1.488820495333364136e+00 1.376014818908686266e+00
4.061000000000000000e+04 -1.027010864009170632e+00 1.522184066787822587e+00 1.267326828377015602e+00
4.055900000000000000e+04 1.982213497670244351e-01 1.564625064442658697e+00 1.312227395189033530e+00
4.067400000000000000e+04 1.428081302663329666e+00 -8.666718923233460714e-01 1.650132659458456885e+00
4.071900000000000000e+04 -5.119901306522933737e-02 1.780945230066620866e+00 2.294622656793094961e+00
4.076200000000000000e+04 1.538190577901971778e+00 -1.376289649115527425e+00 1.768029932171053531e+00
4.074500000000000000e+04 1.401432376324720508e+00 -1.274361787943284696e+00 4.266200819828824820e-01
4.094500000000000000e+04 5.299000405642431133e-01 -5.113579083951051985e-01 -1.313057762474144852e+00
4.081600000000000000e+04 5.071246426676907504e-01 -5.168637076618551873e-01 -5.820238946401161684e-01
4.074200000000000000e+04 1.576409281970398979e-01 1.236917873914293864e+00 -9.040418729646404472e-02
4.056300000000000000e+04 2.170503997408076202e+00 -2.193241955583623337e+00 1.624783216748838299e+00
4.081300000000000000e+04 3.390527466593482586e-01 -2.650301213181549542e-01 -4.807878978744142273e-01
4.066500000000000000e+04 2.995521007691337445e-01 -1.051858448688989256e-01 -4.608985955357169928e-01
4.078500000000000000e+04 2.995521007691337445e-01 -1.051858448688989256e-01 -4.608985955357169928e-01
4.067200000000000000e+04 1.927104885497783471e-01 -1.278834947528793009e-01 -4.190329635762992666e-01
4.065100000000000000e+04 2.159709340185855808e-01 -8.467926298990846590e-02 -2.960926604958018515e-01
4.064900000000000000e+04 2.159709340185855808e-01 -8.467926298990846590e-02 -2.960926604958018515e-01
4.064600000000000000e+04 2.812117965174962819e-01 3.930477730264669844e-02 -4.217217665075452260e-01
4.064500000000000000e+04 1.505486277762457803e-01 -1.144610507276979661e-01 -1.597832429696737222e-01
4.067500000000000000e+04 1.505486277762457803e-01 -1.144610507276979661e-01 -1.597832429696737222e-01
4.063700000000000000e+04 3.608513271863955651e-01 -3.173646282978452859e-01 -3.270627395611924726e-01
4.071000000000000000e+04 1.848026119811834178e-01 -3.081229217109893170e-01 -2.436724342993628056e-01
4.072000000000000000e+04 2.280622885565151137e-01 -1.206020543000505540e-01 -7.321040741872053559e-02
4.062400000000000000e+04 1.919705837238154800e-01 6.622223659741166557e-02 -2.824909364745025186e-01
4.065200000000000000e+04 1.779825984618241819e-01 2.035519382361172802e-02 -1.450047115452903768e-01
4.053100000000000000e+04 1.441819513951543286e-01 -5.611511220068621242e-02 -2.344379407426515627e-01
4.068900000000000000e+04 1.441819513951543286e-01 -5.611511220068621242e-02 -2.344379407426515627e-01
4.075000000000000000e+04 1.523938034676746156e-01 -5.356932385773660599e-02 -2.816883810832138124e-01
4.059300000000000000e+04 2.806636679483602848e-01 7.618518356281356319e-03 -3.019891404059436013e-01
4.055500000000000000e+04 2.806636679483602848e-01 7.618518356281356319e-03 -3.019891404059436013e-01
4.053500000000000000e+04 1.923969012425459368e-01 2.830295686945305533e-02 -1.299857459627133949e-01
4.066000000000000000e+04 3.729495632386061743e-01 1.009257556450648963e-02 -7.010829080584812800e-04
4.078700000000000000e+04 3.507862594893822461e-01 -5.159017291008183292e-02 -7.854958762990094101e-02
4.073100000000000000e+04 4.335286186475428849e-01 -3.416612605031801309e-01 -3.498304861798189336e-01
4.065000000000000000e+04 4.361088531040309135e-01 -4.705588650619603186e-01 -1.608990145321698151e-01
