# star id 	 star_x_coords [pc] 	 star_y_coords [pc] 	 star_z_coords [pc] 
4.562000000000000000e+03 -1.676290663887325394e-01 -1.961074526802377704e-01 3.314758380179352315e-01
4.248000000000000000e+03 1.717425871293798423e-02 -1.482023659917786063e-01 1.639246622758818717e-01
4.303000000000000000e+03 -4.727894090522433146e-02 -8.025667499671840233e-02 9.046714377381981365e-02
4.586000000000000000e+03 -4.727894090522433146e-02 -8.025667499671840233e-02 9.046714377381981365e-02
4.225000000000000000e+03 -7.443049097665443981e-02 -9.010042658573524932e-03 3.683395685651724705e-02
4.224000000000000000e+03 1.620872062408551528e-01 8.574335973068514249e-02 -1.308539894979254825e-02
4.472000000000000000e+03 1.555175711215568413e-01 5.210311611149620603e-02 -5.732036553256314448e-02
4.369000000000000000e+03 7.710512448239548178e-02 -3.085026695985959577e-02 -2.839209612679578498e-01
4.257000000000000000e+03 2.188520437586483069e-02 9.572241800384517774e-03 -1.640167415165549869e-01
4.439000000000000000e+03 3.611892656734863039e-01 2.791913214847596691e-01 -1.569607469052574089e-01
4.486000000000000000e+03 1.420380728078498578e-01 -1.420860800742218544e-02 2.037395596766309325e-01
4.394000000000000000e+03 1.561258107637808479e-01 -3.364239583045645077e-01 -4.061700731063844216e-01
4.412000000000000000e+03 7.350925896576754326e-02 -7.297762148823494499e-04 -3.624941830505257201e-02
4.230000000000000000e+03 4.564574733793058670e-02 8.178204132713062791e-02 -7.773576853631070094e-02
4.301000000000000000e+03 2.664409914221774756e-01 5.362652854285840931e-01 1.125971010312056819e-01
4.283000000000000000e+03 8.964144538120955019e-02 5.846675404364987116e-02 -1.657348676534375898e-02
4.286000000000000000e+03 1.179855363557820169e-01 4.692620041967643374e-02 5.638635589871299203e-02
4.388000000000000000e+03 -1.289716053264573503e-01 -3.266031767590504842e-02 -6.737481391701471978e-02
4.413000000000000000e+03 9.397894520632199544e-02 1.623607498680854633e-01 1.857255668522395098e-01
4.395000000000000000e+03 2.628681303757023358e-01 -1.703987333753076427e-01 -2.625305327705262926e-02
4.263000000000000000e+03 4.564574733793058670e-02 8.178204132713062791e-02 -7.773576853631070094e-02
4.411000000000000000e+03 7.350925896576754326e-02 -7.297762148823494499e-04 -3.624941830505257201e-02
4.287000000000000000e+03 -4.469041495581116408e-02 -5.975606027597279990e-02 -1.699695031999475248e-01
4.383000000000000000e+03 2.969342646060368907e-02 5.955597551314895099e-02 -1.622160140026025488e-01
4.537000000000000000e+03 -7.386401190006708362e-02 2.147531753607268001e-03 -1.993082614661485508e-01
4.242000000000000000e+03 -7.386401190006708362e-02 2.147531753607268001e-03 -1.993082614661485508e-01
4.430000000000000000e+03 1.123077272145529548e-01 1.013187313473764561e-01 2.422233357949998833e-02
4.291000000000000000e+03 4.047057219301564146e-02 1.241674144578723826e-01 3.791993084955080917e-02
4.333000000000000000e+03 -1.547149494012938220e-01 -5.110523625286589322e-02 -8.279107453812706297e-02
4.473000000000000000e+03 -4.469041495581116408e-02 -5.975606027597279990e-02 -1.699695031999475248e-01
4.351000000000000000e+03 -8.634331342010703736e-02 4.456342078929225181e-01 -2.268098186058509214e-01
4.508000000000000000e+03 1.799997801100943207e-01 -4.099581354851977721e-02 -1.432632596056162555e-01
4.523000000000000000e+03 9.862969490863982003e-02 -5.526081989873432576e-02 1.244853414594278007e-01
4.524000000000000000e+03 -5.951289955570615575e-02 -4.079498301688033735e-02 -2.117206764146359887e-01
4.419000000000000000e+03 1.120198310992428503e-01 3.177628143428989915e-02 5.981864322072638629e-02
4.316000000000000000e+03 3.357428001194264766e-01 -2.051121201759258383e-01 1.369094693730925627e-01
4.317000000000000000e+03 1.140194208419540445e-01 3.311241833147420266e-01 1.605851882279196730e-02
4.448000000000000000e+03 -5.951289955570615575e-02 -4.079498301688033735e-02 -2.117206764146359887e-01
4.350000000000000000e+03 -1.357438020344687857e-01 -1.630411711495867166e-01 1.639658600724835935e-02
4.306000000000000000e+03 -1.357438020344687857e-01 -1.630411711495867166e-01 1.639658600724835935e-02
4.462000000000000000e+03 -1.583091960641613838e-01 8.510116128150002623e-02 2.626598529162684770e-01
4.468000000000000000e+03 -1.118839884478344260e-01 -1.172996342246506174e-01 1.153895101680486590e-01
4.482000000000000000e+03 4.208390231217862265e-02 -1.341708397541196973e-02 2.573298734072082539e-02
4.574000000000000000e+03 4.208390231217862265e-02 -1.341708397541196973e-02 2.573298734072082539e-02
4.384000000000000000e+03 2.533446582093219490e-01 -6.549566370762391898e-01 6.865978834433938971e-02
4.471000000000000000e+03 -8.437896528640997929e-02 9.544622685113779426e-02 1.059505823601618602e-01
4.434000000000000000e+03 -1.556859680306175164e-01 2.330471160078673165e-03 8.013056789788919332e-03
4.469000000000000000e+03 -1.556859680306175164e-01 2.330471160078673165e-03 8.013056789788919332e-03
4.466000000000000000e+03 -1.909440005946265728e-01 1.897029255519981916e-01 1.221769700772057377e-02
4.507000000000000000e+03 -1.249222076018394745e-01 4.003728993784250179e-02 1.223516854867767734e-03
4.382000000000000000e+03 4.947378098461712170e-01 2.672574910644129886e-01 1.890188208728798003e-01
4.368000000000000000e+03 -9.986232739586853313e-02 2.353992442629504467e-01 -3.341209074142046376e-01
4.493000000000000000e+03 1.504659363413018980e-02 -1.198766869667053925e-01 -2.153785024424692551e-01
4.231000000000000000e+03 3.065328532615474444e-02 -1.481558465543173497e-01 3.854588790497412987e-01
4.349000000000000000e+03 -5.919607982684915726e-02 -2.204968696210585222e-02 5.963700140928018811e-02
4.548000000000000000e+03 1.678319013954130412e-01 1.458452442815740824e-01 3.619862456003968276e-01
4.247000000000000000e+03 9.423278426699255306e-02 -9.088554274796933896e-03 -1.556889642270213869e-01
4.321000000000000000e+03 2.558645783048341116e-02 -3.394424957249952968e-02 6.220100144511953033e-02
4.322000000000000000e+03 -1.575905494790657002e-01 6.371926518202997158e-02 1.647699216464353356e-01
4.343000000000000000e+03 -1.944118711596196647e-01 -1.491258039970801974e-01 -2.499992063146727617e-02
4.424000000000000000e+03 -4.987161804608675197e-03 1.594313773297812986e-01 -4.920319860516997323e-02
4.272000000000000000e+03 -2.070165300161157518e-01 -9.889374928208383153e-02 -2.431101294816429004e-02
4.253000000000000000e+03 -1.956086844411260017e-01 -1.778672595449393157e-03 2.674086280435261642e-02
4.235000000000000000e+03 -6.844048784162914956e-02 6.219216135458793815e-02 -1.733877902280660521e-01
4.300000000000000000e+03 -4.403375176916490830e-02 6.771540224718819445e-03 2.355997803632288168e-01
4.363000000000000000e+03 -1.025485974504114495e-02 1.027782600321813788e-01 -9.714481528694562940e-02
4.501000000000000000e+03 3.177646735583099513e-01 -3.912579546518202278e-02 2.969578320731613985e-01
4.334000000000000000e+03 -2.262455956239861621e-02 -5.668892058324104255e-03 -1.211641900779678593e-01
4.313000000000000000e+03 -1.142885565084732491e-01 -5.146045965871337557e-02 -2.089146907548133925e-02
4.372000000000000000e+03 5.617567707534121269e-02 7.824205278092222215e-02 2.315032868333872784e-01
4.228000000000000000e+03 -1.112949520396675496e-01 -1.801186439556090590e-01 -6.387346824739381645e-02
4.336000000000000000e+03 -9.758273847395315670e-02 -1.964627913596359576e-01 1.430600287493426492e-01
4.337000000000000000e+03 -1.357438020344687857e-01 -1.630411711495867166e-01 1.639658600724835935e-02
4.516000000000000000e+03 -2.313363715490091010e-02 -1.598785527660027128e-01 3.023394310907612237e-02
4.381000000000000000e+03 1.558013048289179636e-01 3.926529692677149797e-04 3.815787849589078462e-01
4.461000000000000000e+03 1.360222807742044182e-01 1.101198969236065750e-01 1.756681043295547084e-01
4.479000000000000000e+03 2.628681303757023358e-01 -1.703987333753076427e-01 -2.625305327705262926e-02
4.362000000000000000e+03 8.439190567682075539e-02 -1.000758150849492267e-01 -2.095226274819275147e-01
4.234000000000000000e+03 -5.951289955570615575e-02 -4.079498301688033735e-02 -2.117206764146359887e-01
4.233000000000000000e+03 3.247534486685665911e-02 9.091583185636409326e-03 6.377818925853162568e-02
4.246000000000000000e+03 3.247534486685665911e-02 9.091583185636409326e-03 6.377818925853162568e-02
4.494000000000000000e+03 -5.325984245365411596e-02 3.219025986259680394e-01 -8.313011359306443637e-02
4.519000000000000000e+03 -1.567261900941652186e-02 -2.544939792244349519e-02 -1.510384146485215240e-01
4.554000000000000000e+03 1.305211871049625216e-01 -5.105796963064790361e-02 7.033283825781744270e-02
4.245000000000000000e+03 1.005614139283572683e-01 4.430642798908479563e-03 1.708752901617529574e-01
4.491000000000000000e+03 8.439190567682075539e-02 -1.000758150849492267e-01 -2.095226274819275147e-01
4.528000000000000000e+03 6.718281285518656887e-03 1.227780882037023957e-01 4.273060849023657681e-01
4.454000000000000000e+03 -6.781116596492609006e-04 9.679923207585261480e-03 1.867974344885467985e-01
4.498000000000000000e+03 1.523303790961207937e-01 -1.010007941631840822e-02 -5.045585862141042099e-01
4.293000000000000000e+03 -2.948236589570072397e-01 -6.516039003196283375e-02 6.689352901806344676e-02
4.573000000000000000e+03 -2.948236589570072397e-01 -6.516039003196283375e-02 6.689352901806344676e-02
4.359000000000000000e+03 -1.190747141170831469e-01 5.023338041566347556e-01 3.187457316715747169e-01
4.481000000000000000e+03 -1.676290663887325394e-01 -1.961074526802377704e-01 3.314758380179352315e-01
4.256000000000000000e+03 -6.844048784162914956e-02 6.219216135458793815e-02 -1.733877902280660521e-01
4.311000000000000000e+03 -6.024667600386557353e-02 6.595599578798783114e-02 -7.098779211344741213e-02
4.285000000000000000e+03 -1.112949520396675496e-01 -1.801186439556090590e-01 -6.387346824739381645e-02
4.342000000000000000e+03 -1.257875198255629101e-01 -1.425516966547206721e-01 1.060037245841822795e-01
4.429000000000000000e+03 -1.343450593545529870e-01 -8.569240660807508903e-02 -8.611429521653768404e-02
4.326000000000000000e+03 -1.474279463122574185e-01 -1.120634193613767593e-01 -1.632506608416193217e-01
4.240000000000000000e+03 -1.474279463122574185e-01 -1.120634193613767593e-01 -1.632506608416193217e-01
4.565000000000000000e+03 -1.300455763562009537e-01 5.871675402970311097e-01 -2.480436094033038330e-01
4.320000000000000000e+03 5.069186439087225438e-02 1.504652357624536307e-01 -3.798418562255889697e-02
4.422000000000000000e+03 5.069186439087225438e-02 1.504652357624536307e-01 -3.798418562255889697e-02
4.327000000000000000e+03 1.251534942944587669e-02 -3.285465604574255849e-02 -2.383495865460716345e-03
4.446000000000000000e+03 -4.199879453760502201e-02 1.582680665059541525e-01 2.470869809552667107e-02
4.557000000000000000e+03 8.265796704497141434e-02 -5.859107533406415769e-02 2.337185528340555152e-01
4.355000000000000000e+03 -9.947262826630520749e-02 8.463073411078880781e-01 -3.304202654955492591e-01
4.376000000000000000e+03 2.529888777081268358e-03 1.199679227531191827e-01 -1.510063873015585756e-01
4.297000000000000000e+03 -3.817270027772341479e-01 -4.225544694341181184e-01 3.418912148721720001e-01
4.292000000000000000e+03 -8.451532412972717623e-02 2.556053118914576316e-01 -1.090725191831420915e-01
4.366000000000000000e+03 -6.687947488929424367e-02 3.118045030613814106e-02 -2.019316737140854912e-01
4.222000000000000000e+03 -1.427075607781222999e-01 2.299174933841214852e-01 -2.500819944181440491e-01
4.289000000000000000e+03 6.167693653753758554e-02 -5.565683151607316859e-01 -2.958367462916022816e-02
4.325000000000000000e+03 6.161497770100687887e-02 8.230859779531840559e-02 2.562938871655262574e-03
4.410000000000000000e+03 2.533446582093219490e-01 -6.549566370762391898e-01 6.865978834433938971e-02
4.453000000000000000e+03 -6.495021903930542351e-02 -4.758891570230900925e-01 2.957765784105070850e-02
4.441000000000000000e+03 7.350925896576754326e-02 -7.297762148823494499e-04 -3.624941830505257201e-02
4.290000000000000000e+03 7.001482301057571078e-02 2.729749875220193189e-01 -1.664394235121235965e-02
4.260000000000000000e+03 1.717425871293798423e-02 -1.482023659917786063e-01 1.639246622758818717e-01
4.255000000000000000e+03 -1.929845313760480963e-02 -4.794891214015706282e-02 6.778352094646677983e-02
4.480000000000000000e+03 5.443879073408552927e-02 -1.188282318633469004e-01 1.409470868663671439e-01
