# star id 	 star_x_coords [pc] 	 star_y_coords [pc] 	 star_z_coords [pc] 
1.353200000000000000e+04 3.339367656660385819e-02 1.218958487496131227e-01 6.120532003363994278e-01
1.354600000000000000e+04 1.978571149337202684e-01 1.251697854783522246e-01 5.709614642143971963e-01
1.353900000000000000e+04 1.736525721734327732e-01 6.270348112663626239e-02 1.199624975157060902e-01
1.355700000000000000e+04 1.505118002188705617e-01 -7.821420664432210401e-02 1.246235702360678488e-01
1.353100000000000000e+04 1.292234619700618481e-01 2.949731564823849794e-01 1.423482904294086637e-01
1.353700000000000000e+04 1.203548583045463971e-01 -1.157500227494026035e-01 2.614444712741814669e-01
1.358200000000000000e+04 5.273466452418595907e-02 -4.503722103189033987e-02 1.590161216336927197e-01
1.355400000000000000e+04 -1.148422161192694801e-01 2.629357581636639907e-01 5.891486434988806309e-01
1.351400000000000000e+04 1.242258873337220848e-02 2.571654788283694870e-04 1.373101700790098079e-01
1.357000000000000000e+04 1.688103713002142570e-02 5.684752116115987519e-02 2.019548591739503962e-01
1.357600000000000000e+04 -1.791544494490651118e-01 -6.292079955720453199e-02 1.797242240187042484e-01
1.350100000000000000e+04 -4.938872927255566481e-02 -8.967132655484633119e-02 1.734368698796036057e-01
1.354500000000000000e+04 -4.938872927255566481e-02 -8.967132655484633119e-02 1.734368698796036057e-01
1.354900000000000000e+04 -4.938872927255566481e-02 -8.967132655484633119e-02 1.734368698796036057e-01
1.357400000000000000e+04 -3.472406580594178394e-01 2.649397827934159011e-01 4.507659657794018671e-01
1.359000000000000000e+04 -2.163274723935710853e-01 7.798518834412604406e-02 5.135043123791369624e-01
1.354400000000000000e+04 -1.212947662590906361e-01 -1.175585808525383413e-01 1.515855398329222226e-01
1.355200000000000000e+04 -8.870384863637603701e-02 -2.289547908292135503e-01 1.419363847020829184e-01
1.358400000000000000e+04 4.462807544717506403e-02 -1.645236434851824470e-01 1.774814560981763378e-01
1.355800000000000000e+04 1.390474101428686993e-01 2.644699018739480323e-01 -2.172841924736381714e-01
1.358600000000000000e+04 1.222335990804115369e-01 1.899006990391853833e-01 -1.141658972815076112e-01
1.355300000000000000e+04 2.182816767288411341e-01 -9.931325219342568289e-02 -2.888584750208078589e-01
1.354200000000000000e+04 1.139370676811619632e-01 5.672109684860870971e-02 4.527819728528648113e-02
1.358700000000000000e+04 7.342964485567193833e-02 1.318981715331801752e-02 5.445778585237981417e-02
1.355000000000000000e+04 -4.534718021742989436e-02 1.483690878306376248e-02 -3.365795206564143882e-01
1.356500000000000000e+04 -6.811633935716798760e-02 -2.099452849795824250e-02 -2.749477365352390734e-01
1.356000000000000000e+04 -6.811633935716798760e-02 -2.099452849795824250e-02 -2.749477365352390734e-01
1.354000000000000000e+04 -2.298993749336890602e-01 -2.836142614928505168e-02 -8.056417940098903330e-02
1.357900000000000000e+04 1.296175039120583961e-02 -8.443799888342695681e-02 -3.694564875807238025e-02
1.355600000000000000e+04 -1.626655300820587513e-01 1.464212889574092458e-01 2.751158896202454684e-02
1.353400000000000000e+04 -8.033569146940600092e-02 -1.154338849876381801e-01 8.509900900337541430e-03
1.356700000000000000e+04 -8.033569146940600092e-02 -1.154338849876381801e-01 8.509900900337541430e-03
1.353800000000000000e+04 -1.907015472511996990e-01 -1.175423873965257826e-01 -2.504140865416761841e-01
1.353300000000000000e+04 -1.323516272299212204e-01 1.896819911001337289e-01 3.141428010849089958e-02
1.353600000000000000e+04 -2.213290098264657502e-01 -7.911241493077625364e-02 2.872218824849959162e-02
1.358900000000000000e+04 -1.099371362583116962e-01 -1.234768524186762306e-01 6.335235672535155516e-02
1.355900000000000000e+04 -1.099371362583116962e-01 -1.234768524186762306e-01 6.335235672535155516e-02
1.358500000000000000e+04 -3.878840587778498161e-02 2.380962184508703672e-01 6.681733671074141512e-02
1.357800000000000000e+04 1.105399733657179695e-01 -2.103857755049247658e-01 -1.751574042851142821e-01
1.355500000000000000e+04 2.203332814411940177e-01 -1.840702761550971900e-01 -6.363547798564184177e-02
1.357300000000000000e+04 2.247731610199110719e-01 -1.946178746498006262e-01 -4.189182212753905787e-02
1.352600000000000000e+04 1.301419900909763783e-01 -1.931432103513728293e-01 -3.419174034011263075e-03
1.357200000000000000e+04 7.008958657166886042e-02 -1.459025710369488138e-01 -8.616149078634727232e-02
1.357100000000000000e+04 1.075188615934870029e-01 -1.363104533163053134e-01 7.778948754624792628e-02
1.359100000000000000e+04 -1.988051487998774292e-01 -3.235001086364377443e-01 -2.434782576782268393e-01
1.354100000000000000e+04 -3.108966945335822629e-02 -2.754152127961617680e-01 -8.895800780306473143e-02
1.356100000000000000e+04 -8.902759114105762706e-02 -1.834619842727889250e-01 -5.033619906779662756e-02
1.354800000000000000e+04 3.242839494558005242e-01 1.593752010058189228e-01 -5.316160555228748308e-01
1.356600000000000000e+04 3.090237117231247055e-01 4.400288904046618654e-01 -5.896185325022322843e-01
1.353500000000000000e+04 7.953755840565257529e-02 4.340072408448314434e-01 -5.889908013491549355e-01
1.358100000000000000e+04 1.847110023951668012e-01 5.432742335653664156e-01 -4.415167621674580545e-01
1.355100000000000000e+04 -2.617214494630193400e-01 -1.903778768249466680e-01 -6.939918033006513554e-01
