# star id 	 star_x_coords [pc] 	 star_y_coords [pc] 	 star_z_coords [pc] 
4.104000000000000000e+03 9.505633390418211093e-03 -2.349846586137971371e-01 -2.794110661721234123e-01
4.087000000000000000e+03 9.505633390418211093e-03 -2.349846586137971371e-01 -2.794110661721234123e-01
4.088000000000000000e+03 -1.090332818482018240e-01 2.144783538419012814e-01 -1.784782742258457233e-01
4.100000000000000000e+03 1.707962036109229587e-01 2.406787208676561818e-01 -1.224632899363271576e-01
4.116000000000000000e+03 -1.312798289640149108e-01 2.105467617310239348e-01 -1.075882781379231545e-01
4.098000000000000000e+03 -8.979407299021602284e-02 -1.141699033023080290e-01 -1.411901077175414798e-02
4.094000000000000000e+03 -8.979407299021602284e-02 -1.141699033023080290e-01 -1.411901077175414798e-02
4.107000000000000000e+03 1.082047907367638118e-01 -2.277425405143418402e-02 -1.354506592888959915e-02
4.097000000000000000e+03 1.082047907367638118e-01 -2.277425405143418402e-02 -1.354506592888959915e-02
4.124000000000000000e+03 -6.082594192598378413e-02 -9.136102619014252468e-02 2.735682185588039772e-02
4.101000000000000000e+03 -6.395789580199817692e-02 -2.028157470963876108e-02 1.613937957119837563e-02
4.105000000000000000e+03 -1.230577853483438844e-02 1.381969847553747854e-01 3.750693661123705169e-02
4.123000000000000000e+03 -1.230577853483438844e-02 1.381969847553747854e-01 3.750693661123705169e-02
4.113000000000000000e+03 3.642647422404579061e-01 7.489338267485123879e-02 4.146607965738269286e-02
4.121000000000000000e+03 -1.678794208810074906e-01 1.733587507285250240e-02 1.736123228903352356e-01
4.142000000000000000e+03 -1.176555960310921023e-02 -1.995482253845430876e-01 1.781242931063822255e-01
4.112000000000000000e+03 -1.176555960310921023e-02 -1.995482253845430876e-01 1.781242931063822255e-01
4.091000000000000000e+03 6.022694455580790418e-03 2.331938766272436681e-01 2.786597950281297642e-01
