# star id 	 star_x_coords [pc] 	 star_y_coords [pc] 	 star_z_coords [pc] 
9.390000000000000000e+02 -1.609273307290440158e+00 1.009499215547396744e+00 -4.372514337336248502e-01
1.390000000000000000e+04 -8.842121298357277226e-01 1.019649425399116183e-01 -8.638039609901184690e-01
6.690000000000000000e+02 -1.918993490117486544e-01 -1.804453010146438885e+00 -1.183848472389115614e+00
6.680000000000000000e+02 -5.653562494865838062e-02 -1.613477984318691938e+00 -6.007690356971622236e-01
7.110000000000000000e+02 -5.653562494865838062e-02 -1.613477984318691938e+00 -6.007690356971622236e-01
6.830000000000000000e+02 1.214051827726329691e+00 -5.544176084473306787e-02 -6.698612308498432810e-01
1.410200000000000000e+04 -1.823641410326519718e+00 -1.191000980812169985e+00 -7.390986443178242382e-01
1.409000000000000000e+04 -7.124880589039150891e-01 -1.370407458873824424e+00 -5.867593809381297376e-01
8.820000000000000000e+02 -7.124880589039150891e-01 -1.370407458873824424e+00 -5.867593809381297376e-01
6.820000000000000000e+02 2.055000240563007452e+00 2.237345159864187139e+00 1.713989617996784176e+00
7.270000000000000000e+02 6.298304645871191099e-01 1.202022760499534826e+00 2.115621478096976205e-01
7.230000000000000000e+02 9.929492128918333549e-01 1.672255297852778710e+00 1.434898937939372843e+00
1.407000000000000000e+04 8.048296935992205192e-01 7.231219967728179654e-01 1.604343339064563168e+00
1.252200000000000000e+04 -8.969141813265935070e-01 1.260715424307882415e+00 8.962602975145337325e-01
7.210000000000000000e+02 -3.119142321184433797e-01 3.449774907423233117e-01 1.475448706612713323e+00
1.388200000000000000e+04 4.021285105654683889e-01 -2.023364742631770241e-01 -2.293944150754185785e-01
6.150000000000000000e+02 -2.301718834908541567e-01 -6.298609969187261015e-01 -1.399401567602041041e-01
7.260000000000000000e+02 -8.063010802077670292e-01 -1.295301830223639428e+00 -1.239492665353161271e-01
6.700000000000000000e+02 -5.774728472145795877e-01 -8.138762222745796748e-01 -6.683362047717267274e-02
7.020000000000000000e+02 -4.675285368368484740e-01 -4.389523259097636299e-01 -3.577298489254943092e-02
7.250000000000000000e+02 -9.839540933756403263e-01 -1.424464974006376394e+00 3.672790800041845216e-01
6.730000000000000000e+02 1.777312512458017579e+00 2.567885211611333318e+00 1.303032778800339742e+00
6.920000000000000000e+02 1.772746699615453281e+00 2.692821654036034573e+00 1.539031417037222127e+00
7.330000000000000000e+02 -9.219181304308641245e-01 2.942129969756628327e-01 -1.996524877844496615e+00
7.480000000000000000e+02 1.915954979844720185e+00 -6.334194035861244743e-01 -1.666911007723182792e+00
