# star id 	 star_x_coords [pc] 	 star_y_coords [pc] 	 star_z_coords [pc] 
2.882600000000000000e+04 3.996303789262007911e-01 -1.282943641811360891e+00 -1.223755115969518137e-01
2.882500000000000000e+04 -2.688505270969976380e-01 -3.474517724232031313e-01 3.508580512553942654e-01
3.886600000000000000e+04 -9.685910797668668692e-01 8.942598307104621114e-02 1.172047655082383733e+00
3.452800000000000000e+04 -9.685910797668668692e-01 8.942598307104621114e-02 1.172047655082383733e+00
3.466700000000000000e+04 -1.139579500260978762e-01 -5.399310848891598624e-01 -1.196111659190686183e+00
5.400000000000000000e+04 1.230369583173487769e+00 -5.711417289890201587e-01 -1.146349269502182189e+00
2.234800000000000000e+04 1.230369583173487769e+00 -5.711417289890201587e-01 -1.146349269502182189e+00
9.244000000000000000e+03 1.230369583173487769e+00 -5.711417289890201587e-01 -1.146349269502182189e+00
9.246000000000000000e+03 -1.304518874317501798e-01 1.277292802349304424e+00 3.043398391954483806e-01
3.466800000000000000e+04 -8.201483062752501496e-01 1.213803459920844929e+00 8.791208897105080577e-01
9.245000000000000000e+03 -8.201483062752501496e-01 1.213803459920844929e+00 8.791208897105080577e-01
