# star id 	 star_x_coords [pc] 	 star_y_coords [pc] 	 star_z_coords [pc] 
4.026500000000000000e+04 -2.063553890505689381e+00 1.211738170068684894e+00 7.866063905368356757e-01
4.019900000000000000e+04 -1.366012511240066729e+00 1.909199711393995358e+00 3.076588262019122055e-01
4.019000000000000000e+04 -1.767796418228297028e+00 2.812980771009861769e+00 8.515432124557520410e-03
4.028100000000000000e+04 1.284133269177223369e+00 4.798103632827519505e-01 2.092990511652562446e+00
4.025700000000000000e+04 -1.261617386736210378e+00 2.737667558128165979e+00 -6.830685233567290737e-01
4.017200000000000000e+04 -1.363768252085089117e+00 -6.926769818203979412e-01 2.033791403580959667e+00
4.017500000000000000e+04 1.128135063243323799e+00 -1.561347341037119918e+00 -2.255128241568385761e+00
4.029400000000000000e+04 -7.605812307638775138e-01 -1.943265593561335436e+00 -6.321610127953043445e-01
4.020900000000000000e+04 -3.637467319577769587e-01 -5.173263159451977344e-01 -2.619017495735782575e-01
4.017800000000000000e+04 -1.169458954782935933e-01 1.243490573722283443e-02 -1.827672260038646357e-01
4.020600000000000000e+04 -2.624022172918127893e-01 -1.347777245190542317e-01 -1.732889207714123359e-01
4.030200000000000000e+04 1.410323764064571606e-01 -3.403501117984575330e-01 -3.343867270425953109e-01
4.026900000000000000e+04 9.510111435390555812e-02 -2.617732205902569831e-01 -2.615386887699990837e-01
4.026000000000000000e+04 3.527396940556624116e-01 -4.574488477918521312e-01 -2.143874300328185711e-01
4.018500000000000000e+04 1.775134635560622343e-01 -4.325581810606280442e-01 -1.950780173183694899e-01
4.018400000000000000e+04 5.869268743691335999e-02 4.211216025041153443e-02 -1.564353067164923061e-01
4.023000000000000000e+04 5.869268743691335999e-02 4.211216025041153443e-02 -1.564353067164923061e-01
4.017400000000000000e+04 1.066330038866425411e-02 -1.381329001505804399e-01 -8.744051304007172121e-02
4.024100000000000000e+04 -5.870055089098347167e-01 4.491169719384089376e-01 -1.264353649028997495e-01
4.023200000000000000e+04 -1.285504422538714664e-01 1.833467308127723072e-01 -5.882917099673079520e-02
4.011500000000000000e+04 -1.988464556543423356e-01 1.275203743847015403e-01 -6.139825202079052247e-02
4.028600000000000000e+04 -2.133550569281421616e-01 -3.547879870168628713e-01 9.427688663947719760e-04
4.025500000000000000e+04 -9.406246643264104534e-02 -5.722517419087580492e-03 4.010076170058241019e-02
4.013900000000000000e+04 -2.962804333385484767e-01 -9.605380521112749648e-02 1.351814510154198956e-01
4.021300000000000000e+04 -3.962863350144409935e-01 -3.289290243646973977e-01 7.793452590244598355e-02
4.027900000000000000e+04 -2.842073688603505843e-01 -3.086073568074709783e-02 1.473596556804430691e-01
4.017900000000000000e+04 -2.960730582275346023e-01 -5.047411329009321435e-02 1.931236997464900185e-01
4.019500000000000000e+04 -4.683376262336782503e-01 2.204463165512038358e-02 2.975860755675228120e-01
4.031500000000000000e+04 -5.279415578457822278e-01 -1.263314953698539966e-01 8.319585537472917736e-02
4.010600000000000000e+04 -5.279415578457822278e-01 -1.263314953698539966e-01 8.319585537472917736e-02
4.024500000000000000e+04 -5.444906295366163107e-01 -2.463194668168995349e-01 2.129799236838856302e-01
4.022400000000000000e+04 -5.512163533325882270e-01 -3.623510433377816753e-01 6.728060366379295942e-02
4.017700000000000000e+04 -4.702961169750512482e-01 -1.525015060795311683e-01 4.334731778255793699e-01
4.027400000000000000e+04 -4.702961169750512482e-01 -1.525015060795311683e-01 4.334731778255793699e-01
4.018300000000000000e+04 1.022348321202510846e-01 -2.643773902407815513e-01 7.945871654015590480e-02
4.028000000000000000e+04 1.875241082753245081e-01 -6.890426976798380565e-02 2.020210872406060787e-01
4.009900000000000000e+04 2.153197603465066834e-01 -1.581110370671439114e-01 3.606477611847864750e-01
4.025800000000000000e+04 1.089858617460883750e-01 -1.872629305123325594e-01 4.042623877606104088e-01
4.020500000000000000e+04 -1.557049323973558330e-02 -3.668370258722575272e-02 1.741684713486471026e-01
4.016200000000000000e+04 -2.433142572570012874e-01 3.286196329768529267e-01 1.110605807541737988e-01
4.022500000000000000e+04 -4.211363663829512660e-01 2.393889857419111422e-01 2.737303325730877646e-01
4.019700000000000000e+04 -4.794164053698608541e-01 1.020874682223791297e-01 3.249414207529426335e-01
4.023700000000000000e+04 -5.583106816363283542e-01 4.403115263592525253e-01 1.525142687843583644e-02
4.032200000000000000e+04 -3.163053397886450568e-02 1.697568019753816770e-01 2.572993126736662362e-01
4.017600000000000000e+04 1.583145280014104372e-01 5.951613211144746174e-01 1.700574935720169378e-01
4.020000000000000000e+04 -6.838580594699976700e-01 5.206412995092790652e-01 -8.718684750294514174e-02
4.019100000000000000e+04 -7.620223149030032062e-01 1.202703419204027568e-01 2.477901171122063317e-01
4.022300000000000000e+04 -1.428831306426628700e+00 7.780051920143193911e-02 2.985499827226512082e-01
4.013400000000000000e+04 -8.490757442612437700e-01 -2.262726766698932579e-01 -4.758267771913438082e-02
4.024300000000000000e+04 -1.054450304655212278e+00 -1.695879391717909357e-01 3.299852221309187428e-01
4.019600000000000000e+04 -1.172967104026868768e+00 -2.520502842503020702e-01 5.257667105978036659e-01
4.029500000000000000e+04 7.248625688667456046e-01 6.535483301455258243e-02 -4.914227927113046235e-03
4.027800000000000000e+04 1.032234903531561443e+00 -2.444200502085180915e-01 2.263972192795762339e-01
4.029000000000000000e+04 5.390416812811231750e-01 -2.006289824020655033e-01 -2.817708914553236355e-01
4.026200000000000000e+04 4.587015197498569563e-01 2.421453580775363434e-01 1.043000698836600293e-01
4.019200000000000000e+04 -7.008048288565582595e-02 8.080106649799603247e-01 -3.323110880630260056e-01
4.031800000000000000e+04 -4.900509596503450638e-01 9.589905989111002782e-01 3.675078316019622093e-01
4.013100000000000000e+04 1.174531637562139963e+00 9.607124747544446564e-01 1.918827633951991629e-01
4.010100000000000000e+04 1.377439054947924291e-01 -7.917110710670272056e-02 1.235564575093619055e+00
4.010200000000000000e+04 3.071269513266354778e-01 3.688237932449993650e-01 1.074714212301355332e+00
4.024200000000000000e+04 -1.218823757336222613e+00 4.186283817636820004e-01 1.394115123438787407e+00
4.021700000000000000e+04 6.587611670439059708e-01 5.211605440898239294e-01 1.292743718554948629e+00
4.018900000000000000e+04 2.838301180169668925e-01 -9.243631315543439086e-01 6.902748602405104350e-01
4.023800000000000000e+04 -1.401095943792322274e+00 -6.146024099705869048e-01 6.780873796838164935e-01
4.028400000000000000e+04 4.890494963156033492e-01 -6.333879131457820222e-01 1.170371502667677532e-02
4.025300000000000000e+04 7.850806892628359179e-01 -1.113301710499797537e+00 4.162460564254644169e-01
4.030100000000000000e+04 1.156966005654640028e+00 -8.593418440843407780e-01 6.129307044942358118e-01
4.023900000000000000e+04 -1.104387434618148589e+00 5.812256428695690147e-01 -8.944368525359855937e-01
4.026600000000000000e+04 -5.199579534570855088e-01 4.118914437641905124e-01 -7.157675790242858938e-01
4.019800000000000000e+04 -7.177534154637150721e-01 -4.889593007010262227e-01 -6.625502168019536953e-01
4.016400000000000000e+04 1.560145410620213724e+00 -2.132307161989501765e-01 -9.915514183691147565e-01
4.020300000000000000e+04 1.457725641714381126e+00 -3.316634316468451971e-01 -9.396836198269831186e-01
4.010900000000000000e+04 -7.835786392717061233e-01 -1.038801987143216365e+00 -1.060622380644641538e+00
4.031400000000000000e+04 2.306640780584512385e-01 -6.711787409287239825e-01 -3.566287934511649382e-01
4.023300000000000000e+04 5.019358027927633970e-01 9.677541136119458542e-01 -7.342149473916155245e-01
4.025600000000000000e+04 1.205702571391254807e+00 9.493546437639253099e-01 -7.818740027617323562e-01
4.027100000000000000e+04 5.513618066476784207e-01 -8.472716895546881233e-01 -8.896603457948479843e-01
4.018600000000000000e+04 1.029150526493110007e+00 -1.186005682200871547e+00 -1.279722446134451630e+00
4.022800000000000000e+04 1.533189816618273582e+00 -6.695056627476247968e-01 -1.186617165616468128e+00
4.024400000000000000e+04 6.129351970567089580e-01 -7.416622923400097989e-01 -6.495624033701119515e-01
4.031100000000000000e+04 8.517051508218322908e-01 -6.335766441335124455e-01 -5.412260243827802242e-01
4.020700000000000000e+04 2.061046075782996922e+00 3.557301868838180781e-03 -1.048670449355485701e+00
4.020200000000000000e+04 2.174999313965953363e+00 -1.411748903994833881e-01 -8.337551859094656237e-01
4.026400000000000000e+04 1.744660114727560440e+00 5.425664684696016593e-01 -1.073712511417515003e+00
4.025400000000000000e+04 1.964932535831968252e+00 1.124150711540522707e+00 1.362946041370051375e+00
