# star id 	 star_x_coords [pc] 	 star_y_coords [pc] 	 star_z_coords [pc] 
8.674000000000000000e+03 1.735059397701476769e+00 -6.463671832294091146e-01 7.109844721135729628e-01
8.715000000000000000e+03 -4.512547994949045460e-02 2.840708830862936907e-01 7.703260695321390017e-02
8.659000000000000000e+03 3.257022785805929743e-02 -1.225361709170327273e-01 5.273667973347784255e-02
8.716000000000000000e+03 1.634048813306776538e-01 4.924017926656976130e-02 -4.361266464433910528e-01
8.682000000000000000e+03 1.716691258809674991e-01 3.018378026554167093e-01 -2.153390777127626166e-01
8.680000000000000000e+03 5.262315742440648592e-02 4.055048276534991558e-01 1.344026869296861548e-01
6.141000000000000000e+03 2.462517920138509453e-01 3.877414478908018935e-01 1.180596620832581323e-01
8.681000000000000000e+03 5.049893287342541726e-01 3.986019666765567848e-01 2.945391448318446237e-01
8.607000000000000000e+03 -4.794320242902472273e-01 -6.205209282612456079e-01 3.292537486171731587e-01
8.741000000000000000e+03 -4.794320242902472273e-01 -6.205209282612456079e-01 3.292537486171731587e-01
8.686000000000000000e+03 -7.653331897363671033e-01 -8.770985369007284760e-01 8.742038394471123297e-01
8.610000000000000000e+03 -3.281240115102264099e-01 -8.845926759861599820e-01 8.318603514999516335e-01
8.724000000000000000e+03 -6.964795751493113585e-02 5.589253632736657096e-01 3.755558971132124668e-01
8.808000000000000000e+03 5.039058196049950311e-02 2.258005167175856087e-01 -2.456390583332073163e-01
8.740000000000000000e+03 -7.191114581497828340e-01 4.048081445281077606e-01 1.832721362977522972e-01
8.699000000000000000e+03 2.568400987284462644e-01 1.052492180287281087e-01 -2.900310920072897147e-01
8.622000000000000000e+03 1.838151500488152124e-01 1.593640209198232682e-01 -6.168426292855855309e-03
8.654000000000000000e+03 -9.235477545174433089e-01 4.276896906138176746e-01 2.484544235790124844e-01
8.786000000000000000e+03 2.186132016601192163e-01 6.551259914791902617e-01 4.558378640608076182e-01
8.662000000000000000e+03 6.721133683976177053e-02 -2.138982025819027299e-01 -4.892967716641152265e-01
8.754000000000000000e+03 1.322360227510586128e-01 -2.780078973431141520e-01 -2.032932654784893600e-01
8.666000000000000000e+03 -2.782819715463062948e-01 4.277232335952732001e-01 5.786357716524186401e-01
8.637000000000000000e+03 1.623343331206257290e-01 -1.296976967198730790e-01 -3.025344397402704999e-01
8.629000000000000000e+03 2.719949898042841596e-01 2.626839368456845847e-02 -6.461662821585179017e-02
8.677000000000000000e+03 1.359234797112947035e-01 -2.361688469353229181e-02 -3.310153960105282067e-01
8.750000000000000000e+03 -1.167670993497580412e-01 1.151000456565149932e-01 1.361351617138950587e-01
8.665000000000000000e+03 2.482461607915240620e-01 1.001945147334897257e-01 -3.597313590227102509e-02
8.634000000000000000e+03 -1.167670993497580412e-01 1.151000456565149932e-01 1.361351617138950587e-01
8.797000000000000000e+03 1.120668278393424089e-01 6.526043775426515481e-02 9.295545144472328047e-02
8.742000000000000000e+03 1.838151500488152124e-01 1.593640209198232682e-01 -6.168426292855855309e-03
8.620000000000000000e+03 7.270713665781158852e-02 2.030506861589982393e-01 -6.148943770656956076e-02
6.142000000000000000e+03 2.028026906305058219e-02 -9.316973769098346736e-03 -4.419611916536609897e-01
8.602000000000000000e+03 2.514762321533225986e-02 -6.777657170852968704e-02 -2.353445869986039440e-01
6.531000000000000000e+03 6.189163781105833095e-02 1.230029165780868183e-01 3.271802271239465654e-02
8.618000000000000000e+03 2.290180031142483585e-01 3.119494887752871648e-02 2.464132123200641900e-01
8.673000000000000000e+03 -2.260937760491970039e-01 1.338810963864585091e-01 -2.867537849933690097e-01
8.660000000000000000e+03 5.417722888572455986e-01 -3.467703475771433119e-01 1.591255962922950573e-01
8.650000000000000000e+03 2.921825228000756169e-01 -8.578087236659648340e-03 2.863569693741290223e-01
8.688000000000000000e+03 -2.260937760491970039e-01 1.338810963864585091e-01 -2.867537849933690097e-01
8.653000000000000000e+03 -7.424976231246773750e-01 2.891849104745789489e-01 2.528913391841598468e-01
8.746000000000000000e+03 -6.911677996490936948e-01 -7.955778173608285542e-01 -4.627814197236510552e-01
6.492000000000000000e+03 -3.364326525341851948e-01 -8.160979762179101371e-01 -5.997351321236621402e-02
8.617000000000000000e+03 4.305437984485394054e-01 -5.648500997502301502e-01 -1.657098065028783651e-01
8.711000000000000000e+03 5.930619491839195234e-02 2.667222343728044009e-01 -2.437334357429961074e-01
8.712000000000000000e+03 -5.627230030741827704e-01 4.586248708342921532e-01 -5.731391075982728012e-02
8.664000000000000000e+03 -5.208577313534306086e-01 5.931550685421562719e-01 -1.041483466100867616e+00
8.697000000000000000e+03 7.988998707538996769e-01 5.584914191013190532e-01 -5.746761919399574481e-01
8.645000000000000000e+03 5.716264237302937090e-02 9.992802432394842782e-02 -3.341346373009912440e-02
8.698000000000000000e+03 5.876988512260084008e-02 2.538287917682957584e-01 -3.983703190914766878e-02
8.700000000000000000e+03 -2.140409038904493855e-01 -7.661075599306155226e-02 -1.793175546989864699e-01
8.743000000000000000e+03 -2.189111027400088005e-01 -4.683895687593420121e-02 -1.313154073994518001e-01
6.481000000000000000e+03 3.257022785805929743e-02 -1.225361709170327273e-01 5.273667973347784255e-02
8.736000000000000000e+03 -2.279054331174421577e-01 1.722419709578719704e-01 -6.618830746410608867e-02
8.745000000000000000e+03 1.289031700577481843e+00 -8.938725884846050462e-01 9.339427040495351662e-02
8.638000000000000000e+03 -2.618598240278799949e-01 -1.337273087492947710e+00 -3.228739191661347263e-01
6.149000000000000000e+03 1.080483598153918479e+00 1.001981262363926817e-02 -8.854565976713004716e-01
8.643000000000000000e+03 1.716691258809674991e-01 3.018378026554167093e-01 -2.153390777127626166e-01
8.690000000000000000e+03 6.189163781105833095e-02 1.230029165780868183e-01 3.271802271239465654e-02
8.687000000000000000e+03 7.270713665781158852e-02 2.030506861589982393e-01 -6.148943770656956076e-02
8.723000000000000000e+03 2.378876212849405647e-01 -1.533810257780086062e-01 6.060129175999051654e-02
8.731000000000000000e+03 2.378876212849405647e-01 -1.533810257780086062e-01 6.060129175999051654e-02
8.605000000000000000e+03 1.254573815476504706e+00 1.074681825830279713e+00 -1.252038565756347310e+00
8.705000000000000000e+03 -1.733142969522432963e+00 -2.965166400210526021e-01 1.247290351551853860e+00
8.706000000000000000e+03 -1.733142969522432963e+00 -2.965166400210526021e-01 1.247290351551853860e+00
