# star id 	 star_x_coords [pc] 	 star_y_coords [pc] 	 star_z_coords [pc] 
3.269500000000000000e+04 -1.628185983129295522e-01 5.397839279837199911e-01 -4.744258296223335947e-02
3.558500000000000000e+04 -8.821832597705459023e-02 2.540024877219719812e-01 9.945383040900424021e-03
3.419600000000000000e+04 -1.515404902039718671e-01 2.473170597163498741e-01 2.582909486818607547e-02
3.519900000000000000e+04 -1.028367025193999140e-01 -1.860827004093046355e-02 7.943234972621837642e-02
3.477900000000000000e+04 1.748557060110123018e-03 9.899585408549782528e-02 1.405892661286287648e-01
3.561800000000000000e+04 1.748557060110123018e-03 9.899585408549782528e-02 1.405892661286287648e-01
3.781800000000000000e+04 6.930599613196442021e-02 -7.083051375030979813e-02 7.140836580455811600e-02
3.782800000000000000e+04 1.727528688847970173e-01 -3.926171107357827594e-01 -2.322074670598368584e-01
3.798500000000000000e+04 2.177416544117996011e-01 -3.867512014597691561e-01 -9.200415447930510027e-02
3.269400000000000000e+04 4.443057510904591112e-02 -3.540291108030437783e-01 -8.094120094589385417e-02
