# star id 	 star_x_coords [pc] 	 star_y_coords [pc] 	 star_z_coords [pc] 
5.599000000000000000e+03 6.424015837211385360e-01 -4.175931568378956626e-01 -5.072771619344678129e-01
7.164000000000000000e+03 1.549830909201546092e-01 -1.196566367385401009e-01 4.565659022128372158e-01
5.523000000000000000e+03 -3.392218682264314111e-02 4.259365829284575966e-01 7.016314159144769746e-01
5.619000000000000000e+03 -5.911973880888368171e-01 -8.854923670445202788e-02 3.752720257111832325e-01
5.476000000000000000e+03 5.299006376647241723e-02 -7.111947298533891626e-01 -6.762696788041040463e-01
5.436000000000000000e+03 5.299006376647241723e-02 -7.111947298533891626e-01 -6.762696788041040463e-01
5.636000000000000000e+03 -2.638924884774525026e-01 9.996897617377697998e-01 -2.292780787230483952e-01
5.435000000000000000e+03 5.299006376647241723e-02 -7.111947298533891626e-01 -6.762696788041040463e-01
7.175000000000000000e+03 -6.611438477144133685e-01 -8.172475871673157144e-02 -1.841027050767110040e-01
5.598000000000000000e+03 -6.611438477144133685e-01 -8.172475871673157144e-02 -1.841027050767110040e-01
5.058000000000000000e+03 -4.458221704571059263e-01 7.565760496605378194e-02 1.307940101974480740e-01
7.201000000000000000e+03 -4.458221704571059263e-01 7.565760496605378194e-02 1.307940101974480740e-01
5.637000000000000000e+03 -2.322401572101284728e-03 7.508376344478051578e-02 -1.757153986942512347e-01
5.635000000000000000e+03 -3.160494026746576424e-01 -3.434320261393111196e-01 3.930704426152900055e-01
5.464000000000000000e+03 2.967379779237475645e-01 -2.245357478549436792e-01 3.991947756494056421e-01
4.885000000000000000e+03 -2.955664345397934767e-02 -2.392445774545421955e-01 2.442505958258536225e-01
5.465000000000000000e+03 6.424015837211385360e-01 -4.175931568378956626e-01 -5.072771619344678129e-01
7.294000000000000000e+03 -2.638924884774525026e-01 9.996897617377697998e-01 -2.292780787230483952e-01
7.210000000000000000e+03 -2.638924884774525026e-01 9.996897617377697998e-01 -2.292780787230483952e-01
5.438000000000000000e+03 5.541194760582257572e-01 7.760709372814744711e-01 -5.238489057911621671e-01
5.482000000000000000e+03 2.610321692551238471e-01 2.627240705705276014e-01 6.933511771568063864e-01
5.620000000000000000e+03 7.398022630698619651e-02 -1.339495739525204954e-01 2.512259294613912175e-01
5.625000000000000000e+03 1.595652350400783348e+00 -9.449053666362630111e-01 1.691988132433408509e-02
4.886000000000000000e+03 -2.638924884774525026e-01 9.996897617377697998e-01 -2.292780787230483952e-01
5.481000000000000000e+03 -6.393266546069753531e-02 8.310771525213453970e-01 5.114447560334411946e-02
5.483000000000000000e+03 -6.393266546069753531e-02 8.310771525213453970e-01 5.114447560334411946e-02
5.652000000000000000e+03 -4.961576691926836702e-01 -1.881395459244856738e-01 2.799262952342900235e-01
5.484000000000000000e+03 -4.961576691926836702e-01 -1.881395459244856738e-01 2.799262952342900235e-01
5.613000000000000000e+03 -4.961576691926836702e-01 -1.881395459244856738e-01 2.799262952342900235e-01
5.614000000000000000e+03 -6.393266546069753531e-02 8.310771525213453970e-01 5.114447560334411946e-02
5.439000000000000000e+03 -2.784540507927033559e-01 -4.624650965924956836e-01 -1.113002646948473284e-01
5.437000000000000000e+03 -7.661562540221211748e-03 1.374019170300087467e+00 -3.375756728278886953e-01
7.293000000000000000e+03 -4.458221704571059263e-01 7.565760496605378194e-02 1.307940101974480740e-01
7.202000000000000000e+03 -4.458221704571059263e-01 7.565760496605378194e-02 1.307940101974480740e-01
5.618000000000000000e+03 -4.458221704571059263e-01 7.565760496605378194e-02 1.307940101974480740e-01
7.209000000000000000e+03 1.595652350400783348e+00 -9.449053666362630111e-01 1.691988132433408509e-02
5.463000000000000000e+03 -3.392218682264314111e-02 4.259365829284575966e-01 7.016314159144769746e-01
5.651000000000000000e+03 5.299006376647241723e-02 -7.111947298533891626e-01 -6.762696788041040463e-01
5.459000000000000000e+03 1.464182136866369888e+00 -9.135744864731805137e-01 -1.237782964344731340e+00
7.180000000000000000e+03 -3.160494026746576424e-01 -3.434320261393111196e-01 3.930704426152900055e-01
5.576000000000000000e+03 1.549830909201546092e-01 -1.196566367385401009e-01 4.565659022128372158e-01
5.460000000000000000e+03 1.549830909201546092e-01 -1.196566367385401009e-01 4.565659022128372158e-01
7.176000000000000000e+03 -5.911973880888368171e-01 -8.854923670445202788e-02 3.752720257111832325e-01
5.653000000000000000e+03 6.424015837211385360e-01 -4.175931568378956626e-01 -5.072771619344678129e-01
7.165000000000000000e+03 -2.322401572101284728e-03 7.508376344478051578e-02 -1.757153986942512347e-01
7.163000000000000000e+03 -2.955664345397934767e-02 -2.392445774545421955e-01 2.442505958258536225e-01
5.654000000000000000e+03 7.398022630698619651e-02 -1.339495739525204954e-01 2.512259294613912175e-01
