# star id 	 star_x_coords [pc] 	 star_y_coords [pc] 	 star_z_coords [pc] 
7.991000000000000000e+03 2.759151258047154442e-01 1.144998688688126265e+00 1.664526957867018098e+00
9.902000000000000000e+03 6.990877734000946475e-01 2.737653791247998569e+00 2.036833800561135277e+00
2.334300000000000000e+04 1.624345336393155037e+00 3.101820615838690287e+00 8.669122310454380198e-01
7.980000000000000000e+03 -5.362033963185837138e-01 1.800220395918403327e+00 1.289457404232480897e+00
7.868000000000000000e+03 -1.608774175588198574e+00 2.145419550750416349e+00 -2.075346779940869801e+00
8.235000000000000000e+03 6.930914424590355338e-01 2.353932341717754895e+00 3.151124907512503626e-01
8.234000000000000000e+03 6.930914424590355338e-01 2.353932341717754895e+00 3.151124907512503626e-01
7.842000000000000000e+03 6.505085022084244883e-03 2.211283294819304857e+00 -5.118880987109850622e-01
7.771000000000000000e+03 -7.741248877963755604e-01 4.391372548817411570e-01 -3.174480681384414638e+00
8.094000000000000000e+03 -3.447832629479599120e-01 1.088227510762495243e+00 -2.292934424489919465e+00
7.796000000000000000e+03 -4.860554201861404522e-01 1.896125890000046610e+00 -2.447137357464149510e+00
7.776000000000000000e+03 -1.818331221686399601e+00 2.227332773678602607e+00 5.848159469976632607e-01
4.973300000000000000e+04 -2.268347642563067978e+00 1.555954116633072815e+00 2.993410236004976355e-01
7.943000000000000000e+03 -1.679322676008588644e+00 9.253184180569231643e-01 1.698330882631466920e-01
7.795000000000000000e+03 -2.563883026269770937e+00 2.072735042696550067e+00 2.448955164195893985e-01
7.935000000000000000e+03 -1.337396401955288638e-01 6.948464238102207702e-01 5.338522133444403295e-01
7.774000000000000000e+03 -3.142823694260066247e-01 3.228027442736554065e-01 5.498806301441732103e-01
7.818000000000000000e+03 4.100463424684157587e-01 4.466394962349742315e-01 6.117689546760356478e-01
4.774300000000000000e+04 6.753974466586747383e-01 1.479925834369694826e+00 1.464497746514282994e+00
8.108000000000000000e+03 -9.500606738855701394e-01 7.916946614464084320e-01 7.420478756115755914e-02
8.298000000000000000e+03 7.469899643857260685e-01 7.654322179322488040e-01 -1.488193143172722444e-02
6.798000000000000000e+03 7.197140507618975391e-01 1.021291463487642659e+00 1.576423578991903440e-01
7.872000000000000000e+03 7.167342203292292879e-03 1.382602226080090091e+00 -1.242739905278178014e+00
7.834000000000000000e+03 6.905523472669656826e-01 7.511997240984058521e-01 -1.967252122155146665e+00
8.056000000000000000e+03 -1.005514325151022348e+00 1.021020388599323425e+00 -1.694038044249602137e+00
8.057000000000000000e+03 1.261811463909388920e+00 3.391194264966870264e+00 4.222138702329544913e+00
8.063000000000000000e+03 1.170328753548265155e+00 3.147104926884889409e+00 3.018765505833631124e+00
7.801000000000000000e+03 -2.141030362699382295e+00 -1.346990869687246573e+00 -2.314572069775397090e+00
8.291000000000000000e+03 5.432622286114643373e-01 -2.212625134284898820e+00 -1.234096902208337454e+00
7.785000000000000000e+03 -2.278916431574458556e+00 -8.650742041729806431e-01 -1.286355599583460574e+00
7.784000000000000000e+03 -2.436837849335887540e+00 -1.419857018361858181e+00 -3.642456007764316439e-01
8.003000000000000000e+03 -1.780347744695990997e+00 -2.278315525878232606e+00 -5.808335102660393545e-01
8.165000000000000000e+03 2.710846658505492002e+00 -1.411009118500755832e+00 1.112986688551874437e+00
7.884000000000000000e+03 2.712278840605112151e+00 -7.624934203009221534e-01 1.287692842013500538e+00
8.177000000000000000e+03 -7.316771984474854662e-01 -1.457015843881158901e+00 2.524105655869101739e+00
8.160000000000000000e+03 -4.421694904051314268e-01 -1.129274802039063275e+00 1.829636425915611042e+00
8.124000000000000000e+03 -4.421694904051314268e-01 -1.129274802039063275e+00 1.829636425915611042e+00
8.316000000000000000e+03 -5.905853957240161378e-01 -3.919525307881173148e-01 2.617436838785938136e+00
8.129000000000000000e+03 -1.883598820997249845e-01 -1.078897731828014628e-01 1.748620174660675985e+00
8.307000000000000000e+03 3.339732485145308516e+00 -1.960380995048543795e+00 1.542918148615335383e+00
8.306000000000000000e+03 -8.292159937822169979e-01 3.210840536723935656e-02 -3.355709978433006668e+00
8.112000000000000000e+03 -3.264626552033753626e-01 -6.334288350906529530e-01 -9.471660938187653755e-02
8.259000000000000000e+03 -8.023372634360903533e-01 -6.256940989378900753e-01 1.379859551952478114e-02
8.107000000000000000e+03 -4.232818080083831092e-01 -3.979568088805702786e-01 2.649402112909164941e-01
7.758000000000000000e+03 5.663717990625478649e-01 -3.421986942896513284e-01 -5.465661903929053267e-02
7.889000000000000000e+03 1.350523685865532286e-01 -1.096788118911936394e+00 2.448739303596667582e-01
8.076000000000000000e+03 -5.043423069332604314e-01 -8.672643199635743372e-02 -2.740872133376761610e-01
7.885000000000000000e+03 1.308165329582458014e-01 -5.084128318433105420e-01 7.307184449490282674e-01
8.233000000000000000e+03 -5.828420942456133957e-01 -3.642438777633945080e-01 2.895162310476084855e-01
7.802000000000000000e+03 -5.828420942456133957e-01 -3.642438777633945080e-01 2.895162310476084855e-01
8.122000000000000000e+03 4.032209139244358198e-01 -5.960802185522915408e-01 4.222956119588463508e-01
8.095000000000000000e+03 5.160618373829706229e-01 -4.114162287337457258e-01 4.033831309076862937e-01
7.809000000000000000e+03 3.435451732182670526e-02 -1.160041759896230928e-01 5.083400244948084179e-01
8.138000000000000000e+03 9.140099502924314834e-02 -1.346755227009701628e-01 3.246050606097785618e-01
7.788000000000000000e+03 1.021327265068805445e-01 -1.673623087469611193e-01 2.998072900287631626e-01
7.787000000000000000e+03 -8.762651406805943566e-02 -7.920547168603242483e-02 4.464985249050510419e-01
7.786000000000000000e+03 -1.112900141837158685e-01 1.367909378191445313e-01 4.579118990471968687e-01
7.789000000000000000e+03 -1.112900141837158685e-01 1.367909378191445313e-01 4.579118990471968687e-01
7.726000000000000000e+03 6.343419107294856474e-01 -1.428392282069683716e-01 4.933942784618228217e-01
7.725000000000000000e+03 5.773829793140947686e-01 3.011823791932055627e-01 7.951131857727808949e-01
8.074000000000000000e+03 2.960902360447867920e-01 -2.550526204717211698e-01 5.289115449433836602e-01
8.087000000000000000e+03 4.530697794625666575e-01 -2.711977501994375928e-01 3.723722796162345361e-01
8.086000000000000000e+03 4.530697794625666575e-01 -2.711977501994375928e-01 3.723722796162345361e-01
8.106000000000000000e+03 -9.828635856080651934e-01 -1.729418937054619576e+00 1.276852038342754625e+00
8.105000000000000000e+03 7.680275024195992728e-03 -1.709959954328663656e-01 9.021388853526968177e-01
7.819000000000000000e+03 -1.357559923359080045e+00 -5.408648772534618843e-01 -6.807081687709626294e-01
8.268000000000000000e+03 7.843451373942684768e-01 -1.879597235500860108e+00 -5.789688755039215096e-01
8.113000000000000000e+03 -5.897735454355412799e-01 -3.469123521846526614e-01 -8.121172600651007656e-01
8.137000000000000000e+03 2.327291919132967735e-01 -5.458102391684782617e-01 -8.114750017624690059e-01
8.174000000000000000e+03 6.794670184343338804e-01 -4.652110652135270641e-01 -3.679993049097625146e-01
8.150000000000000000e+03 6.794670184343338804e-01 -4.652110652135270641e-01 -3.679993049097625146e-01
7.762000000000000000e+03 -4.714442095894497697e-01 1.296497796608271358e-01 -7.277260495512898331e-01
8.091000000000000000e+03 -7.085027992564967292e-01 6.743396811597612839e-02 -6.183138592019510327e-01
8.090000000000000000e+03 8.233153073450125703e-01 -1.575015609363042302e+00 -2.812665344085321095e-01
7.874000000000000000e+03 1.243239862240951510e+00 1.198775111161971552e-01 -8.682511472902305627e-01
7.875000000000000000e+03 1.364954709318848103e+00 -1.804362417188958290e-01 -8.358818031365800039e-01
7.735000000000000000e+03 1.057368257086814367e+00 -4.219663786250116289e-01 -2.454230057367130513e-01
7.760000000000000000e+03 1.057368257086814367e+00 -4.219663786250116289e-01 -2.454230057367130513e-01
7.759000000000000000e+03 8.237857385079045969e-01 -5.159297553866082353e-02 4.181801224026493458e-01
7.881000000000000000e+03 8.237857385079045969e-01 -5.159297553866082353e-02 4.181801224026493458e-01
7.882000000000000000e+03 -1.242039062744570543e+00 -1.238428268334764937e+00 -1.089055044488905111e+00
8.303000000000000000e+03 -7.230180019673539960e-01 -8.304797672644461670e-01 -1.370255623853569915e+00
8.088000000000000000e+03 -1.928014187923814404e-01 -2.384214922163216954e-01 -1.364186156349290968e+00
8.089000000000000000e+03 -8.029218150745371929e-01 -6.390355383704893200e-02 -1.110651186640662758e+00
8.006000000000000000e+03 1.977785347913030733e+00 -1.187906989172812899e+00 9.860520816263829147e-02
8.005000000000000000e+03 1.918936043028963923e+00 -1.272378475754759819e+00 4.724609731526143719e-01
7.761000000000000000e+03 -1.990957575093972309e-01 -1.400406454500071618e-01 8.063982515399814588e-02
7.836000000000000000e+03 -3.947885105465296363e-01 -1.165101065500451227e-02 1.313338650421727039e-01
8.173000000000000000e+03 -2.256748094067404509e-01 -3.629441066755259016e-01 -1.186319852536676933e-02
7.741000000000000000e+03 -2.256748094067404509e-01 -3.629441066755259016e-01 -1.186319852536676933e-02
8.069000000000000000e+03 -2.382051819615824684e-01 -3.374675743075208345e-01 6.537427557254105182e-02
7.825000000000000000e+03 -4.460654632736904546e-02 -2.194693395026590110e-01 -4.186571313892883950e-03
8.271000000000000000e+03 -2.663349362890343741e-02 -9.301051481545030697e-03 -1.126019302228797869e-02
8.313000000000000000e+03 -2.663349362890343741e-02 -9.301051481545030697e-03 -1.126019302228797869e-02
7.888000000000000000e+03 3.091723968958248747e-02 -7.677236653044516856e-02 -3.311946400659238066e-03
7.891000000000000000e+03 3.091723968958248747e-02 -7.677236653044516856e-02 -3.311946400659238066e-03
8.281000000000000000e+03 3.091723968958248747e-02 -7.677236653044516856e-02 -3.311946400659238066e-03
3.178800000000000000e+04 -3.471805905681435434e-02 -1.917280843224453690e-01 4.418420646091547610e-03
1.153000000000000000e+04 -4.245256019654064517e-02 -2.565021794802984090e-01 6.205327851175468368e-02
7.878000000000000000e+03 -4.245256019654064517e-02 -2.565021794802984090e-01 6.205327851175468368e-02
7.877000000000000000e+03 8.738005127418091433e-02 -3.591175206701358036e-01 -6.847841519247666042e-03
8.169000000000000000e+03 1.279924442588331601e-01 -5.585294236150968317e-01 1.436792356713780805e-01
8.075000000000000000e+03 -3.409125482919961314e-02 -3.246572995385417215e-01 2.367851484717693467e-01
8.070000000000000000e+03 -2.562612159081574248e-01 -2.288664213187630025e-02 -1.780775446671540863e-01
7.916000000000000000e+03 -2.562612159081574248e-01 -2.288664213187630025e-02 -1.780775446671540863e-01
7.917000000000000000e+03 -1.859684450929925958e-01 -6.420861425305623982e-02 -1.018600847799877585e-01
7.824000000000000000e+03 -1.859684450929925958e-01 -6.420861425305623982e-02 -1.018600847799877585e-01
7.951000000000000000e+03 -3.656281156469205484e-01 -1.465534186650288007e-01 -1.143198440694810358e-01
4.818100000000000000e+04 -3.746645135004200711e-02 -2.490199412223805808e-01 -3.156844250818018338e-01
8.149000000000000000e+03 -3.746645135004200711e-02 -2.490199412223805808e-01 -3.156844250818018338e-01
8.071000000000000000e+03 1.310058619963427873e-02 -2.084306315218604766e-01 -1.833787171640128832e-01
8.132000000000000000e+03 1.310058619963427873e-02 -2.084306315218604766e-01 -1.833787171640128832e-01
7.927000000000000000e+03 1.310058619963427873e-02 -2.084306315218604766e-01 -1.833787171640128832e-01
7.813000000000000000e+03 1.310058619963427873e-02 -2.084306315218604766e-01 -1.833787171640128832e-01
8.111000000000000000e+03 1.002462818091842678e-02 -6.765333555780905783e-02 -1.641252704274958063e-01
7.790000000000000000e+03 1.002462818091842678e-02 -6.765333555780905783e-02 -1.641252704274958063e-01
7.822000000000000000e+03 2.037545778047089584e-02 -2.373942648482536555e-01 -1.385087759888961045e-01
7.946000000000000000e+03 1.260595030698681285e-01 -3.569903904609184053e-02 -1.441598896451026235e-01
8.117000000000000000e+03 3.717100408038476189e-02 -5.405806748665398231e-02 -1.265948302618244981e-01
7.742000000000000000e+03 3.717100408038476189e-02 -5.405806748665398231e-02 -1.265948302618244981e-01
8.064000000000000000e+03 7.471054762785911407e-02 -4.507398656614114429e-02 -1.081691362689340963e-01
8.168000000000000000e+03 7.471054762785911407e-02 -4.507398656614114429e-02 -1.081691362689340963e-01
8.248000000000000000e+03 5.914345017573197083e-02 -7.624771295144938676e-04 -4.761619770138914021e-02
7.880000000000000000e+03 5.914345017573197083e-02 -7.624771295144938676e-04 -4.761619770138914021e-02
7.910000000000000000e+03 -1.548551133253894818e-02 -4.157550378017305093e-02 -2.813022664815356677e-02
7.848000000000000000e+03 -1.008232303884639691e-01 -9.820110462275799534e-02 -1.410104107774934334e-01
8.134000000000000000e+03 -1.008232303884639691e-01 -9.820110462275799534e-02 -1.410104107774934334e-01
7.844000000000000000e+03 -8.223568971978423292e-02 -2.247145313880203332e-01 -2.684716594303360182e-02
7.729000000000000000e+03 -8.223568971978423292e-02 -2.247145313880203332e-01 -2.684716594303360182e-02
7.779000000000000000e+03 -1.256315937042415953e-01 3.666240085834182594e-02 -2.122208574647146406e-01
7.859000000000000000e+03 -1.299504437523566480e-01 2.536895476870881794e-02 -1.523870897141215153e-01
7.883000000000000000e+03 -1.299504437523566480e-01 2.536895476870881794e-02 -1.523870897141215153e-01
8.158000000000000000e+03 -1.370146716860460856e-01 4.595362863835461553e-02 -4.072713825309115521e-02
8.109000000000000000e+03 -1.370146716860460856e-01 4.595362863835461553e-02 -4.072713825309115521e-02
7.911000000000000000e+03 1.101324078119816363e-01 -3.182328895388550904e-01 -4.078321360070447099e-02
7.793000000000000000e+03 1.101324078119816363e-01 -3.182328895388550904e-01 -4.078321360070447099e-02
8.110000000000000000e+03 -9.120410123036748473e-02 2.225547698078855774e-01 -7.291281016013329008e-02
8.282000000000000000e+03 6.546067989348358651e-02 1.377599154067716825e-01 -1.895805473280773867e-01
7.922000000000000000e+03 6.376660921658938719e-02 2.043232656785853862e-02 -1.293978495926531025e-01
7.835000000000000000e+03 -9.692318060074356367e-02 6.516785209250741673e-02 -3.469333369610794193e-02
7.909000000000000000e+03 -9.692318060074356367e-02 6.516785209250741673e-02 -3.469333369610794193e-02
7.860000000000000000e+03 3.218743813627433781e-01 -7.625391568213757409e-02 -2.580139025821459597e-01
7.857000000000000000e+03 2.680997756822947053e-01 -4.184952785124007590e-01 -1.934588218647572688e-01
7.908000000000000000e+03 3.077851293807221111e-01 5.651864113641913434e-02 -8.894581674199564247e-02
7.755000000000000000e+03 3.615692159818593154e-01 2.085785022160280278e-03 1.482073549901610221e-01
7.754000000000000000e+03 3.269339076074189165e-01 -1.207843344218186843e-01 1.622719232942433365e-01
7.815000000000000000e+03 2.760716675390852970e-01 -1.179750928678213739e-01 1.542163116974215598e-01
7.865000000000000000e+03 2.760716675390852970e-01 -1.179750928678213739e-01 1.542163116974215598e-01
7.814000000000000000e+03 1.061598226610627194e-02 -9.377927613465431023e-02 -3.274866178928892424e-01
6.144000000000000000e+03 -1.112170763695594644e-01 4.963355891832677003e-02 -4.567459887114946326e-01
7.733000000000000000e+03 -1.112170763695594644e-01 4.963355891832677003e-02 -4.567459887114946326e-01
7.894000000000000000e+03 3.823803249129582582e-01 -8.215392248178154944e-02 -6.085621607637552444e-01
8.145000000000000000e+03 3.823803249129582582e-01 -8.215392248178154944e-02 -6.085621607637552444e-01
7.778000000000000000e+03 3.765752352687812277e-01 2.976590502442117980e-01 -4.792615864811651250e-01
