# star id 	 star_x_coords [pc] 	 star_y_coords [pc] 	 star_z_coords [pc] 
1.789300000000000000e+04 -4.214001691016378004e-02 -2.544566223928480753e+00 -1.424838026376562539e-01
1.804300000000000000e+04 4.430253170456825984e-01 -2.171709974356698325e+00 -4.560696940946797895e-01
1.792600000000000000e+04 6.348791513131715192e-01 -1.944699659884495446e+00 -1.444473567395696989e+00
1.801700000000000000e+04 8.032756073443589884e-01 -1.807720191537569576e+00 -1.349240642745058949e+00
1.790900000000000000e+04 8.580326433466503033e-01 -1.042802455625103875e+00 -9.506967591748178847e-01
1.706600000000000000e+04 -4.479497694235998750e-01 -1.340118383459568463e+00 -8.005678490255121460e-01
1.799600000000000000e+04 -2.302080454354129557e-01 1.165961824046348738e-01 -4.579794607891258806e-01
1.802400000000000000e+04 -1.817803253125482854e-01 -4.043534861850410778e-01 -3.516759812177951972e-01
1.792400000000000000e+04 9.671715777832723404e-02 -6.743015254550535076e-01 -3.170321281913359712e-01
1.796700000000000000e+04 -7.532209630347388440e-01 1.130372679181235185e-02 -3.156089493524092404e-01
1.792800000000000000e+04 -2.410477406760271890e-01 2.908872924903569412e-01 -2.909915379554064430e-01
1.798000000000000000e+04 -6.374114994177357829e-01 4.349631020741675513e-01 -2.254211536056445198e-01
1.804200000000000000e+04 2.544080525051395369e-01 3.253253792751280571e-01 -1.695459463201061112e-01
1.804400000000000000e+04 -4.524298921895635317e-01 -7.532441409580954428e-01 -1.255567632905396636e-01
1.791500000000000000e+04 -1.388440940121718370e+00 4.640281613430019547e-01 3.176952837814113195e-01
1.804600000000000000e+04 -2.378031928442130294e-01 5.120026708514480163e-01 3.615526349713675813e-01
1.791000000000000000e+04 4.437004055552762338e-02 2.606296706576927136e-02 3.903043607488854150e-01
1.791100000000000000e+04 1.604600044057189479e-01 -1.920245911991802501e+00 5.238075939058575159e-01
1.791600000000000000e+04 1.506909802228147299e+00 2.373025758757307813e-02 -1.459933812126074315e+00
1.709300000000000000e+04 1.524333485157377766e+00 -5.962491654768058424e-01 -6.068634341597345383e-02
1.800100000000000000e+04 1.331724452012558402e+00 -3.853294210265296726e-01 -7.474084002886627331e-03
1.797400000000000000e+04 1.744956558223986320e+00 -1.833048792325243426e+00 3.628790581052570019e-01
1.873800000000000000e+04 1.110630256217429945e+00 -1.381767663280836445e+00 5.500931314360499869e-01
1.802500000000000000e+04 1.110630256217429945e+00 -1.381767663280836445e+00 5.500931314360499869e-01
1.798900000000000000e+04 -3.272507150709635937e-01 -2.284018759362872686e+00 6.324500652097242437e-01
1.791900000000000000e+04 3.396106326323788949e-02 1.472481315332849761e-01 1.205106532969388411e+00
1.804100000000000000e+04 5.853213847399931780e-01 6.870468158202669429e-01 2.468159296420594728e+00
1.797800000000000000e+04 -4.750706506074031665e-02 -2.575239674663020395e+00 1.316699775784805126e+00
1.789600000000000000e+04 -4.493546183301777575e-01 3.481269224817321373e+00 -7.035879541826091099e-01
1.789500000000000000e+04 -2.611181563845050846e-01 3.282236974594219703e+00 -4.947821807070198474e-01
1.799400000000000000e+04 -2.611181563845050846e-01 3.282236974594219703e+00 -4.947821807070198474e-01
1.798400000000000000e+04 -1.352592465354156559e+00 1.697831883648365903e+00 -1.343720024829551107e-01
1.709400000000000000e+04 -8.668842127481237725e-01 2.513712610491833033e+00 7.990509347008156738e-02
1.803400000000000000e+04 -1.413239219771996957e+00 3.123170378055494467e+00 3.632988900741409566e-01
1.792900000000000000e+04 -7.606657864597838881e-01 2.800264134870403154e+00 8.829042491637366652e-01
1.793600000000000000e+04 -1.707779975859038402e+00 1.484699395287169210e+00 1.240884237284056724e+00
