# star id 	 star_x_coords [pc] 	 star_y_coords [pc] 	 star_z_coords [pc] 
1.751800000000000000e+04 -3.625107731693937296e-01 -6.320050060923207980e-01 9.128916098591908224e-01
1.940800000000000000e+04 8.320887381649412218e-01 1.101082057525822222e+00 2.318934701497745721e-01
1.754600000000000000e+04 8.320887381649412218e-01 1.101082057525822222e+00 2.318934701497745721e-01
1.753400000000000000e+04 5.851436273894645712e-01 1.555791499609142647e-01 -6.424013314313548051e-02
2.053600000000000000e+04 1.539142145541485540e-01 -1.306060243955187161e-03 2.604314854622788999e-01
1.938100000000000000e+04 5.455130431585794026e-01 2.197239188058631498e+00 -4.481239202907669750e-01
1.753500000000000000e+04 -4.095104637123951896e-01 -1.272921226974332853e+00 -6.536123703621825598e-01
2.043200000000000000e+04 -1.232312486884151514e+00 -9.217135963000728793e-01 3.045380998048301535e-01
1.674500000000000000e+04 -1.146424823191365849e+00 -1.971576343604532155e+00 -8.561404197499697943e-01
