# star id 	 star_x_coords [pc] 	 star_y_coords [pc] 	 star_z_coords [pc] 
1.430200000000000000e+04 1.983098125559230596e+00 -1.110050158357868355e+00 -9.748046465018767037e-02
2.075800000000000000e+04 -3.263780013642605837e+00 4.411143083951705179e-01 7.765857256884629578e-01
2.074300000000000000e+04 -1.199689356367183990e-01 3.921584132365847353e-01 9.865875724875916575e-01
2.076000000000000000e+04 -3.143674137703989402e+00 7.972308491035926536e-01 9.560138051166457984e-01
2.075900000000000000e+04 -6.271811785953644858e-01 4.997868641309999305e-02 1.092708144355183819e+00
3.191600000000000000e+04 -1.709459822506531168e+00 1.733574282029382019e-01 1.254478801665872112e+00
3.183900000000000000e+04 -2.077815063216323921e+00 1.064409447180374890e+00 1.397658052516872473e+00
3.190700000000000000e+04 1.451649437329356473e+00 -6.053718117989737024e-01 -1.526139449547970983e+00
1.741800000000000000e+04 1.451649437329356473e+00 -6.053718117989737024e-01 -1.526139449547970983e+00
3.317500000000000000e+04 1.451649437329356473e+00 -6.053718117989737024e-01 -1.526139449547970983e+00
9.550000000000000000e+02 2.298538955493239833e+00 -5.134889423456643343e-01 -8.124644440731749739e-01
1.978000000000000000e+04 9.389266959099593635e-01 7.280970908297312860e-01 -3.774977379512733933e-01
3.195800000000000000e+04 5.622094957396903681e-01 2.142307766585886952e-01 3.073637679383942611e-01
3.196600000000000000e+04 8.041575693854561280e-01 -4.209224633479360378e-01 -9.055348731051129363e-01
