# star id 	 star_x_coords [pc] 	 star_y_coords [pc] 	 star_z_coords [pc] 
1.925900000000000000e+04 -6.032120258127058321e-01 1.198416114000895760e+00 3.818061483567216641e-01
1.849100000000000000e+04 -6.032120258127058321e-01 1.198416114000895760e+00 3.818061483567216641e-01
1.971000000000000000e+04 2.340365953279643918e-01 4.382191756523434734e-01 -2.147311446706989813e-02
2.023500000000000000e+04 6.143464665480387055e-01 3.264200000656938272e-01 -6.087933304300516824e-01
1.926000000000000000e+04 6.143464665480387055e-01 3.264200000656938272e-01 -6.087933304300516824e-01
2.081200000000000000e+04 1.075272669000817416e+00 -3.203602695275140633e-01 -4.711259241874437009e-01
2.023400000000000000e+04 -5.497257730426952094e-01 -8.825900327191673611e-01 -4.089064584538188996e-01
2.081700000000000000e+04 -6.888745967863343367e-01 -7.354940747824167957e-01 -1.380195367055039313e-01
1.849200000000000000e+04 -4.648888753428082055e-02 -7.747235106385623737e-01 7.467497017618871524e-01
2.088400000000000000e+04 -4.648888753428082055e-02 -7.747235106385623737e-01 7.467497017618871524e-01
