# star id 	 star_x_coords [pc] 	 star_y_coords [pc] 	 star_z_coords [pc] 
2.923600000000000000e+04 -2.012249027873309615e-01 -5.199174630964478183e-01 1.617654289041681182e+00
2.923700000000000000e+04 2.804568007422858500e-02 -7.322927207562770491e-01 9.113909722073998410e-01
2.923800000000000000e+04 1.426204481596471396e-01 -7.634726785039447350e-01 1.033754039244598744e+00
2.923900000000000000e+04 -1.841639685747367139e-01 -1.119403243316355656e+00 9.224008338273108620e-01
3.026000000000000000e+04 4.812844390320094590e-01 -8.071608103689698055e-01 1.208704325168255878e+00
2.951300000000000000e+04 4.225930809418372291e-01 -7.975726264617009065e-01 9.481487034141906634e-01
2.951400000000000000e+04 1.945250061879022496e-01 -1.011657369341136814e+00 3.581114698774143790e-01
3.090300000000000000e+04 -1.392622974079387177e-01 -7.245374370290420529e-01 5.159998212931640182e-01
3.092900000000000000e+04 3.492058511256743714e-01 -4.649517723963754179e-01 7.349969363196322547e-01
2.956900000000000000e+04 8.201568543306336778e-02 -2.800762170213886293e-01 7.531671903513768029e-01
3.102000000000000000e+04 3.935474287053892795e-01 -7.129056850793347166e-02 7.600295539423882474e-01
3.013100000000000000e+04 3.935474287053892795e-01 -7.129056850793347166e-02 7.600295539423882474e-01
2.957000000000000000e+04 1.748031686597499856e-01 -9.714595502585297027e-01 -2.276081466604438219e-01
3.096800000000000000e+04 -6.379625175695480266e-02 -7.934685236047300805e-01 -7.245280749513938190e-02
3.096900000000000000e+04 -6.379625175695480266e-02 -7.934685236047300805e-01 -7.245280749513938190e-02
3.097000000000000000e+04 1.767803993147083474e-01 -7.490431256075140709e-01 -1.640065855929151439e-02
2.986900000000000000e+04 2.142525027408339611e-01 -6.905548671906416303e-01 3.348613233318076254e-02
2.987000000000000000e+04 -9.915895075079106391e-02 -6.671821203048864390e-01 5.266501033824511069e-02
3.093000000000000000e+04 3.738287342399360114e-02 -6.943889908660167976e-01 1.006936643481566307e-01
3.135500000000000000e+04 1.928555352461955863e-01 -1.063234874094050042e+00 1.606987211361143864e-01
3.105300000000000000e+04 -2.204233373737878310e-01 -7.078436709197859500e-01 1.904139635411041809e-01
3.105400000000000000e+04 2.560724021655573779e-01 -1.225685213747013336e+00 -1.287623202750864948e-01
3.140800000000000000e+04 8.327938777889869471e-01 -7.474738888579679497e-01 -1.870395536441833428e-01
3.149200000000000000e+04 4.064147411658325382e-01 -6.770634764910568038e-01 -2.040088138471531920e-01
2.933400000000000000e+04 5.328291861001019925e-01 -1.112755884036047860e+00 2.039080786823461722e-01
2.933500000000000000e+04 5.328291861001019925e-01 -1.112755884036047860e+00 2.039080786823461722e-01
2.933600000000000000e+04 8.904887538832895189e-03 -1.300050826617678013e+00 -1.496027835742381740e-01
2.933700000000000000e+04 1.276019459667480760e+00 -6.033741468083633208e-01 -1.691605759605039339e-01
2.933800000000000000e+04 1.183429129685919179e+00 -5.175560037003918978e-01 -2.923755386974846715e-01
2.933900000000000000e+04 9.850421475676682803e-01 -5.215380666947595500e-01 -1.271400048594557575e-01
2.984600000000000000e+04 9.946584000186646790e-01 -5.386019064487612695e-01 -2.755823307417415435e-01
2.984700000000000000e+04 -2.735434564088734533e-02 -9.682954836109445296e-01 -5.397256944790598254e-01
2.984800000000000000e+04 -1.245967178347342497e-01 -9.780208255114217764e-01 -4.552117153450296883e-01
2.984900000000000000e+04 2.580121364045169230e-01 -7.988258715416520772e-01 -4.067798650662695081e-01
2.985000000000000000e+04 2.793504270315025906e-01 -1.194592308266578584e+00 -4.127658044892541511e-01
3.104800000000000000e+04 -2.214694703661166386e-01 -8.688404077957869731e-01 -3.175876168593276816e-01
3.104900000000000000e+04 -2.214694703661166386e-01 -8.688404077957869731e-01 -3.175876168593276816e-01
3.105000000000000000e+04 4.204211179152963496e-01 -7.724008984753538698e-01 -7.875436059883327289e-01
3.105100000000000000e+04 4.204211179152963496e-01 -7.724008984753538698e-01 -7.875436059883327289e-01
3.105200000000000000e+04 3.625979643658325813e-01 -1.206529396781647279e+00 -5.982966620568532790e-01
2.987100000000000000e+04 1.037292755696626045e-01 -1.623856172978051404e+00 -7.704866439152340263e-01
3.135400000000000000e+04 5.810527968517931185e-02 -1.352436793541457405e+00 -6.178097417088679322e-01
2.987200000000000000e+04 1.772478947628712831e-01 -6.261074825252848086e-01 -7.820534346711838225e-01
3.035400000000000000e+04 7.895166527681851676e-01 -2.845972797283877753e-01 -4.881820359273376653e-01
2.961800000000000000e+04 4.163352058571803127e-01 -1.780770976428414087e-01 -7.430116391433472245e-01
2.955700000000000000e+04 7.003266668012599894e-01 -1.497124388317701005e-01 -3.771675322529546293e-01
2.954000000000000000e+04 1.205435961965932279e+00 -4.177567662998740161e-01 -3.669058646694765002e-01
3.009000000000000000e+04 3.725470285711338647e-01 -5.113906596299244711e-01 -9.796225604456338942e-01
3.012500000000000000e+04 5.677261510531792510e-01 -8.336734876885998347e-02 -1.004672924200221473e+00
3.012400000000000000e+04 5.301130701003557988e-01 -2.396328296886593989e-01 -9.908076819671123303e-01
3.006600000000000000e+04 -1.118986067905041182e-01 -1.658480396142323343e-01 5.596196196462841499e-01
3.124400000000000000e+04 -1.638792341120591800e-01 -2.332833934734992454e-01 4.444999273383558602e-01
3.124300000000000000e+04 3.612600059545911790e-02 -2.573154977068412563e-01 3.527479494801042392e-01
3.010500000000000000e+04 3.612600059545911790e-02 -2.573154977068412563e-01 3.527479494801042392e-01
2.919700000000000000e+04 -9.468015058882883750e-02 -6.293194482764334907e-01 4.766454547165892563e-01
3.128700000000000000e+04 1.110578630748761952e-01 -2.498262095146230877e-01 4.313156812704050935e-01
2.959400000000000000e+04 7.888791901159208919e-02 -3.086348314751461430e-01 5.438014680987492966e-01
2.953500000000000000e+04 -5.716245632753214068e-02 -5.196003275668346078e-01 5.290384474612608301e-02
3.021300000000000000e+04 -1.272882785163460539e-01 -3.499835323590616554e-01 1.870403146162402663e-01
3.019000000000000000e+04 -3.064414866824449746e-02 -3.040818746633959790e-01 2.588960514191285256e-02
3.130200000000000000e+04 -6.109388974913088077e-02 -8.394904391246882369e-02 1.343889663347397345e-02
3.028000000000000000e+04 -6.109388974913088077e-02 -8.394904391246882369e-02 1.343889663347397345e-02
3.036700000000000000e+04 -7.277443827328511361e-02 -1.607296458137881245e-01 5.648956202868760101e-02
3.028100000000000000e+04 -7.277443827328511361e-02 -1.607296458137881245e-01 5.648956202868760101e-02
2.949800000000000000e+04 -1.088293640827231457e-01 -1.299255037511244382e-01 9.250322860215476339e-02
3.107500000000000000e+04 -1.088293640827231457e-01 -1.299255037511244382e-01 9.250322860215476339e-02
3.026100000000000000e+04 2.323302676589378279e-02 -9.257166010699791059e-02 1.261404929951908116e-01
3.033000000000000000e+04 2.323302676589378279e-02 -9.257166010699791059e-02 1.261404929951908116e-01
3.140700000000000000e+04 -2.692993576899027630e-02 -8.865146966486747715e-02 2.122337003246883569e-01
3.010900000000000000e+04 -2.692993576899027630e-02 -8.865146966486747715e-02 2.122337003246883569e-01
3.011000000000000000e+04 -2.692993576899027630e-02 -8.865146966486747715e-02 2.122337003246883569e-01
3.020500000000000000e+04 -2.692993576899027630e-02 -8.865146966486747715e-02 2.122337003246883569e-01
3.020600000000000000e+04 -2.150600416388073199e-01 -1.087166967071198087e-01 1.821552233249121855e-01
2.949400000000000000e+04 -2.260141535767843379e-01 -1.112180749771738419e-01 1.051255450711607864e-02
2.961600000000000000e+04 -2.260141535767843379e-01 -1.112180749771738419e-01 1.051255450711607864e-02
3.139300000000000000e+04 7.951624994416306436e-02 -1.012850894708918759e-01 2.240829872414877855e-01
2.994200000000000000e+04 7.951624994416306436e-02 -1.012850894708918759e-01 2.240829872414877855e-01
3.025200000000000000e+04 8.434003992832117547e-02 -7.765613629995016254e-02 6.056635635813734098e-02
2.994300000000000000e+04 8.434003992832117547e-02 -7.765613629995016254e-02 6.056635635813734098e-02
3.236900000000000000e+04 1.644572636635928120e-01 -1.845680952327768409e-01 3.502173239269268379e-03
2.955200000000000000e+04 1.644572636635928120e-01 -1.845680952327768409e-01 3.502173239269268379e-03
3.037600000000000000e+04 1.644572636635928120e-01 -1.845680952327768409e-01 3.502173239269268379e-03
3.037700000000000000e+04 2.891640678011384580e-01 -2.030202947286738890e-01 4.935613758917156702e-02
2.951800000000000000e+04 1.502232294568841553e-01 -7.095182758610008023e-02 8.618249710866621172e-02
3.029700000000000000e+04 1.502232294568841553e-01 -7.095182758610008023e-02 8.618249710866621172e-02
3.046700000000000000e+04 1.502232294568841553e-01 -7.095182758610008023e-02 8.618249710866621172e-02
3.138200000000000000e+04 1.502232294568841553e-01 -7.095182758610008023e-02 8.618249710866621172e-02
3.032900000000000000e+04 1.638654313175180732e-01 -3.040537576254820351e-01 6.321118453638518986e-02
2.994400000000000000e+04 1.638654313175180732e-01 -3.040537576254820351e-01 6.321118453638518986e-02
3.014200000000000000e+04 1.638654313175180732e-01 -3.040537576254820351e-01 6.321118453638518986e-02
2.983600000000000000e+04 1.364534922739863987e-01 -2.113640118253812261e-01 2.346266599340651737e-02
2.983700000000000000e+04 1.364534922739863987e-01 -2.113640118253812261e-01 2.346266599340651737e-02
3.099800000000000000e+04 3.313047247505238602e-01 -2.486321939168476547e-01 1.671630074715437786e-01
3.099700000000000000e+04 2.238251937149868809e-01 -2.829175121287619277e-01 2.590717530562187676e-01
3.089200000000000000e+04 2.238251937149868809e-01 -2.829175121287619277e-01 2.590717530562187676e-01
3.017400000000000000e+04 6.627581555478911923e-02 -1.193051430395399848e-01 4.764702991185743031e-02
3.118100000000000000e+04 3.218104359961273531e-01 -4.076146316762390143e-01 2.529691149804023098e-01
3.118000000000000000e+04 3.218104359961273531e-01 -4.076146316762390143e-01 2.529691149804023098e-01
3.089100000000000000e+04 -4.790251257021793663e-02 -3.640148622433514447e-01 -2.577804456608703276e-01
3.023500000000000000e+04 -4.790251257021793663e-02 -3.640148622433514447e-01 -2.577804456608703276e-01
2.917200000000000000e+04 -2.501624729090679011e-02 -4.156400069162344835e-01 -1.916761094988430614e-01
3.043100000000000000e+04 -2.127991528804358268e-01 -4.839995188381038815e-01 -1.918094279581197270e-01
3.117900000000000000e+04 -1.884226350015580920e-01 -4.312487402995657249e-01 -1.657784863900246819e-02
3.132700000000000000e+04 -1.884226350015580920e-01 -4.312487402995657249e-01 -1.657784863900246819e-02
3.032300000000000000e+04 -1.249160958779214070e-01 -8.300655395210299048e-02 -2.847814570378091048e-01
3.089400000000000000e+04 -1.249160958779214070e-01 -8.300655395210299048e-02 -2.847814570378091048e-01
3.132600000000000000e+04 -1.249160958779214070e-01 -8.300655395210299048e-02 -2.847814570378091048e-01
3.100600000000000000e+04 7.437201173885910066e-03 -2.966748578145512738e-01 -1.760780390826113262e-01
3.100500000000000000e+04 -2.961084362070209863e-02 -9.491947263671818291e-02 -1.234054830339772479e-01
3.009900000000000000e+04 -2.961084362070209863e-02 -9.491947263671818291e-02 -1.234054830339772479e-01
3.009800000000000000e+04 -2.961084362070209863e-02 -9.491947263671818291e-02 -1.234054830339772479e-01
2.983100000000000000e+04 -2.961084362070209863e-02 -9.491947263671818291e-02 -1.234054830339772479e-01
2.951100000000000000e+04 -2.961084362070209863e-02 -9.491947263671818291e-02 -1.234054830339772479e-01
2.983200000000000000e+04 -6.309991526467229050e-02 -5.401074469629918440e-02 -1.379628583820817767e-01
3.113300000000000000e+04 -6.289706271994077724e-02 -7.020482069827949090e-02 -8.233886624734054749e-02
2.954800000000000000e+04 -6.289706271994077724e-02 -7.020482069827949090e-02 -8.233886624734054749e-02
3.012200000000000000e+04 -2.163482570534824845e-01 -6.840100470006404976e-02 -8.060877072522032449e-02
2.957700000000000000e+04 -1.814394704965138772e-02 -9.907327819738043218e-02 -6.643116237925994483e-02
3.034000000000000000e+04 -1.814394704965138772e-02 -9.907327819738043218e-02 -6.643116237925994483e-02
2.967800000000000000e+04 -1.814394704965138772e-02 -9.907327819738043218e-02 -6.643116237925994483e-02
2.959700000000000000e+04 -1.814394704965138772e-02 -9.907327819738043218e-02 -6.643116237925994483e-02
2.959800000000000000e+04 -1.814394704965138772e-02 -9.907327819738043218e-02 -6.643116237925994483e-02
3.147100000000000000e+04 -1.814394704965138772e-02 -9.907327819738043218e-02 -6.643116237925994483e-02
3.040800000000000000e+04 -1.916806948862870286e-01 -6.375184528897648306e-02 -7.724737028073036527e-02
3.036600000000000000e+04 -1.916806948862870286e-01 -6.375184528897648306e-02 -7.724737028073036527e-02
2.950100000000000000e+04 -1.916806948862870286e-01 -6.375184528897648306e-02 -7.724737028073036527e-02
3.019900000000000000e+04 -1.916806948862870286e-01 -6.375184528897648306e-02 -7.724737028073036527e-02
2.969400000000000000e+04 -1.916806948862870286e-01 -6.375184528897648306e-02 -7.724737028073036527e-02
2.987800000000000000e+04 -1.366919480781234597e-01 -6.164829550208139608e-02 -6.282341257210077856e-02
3.144200000000000000e+04 -1.366919480781234597e-01 -6.164829550208139608e-02 -6.282341257210077856e-02
2.959500000000000000e+04 -1.366919480781234597e-01 -6.164829550208139608e-02 -6.282341257210077856e-02
2.959600000000000000e+04 -1.366919480781234597e-01 -6.164829550208139608e-02 -6.282341257210077856e-02
3.147700000000000000e+04 -1.366919480781234597e-01 -6.164829550208139608e-02 -6.282341257210077856e-02
3.113400000000000000e+04 -1.366919480781234597e-01 -6.164829550208139608e-02 -6.282341257210077856e-02
3.032200000000000000e+04 -1.366919480781234597e-01 -6.164829550208139608e-02 -6.282341257210077856e-02
2.983800000000000000e+04 -1.172977819206977301e-01 -2.225257651773375756e-01 -4.418866836175538992e-02
3.089700000000000000e+04 -1.172977819206977301e-01 -2.225257651773375756e-01 -4.418866836175538992e-02
3.089500000000000000e+04 3.314728885922590962e-02 -1.730769378704195560e-01 -3.339432667999631121e-02
3.027100000000000000e+04 -1.514087068429148530e-02 -2.862115155196676142e-01 -2.441330339084402112e-02
3.124000000000000000e+04 -1.514087068429148530e-02 -2.862115155196676142e-01 -2.441330339084402112e-02
3.023700000000000000e+04 -1.514087068429148530e-02 -2.862115155196676142e-01 -2.441330339084402112e-02
3.023800000000000000e+04 -1.514087068429148530e-02 -2.862115155196676142e-01 -2.441330339084402112e-02
2.962100000000000000e+04 -2.273664717282315451e-01 -9.425686453488424377e-02 -2.982692671130990902e-01
3.140000000000000000e+04 3.173454174797996075e-02 -1.335657580870019956e-01 -1.044555705415461944e-02
3.140100000000000000e+04 3.173454174797996075e-02 -1.335657580870019956e-01 -1.044555705415461944e-02
3.027500000000000000e+04 1.776056382816904033e-01 -3.246654470052448005e-01 -2.273600421918757775e-01
3.027600000000000000e+04 9.963038981022975804e-02 -2.127799253055258077e-01 -1.138618124046644198e-01
3.014500000000000000e+04 9.963038981022975804e-02 -2.127799253055258077e-01 -1.138618124046644198e-01
3.035800000000000000e+04 1.704753722656846548e-01 -2.186818812938327028e-01 -2.370755304575737910e-01
3.055200000000000000e+04 2.570633378164899341e-01 -9.093813897297309268e-02 -1.324351895530213596e-01
3.055300000000000000e+04 2.570633378164899341e-01 -9.093813897297309268e-02 -1.324351895530213596e-01
3.120400000000000000e+04 1.879755615982361405e-01 -1.503311418877899541e-01 -8.509188769157560728e-02
3.120500000000000000e+04 1.879755615982361405e-01 -1.503311418877899541e-01 -8.509188769157560728e-02
3.120600000000000000e+04 1.879755615982361405e-01 -1.503311418877899541e-01 -8.509188769157560728e-02
3.016900000000000000e+04 2.450011729357015611e-01 -2.157123604385162707e-01 -6.240732972709395199e-02
2.983400000000000000e+04 2.450011729357015611e-01 -2.157123604385162707e-01 -6.240732972709395199e-02
2.983500000000000000e+04 2.450011729357015611e-01 -2.157123604385162707e-01 -6.240732972709395199e-02
3.027000000000000000e+04 2.450011729357015611e-01 -2.157123604385162707e-01 -6.240732972709395199e-02
3.089600000000000000e+04 8.064939876457799528e-02 -1.457969945182213678e-01 -3.082606725774894585e-02
3.096700000000000000e+04 2.854592874317773976e-01 -3.760687477695228154e-01 -1.257612409386013042e-01
3.096500000000000000e+04 2.352481515408868518e-01 -5.668420987701239255e-01 -8.842918680022648914e-02
3.013400000000000000e+04 3.458760916298473376e-01 -4.742909309935186002e-01 -8.558004905985683308e-02
2.965800000000000000e+04 3.458760916298473376e-01 -4.742909309935186002e-01 -8.558004905985683308e-02
2.980800000000000000e+04 3.657089087847538167e-01 -6.695736131355545240e-02 3.283595644988537288e-01
2.972100000000000000e+04 3.657089087847538167e-01 -6.695736131355545240e-02 3.283595644988537288e-01
3.044800000000000000e+04 5.169622869377548113e-01 -2.508998606279817523e-01 -8.627508936012873164e-02
3.044700000000000000e+04 4.040854868400600708e-01 -2.272669092895966969e-01 -2.722372962080044090e-02
3.100400000000000000e+04 5.578136783130815957e-01 -1.344611555363286470e-01 1.820750023539119411e-02
3.140900000000000000e+04 5.478810251426580180e-01 -2.783238780112640143e-01 8.539048021997075466e-02
3.013900000000000000e+04 5.478810251426580180e-01 -2.783238780112640143e-01 8.539048021997075466e-02
2.954500000000000000e+04 5.478810251426580180e-01 -2.783238780112640143e-01 8.539048021997075466e-02
3.147800000000000000e+04 3.146011288245631476e-02 -1.483516347459499229e-01 -5.019498045751049631e-01
3.142800000000000000e+04 5.373103435545090178e-02 -2.013778712130402937e-01 -3.939186962984706497e-01
3.017100000000000000e+04 3.567059781791499518e-01 -3.311063775001770182e-01 -3.171507398722752669e-01
2.963100000000000000e+04 3.567059781791499518e-01 -3.311063775001770182e-01 -3.171507398722752669e-01
2.964000000000000000e+04 1.976808362214796944e-01 -1.395077445179566666e-01 -3.126093019362912173e-01
3.028500000000000000e+04 1.668166380836879625e-01 -4.704066328235825267e-01 -5.608167390119405127e-01
3.054400000000000000e+04 5.102865440385073725e-01 -2.636058863615318160e-01 -3.644505703957889864e-01
3.113500000000000000e+04 4.931423327076629448e-01 -2.809780332377158629e-01 -3.337035416057858583e-01
3.113600000000000000e+04 -2.052996663885551243e-01 -2.033553983126665798e-01 -6.614512914847097136e-01
3.096600000000000000e+04 -2.052996663885551243e-01 -2.033553983126665798e-01 -6.614512914847097136e-01
3.004500000000000000e+04 1.861591672496132333e-01 -2.513637529856254105e-01 -8.377954213767964120e-01
3.146500000000000000e+04 6.711801570536124473e-02 -2.852199584856265346e-01 -8.638555294025564990e-01
3.028300000000000000e+04 6.934099113654923485e-01 6.250670757312519754e-01 6.954062025110658851e-01
3.027200000000000000e+04 3.589346695386410602e-01 5.542825781272000540e-01 7.172464405537368748e-01
3.091800000000000000e+04 3.695161858602631355e-01 1.781300667663288095e-01 6.052493611327207645e-01
3.091900000000000000e+04 9.505658269085870415e-02 7.329565294804467612e-01 5.897104021139512042e-01
3.092000000000000000e+04 -1.521856272272685828e-01 6.980144572641364675e-01 6.011026724361556717e-01
3.092100000000000000e+04 -1.521856272272685828e-01 6.980144572641364675e-01 6.011026724361556717e-01
3.092200000000000000e+04 -1.521856272272685828e-01 6.980144572641364675e-01 6.011026724361556717e-01
3.092300000000000000e+04 -1.408898080028393451e-01 7.475040303714024503e-01 5.744053943852378552e-01
2.921100000000000000e+04 -1.408898080028393451e-01 7.475040303714024503e-01 5.744053943852378552e-01
2.956100000000000000e+04 -5.003905211978576517e-03 5.936593701134711409e-01 6.148611337621758821e-01
2.993600000000000000e+04 1.589271890297965228e-01 6.063104437163246985e-01 7.561272794987132784e-01
2.993700000000000000e+04 -9.782633413337293860e-03 2.136732260465805666e-01 5.551032252580085924e-01
3.130300000000000000e+04 -3.433114372685963644e-02 3.068388543230184951e-01 6.667571543481045637e-01
3.151700000000000000e+04 -3.433114372685963644e-02 3.068388543230184951e-01 6.667571543481045637e-01
3.008400000000000000e+04 8.518713599332841113e-01 7.008599642421415865e-01 4.713379119512950410e-01
3.008500000000000000e+04 3.190691474048179543e-01 8.396412498690750681e-01 -8.786867813579135600e-02
3.006500000000000000e+04 3.274182747538816329e-01 6.304580158913353216e-01 -8.873028061790932952e-02
3.128000000000000000e+04 2.537286645172542876e-01 6.571259089320875546e-01 -4.981599446665541109e-03
2.989200000000000000e+04 1.254488788225899043e+00 2.863582345874533530e-01 -1.838755119286474837e-01
2.989300000000000000e+04 8.897890413539073506e-01 1.905576821795875730e-01 -1.332144632385734440e-02
2.989400000000000000e+04 1.060315078415811740e+00 3.807887295615017820e-01 2.244671102269251151e-01
3.074600000000000000e+04 9.787662674415429365e-01 3.457688282883282227e-01 1.750316470405977043e-01
3.143900000000000000e+04 8.071629238458655209e-01 6.470817350274700175e-01 2.593021681065010853e-01
3.099500000000000000e+04 -4.877094138786901567e-01 5.835554946618231043e-01 -1.793324767805870579e-02
3.027400000000000000e+04 1.439402571247256901e-01 6.059493530028561281e-01 2.487821746569807146e-03
2.971100000000000000e+04 1.559803149587679627e-01 5.427570156476519969e-01 -8.883661466616388225e-02
3.039500000000000000e+04 1.559803149587679627e-01 5.427570156476519969e-01 -8.883661466616388225e-02
3.139000000000000000e+04 1.559803149587679627e-01 5.427570156476519969e-01 -8.883661466616388225e-02
3.054300000000000000e+04 1.135854460133032262e-01 4.572863281678820613e-01 -2.400601121819789796e-01
2.978800000000000000e+04 -1.670935412830090172e-01 5.797431218612132398e-01 -2.564316629272695991e-01
3.135700000000000000e+04 1.637314210626783506e-01 6.461184476373347252e-01 -5.665858935383027983e-01
3.135800000000000000e+04 6.955674453172235872e-01 4.391787132800573090e-01 -4.299352919754966251e-01
3.027300000000000000e+04 5.557643652991544059e-01 1.189650473430816646e-01 -4.880148211288286575e-01
3.132800000000000000e+04 -2.079268643278453510e-01 8.066627365093381741e-01 -5.885679192619477362e-01
2.991300000000000000e+04 -2.079268643278453510e-01 8.066627365093381741e-01 -5.885679192619477362e-01
2.991400000000000000e+04 -4.174400217791287560e-01 5.778977794980448834e-01 -2.039061001500783732e-01
3.055600000000000000e+04 -6.030427482765077229e-01 7.434530796067235769e-01 3.257268760315241707e-01
2.928200000000000000e+04 -6.030427482765077229e-01 7.434530796067235769e-01 3.257268760315241707e-01
3.133900000000000000e+04 -6.030427482765077229e-01 7.434530796067235769e-01 3.257268760315241707e-01
2.955500000000000000e+04 -4.734545178572773239e-01 1.021074097038379591e+00 5.318177168618376527e-03
3.038400000000000000e+04 -1.244695595068066041e-01 8.851082377480281593e-01 3.572350917377633550e-01
3.143000000000000000e+04 1.222809177340025144e-01 1.009873085041078866e+00 -3.565905113660505776e-02
3.111100000000000000e+04 -3.194799342809631071e-01 8.579091679011696669e-01 -3.767246968649828887e-02
3.111200000000000000e+04 1.518729879234541613e-01 8.022413671610451047e-01 1.431321443605497734e-01
3.111300000000000000e+04 -2.680785160225838126e-01 8.756239503027813953e-01 3.570056939694410403e-01
3.111400000000000000e+04 3.030451774958891065e-01 8.859553270439448625e-01 3.228881204303633012e-01
3.111500000000000000e+04 -1.276781432861184840e-02 7.900649592962309953e-01 -9.409000111773480057e-01
2.980600000000000000e+04 -8.262067376354451653e-01 5.618565716873007432e-01 8.562815798129435052e-01
2.957400000000000000e+04 -7.292075372022566171e-01 1.711258154922177255e-01 8.494081872196233007e-01
2.954200000000000000e+04 -3.575978969586088851e-01 5.817802653005799129e-01 8.154814651474566745e-01
3.021800000000000000e+04 -9.415728957468871840e-01 2.345446198683021066e-01 -3.775443263149753648e-01
3.144800000000000000e+04 -6.704888393510231026e-01 3.203901109566942296e-01 -5.735076789443525058e-01
2.959900000000000000e+04 6.428108222705049002e-01 9.191924442742305246e-01 6.572977392140586517e-01
3.024300000000000000e+04 2.146767635684483366e-01 7.754201609880624346e-01 8.238631545607120188e-01
3.106000000000000000e+04 3.010818156298142867e-01 1.029936884929611551e+00 -2.212228537902802827e-01
3.012300000000000000e+04 -5.199918978759825450e-01 1.384093769180921640e+00 -4.563856261305403450e-01
3.144600000000000000e+04 -5.445406298380532917e-01 1.022543391656796530e+00 -2.833123900954745977e-01
3.145900000000000000e+04 -3.922170022880919760e-01 1.274792470805479638e+00 -3.237516091201513291e-01
3.146000000000000000e+04 -3.922170022880919760e-01 1.274792470805479638e+00 -3.237516091201513291e-01
3.116000000000000000e+04 -3.834726424016281499e-01 8.205996024615132001e-01 -2.968099776395405343e-01
3.117700000000000000e+04 -3.834726424016281499e-01 8.205996024615132001e-01 -2.968099776395405343e-01
3.117800000000000000e+04 -7.378994184354326080e-01 1.739931405162437272e+00 -4.608487862329724294e-01
3.002400000000000000e+04 -8.683441038297416981e-01 1.608751496145259807e+00 -3.669940597008007899e-01
3.148800000000000000e+04 -9.721085663313289160e-01 1.531984019811858388e-01 -5.259491971520162679e-01
3.033900000000000000e+04 -4.772116544115476700e-01 1.723480188882760444e+00 -5.056102853696984312e-01
3.107100000000000000e+04 -1.190617458543385965e-02 3.003613364725765678e-01 5.725347495647241658e-01
3.107200000000000000e+04 1.793019785634726304e-01 3.801697938977781632e-01 2.801833473423585019e-01
3.107300000000000000e+04 -4.242988573678019293e-02 4.819603069102669224e-01 1.503895045935195185e-01
3.107400000000000000e+04 -4.242988573678019293e-02 4.819603069102669224e-01 1.503895045935195185e-01
2.978000000000000000e+04 -1.305865074768064460e-01 2.619549172329982412e-01 2.503910594588631966e-01
3.146100000000000000e+04 6.441076400423639825e-02 3.993268377386129941e-01 3.658703813532326876e-01
3.003800000000000000e+04 6.441076400423639825e-02 3.993268377386129941e-01 3.658703813532326876e-01
3.257000000000000000e+04 -4.442343136795585679e-01 1.690048491695534949e-01 3.778634411987980002e-01
2.952300000000000000e+04 -4.442343136795585679e-01 1.690048491695534949e-01 3.778634411987980002e-01
3.129300000000000000e+04 -2.549348524638332947e-01 5.042192237437177482e-01 5.696991482773938742e-01
3.012100000000000000e+04 -2.549348524638332947e-01 5.042192237437177482e-01 5.696991482773938742e-01
3.020200000000000000e+04 -2.873129291844520594e-01 4.110975459935133358e-01 3.259514084906101061e-01
2.922700000000000000e+04 -4.613910565104930583e-01 3.792404913419034074e-01 2.406813074798748175e-01
3.019400000000000000e+04 -4.613910565104930583e-01 3.792404913419034074e-01 2.406813074798748175e-01
3.019500000000000000e+04 -1.468934505430468107e-01 1.694068440429248312e-01 2.136908067380147713e-01
3.022900000000000000e+04 2.933645165481806316e-01 3.705843955293488534e-01 5.126522003205735700e-01
3.039300000000000000e+04 2.933645165481806316e-01 3.705843955293488534e-01 5.126522003205735700e-01
2.918700000000000000e+04 3.594686622951854815e-01 4.303810739013300690e-01 6.496905427541719291e-01
2.918800000000000000e+04 3.618291778355029464e-01 5.359007861600417755e-01 5.249359208846442471e-01
2.922300000000000000e+04 3.618291778355029464e-01 5.359007861600417755e-01 5.249359208846442471e-01
2.918900000000000000e+04 -3.613957015033690823e-01 1.897820086530828121e-01 -1.540384093909068497e-01
3.121800000000000000e+04 -2.236090650312121397e-01 5.869130320102442511e-01 -1.441958269082448396e-01
3.121900000000000000e+04 -2.330047555187491071e-01 3.267429798477934355e-01 -1.988118400971927713e-02
3.006400000000000000e+04 -1.044052467306357812e-01 2.930537042087166810e-01 4.292780078743874128e-02
3.005900000000000000e+04 2.174415378660228271e-01 4.423222833261917231e-01 2.891116604664318857e-01
2.922400000000000000e+04 3.217424408475864084e-01 5.094791019309923286e-01 3.707378717213032360e-01
2.922500000000000000e+04 3.222919695518555727e-01 3.496963432702244745e-01 -3.642941057718473985e-02
3.088700000000000000e+04 1.575116506261622362e-01 3.670690770082387644e-01 -1.622058394408583126e-01
2.970400000000000000e+04 -3.941590423296332801e-01 3.184027283044486012e-01 -5.086783135310213311e-01
2.985100000000000000e+04 -1.091647169871095002e-01 4.871797571946956396e-02 -5.402652914647063653e-01
2.985200000000000000e+04 -2.656571189100702668e-01 4.437433763688289901e-01 -2.320001383960033081e-01
2.985300000000000000e+04 -2.656571189100702668e-01 4.437433763688289901e-01 -2.320001383960033081e-01
3.088800000000000000e+04 -1.524108188784936146e-01 3.762774191172582050e-01 -4.489829954026163250e-01
3.033800000000000000e+04 -3.705752487698532605e-02 3.038686912622239333e-01 -2.925412548339068053e-01
2.922600000000000000e+04 -3.705752487698532605e-02 3.038686912622239333e-01 -2.925412548339068053e-01
3.006000000000000000e+04 -8.934324801937520988e-02 3.491186783495408008e-01 -4.131768403773321552e-01
3.044500000000000000e+04 -8.088329339358324432e-03 2.520263315465740561e-01 -4.789980280358321352e-01
3.135000000000000000e+04 -8.088329339358324432e-03 2.520263315465740561e-01 -4.789980280358321352e-01
2.958700000000000000e+04 -8.088329339358324432e-03 2.520263315465740561e-01 -4.789980280358321352e-01
3.114200000000000000e+04 2.371205698058531652e-02 1.860296757628816522e-01 -3.476231406144307812e-01
3.114300000000000000e+04 -2.404085799888378006e-02 2.694666357665340684e-01 -1.029345163809693986e-01
3.114400000000000000e+04 -5.286359945285710182e-01 3.382802913450149163e-01 -1.773805186370651654e-01
3.114500000000000000e+04 4.351837957233897214e-01 2.172771812522853452e-01 -3.064166485163610787e-01
3.095300000000000000e+04 3.815141926606457901e-01 3.582889621127804958e-01 -2.247735916968025549e-01
3.095400000000000000e+04 3.910850871581459387e-01 2.378178551451242129e-01 -2.595673977378396557e-01
3.095500000000000000e+04 3.910850871581459387e-01 2.378178551451242129e-01 -2.595673977378396557e-01
3.027700000000000000e+04 -3.804265486806315266e-01 3.873872913629128334e-01 -6.282243711841886125e-01
3.056300000000000000e+04 1.711874005994218351e-01 5.306379629784601093e-01 -7.895356364109318292e-01
3.090700000000000000e+04 1.139055933879689064e-01 5.520610296597538991e-01 -8.824386747044172807e-01
3.090800000000000000e+04 1.139055933879689064e-01 5.520610296597538991e-01 -8.824386747044172807e-01
3.090900000000000000e+04 1.139055933879689064e-01 5.520610296597538991e-01 -8.824386747044172807e-01
2.958400000000000000e+04 -9.152339313820334610e-02 3.546529262230109225e-01 -6.348139179988407932e-01
3.088900000000000000e+04 1.843438770341236932e-01 4.272081111736412140e-01 -5.008015696795666827e-01
2.921800000000000000e+04 -3.885161041933002934e-01 2.631671433560853757e-01 -4.900183243988038839e-01
2.921900000000000000e+04 -3.885161041933002934e-01 2.631671433560853757e-01 -4.900183243988038839e-01
3.149700000000000000e+04 -3.885161041933002934e-01 2.631671433560853757e-01 -4.900183243988038839e-01
3.149800000000000000e+04 7.004192260352368748e-01 2.601710885103045712e-01 -2.793321085089672806e-01
2.934000000000000000e+04 -2.398528286680488009e-01 2.644868506751549830e-01 -5.523054410815291249e-01
2.934100000000000000e+04 -2.398528286680488009e-01 2.644868506751549830e-01 -5.523054410815291249e-01
2.933200000000000000e+04 -4.291838311042823761e-01 2.920538437099509110e-01 8.677335525041058872e-01
3.114100000000000000e+04 -1.537116492812629076e-03 1.719061721322816538e-01 1.836891697329008366e-01
3.029400000000000000e+04 2.474456091515264688e-02 2.585145255150820276e-01 6.507084986239419777e-03
3.011100000000000000e+04 2.474456091515264688e-02 2.585145255150820276e-01 6.507084986239419777e-03
3.018900000000000000e+04 2.474456091515264688e-02 2.585145255150820276e-01 6.507084986239419777e-03
3.131200000000000000e+04 1.794047462342973631e-01 5.756980419891988277e-02 -2.409917871171955994e-01
3.131300000000000000e+04 1.794047462342973631e-01 5.756980419891988277e-02 -2.409917871171955994e-01
3.053800000000000000e+04 -1.377829176610134709e-02 1.512457039041521512e-01 -3.148804931061306434e-01
2.959100000000000000e+04 3.655842447566044484e-01 1.887147713751176070e-01 2.891475250668236185e-01
3.115900000000000000e+04 -1.391589099978602917e-01 1.689710125576198152e-01 -3.012158502190231957e-01
3.053600000000000000e+04 2.547154173392556231e-01 2.593840235080193679e-01 4.431712602938375767e-02
3.016400000000000000e+04 1.984278387256637188e-01 2.952010395868143178e-01 -3.355690002883164880e-01
3.015500000000000000e+04 1.979866641127188132e-01 5.118666802401747873e-01 1.062666468914230222e+00
3.042200000000000000e+04 -1.968613042599685059e-01 5.427750166620626260e-02 7.052225303789327882e-02
2.962800000000000000e+04 3.474882251845201608e-01 1.009320688413026801e-01 -7.994398418514521154e-01
2.933300000000000000e+04 4.150727493479280383e-01 8.834881942442507352e-02 1.007644357202650554e-01
3.008600000000000000e+04 -9.469699423566169116e-02 1.813417810052584400e-01 1.223545717257550791e+00
2.978600000000000000e+04 6.426358004381427236e-02 1.836463652159352478e-01 -3.593162297622143342e-02
3.022000000000000000e+04 6.426358004381427236e-02 1.836463652159352478e-01 -3.593162297622143342e-02
3.022100000000000000e+04 6.426358004381427236e-02 1.836463652159352478e-01 -3.593162297622143342e-02
3.022200000000000000e+04 -7.976222563468127191e-02 1.779185633521791488e-01 -3.204303895324471796e-01
3.017600000000000000e+04 9.324853125987431213e-02 1.437645399947626856e-01 -2.457218518151336184e-01
3.098200000000000000e+04 9.324853125987431213e-02 1.437645399947626856e-01 -2.457218518151336184e-01
3.098300000000000000e+04 9.324853125987431213e-02 1.437645399947626856e-01 -2.457218518151336184e-01
3.098400000000000000e+04 -2.901626907737266947e-01 4.454088392798638552e-01 1.222067858620903280e+00
2.955000000000000000e+04 1.428965551431531367e-01 1.697773100247985667e-01 -2.024255126881087108e-01
3.018800000000000000e+04 1.428965551431531367e-01 1.697773100247985667e-01 -2.024255126881087108e-01
3.043000000000000000e+04 3.114489956002017834e-01 1.383027429812955234e-01 3.558612961420379861e-01
2.956400000000000000e+04 2.153285385625594017e-01 3.021363937753562823e-01 -2.456242857078905217e-03
2.953000000000000000e+04 5.892970984973544546e-03 1.528049927703420963e-01 -3.035821856094713667e-01
2.940900000000000000e+04 5.892970984973544546e-03 1.528049927703420963e-01 -3.035821856094713667e-01
3.098800000000000000e+04 5.892970984973544546e-03 1.528049927703420963e-01 -3.035821856094713667e-01
3.098900000000000000e+04 5.892970984973544546e-03 1.528049927703420963e-01 -3.035821856094713667e-01
3.054500000000000000e+04 5.892970984973544546e-03 1.528049927703420963e-01 -3.035821856094713667e-01
3.132200000000000000e+04 1.803671870310381564e-01 1.163965240796045464e-01 1.229242367415821491e-01
2.986400000000000000e+04 1.803671870310381564e-01 1.163965240796045464e-01 1.229242367415821491e-01
3.094100000000000000e+04 1.803671870310381564e-01 1.163965240796045464e-01 1.229242367415821491e-01
3.094200000000000000e+04 2.572275536469419421e-01 5.922940697673908517e-01 1.271196506497673795e+00
3.094300000000000000e+04 -3.238153609747200790e-01 3.111042047279681810e-01 1.213370229045978022e+00
3.103000000000000000e+04 -2.459323828887249874e-03 9.189951541225127585e-02 -4.148324628869204389e-02
3.103100000000000000e+04 -2.459323828887249874e-03 9.189951541225127585e-02 -4.148324628869204389e-02
2.923300000000000000e+04 -2.459323828887249874e-03 9.189951541225127585e-02 -4.148324628869204389e-02
2.950800000000000000e+04 7.051741926340326927e-01 7.327235821298927476e-02 4.380138215512374700e-02
3.036900000000000000e+04 7.051741926340326927e-01 7.327235821298927476e-02 4.380138215512374700e-02
3.108000000000000000e+04 -2.677611341863439520e-01 1.092159224697155651e-01 -2.283257814151085086e-01
3.108100000000000000e+04 -2.677611341863439520e-01 1.092159224697155651e-01 -2.283257814151085086e-01
3.106100000000000000e+04 -2.305141109022201817e-01 1.170797200177133846e-01 -7.577757702154030994e-02
3.012000000000000000e+04 -2.305141109022201817e-01 1.170797200177133846e-01 -7.577757702154030994e-02
3.128800000000000000e+04 -6.151822318103938869e-02 1.657551297366381959e-01 -1.076692041911826436e-01
3.050100000000000000e+04 3.062614003060559753e-02 1.790444991420798715e-01 -1.035524805171377238e-01
3.050200000000000000e+04 3.062614003060559753e-02 1.790444991420798715e-01 -1.035524805171377238e-01
3.050300000000000000e+04 3.062614003060559753e-02 1.790444991420798715e-01 -1.035524805171377238e-01
3.050400000000000000e+04 -9.972987237517685344e-01 1.106115056533241159e-01 -4.752133536340750197e-01
3.148100000000000000e+04 -8.438109264459257020e-01 1.089449881992550218e-01 -8.006240565006805809e-02
3.143500000000000000e+04 6.286094923228233711e-01 1.407237852917120335e-01 2.901113316461021441e-01
2.954300000000000000e+04 -1.239171298347685024e+00 1.397676429854470825e-01 2.511773910208603411e-01
3.009200000000000000e+04 -1.239171298347685024e+00 1.397676429854470825e-01 2.511773910208603411e-01
3.015300000000000000e+04 -1.292748977532454546e+00 1.024449575399870582e-01 -3.212791344801217974e-01
3.095600000000000000e+04 6.238579652494280481e-01 1.091917907222637041e-01 6.145757000044511642e-01
3.095700000000000000e+04 -6.473768580438843401e-02 1.198321904912944547e-01 -6.428150045017417824e-01
3.095800000000000000e+04 -6.473768580438843401e-02 1.198321904912944547e-01 -6.428150045017417824e-01
3.020400000000000000e+04 2.001957558761802147e-01 1.324527612519403874e-01 -2.113614364677118829e-02
3.133100000000000000e+04 2.001957558761802147e-01 1.324527612519403874e-01 -2.113614364677118829e-02
3.035100000000000000e+04 -5.559714552289705125e-01 9.016325784092771300e-02 -2.883251764385050819e-01
2.929100000000000000e+04 -5.559714552289705125e-01 9.016325784092771300e-02 -2.883251764385050819e-01
2.929200000000000000e+04 -2.990022022782028444e-01 6.601733309831558927e-02 -1.146436170208176009e-01
2.989000000000000000e+04 4.180232089748727731e-01 1.028362478015338866e-01 7.072290365350255570e-01
3.024400000000000000e+04 6.285026196148635336e-02 8.516020732193396725e-02 -8.741813742449409119e-01
2.989100000000000000e+04 1.148185928564657843e-01 7.440702624388961794e-02 -2.003563414425144629e-01
3.005000000000000000e+04 1.148185928564657843e-01 7.440702624388961794e-02 -2.003563414425144629e-01
3.004200000000000000e+04 -3.014606966201256455e-01 6.916448349475956547e-02 -7.392933185676042740e-02
3.110300000000000000e+04 8.956309130292083864e-02 8.617899507362380973e-02 -4.426756913187404052e-01
3.110400000000000000e+04 -1.494691862890960010e-01 2.978688655983319222e-02 -2.609107137795234621e-01
2.988900000000000000e+04 -1.494691862890960010e-01 2.978688655983319222e-02 -2.609107137795234621e-01
3.003100000000000000e+04 1.087210702141305774e-02 1.141749462964725126e-01 -1.608518889258334639e-01
3.003200000000000000e+04 1.764806112782935088e-01 5.308267125653287621e-02 2.978424818996927570e-02
3.130800000000000000e+04 1.764806112782935088e-01 5.308267125653287621e-02 2.978424818996927570e-02
3.130900000000000000e+04 1.764806112782935088e-01 5.308267125653287621e-02 2.978424818996927570e-02
3.023300000000000000e+04 1.764806112782935088e-01 5.308267125653287621e-02 2.978424818996927570e-02
2.988800000000000000e+04 5.618501569883420643e-01 7.222458819946098174e-02 4.615394241075136961e-01
3.003700000000000000e+04 -2.667452895292399262e-02 1.542059355202809456e-01 -1.401266141103150176e-01
3.144500000000000000e+04 -2.719711532744497617e-01 1.048777359910815221e-01 -2.681291879778058274e-01
2.958800000000000000e+04 3.169109238493490466e-01 1.256191708772149696e-01 9.105081480939247740e-03
3.005300000000000000e+04 -4.262805650864294194e-01 1.241225803342871359e-01 -1.612839959481675578e-01
3.133500000000000000e+04 4.034780404442983581e-02 8.572121024347723051e-02 2.246723408222806029e-02
3.133400000000000000e+04 4.034780404442983581e-02 8.572121024347723051e-02 2.246723408222806029e-02
2.938100000000000000e+04 2.283533130108139630e-01 -1.762619067946502582e-03 3.265482623136080065e-01
3.019600000000000000e+04 2.283533130108139630e-01 -1.762619067946502582e-03 3.265482623136080065e-01
3.022600000000000000e+04 4.476978929807557961e-01 5.773290959473342809e-02 4.527520898800361238e-01
3.010100000000000000e+04 -3.876987865092473839e-02 4.751266179859214844e-02 -2.667748317007152536e-01
3.124100000000000000e+04 7.974212215783893498e-02 8.258826261564422566e-02 -4.843762170473553397e-02
3.142100000000000000e+04 6.872359660157201233e-01 1.399343526502150326e-02 -6.620702268744622643e-01
2.950200000000000000e+04 1.364508316693076040e-01 4.641522853427204609e-02 -4.644950095455158134e-02
3.138800000000000000e+04 1.364508316693076040e-01 4.641522853427204609e-02 -4.644950095455158134e-02
2.956800000000000000e+04 1.364508316693076040e-01 4.641522853427204609e-02 -4.644950095455158134e-02
3.148200000000000000e+04 1.364508316693076040e-01 4.641522853427204609e-02 -4.644950095455158134e-02
3.054200000000000000e+04 1.364508316693076040e-01 4.641522853427204609e-02 -4.644950095455158134e-02
3.005600000000000000e+04 5.553199303246003637e-02 2.733605840877828541e-02 -2.238137569830342954e-01
3.141800000000000000e+04 -1.569712506441618416e-01 -1.667066079764367714e-02 -1.546802004187952662e-02
3.095200000000000000e+04 1.674228142972538080e-01 -1.107146332005015665e-02 -1.837001185995745800e-01
2.951700000000000000e+04 2.571809090906640449e-01 3.951698335622211289e-02 5.348420143106409341e-01
2.951600000000000000e+04 7.486260865848919366e-01 2.194871832547562462e-02 -6.874421983088154775e-01
3.132000000000000000e+04 3.368456689130994164e-02 4.039941888530051983e-02 4.744678345008424003e-02
3.136500000000000000e+04 3.368456689130994164e-02 4.039941888530051983e-02 4.744678345008424003e-02
3.136400000000000000e+04 3.368456689130994164e-02 4.039941888530051983e-02 4.744678345008424003e-02
2.980400000000000000e+04 3.368456689130994164e-02 4.039941888530051983e-02 4.744678345008424003e-02
3.030800000000000000e+04 3.368456689130994164e-02 4.039941888530051983e-02 4.744678345008424003e-02
2.959300000000000000e+04 3.368456689130994164e-02 4.039941888530051983e-02 4.744678345008424003e-02
3.123200000000000000e+04 -1.266050488788863504e-01 -1.979978223388911829e-03 -4.815947935453834816e-01
3.123300000000000000e+04 -3.778785935450912348e-02 1.984880450652326545e-02 -5.834932639284033939e-01
2.917600000000000000e+04 -3.778785935450912348e-02 1.984880450652326545e-02 -5.834932639284033939e-01
3.098500000000000000e+04 1.673729184387724445e-01 4.393989575110879287e-02 -4.748103724382986002e-01
2.981200000000000000e+04 1.673729184387724445e-01 4.393989575110879287e-02 -4.748103724382986002e-01
3.041500000000000000e+04 -1.675150702715484385e-01 1.982743281791954360e-02 -2.364989395324101906e-01
2.918500000000000000e+04 -1.675150702715484385e-01 1.982743281791954360e-02 -2.364989395324101906e-01
2.918400000000000000e+04 -1.675150702715484385e-01 1.982743281791954360e-02 -2.364989395324101906e-01
2.918300000000000000e+04 -1.675150702715484385e-01 1.982743281791954360e-02 -2.364989395324101906e-01
3.022800000000000000e+04 -1.675150702715484385e-01 1.982743281791954360e-02 -2.364989395324101906e-01
3.033400000000000000e+04 -5.398684743201727088e-01 4.548983044523424724e-02 1.053381554405206089e-01
3.136200000000000000e+04 -3.191084973194620034e-01 -9.189585109311337874e-03 1.173196043070049654e+00
3.136100000000000000e+04 2.764928393233390125e-03 2.199288803444687801e-02 -3.319688076285984835e-01
3.136000000000000000e+04 4.357230869310058097e-02 4.649987261359456170e-03 -1.064902198728390204e-01
2.924000000000000000e+04 4.357230869310058097e-02 4.649987261359456170e-03 -1.064902198728390204e-01
2.924100000000000000e+04 1.003964690517676672e+00 -1.408142120200750469e-02 4.172972428115429011e-02
3.009600000000000000e+04 2.358431847771242929e-01 -2.381910629679850899e-03 -2.261940658221277545e-01
3.016800000000000000e+04 2.358431847771242929e-01 -2.381910629679850899e-03 -2.261940658221277545e-01
3.029800000000000000e+04 2.358431847771242929e-01 -2.381910629679850899e-03 -2.261940658221277545e-01
3.029900000000000000e+04 2.358431847771242929e-01 -2.381910629679850899e-03 -2.261940658221277545e-01
2.969200000000000000e+04 1.923599444044157281e-01 8.842807439179978246e-05 5.108297491304654159e-01
2.937900000000000000e+04 1.801716888897004765e-01 1.248091397143014092e-02 -1.034801715779849474e-01
2.937800000000000000e+04 4.440077701842284341e-01 1.112171457735655622e-02 4.822134244050175766e-01
3.048100000000000000e+04 4.440077701842284341e-01 1.112171457735655622e-02 4.822134244050175766e-01
3.022300000000000000e+04 4.440077701842284341e-01 1.112171457735655622e-02 4.822134244050175766e-01
3.017800000000000000e+04 -1.172504809120624714e-01 -2.697412434086743360e-02 3.060250397518018417e-01
3.021500000000000000e+04 -1.143076116643527484e+00 -1.583414460390031309e-02 -3.127412425579620958e-01
2.950400000000000000e+04 -1.143076116643527484e+00 -1.583414460390031309e-02 -3.127412425579620958e-01
3.098700000000000000e+04 -1.143076116643527484e+00 -1.583414460390031309e-02 -3.127412425579620958e-01
3.098600000000000000e+04 -1.166995595753661519e-01 -1.726495155229201828e-02 1.267168836421035394e-01
2.923100000000000000e+04 -1.166995595753661519e-01 -1.726495155229201828e-02 1.267168836421035394e-01
3.009500000000000000e+04 2.269498759611110472e-01 -2.965142143064269931e-02 4.166886865462515743e-03
3.030700000000000000e+04 2.269498759611110472e-01 -2.965142143064269931e-02 4.166886865462515743e-03
2.962600000000000000e+04 2.269498759611110472e-01 -2.965142143064269931e-02 4.166886865462515743e-03
2.955100000000000000e+04 2.269498759611110472e-01 -2.965142143064269931e-02 4.166886865462515743e-03
3.033100000000000000e+04 -1.520950852965796685e-01 -3.496759944857785740e-02 -5.016328646660923596e-01
3.137600000000000000e+04 1.472586125237285160e-02 -3.285153624416636831e-02 1.424789296097088709e-01
2.965500000000000000e+04 1.472586125237285160e-02 -3.285153624416636831e-02 1.424789296097088709e-01
3.023400000000000000e+04 5.011556011141635736e-01 -3.769032627421609050e-02 -4.710748673041962320e-01
3.119000000000000000e+04 -2.980089890444617140e-01 -2.831184793453189741e-02 3.268824247816439765e-01
2.991700000000000000e+04 2.437352897780442618e-01 -3.561128331126894864e-02 1.073598566327831350e-01
2.991600000000000000e+04 -7.891153954973617601e-02 -3.787436581505687627e-02 -4.133578387574203816e-01
2.991500000000000000e+04 -7.891153954973617601e-02 -3.787436581505687627e-02 -4.133578387574203816e-01
3.119100000000000000e+04 2.480117335521470068e-02 -4.156142060095646684e-02 -4.231122363459718372e-01
3.045900000000000000e+04 2.480117335521470068e-02 -4.156142060095646684e-02 -4.231122363459718372e-01
3.119200000000000000e+04 3.140871326768603922e-01 -3.550522488532692478e-02 -2.617720765304909492e-01
2.962700000000000000e+04 3.140871326768603922e-01 -3.550522488532692478e-02 -2.617720765304909492e-01
3.047300000000000000e+04 -5.473922306446326047e-01 -5.443329966018097821e-01 1.504844433385201796e+00
3.093700000000000000e+04 -5.473922306446326047e-01 -5.443329966018097821e-01 1.504844433385201796e+00
3.047100000000000000e+04 -3.273896122593384916e-01 -1.651733742689884821e-01 1.502105156343631620e+00
3.093800000000000000e+04 -6.224257476204684281e-01 -2.819221985762538907e-01 1.122726341391626192e+00
3.099300000000000000e+04 -6.311954579105076846e-01 -1.251518425071083129e-01 1.220309750172688723e+00
3.099400000000000000e+04 -7.218553283714328472e-01 -7.749831494288059730e-01 7.977865437172937391e-01
3.136800000000000000e+04 -6.344051762164752972e-01 -5.180801132324859282e-01 6.176237803431519069e-01
3.150900000000000000e+04 -2.319352244932417761e-01 -8.940646234767228862e-01 7.189075499472892261e-01
3.047000000000000000e+04 -2.319352244932417761e-01 -8.940646234767228862e-01 7.189075499472892261e-01
2.992600000000000000e+04 -2.587199835876674570e-01 -1.269399089174697792e+00 8.273477554405133105e-01
3.147000000000000000e+04 -3.300702403790580775e-01 -1.215450875513411688e+00 8.151466062262073820e-01
2.962000000000000000e+04 -7.702809724904682298e-01 -1.825962898989814676e-01 -4.565729611664437471e-02
2.964700000000000000e+04 -1.011876549946904902e+00 -2.102629124555051021e-01 -1.485239570080523208e-01
3.047400000000000000e+04 -1.011876549946904902e+00 -2.102629124555051021e-01 -1.485239570080523208e-01
2.928800000000000000e+04 -1.251129070043518254e+00 -2.327149150500815722e-01 7.658521547315899625e-02
2.961000000000000000e+04 -1.251129070043518254e+00 -2.327149150500815722e-01 7.658521547315899625e-02
2.961100000000000000e+04 -1.130424852351666232e+00 -4.067141524747199810e-01 3.912767474105294241e-03
2.929000000000000000e+04 -3.226896446415565833e-01 -3.625833917191556566e-01 5.692533379491635515e-01
3.117500000000000000e+04 -3.204127366374791563e-01 -7.013667129987766202e-02 4.344566964675351528e-01
3.117400000000000000e+04 -3.967147516212463643e-01 -1.733989767922707870e-01 2.473942350076470120e-01
3.020800000000000000e+04 -5.355477424603094505e-01 -3.738749207151101928e-01 4.878576761856834310e-02
3.024100000000000000e+04 -4.422877932685054247e-01 -1.788721071980887700e-01 2.033865576985931511e-01
2.917300000000000000e+04 -4.422877932685054247e-01 -1.788721071980887700e-01 2.033865576985931511e-01
2.917400000000000000e+04 -4.422877932685054247e-01 -1.788721071980887700e-01 2.033865576985931511e-01
3.024000000000000000e+04 -4.937086034472315532e-01 -2.585025413751367296e-01 3.234493425346585127e-01
3.093200000000000000e+04 -4.937086034472315532e-01 -2.585025413751367296e-01 3.234493425346585127e-01
2.928900000000000000e+04 -2.438792430191085714e-01 -4.083853407133091196e-01 1.368606276151353995e-01
3.093400000000000000e+04 -2.438792430191085714e-01 -4.083853407133091196e-01 1.368606276151353995e-01
3.093500000000000000e+04 -3.324147161252994920e-01 -4.280026445055682416e-01 5.179340928675912892e-02
3.093300000000000000e+04 -3.324147161252994920e-01 -4.280026445055682416e-01 5.179340928675912892e-02
3.024200000000000000e+04 -4.451944574410191535e-01 -9.009725090517406443e-02 1.768097841350737554e-01
3.014000000000000000e+04 -4.793808220360205041e-01 -4.381805409876733393e-01 2.084975644922053561e-01
3.014100000000000000e+04 -3.754668177155053854e-01 -5.262879107185653993e-01 1.435255878187007283e-01
3.020300000000000000e+04 -6.503919743738606485e-01 -6.465445648941141599e-01 2.781056265993839816e-01
2.968400000000000000e+04 -6.780272384534811181e-01 -2.568242343545961148e-01 -9.496819637286080251e-02
2.923000000000000000e+04 -6.780272384534811181e-01 -2.568242343545961148e-01 -9.496819637286080251e-02
3.030200000000000000e+04 -4.174990734492780575e-01 -4.760403441878224839e-01 -1.871470123739555902e-01
2.957300000000000000e+04 -4.174990734492780575e-01 -4.760403441878224839e-01 -1.871470123739555902e-01
3.009400000000000000e+04 -4.174990734492780575e-01 -4.760403441878224839e-01 -1.871470123739555902e-01
2.960600000000000000e+04 -2.706757785290250240e-01 -3.747934682471196766e-01 -1.730489081890596026e-01
3.142000000000000000e+04 -2.718132611404797672e-01 -1.018767229085995041e-01 -3.643841087046126859e-01
3.044900000000000000e+04 -2.718132611404797672e-01 -1.018767229085995041e-01 -3.643841087046126859e-01
