# star id 	 star_x_coords [pc] 	 star_y_coords [pc] 	 star_z_coords [pc] 
5.826000000000000000e+03 -1.106250076420650430e+00 5.070308359349553484e-01 -1.502996098908363720e+00
5.825000000000000000e+03 -8.642656832450583693e-01 -1.483983060854541236e-01 -1.180884177432418802e+00
5.496000000000000000e+03 -7.444019355913411573e-02 2.216647206298745232e-01 -2.382673931523431321e-01
5.497000000000000000e+03 -7.444019355913411573e-02 2.216647206298745232e-01 -2.382673931523431321e-01
5.498000000000000000e+03 -7.444019355913411573e-02 2.216647206298745232e-01 -2.382673931523431321e-01
5.499000000000000000e+03 5.678021436230693553e-01 1.346829636514996764e-01 -6.086377188535330163e-02
5.817000000000000000e+03 3.848782298274855407e-01 -8.152683845452202149e-03 2.666910292432662644e-01
5.816000000000000000e+03 3.848782298274855407e-01 -8.152683845452202149e-03 2.666910292432662644e-01
5.815000000000000000e+03 3.848782298274855407e-01 -8.152683845452202149e-03 2.666910292432662644e-01
5.597000000000000000e+03 3.848782298274855407e-01 -8.152683845452202149e-03 2.666910292432662644e-01
5.601000000000000000e+03 9.954653811875857627e-02 -5.792345174944841801e-01 1.288469888318029888e+00
5.565000000000000000e+03 9.954653811875857627e-02 -5.792345174944841801e-01 1.288469888318029888e+00
