# star id 	 star_x_coords [pc] 	 star_y_coords [pc] 	 star_z_coords [pc] 
9.407000000000000000e+03 -1.145901005499450065e-01 -1.798820356568505474e+00 -1.948880564981436692e-02
7.863000000000000000e+03 5.704569320471888361e-01 -9.964434456908417559e-01 6.716880262607549668e-01
7.864000000000000000e+03 -3.936932799851327047e-01 -7.172166786088496337e-01 5.752380203027129824e-01
1.366500000000000000e+04 -3.936932799851327047e-01 -7.172166786088496337e-01 5.752380203027129824e-01
1.366600000000000000e+04 -2.770216338271360712e-01 -1.067969942085486679e+00 1.475225675969031869e-01
1.204700000000000000e+04 -1.933699754256199554e-01 -7.147848438403752169e-01 1.283567462936634485e-01
1.399200000000000000e+04 -3.306166716928835569e-01 -6.774233199130712535e-01 5.299282367713100683e-01
1.385600000000000000e+04 1.527450658036242359e-01 -8.719027366157057202e-01 5.865895640655125476e-01
1.402700000000000000e+04 -1.467244264064415660e-01 -6.001472270994074876e-01 5.908624416629884024e-01
1.399500000000000000e+04 -1.467244264064415660e-01 -6.001472270994074876e-01 5.908624416629884024e-01
1.384300000000000000e+04 -5.025314533528160155e-01 -6.573226784453520821e-01 2.042434449358161430e-01
8.255000000000000000e+03 1.723443318902644350e-01 -7.187608370861280349e-01 1.366524314304609078e-01
7.851000000000000000e+03 5.131927989737805618e-01 -1.086447773381982174e+00 4.727038609764022681e-02
7.852000000000000000e+03 4.265191843612905487e-01 -7.169250767607806551e-01 1.337730047352785334e-01
8.277000000000000000e+03 4.440453136293669445e-01 -8.798933245379689794e-01 4.397291912758216625e-01
8.241000000000000000e+03 -7.087666662762313052e-01 -9.340999697240803812e-02 1.743652245809208523e-01
9.116000000000000000e+03 -8.109425436598307613e-01 -4.626531725558749031e-01 2.363002075024187576e-01
1.402600000000000000e+04 7.382207589833997829e-01 -5.881767479261981180e-01 6.336437426249368343e-01
9.226000000000000000e+03 7.494307680338163635e-01 -6.104326661781147578e-01 4.834836575518224322e-01
8.377000000000000000e+03 1.083815177376268757e+00 -3.011090787998114138e-01 6.393849333886869601e-02
8.280000000000000000e+03 8.129449057886084518e-01 -6.752084415868786493e-02 1.454553676954759567e-01
9.117000000000000000e+03 9.688131836314219925e-01 -8.634871548612359504e-01 -3.829663640761964416e-01
1.368400000000000000e+04 -3.959396950521512082e-01 -6.992731880474156725e-01 -4.634968408887285563e-01
1.368500000000000000e+04 -1.830843618014963425e-01 -8.552198473288061820e-01 2.058046104480126814e-03
9.978000000000000000e+03 -3.314918972534748320e-01 -7.482700932148542705e-01 3.566720479556551027e-02
9.979000000000000000e+03 -4.189394277864337823e-01 -7.614521261368860650e-01 -2.738580808854269577e-01
1.386400000000000000e+04 -8.728682208321885128e-01 -6.972375152141037091e-01 -2.041381451081214493e-01
1.397800000000000000e+04 -5.725015403967166350e-01 -1.050821243814599626e+00 1.251640221227567906e-02
9.227000000000000000e+03 7.143845663818160219e-01 -6.720243952551019362e-01 -4.341690980190229254e-01
8.004000000000000000e+03 5.023151692192957540e-01 -8.895756340583602650e-01 -3.779393060551896610e-01
7.847000000000000000e+03 2.604058190706419751e-01 -6.935043652662002955e-01 -4.181260579528665033e-01
1.404200000000000000e+04 2.028338994122336203e-01 -6.323615788654226577e-01 -4.696765446351314210e-01
1.402000000000000000e+04 -3.246228862361260070e-01 -1.423329051216732921e+00 1.879870301475961014e-03
1.401900000000000000e+04 1.170115753366333777e+00 -2.912913995533354949e-01 -4.323704871822897644e-02
1.389700000000000000e+04 1.033863057124322360e+00 -1.901517054980796928e-01 3.203758216376328960e-02
1.402500000000000000e+04 -5.509154538912834909e-01 -1.291291654468832206e+00 -5.684062443160442513e-03
7.991000000000000000e+03 -7.498110528786749995e-01 -3.461727641041090209e-01 -1.828786641893582754e-01
7.987000000000000000e+03 -7.399072354691362818e-01 -8.669746776663522780e-02 -3.585279676940267279e-02
9.118000000000000000e+03 -6.711851350135056293e-02 -9.322700593896779964e-01 -6.560485231690424968e-01
8.080000000000000000e+03 1.793063354945267918e-02 -6.378834001074515925e-01 -6.161715187238314684e-01
7.926000000000000000e+03 -3.850060952796425795e-01 -9.135384256106799938e-01 -6.663061014243751856e-01
1.373600000000000000e+04 6.520390394574295811e-01 -8.451178573285282880e-01 -5.399096405094319095e-01
8.311000000000000000e+03 6.520390394574295811e-01 -8.451178573285282880e-01 -5.399096405094319095e-01
8.040000000000000000e+03 -9.223817292818097258e-01 -2.646378691197330824e-01 -5.882861688166229897e-01
8.041000000000000000e+03 -7.173266751346538683e-01 -3.538885445058763679e-01 -5.316548158745870722e-01
8.008000000000000000e+03 -7.173266751346538683e-01 -3.538885445058763679e-01 -5.316548158745870722e-01
9.440000000000000000e+03 1.711258545944724929e-01 -2.690889741983113481e-01 -5.919495525396740732e-01
8.049000000000000000e+03 4.484278685004063902e-01 -1.467623660857224621e-01 -9.141548940808945645e-01
7.857000000000000000e+03 5.738389688608886985e-01 -7.778427522241315728e-02 -6.281554753343705499e-01
7.861000000000000000e+03 1.934099724777116336e-01 -5.523736332393411885e-01 -6.662330860708696179e-01
8.350000000000000000e+03 2.140792100981059320e-02 -2.144370121573224708e-01 3.584709766157097022e-01
8.351000000000000000e+03 1.305521432066747423e-03 -4.561760994972274830e-02 4.636375109476666978e-01
1.017100000000000000e+04 -6.575163937986516771e-02 -3.486646290490202915e-01 4.269963929057922769e-01
8.293000000000000000e+03 -2.149274453952187969e-03 -3.353066517104785760e-01 8.344892134543080431e-02
1.380000000000000000e+04 2.068013833938930901e-02 -3.823648094835370159e-01 2.229611158724811304e-01
8.433000000000000000e+03 -5.519335514669059251e-01 -5.435612153614499675e-01 1.704617024866497133e-01
1.375500000000000000e+04 -1.577631075293197682e-01 -2.366098752666552230e-01 7.173636466480992624e-02
1.365200000000000000e+04 -1.577631075293197682e-01 -2.366098752666552230e-01 7.173636466480992624e-02
7.832000000000000000e+03 -1.577631075293197682e-01 -2.366098752666552230e-01 7.173636466480992624e-02
7.831000000000000000e+03 -1.577631075293197682e-01 -2.366098752666552230e-01 7.173636466480992624e-02
8.068000000000000000e+03 -2.396342563487454669e-01 -1.601101325173956980e-01 1.066251013030345973e-01
7.836000000000000000e+03 -2.674263852930067742e-01 -6.097037483523060075e-02 1.317703088571580139e-01
1.379600000000000000e+04 -1.387883066733621718e-01 -2.416698358896702814e-01 1.342109489409342160e-01
7.887000000000000000e+03 -1.783009712912875244e-01 -4.662670077092023746e-02 1.704933671872534973e-01
8.059000000000000000e+03 -1.385759732287965562e-01 -5.996185590075420180e-02 2.140474371322653724e-01
1.376700000000000000e+04 -1.385759732287965562e-01 -5.996185590075420180e-02 2.140474371322653724e-01
1.376800000000000000e+04 -1.407945620123935981e-01 -1.450400381333700750e-01 1.974675383420301245e-01
1.376900000000000000e+04 -1.407945620123935981e-01 -1.450400381333700750e-01 1.974675383420301245e-01
8.007000000000000000e+03 -3.308894023338542212e-01 -4.581116183287292642e-02 1.167293155708879482e-01
8.352000000000000000e+03 -3.483381360021944317e-01 -1.464974960527616332e-01 2.213003046329067303e-01
1.364400000000000000e+04 -1.203476474863212076e-01 -6.435595608100719289e-02 2.527927974624493146e-01
1.364500000000000000e+04 -1.584300028523841775e-01 -1.641608351563839108e-01 2.633127852404282265e-01
1.021800000000000000e+04 -1.584300028523841775e-01 -1.641608351563839108e-01 2.633127852404282265e-01
8.315000000000000000e+03 -3.847296440791954097e-01 -5.986207208287552817e-02 2.241505176459028803e-01
7.886000000000000000e+03 -3.847296440791954097e-01 -5.986207208287552817e-02 2.241505176459028803e-01
8.070000000000000000e+03 -2.530843324972238406e-01 -1.314732593901428714e-01 3.195014053153961697e-01
8.286000000000000000e+03 -2.530843324972238406e-01 -1.314732593901428714e-01 3.195014053153961697e-01
8.403000000000000000e+03 -2.530843324972238406e-01 -1.314732593901428714e-01 3.195014053153961697e-01
9.119000000000000000e+03 1.215787392969094327e-01 -1.623758248337185961e-01 5.199875024246125577e-02
8.083000000000000000e+03 4.330403576962638112e-02 -1.748964434751627550e-01 1.022606717342817717e-01
8.237000000000000000e+03 4.330403576962638112e-02 -1.748964434751627550e-01 1.022606717342817717e-01
9.318000000000000000e+03 4.330403576962638112e-02 -1.748964434751627550e-01 1.022606717342817717e-01
8.930000000000000000e+03 7.183498883205530205e-02 -5.956844925200321939e-02 1.324143168465639064e-01
8.931000000000000000e+03 1.044210964962486443e-01 -1.150848791080534284e-01 1.654163715116432343e-01
8.932000000000000000e+03 -1.815665430192403562e-03 -1.667234951421807665e-01 1.718917148531069472e-01
1.398800000000000000e+04 2.227830174860567780e-02 -3.623893826489066328e-02 2.435198473036219724e-01
9.707000000000000000e+03 8.767625808798573672e-02 -1.541244244002708541e-01 2.972693610269701026e-01
9.708000000000000000e+03 3.610686719223954455e-01 -3.257015339777282747e-01 1.624108813668456719e-01
8.988000000000000000e+03 3.775177544598742330e-01 -3.072885286380042658e-01 6.023240267647800295e-02
8.090000000000000000e+03 1.990105550978134019e-01 -2.987789423118591969e-01 3.009303999881023373e-01
8.092000000000000000e+03 -3.047606761803756115e-01 -4.913300197474814723e-01 -1.898840236527110648e-01
8.360000000000000000e+03 -1.342170202202375151e-01 -4.120533271826776200e-01 -1.518897773364003001e-01
1.399400000000000000e+04 -9.564816116444774252e-02 -4.278040308335011588e-01 -3.038436401341293447e-02
8.101000000000000000e+03 -6.914271406031424760e-02 -4.006176657122946239e-01 -8.910162142847077860e-02
1.399600000000000000e+04 -8.093869079417892465e-02 -3.349416253027328594e-01 -1.339380868316819573e-01
1.025900000000000000e+04 -5.458983022454884093e-01 -3.832831743920532830e-01 -5.915558411498444968e-02
8.091000000000000000e+03 -1.558311215286884988e-01 -2.373977740679027448e-01 -1.778544774668198158e-01
1.373200000000000000e+04 -1.550622376312915662e-01 -1.114433860696077971e-01 -6.669627067956795941e-02
1.026600000000000000e+04 -1.550622376312915662e-01 -1.114433860696077971e-01 -6.669627067956795941e-02
8.435000000000000000e+03 -1.445251744601616650e-01 -1.031234349012919438e-01 -8.466732438797919258e-02
8.060000000000000000e+03 -1.341575524386247054e-01 -2.308301223038036198e-01 -3.861082053578712703e-02
8.297000000000000000e+03 -2.337623813735447698e-01 -2.573214718334178031e-01 -2.983258244721120889e-02
1.369900000000000000e+04 -2.383866932476976785e-01 -1.952120112569719623e-01 1.767810778429890206e-02
1.208600000000000000e+04 -3.829280817359652644e-01 -1.185874002459712528e-01 -2.681570070917871362e-02
1.208700000000000000e+04 -3.829280817359652644e-01 -1.185874002459712528e-01 -2.681570070917871362e-02
7.997000000000000000e+03 4.253165653866819440e-01 -2.992508688226660496e-01 -1.478256291633996966e-01
8.331000000000000000e+03 2.687058630969039186e-01 -2.738587045521985175e-01 -1.363439902682568317e-01
1.406600000000000000e+04 3.229925653877101510e-01 -3.643396771981421978e-02 -2.240278146909897572e-01
1.385500000000000000e+04 2.510950529354287752e-01 -1.924674098221874630e-01 -2.115366306819730369e-01
9.715000000000000000e+03 3.724437068088910507e-01 -1.459322657885824270e-01 -8.733530855847781993e-02
9.982000000000000000e+03 2.773840508035299024e-01 -6.930726481886395618e-02 -2.456264606107438908e-02
9.983000000000000000e+03 2.773840508035299024e-01 -6.930726481886395618e-02 -2.456264606107438908e-02
8.418000000000000000e+03 -8.087909170800777758e-02 -1.917704995427378378e-01 -2.228578317543181697e-01
8.314000000000000000e+03 -4.270168449777145270e-02 -2.392217328028500845e-01 -1.212735789603769376e-01
1.372100000000000000e+04 -3.343972968873565321e-03 -2.120161241813018904e-01 -2.096299590400150237e-01
7.968000000000000000e+03 1.165403803830047380e-01 -1.196426678217381578e-01 -1.701205177116928979e-01
1.379700000000000000e+04 -6.050311512858819185e-02 -1.602726646215284489e-01 -1.357025247885985664e-01
9.664000000000000000e+03 1.373935232633582970e-01 -2.126205902512747770e-01 -5.005400037860674445e-02
1.389300000000000000e+04 9.147498490708017016e-02 -6.147694913854984122e-02 -3.763969176070425249e-02
7.990000000000000000e+03 9.147498490708017016e-02 -6.147694913854984122e-02 -3.763969176070425249e-02
1.369500000000000000e+04 9.147498490708017016e-02 -6.147694913854984122e-02 -3.763969176070425249e-02
1.369600000000000000e+04 5.799423095670164230e-03 -5.914280707058416908e-02 -1.239955364773948077e-02
8.261000000000000000e+03 -2.501456661327949860e-02 -4.089107062186236874e-02 2.455807455866754196e-02
8.262000000000000000e+03 -2.501456661327949860e-02 -4.089107062186236874e-02 2.455807455866754196e-02
8.959000000000000000e+03 7.529162720050752711e-02 -4.154117530864809282e-02 3.572695390642266489e-02
8.132000000000000000e+03 7.529162720050752711e-02 -4.154117530864809282e-02 3.572695390642266489e-02
1.201200000000000000e+04 7.529162720050752711e-02 -4.154117530864809282e-02 3.572695390642266489e-02
8.376000000000000000e+03 -4.538191265579083478e-01 -1.111176640202362620e-01 -1.941314658698409801e-01
1.201100000000000000e+04 -5.365803488995375403e-01 -2.920424819275542205e-01 -1.857953616042458123e-01
9.555000000000000000e+03 -5.172450337139515852e-01 -1.768172894177961751e-01 -6.973724179439244608e-02
9.554000000000000000e+03 3.572188673665515068e-01 -3.667730252158527549e-01 -2.033972422647813971e-01
1.371100000000000000e+04 2.481546980250062262e-01 -3.486140475274872585e-01 3.286677071158194963e-02
8.987000000000000000e+03 -1.748419575759196931e-01 -2.166177794275938595e-01 -3.539409396685382347e-01
7.971000000000000000e+03 -3.524965877415873194e-01 -1.815062194816690067e-01 -3.087054307488124039e-01
8.336000000000000000e+03 -3.521604409540284308e-01 -2.474076349369109806e-01 -2.859996675632618945e-01
1.176000000000000000e+04 1.231763073533302943e-01 -1.166294428365493019e-01 -5.079912217962547771e-01
1.397100000000000000e+04 1.220402070137005524e-02 -3.661263710139905925e-02 -3.875996863960651240e-01
1.397200000000000000e+04 1.220402070137005524e-02 -3.661263710139905925e-02 -3.875996863960651240e-01
8.475000000000000000e+03 5.521045567710380908e-03 -2.584003275611497230e-01 -3.557331002890133931e-01
8.476000000000000000e+03 5.521045567710380908e-03 -2.584003275611497230e-01 -3.557331002890133931e-01
8.215000000000000000e+03 -7.827792920856779801e-03 -9.449958856157536502e-02 -3.342973870329029040e-01
8.216000000000000000e+03 -7.827792920856779801e-03 -9.449958856157536502e-02 -3.342973870329029040e-01
8.335000000000000000e+03 3.465042495410575185e-02 -5.412941688679975272e-01 -5.050557256818066776e-01
8.296000000000000000e+03 5.214565436697959910e-03 -5.227284563272469597e-01 -2.798851362278256261e-01
1.396200000000000000e+04 1.840429473489821888e-01 -2.217626482221799478e-01 -4.962964078417897440e-01
8.094000000000000000e+03 3.592317591227045526e-01 -4.031490701208184646e-02 -4.426109093091152857e-01
8.401000000000000000e+03 2.853369326972003961e-01 -2.048905290286686665e-01 -3.521894657955879637e-01
8.309000000000000000e+03 2.210635967336473939e-01 -2.451920542932786162e-01 -2.763658052061757076e-01
8.310000000000000000e+03 2.210635967336473939e-01 -2.451920542932786162e-01 -2.763658052061757076e-01
1.376400000000000000e+04 1.821613833533017868e-01 -1.232349274515147641e-01 -4.910954691006121919e-01
8.301000000000000000e+03 1.741818461070163693e-01 -4.838946604487226466e-02 -4.675025226751188256e-01
1.371000000000000000e+04 2.722068196540030627e-01 -3.508644335517097090e-02 -2.425629976036720592e-01
1.015100000000000000e+04 2.722068196540030627e-01 -3.508644335517097090e-02 -2.425629976036720592e-01
1.026400000000000000e+04 -6.299984158089007025e-01 -4.113198237994133422e-01 -5.010459723994618031e-01
8.975000000000000000e+03 -5.807404811349936580e-01 -5.749959708347081033e-01 -2.702487165958213922e-01
1.207200000000000000e+04 5.478793648238378111e-01 -8.206439592734859900e-02 -4.200507979457359653e-01
1.374800000000000000e+04 4.695035256745221375e-01 -2.460930063190183148e-01 -3.219054798163316633e-01
8.025000000000000000e+03 4.695035256745221375e-01 -2.460930063190183148e-01 -3.219054798163316633e-01
8.075000000000000000e+03 5.145171317367722708e-01 -1.465780993859393533e-01 -2.528050497541727282e-01
1.201300000000000000e+04 5.145171317367722708e-01 -1.465780993859393533e-01 -2.528050497541727282e-01
8.976000000000000000e+03 4.764260216788507307e-01 -5.158611048096766183e-01 -1.851711460631548789e-01
9.617000000000000000e+03 7.147987721471587008e-01 -3.372342013044953291e-01 3.267892006194728083e-01
7.981000000000000000e+03 4.583517124916864915e-01 -4.625788275459719046e-01 1.207535640327179749e-01
9.380000000000000000e+03 6.628390146943550221e-01 -2.018615540881061321e-01 3.937698585971993737e-01
1.203000000000000000e+04 -2.708233299199935828e-01 3.584802010544549944e-01 1.299303439174424923e+00
1.203100000000000000e+04 -5.114828067456365090e-01 3.445775470973551080e-01 1.418568519362603197e+00
1.203200000000000000e+04 1.681175556395198001e-01 2.389881350986193809e-01 7.895372573092753754e-01
1.203300000000000000e+04 -2.619068685155490073e-02 8.846994057313217752e-02 8.251713321427995851e-01
1.386300000000000000e+04 1.300381675455390962e-01 4.231932807289027210e-01 7.039519291502838172e-01
8.300000000000000000e+03 -3.096177836533833272e-01 4.281164755261652743e-01 1.075065328023304900e+00
8.977000000000000000e+03 -7.179368592808330618e-01 9.938772658363603796e-02 6.915414494576683779e-01
9.320000000000000000e+03 -4.587660365930723572e-01 5.139581555326593332e-01 8.269559820370879777e-01
1.378200000000000000e+04 -6.832181596723234662e-01 1.752676986356576094e-01 9.461318784819834349e-01
1.378100000000000000e+04 -5.011392698822696445e-01 2.204448579718256696e-01 7.762128129928189679e-01
8.467000000000000000e+03 6.643371316765787071e-01 5.168024147540357660e-01 7.299059777916756531e-01
9.170000000000000000e+03 6.436552653093281506e-01 4.919398458809176589e-02 8.038762893092297190e-01
9.169000000000000000e+03 4.211650052909412523e-01 9.136067844409900829e-02 8.341962392905450940e-01
1.381600000000000000e+04 4.211650052909412523e-01 9.136067844409900829e-02 8.341962392905450940e-01
1.390700000000000000e+04 4.265439323701833985e-01 2.434348485934254569e-01 7.062133037086901766e-01
1.381500000000000000e+04 2.889855718148366392e-01 2.460091153220957949e-01 6.958210349251476856e-01
8.035000000000000000e+03 3.512608629291937845e-01 2.816844137225853473e-01 7.568541767466694381e-01
1.352400000000000000e+04 2.066532616127174649e-01 4.696209962772499580e-01 9.328325128087904261e-01
1.352300000000000000e+04 -4.735962721326814062e-02 6.403667362801730434e-01 9.293566533514159289e-01
9.503000000000000000e+03 -1.078777418512116171e+00 4.088327849159885119e-01 5.364785921920187661e-01
8.327000000000000000e+03 -9.825835753546527940e-01 4.109908723559900778e-01 5.733025491943539720e-01
9.321000000000000000e+03 -8.437132133272307044e-01 5.270730338194926645e-01 2.853153545115318934e-01
8.313000000000000000e+03 -8.558967222810256459e-01 1.849101342839301054e-01 5.387882741719280943e-01
1.015000000000000000e+04 -7.119087867236046918e-01 -2.839276373606480774e-02 3.564488537272616497e-01
1.385300000000000000e+04 6.133581288358174177e-01 4.245936857631633643e-01 3.975534674629805920e-01
1.384600000000000000e+04 -6.926289411654096284e-02 5.981263075322296174e-01 2.558821255675685080e-01
9.019000000000000000e+03 9.033203729320309350e-01 2.630042046618612517e-01 1.184237739989590921e-01
1.025000000000000000e+04 8.486211749991028341e-01 5.759230548002935990e-01 2.621096007070295997e-01
8.394000000000000000e+03 8.513407729347983732e-01 7.430536908998242041e-02 -3.660516766304873215e-01
8.253000000000000000e+03 7.908766531261495203e-01 -6.897916233011613940e-03 -4.335979408569308191e-01
8.062000000000000000e+03 7.759381462114101069e-01 3.795025723077376512e-01 -1.647700510272418484e-01
1.382400000000000000e+04 7.564121905180352101e-01 -2.931181997099052694e-02 -2.058612034091211740e-01
9.740000000000000000e+03 -7.363035075199686474e-01 2.437090902914693658e-01 -4.143437418305548903e-01
1.410500000000000000e+04 -7.787294609075470220e-01 2.766259478094887925e-01 -6.475199003728526748e-02
1.014100000000000000e+04 -7.374223618327828689e-01 2.270655849894041012e-01 1.935683313148039986e-02
8.456000000000000000e+03 8.259397648541160208e-01 6.968512656782390735e-01 -4.486192548608869402e-02
1.373300000000000000e+04 8.217571309282840630e-01 5.688367695429725757e-01 -1.702970251045954342e-02
1.384700000000000000e+04 1.004733511322886130e-01 7.869127501380397405e-01 -4.946831726204194979e-01
1.369000000000000000e+04 1.394760254190758886e-01 8.731453797106016879e-01 -3.076027374431902217e-01
9.048000000000000000e+03 -1.352658979045102683e-01 7.368454338661347691e-01 -1.753283520514798965e-01
1.368800000000000000e+04 -2.684511079482074791e-01 5.563945929827731618e-01 -2.262050083167466141e-02
7.858000000000000000e+03 -5.062005973382763813e-01 5.403429754068103108e-01 -2.821805313226306566e-01
9.739000000000000000e+03 -7.125396144247506669e-01 7.311248784295312220e-01 -3.777965540071743789e-01
8.349000000000000000e+03 -7.125396144247506669e-01 7.311248784295312220e-01 -3.777965540071743789e-01
8.341000000000000000e+03 -5.965056359334521829e-01 6.509695619417907864e-01 -3.217372997705556514e-01
8.342000000000000000e+03 -5.568148081683830242e-01 8.362412407097945533e-01 -9.734441218513545380e-02
8.529000000000000000e+03 -5.568148081683830242e-01 8.362412407097945533e-01 -9.734441218513545380e-02
8.530000000000000000e+03 -4.406009904193481930e-01 7.658688454645634636e-01 -1.438088089552280735e-02
8.374000000000000000e+03 4.048163807596019126e-01 9.910180180377370363e-01 -4.748282204372991089e-01
7.878000000000000000e+03 9.773760600970211598e-01 8.030441569363055976e-02 -5.472803712527429809e-01
9.738000000000000000e+03 9.773760600970211598e-01 8.030441569363055976e-02 -5.472803712527429809e-01
8.402000000000000000e+03 -2.998704752127867579e-01 3.272532363626474705e-01 -5.929060893706665780e-01
8.407000000000000000e+03 -9.444208450314484082e-02 1.500730264397365232e-01 -5.854185658595980613e-01
9.398000000000000000e+03 9.127973054695903699e-02 1.272221134478357385e-01 -5.754442579408269864e-01
9.399000000000000000e+03 -5.217489785942621694e-01 1.508595610446317181e-01 -6.103413142256890467e-01
1.199500000000000000e+04 3.212917431708559590e-01 2.011239768785699766e-02 -8.278999545983314334e-01
1.199600000000000000e+04 1.426046433810626013e-01 7.939554470280327791e-01 -8.141987384441158326e-01
1.199700000000000000e+04 3.787516154388548273e-02 7.983118630637857649e-01 -6.754471535179931152e-01
8.406000000000000000e+03 7.622846254718851355e-02 7.216679726941706008e-01 -5.578821675709964012e-01
7.889000000000000000e+03 7.622846254718851355e-02 7.216679726941706008e-01 -5.578821675709964012e-01
8.345000000000000000e+03 1.587579355078041488e-01 6.718382525474044797e-01 -5.230036094089953735e-01
8.099000000000000000e+03 -1.737013557479283321e-01 1.238927556838120836e-02 3.820089370163710640e-01
1.205200000000000000e+04 -2.560013109776928530e-01 1.149041109226693891e-01 4.206525088930241907e-01
1.182500000000000000e+04 -2.560013109776928530e-01 1.149041109226693891e-01 4.206525088930241907e-01
8.373000000000000000e+03 -3.802804584728693982e-01 2.229732653971066014e-01 4.709589908804989733e-01
8.994000000000000000e+03 -5.183926590174792182e-01 1.675397264211113679e-01 3.309631497243454845e-01
8.993000000000000000e+03 -5.183926590174792182e-01 1.675397264211113679e-01 3.309631497243454845e-01
7.877000000000000000e+03 -4.878250522925089427e-01 1.076559474473697264e-01 3.536356620080454150e-01
1.205300000000000000e+04 -4.627922269385766896e-01 8.143229600832491144e-02 4.804717007893710701e-01
8.227000000000000000e+03 -6.616935511210950693e-01 4.173172751970639638e-01 5.079957195365878420e-01
8.378000000000000000e+03 -4.470169279401847717e-01 3.200471620624742997e-01 4.389451659590370980e-01
1.398000000000000000e+04 -4.037604974799364754e-01 4.446818335230826591e-01 4.413055059229744614e-01
1.023600000000000000e+04 1.445388942534879817e-01 6.612917004636642559e-02 3.607533894337464631e-01
1.378600000000000000e+04 -6.742801521918195817e-02 2.171420734781399631e-01 4.168437414938583885e-01
1.367400000000000000e+04 -2.430601971353070212e-01 5.086929223808720479e-01 4.178964628685886140e-01
8.324000000000000000e+03 -1.450259861280969176e-01 1.096400874602636577e-01 6.819675262587843179e-02
8.226000000000000000e+03 -2.670503253474265648e-01 6.962523063089776088e-02 6.187156553845341023e-02
7.860000000000000000e+03 -2.622048528293134950e-01 3.435721023016391484e-02 1.637618433797385364e-01
9.441000000000000000e+03 -1.429631775467790078e-01 2.509242740316608433e-03 2.089242507279056582e-01
1.386800000000000000e+04 -1.429631775467790078e-01 2.509242740316608433e-03 2.089242507279056582e-01
8.123000000000000000e+03 -2.184371640788533853e-01 1.304124487707305491e-01 2.111918561885524070e-01
8.016000000000000000e+03 -2.184371640788533853e-01 1.304124487707305491e-01 2.111918561885524070e-01
8.015000000000000000e+03 -3.810697328080117074e-01 3.261013374159027478e-02 1.951548853987450372e-01
8.000000000000000000e+03 -8.735553083610447800e-02 8.071510972120421457e-02 1.519257778877793896e-01
1.402200000000000000e+04 -8.880076609405485044e-02 1.194554417196052043e-01 1.965138677998936600e-01
1.402100000000000000e+04 -6.028487139692728647e-02 2.229785262803325452e-01 1.590118192561114085e-01
9.212000000000000000e+03 -6.028487139692728647e-02 2.229785262803325452e-01 1.590118192561114085e-01
7.903000000000000000e+03 -2.412799006367549737e-02 1.777830334303409643e-02 1.528557898797249237e-01
1.198800000000000000e+04 -2.412799006367549737e-02 1.777830334303409643e-02 1.528557898797249237e-01
1.198700000000000000e+04 -2.436521020427662165e-02 4.362160977288986885e-02 5.438690937089774025e-02
9.080000000000000000e+03 -2.436521020427662165e-02 4.362160977288986885e-02 5.438690937089774025e-02
8.450000000000000000e+03 9.090939632383499003e-02 1.380029464313086152e-01 5.436586161937029260e-02
8.250000000000000000e+03 7.676752998267843964e-02 8.512819896625956062e-02 6.425598380530495035e-02
1.361100000000000000e+04 7.676752998267843964e-02 8.512819896625956062e-02 6.425598380530495035e-02
9.268000000000000000e+03 8.017144878007798070e-02 1.326395159265540968e-01 7.869511232836856607e-02
1.384800000000000000e+04 8.017144878007798070e-02 1.326395159265540968e-01 7.869511232836856607e-02
8.036000000000000000e+03 2.223308314817984410e-02 6.677457703574063430e-02 6.357264983709676187e-02
8.109000000000000000e+03 9.985707608933047652e-02 6.715001895344130389e-02 8.584983283582481306e-02
8.134000000000000000e+03 9.985707608933047652e-02 6.715001895344130389e-02 8.584983283582481306e-02
8.133000000000000000e+03 1.353217414129153084e-01 1.424022582725115171e-02 1.451219938597994030e-01
1.015200000000000000e+04 1.353217414129153084e-01 1.424022582725115171e-02 1.451219938597994030e-01
1.375000000000000000e+04 1.326346139343073105e-01 2.355967471856104112e-01 1.551539871930902592e-01
1.199400000000000000e+04 -1.004903548031066407e-02 5.100506677544558443e-02 1.318804069381016575e-01
8.256000000000000000e+03 -1.004903548031066407e-02 5.100506677544558443e-02 1.318804069381016575e-01
8.426000000000000000e+03 -1.004903548031066407e-02 5.100506677544558443e-02 1.318804069381016575e-01
7.824000000000000000e+03 3.552631020145202712e-02 1.753131582247711151e-01 1.775944959239019738e-01
9.041000000000000000e+03 3.552631020145202712e-02 1.753131582247711151e-01 1.775944959239019738e-01
9.636000000000000000e+03 -7.746818876417371769e-03 1.701420626140404124e-02 2.144403881700203129e-01
9.301000000000000000e+03 -7.746818876417371769e-03 1.701420626140404124e-02 2.144403881700203129e-01
9.354000000000000000e+03 3.416786646538838568e-02 1.286868102560667637e-01 2.249381701851884685e-01
1.367200000000000000e+04 3.416786646538838568e-02 1.286868102560667637e-01 2.249381701851884685e-01
1.023100000000000000e+04 -6.407841880490039443e-02 -2.282345559418530456e-02 2.111672640049491179e-01
1.377100000000000000e+04 -1.303989835007346443e-02 2.439174323938662070e-01 2.777709869370372786e-01
9.820000000000000000e+03 1.043346377180407458e-01 -2.094632826878317644e-02 2.112866206392176593e-01
1.012400000000000000e+04 -9.162143030821212619e-02 4.690651733556094882e-02 4.914176317985585740e-02
1.373700000000000000e+04 -9.162143030821212619e-02 4.690651733556094882e-02 4.914176317985585740e-02
1.024300000000000000e+04 -9.162143030821212619e-02 4.690651733556094882e-02 4.914176317985585740e-02
8.497000000000000000e+03 -9.162143030821212619e-02 4.690651733556094882e-02 4.914176317985585740e-02
9.954000000000000000e+03 -9.162143030821212619e-02 4.690651733556094882e-02 4.914176317985585740e-02
8.273000000000000000e+03 -2.136305936114002435e-02 -2.987520907105434276e-02 3.135502796021647498e-01
8.404000000000000000e+03 -6.384634711697358966e-01 1.073771551762980891e-01 5.114051227498528363e-02
9.821000000000000000e+03 -4.433020124513724625e-01 4.612208307626630699e-02 1.195836064077688832e-01
1.361400000000000000e+04 -4.433020124513724625e-01 4.612208307626630699e-02 1.195836064077688832e-01
8.076000000000000000e+03 -6.024538605542080205e-01 1.970551588736775273e-01 2.440060464616919944e-01
8.392000000000000000e+03 -6.024538605542080205e-01 1.970551588736775273e-01 2.440060464616919944e-01
1.390900000000000000e+04 -1.933439663129092878e-01 2.524741001049797262e-01 2.110081060060977620e-01
8.103000000000000000e+03 -1.820337415633588307e-01 4.927624936387253740e-01 1.401770686855066117e-01
1.022000000000000000e+04 -1.820337415633588307e-01 4.927624936387253740e-01 1.401770686855066117e-01
8.583000000000000000e+03 -3.074398974371401749e-01 3.909862685712877095e-01 3.263867023165634151e-01
8.031000000000000000e+03 -3.074398974371401749e-01 3.909862685712877095e-01 3.263867023165634151e-01
1.367900000000000000e+04 3.220438367477207464e-03 2.576318554663821203e-01 1.887831025950177377e-01
8.279000000000000000e+03 3.220438367477207464e-03 2.576318554663821203e-01 1.887831025950177377e-01
9.991000000000000000e+03 2.487119474504950745e-01 8.095591911672173069e-02 1.944412896848604078e-01
7.907000000000000000e+03 2.487119474504950745e-01 8.095591911672173069e-02 1.944412896848604078e-01
8.380000000000000000e+03 3.181166528872116928e-01 -1.683200329813949736e-02 2.525376502947160873e-01
8.379000000000000000e+03 2.941568591919692111e-01 -2.316775723852337876e-02 1.617501449658131918e-01
8.284000000000000000e+03 2.170789360687450653e-01 1.643793140359459670e-01 5.031017481770714284e-01
1.365700000000000000e+04 2.584142658871559917e-01 2.164764527057450039e-01 5.341827451775102986e-01
8.925000000000000000e+03 3.069256945989202734e-01 -2.244961675221546216e-02 4.885702569166330278e-01
8.924000000000000000e+03 2.102949864116174794e-01 2.144752615567657728e-01 4.897775037177538593e-01
8.398000000000000000e+03 4.243750573906472923e-01 2.329155922187489125e-01 5.704411655383641033e-01
8.923000000000000000e+03 -2.494059373410255631e-01 6.258486321032386002e-02 -1.895914942354952615e-01
8.921000000000000000e+03 -1.142180301008881571e-01 1.870307289993284883e-01 -1.764009296811543948e-01
8.417000000000000000e+03 -1.993178179975725328e-01 -2.175072846715231378e-02 -2.267925661021603645e-01
9.327000000000000000e+03 -1.686412493188473860e-01 1.302733416106889308e-01 -1.009253933334335329e-01
8.391000000000000000e+03 -1.686412493188473860e-01 1.302733416106889308e-01 -1.009253933334335329e-01
7.993000000000000000e+03 -2.729829437095663280e-01 2.142804736178565150e-01 -8.793009948636587580e-02
7.992000000000000000e+03 -2.729829437095663280e-01 2.142804736178565150e-01 -8.793009948636587580e-02
8.922000000000000000e+03 -1.161824398901192268e-01 5.973418219413417773e-02 -5.835511231246925945e-04
1.372800000000000000e+04 -1.161824398901192268e-01 5.973418219413417773e-02 -5.835511231246925945e-04
8.399000000000000000e+03 -1.161824398901192268e-01 5.973418219413417773e-02 -5.835511231246925945e-04
9.491000000000000000e+03 -1.724148241961511729e-01 -1.721222306703751315e-02 1.664212721339453083e-02
1.379000000000000000e+04 -8.998802691765561690e-02 1.551695493179057195e-01 -1.117567722438277400e-01
8.425000000000000000e+03 -4.899942761424114224e-02 1.550228858178446245e-01 -1.404322510204618624e-01
8.411000000000000000e+03 -4.899942761424114224e-02 1.550228858178446245e-01 -1.404322510204618624e-01
8.282000000000000000e+03 -4.899942761424114224e-02 1.550228858178446245e-01 -1.404322510204618624e-01
7.888000000000000000e+03 5.255060056754068398e-02 8.497729258879260783e-02 -1.888930976833655961e-01
1.379500000000000000e+04 8.013399349573191444e-02 2.509793567007090331e-01 -1.704283559747903354e-01
1.373400000000000000e+04 8.013399349573191444e-02 2.509793567007090331e-01 -1.704283559747903354e-01
8.003000000000000000e+03 7.448033562214995129e-02 1.812470582565008925e-01 -2.159860999905145462e-01
1.368000000000000000e+04 8.154642238894993511e-02 1.121252819754268160e-01 -1.761749706202220267e-01
9.620000000000000000e+03 5.723239272579849768e-02 5.476322971433056352e-02 -1.836247630546381515e-01
9.619000000000000000e+03 5.723239272579849768e-02 5.476322971433056352e-02 -1.836247630546381515e-01
7.827000000000000000e+03 -5.394502201038875455e-03 9.475058904899746892e-02 -1.554101841062376366e-01
7.826000000000000000e+03 1.527650472988613117e-01 7.966528759330238074e-02 -1.412603975690558400e-01
9.492000000000000000e+03 1.384289398574560792e-01 2.139381495346448503e-02 -1.097760482587535336e-01
1.368100000000000000e+04 1.384289398574560792e-01 2.139381495346448503e-02 -1.097760482587535336e-01
1.372700000000000000e+04 8.433720875188033261e-02 5.088939624354082980e-03 -1.030973044012934992e-01
8.348000000000000000e+03 8.433720875188033261e-02 5.088939624354082980e-03 -1.030973044012934992e-01
8.347000000000000000e+03 5.559860464979937689e-02 2.398785205350630889e-01 -8.352035165228421931e-02
1.365500000000000000e+04 -7.268208827452404819e-02 2.252363530618772813e-02 -5.126484750852178252e-02
1.376500000000000000e+04 -7.268208827452404819e-02 2.252363530618772813e-02 -5.126484750852178252e-02
8.466000000000000000e+03 5.531247487963941722e-02 6.133436104921763388e-02 -4.630095119856392216e-02
7.822000000000000000e+03 1.063479059860590326e-01 9.306477747430186298e-02 -5.321183123178663266e-02
1.361900000000000000e+04 9.827197880195992497e-02 2.163837875460270510e-01 -6.363741340549466941e-02
1.361800000000000000e+04 -2.649743381030411626e-02 2.777971036054616150e-02 -2.708161511433715418e-02
1.365600000000000000e+04 3.632190956680148020e-02 8.227585774214674075e-03 -1.855875885425106731e-02
1.369200000000000000e+04 3.632190956680148020e-02 8.227585774214674075e-03 -1.855875885425106731e-02
1.378500000000000000e+04 -3.997339989546944139e-02 7.112371041447040909e-02 -1.441514452991832229e-02
8.502000000000000000e+03 -3.997339989546944139e-02 7.112371041447040909e-02 -1.441514452991832229e-02
8.017000000000000000e+03 1.693666324342784080e-01 3.891641086334374222e-02 -8.205743805637766286e-03
1.381700000000000000e+04 -7.005389834968589469e-02 5.781372225526126840e-02 -4.555884452067004986e-03
1.371300000000000000e+04 -7.005389834968589469e-02 5.781372225526126840e-02 -4.555884452067004986e-03
9.487000000000000000e+03 -7.005389834968589469e-02 5.781372225526126840e-02 -4.555884452067004986e-03
1.369100000000000000e+04 -7.005389834968589469e-02 5.781372225526126840e-02 -4.555884452067004986e-03
8.457000000000000000e+03 -9.302494894794577363e-02 7.178089078221994157e-02 -2.314270161119793556e-01
8.458000000000000000e+03 -1.728369304259391726e-02 4.561532895425557399e-02 1.828813130501316664e-03
8.333000000000000000e+03 -1.728369304259391726e-02 4.561532895425557399e-02 1.828813130501316664e-03
9.190000000000000000e+03 -1.728369304259391726e-02 4.561532895425557399e-02 1.828813130501316664e-03
9.189000000000000000e+03 -1.728369304259391726e-02 4.561532895425557399e-02 1.828813130501316664e-03
9.188000000000000000e+03 -1.728369304259391726e-02 4.561532895425557399e-02 1.828813130501316664e-03
1.375700000000000000e+04 6.103489441910525670e-02 2.447309034998035315e-02 7.066419065013818113e-03
1.364200000000000000e+04 1.337813019131290915e-01 -2.411562427739077918e-02 -2.108243187469902580e-01
1.364100000000000000e+04 -1.701834946950064875e-02 1.841790366517592759e-02 1.653987286598201933e-02
1.366900000000000000e+04 -1.701834946950064875e-02 1.841790366517592759e-02 1.653987286598201933e-02
1.366800000000000000e+04 -1.701834946950064875e-02 1.841790366517592759e-02 1.653987286598201933e-02
1.363500000000000000e+04 -1.701834946950064875e-02 1.841790366517592759e-02 1.653987286598201933e-02
7.807000000000000000e+03 2.764869930484881166e-02 7.867965731080417413e-02 1.093186151912739490e-02
7.806000000000000000e+03 2.764869930484881166e-02 7.867965731080417413e-02 1.093186151912739490e-02
9.215000000000000000e+03 -4.890413188107878284e-02 1.890878160768103555e-01 3.017399107271145908e-02
9.214000000000000000e+03 -4.890413188107878284e-02 1.890878160768103555e-01 3.017399107271145908e-02
8.079000000000000000e+03 4.003205616898508623e-02 1.810879401537235367e-02 2.824522519771832663e-02
1.368700000000000000e+04 4.003205616898508623e-02 1.810879401537235367e-02 2.824522519771832663e-02
1.024900000000000000e+04 -9.663482817289548166e-02 2.229941141653313252e-02 3.109897842417019831e-02
7.867000000000000000e+03 -9.663482817289548166e-02 2.229941141653313252e-02 3.109897842417019831e-02
1.368600000000000000e+04 -1.061460726385288211e-01 2.940431054510916908e-02 -1.545322668022066637e-01
1.404700000000000000e+04 -1.061460726385288211e-01 2.940431054510916908e-02 -1.545322668022066637e-01
1.383100000000000000e+04 -4.817176805263123640e-02 6.654420292495899503e-02 4.113413994133452434e-02
1.383000000000000000e+04 1.296809453738667628e-03 3.242265614440142940e-02 3.940830051487687058e-02
9.141000000000000000e+03 -5.744293378346796430e-01 6.805241216535229398e-02 4.023367305693525964e-02
9.910000000000000000e+03 -1.709259085522152333e-01 2.682587633858712906e-01 -8.899466173739689623e-02
8.095000000000000000e+03 1.870879353813617030e-01 2.168013571337628065e-01 -2.324266340212037818e-01
7.811000000000000000e+03 3.812741584977423770e-01 5.750273558307128496e-02 -1.960348203578927695e-01
1.396400000000000000e+04 3.378358414305733248e-01 1.665635803881251320e-01 -1.144081724904459918e-01
1.396300000000000000e+04 2.798594858042013911e-01 2.468090735769123967e-01 -4.113572228756545712e-02
9.182000000000000000e+03 2.798594858042013911e-01 2.468090735769123967e-01 -4.113572228756545712e-02
1.380900000000000000e+04 3.351328390199652674e-01 -7.723695080942505342e-03 -2.821242051490813196e-02
1.373800000000000000e+04 3.351328390199652674e-01 -7.723695080942505342e-03 -2.821242051490813196e-02
1.190400000000000000e+04 1.908178760138410368e-01 1.906062259411847037e-01 -5.987158813375437205e-02
7.963000000000000000e+03 1.844835521857532967e-01 -1.155101359938548455e-02 -5.602668587840931025e-02
1.208300000000000000e+04 4.279751807923988238e-01 -2.672114729148411527e-02 -1.671989343434603370e-01
9.719000000000000000e+03 2.278122634322397033e-01 -1.540685869222713222e-02 2.427412317858568258e-02
9.663000000000000000e+03 2.278122634322397033e-01 -1.540685869222713222e-02 2.427412317858568258e-02
9.911000000000000000e+03 -9.443833362233533535e-02 2.515856051377767244e-01 -8.744479678511751786e-02
8.098000000000000000e+03 -9.443833362233533535e-02 2.515856051377767244e-01 -8.744479678511751786e-02
8.353000000000000000e+03 -1.002427554949480992e-01 3.030420279240182424e-01 -1.265128496679412962e-01
1.385100000000000000e+04 -7.273587805682524277e-02 2.577552150440265422e-01 -1.255431003817104596e-01
1.020100000000000000e+04 7.342667481340381386e-02 4.816796153488720478e-01 -2.097059540577976833e-01
9.002000000000000000e+03 -3.928677593072293917e-02 2.876452667833273580e-01 -1.671781542106600682e-01
9.003000000000000000e+03 -3.928677593072293917e-02 2.876452667833273580e-01 -1.671781542106600682e-01
8.984000000000000000e+03 -9.139544488090223240e-02 3.374279184646482577e-01 -7.070016667123546483e-02
1.372400000000000000e+04 -4.103855438374157671e-01 3.559032159523045635e-01 -1.435681041799945490e-01
9.913000000000000000e+03 3.427977006742359833e-01 3.102751361979816380e-01 -1.430749843752572303e-01
1.374000000000000000e+04 3.427977006742359833e-01 3.102751361979816380e-01 -1.430749843752572303e-01
9.912000000000000000e+03 2.272069251625108421e-01 3.601676713379369232e-01 -1.968091067259614135e-01
8.370000000000000000e+03 -1.766533909634162569e-01 1.716196749092642193e-01 -4.255882657869420882e-01
7.977000000000000000e+03 -1.766533909634162569e-01 1.716196749092642193e-01 -4.255882657869420882e-01
9.207000000000000000e+03 -1.766533909634162569e-01 1.716196749092642193e-01 -4.255882657869420882e-01
1.400800000000000000e+04 -1.766533909634162569e-01 1.716196749092642193e-01 -4.255882657869420882e-01
9.030000000000000000e+03 -2.818569017663126175e-01 1.995769082614078371e-01 -3.862961996818174981e-01
9.029000000000000000e+03 -1.844763214215010549e-01 1.911621024694181159e-01 -3.581335437762156459e-01
9.218000000000000000e+03 -2.768591512917932818e-01 8.510337739517481737e-02 -2.674989317949609813e-01
1.400900000000000000e+04 2.452103791934465704e-01 2.248995425497621881e-01 -3.506003038675213901e-01
8.461000000000000000e+03 3.896194274523603340e-01 1.378039911056738731e-02 -3.348101526888971335e-01
8.985000000000000000e+03 4.039800216118614173e-01 8.101339465487988889e-02 -2.822218545544998847e-01
8.034000000000000000e+03 4.039800216118614173e-01 8.101339465487988889e-02 -2.822218545544998847e-01
8.319000000000000000e+03 4.039800216118614173e-01 8.101339465487988889e-02 -2.822218545544998847e-01
1.202500000000000000e+04 -2.491988706234948836e-02 -8.536118304204975971e-03 -3.376940036621594032e-01
1.174000000000000000e+04 -6.738888171493151447e-02 5.968400987877586772e-02 -3.924838254698901352e-01
8.496000000000000000e+03 1.208091899121548352e-01 1.044451404782851256e-01 -2.816841982475128958e-01
1.374100000000000000e+04 1.208091899121548352e-01 1.044451404782851256e-01 -2.816841982475128958e-01
1.374900000000000000e+04 -4.648469138847506343e-01 2.289581574748602577e-01 -3.303369697244349368e-01
9.208000000000000000e+03 -1.943867130235101826e-01 4.324810095057696202e-01 -4.006158223369187255e-01
1.362500000000000000e+04 -1.266719415445525243e-01 4.260637808234459811e-01 -3.823010283243384322e-01
1.362400000000000000e+04 -1.547628010142627630e-01 4.289928614710127874e-01 -2.683684395430088188e-01
7.829000000000000000e+03 -6.061566607359303305e-02 3.890688296919044831e-01 -5.125447584043012483e-01
8.291000000000000000e+03 1.342770718024306476e-01 4.482734374210579631e-01 -4.948083989375628988e-01
9.429000000000000000e+03 3.363320221487686723e-02 4.869913775100265241e-01 -4.679490805125166020e-01
1.363600000000000000e+04 5.606439913228022931e-02 4.221404396508212642e-01 -2.485216026671004386e-01
1.202600000000000000e+04 5.606439913228022931e-02 4.221404396508212642e-01 -2.485216026671004386e-01
8.506000000000000000e+03 -5.249216294606959821e-01 2.611533519585869101e-01 -4.682507682908241264e-01
9.209000000000000000e+03 2.311221573558519538e-01 3.077821804760496605e-01 -4.517574893773605993e-01
9.210000000000000000e+03 3.530179283197387718e-01 5.318503020569327333e-01 -4.884045182336578250e-01
1.202400000000000000e+04 2.105711958323857047e-01 3.455617978910030530e-01 -4.946575387012561720e-01
9.140000000000000000e+03 4.781283496795021293e-01 9.928995610231616809e-02 1.437535206175422076e-01
9.181000000000000000e+03 4.781283496795021293e-01 9.928995610231616809e-02 1.437535206175422076e-01
1.396700000000000000e+04 4.842603888166738813e-01 1.442498812754031690e-01 2.000559704068081146e-01
1.202300000000000000e+04 5.486511318845721519e-01 1.344623361613379586e-01 1.455790679267110477e-01
8.318000000000000000e+03 6.419861605258310178e-01 3.854285097764176271e-02 2.860915421590544128e-01
8.258000000000000000e+03 6.426828395721546627e-01 5.130976226357191194e-01 1.626296566446683300e-01
1.376200000000000000e+04 5.525964388859758714e-01 1.858462448189026617e-01 4.853654730827390296e-01
9.962000000000000000e+03 5.525964388859758714e-01 1.858462448189026617e-01 4.853654730827390296e-01
1.175100000000000000e+04 5.024361450127834416e-01 2.506736688793296253e-01 -3.245803413926378056e-01
1.202200000000000000e+04 5.581626903737557654e-01 4.488087410562151547e-01 -5.008691465549670596e-01
9.758000000000000000e+03 5.354473087338318393e-01 2.161264718266231455e-02 -1.756860370051800402e-01
1.376300000000000000e+04 5.271106030511747420e-01 3.500111414319277969e-01 -1.127459825530134907e-01
