# star id 	 star_x_coords [pc] 	 star_y_coords [pc] 	 star_z_coords [pc] 
1.794400000000000000e+04 4.428151685166501039e+00 -1.668382587064812128e+00 -1.807928471317332253e+00
1.799800000000000000e+04 5.917063467720436343e+00 -2.519628219139434577e+00 -5.679932269554992530e+00
1.801500000000000000e+04 3.460864981966145670e+00 -1.034893308285045777e+00 -8.835008859757635946e-01
1.804300000000000000e+04 3.444211168000879564e+00 -7.691937139080984309e-01 -5.006713434839795696e-01
1.801200000000000000e+04 3.616494626992136308e+00 -1.588331820410976647e+00 2.666074946635035303e-01
1.802000000000000000e+04 4.470785825657484835e+00 -1.122590457190595359e+00 3.145167529835433129e-01
1.792700000000000000e+04 3.558881679339881199e+00 -1.907827995805192245e+00 8.083276733447846141e-01
1.801300000000000000e+04 5.289453890659905788e+00 -5.241537644075645375e+00 -6.556379572743868067e+00
1.804600000000000000e+04 5.289453890659905788e+00 -5.241537644075645375e+00 -6.556379572743868067e+00
1.796700000000000000e+04 4.188588746882055069e+00 -3.519909066297945088e+00 -7.896264558023393221e+00
1.920200000000000000e+04 3.882517493214397319e+00 -5.729708512252988939e+00 -4.839493193921882153e+00
1.793600000000000000e+04 4.779914050408592630e+00 -4.833724844710026503e+00 -6.000091438813655031e+00
1.804000000000000000e+04 5.143984255400413375e+00 -3.441431559493318915e+00 -6.171448087752906986e+00
1.792600000000000000e+04 5.143984255400413375e+00 -3.441431559493318915e+00 -6.171448087752906986e+00
1.799000000000000000e+04 4.481685620564838324e+00 -4.215357075715131074e+00 -5.204908445859853572e+00
1.800100000000000000e+04 5.561572276424633365e+00 -3.450773688665188743e+00 -6.079961330001697917e+00
1.792300000000000000e+04 3.375077388392880184e+00 -2.680543817846585242e+00 -3.094200843100466614e+00
1.799500000000000000e+04 3.185856240950411866e+00 -4.782171730212022354e+00 -4.303188663977383754e+00
1.798600000000000000e+04 3.713934139219640773e+00 -4.007561048651414382e+00 -6.178068938018974166e+00
1.798500000000000000e+04 4.124298266261160251e+00 -4.095632123871535413e+00 -6.180705840712590771e+00
1.801900000000000000e+04 3.533147351289692928e+00 -3.836816494387573329e+00 -6.089468354850932741e+00
1.792900000000000000e+04 3.242396035662937770e+00 -4.146192165501314975e+00 -5.706962449677160265e+00
1.912700000000000000e+04 3.324216808604840701e+00 -3.768338778436961078e+00 -5.315669210224836405e+00
1.946300000000000000e+04 3.302780190795369109e+00 -3.663127633573481035e+00 -5.351083105032131471e+00
1.954400000000000000e+04 3.458901864682410121e+00 -3.736633726224248164e+00 -5.313389489595014226e+00
1.918000000000000000e+04 3.214652020797624576e+00 -3.910834926722875693e+00 -5.289441598263842081e+00
1.952700000000000000e+04 3.843231678315884192e+00 -2.631635168939418179e+00 -6.021417798195010107e+00
1.918600000000000000e+04 3.304013642996478595e+00 -2.847403842063478407e+00 -5.678319111428439925e+00
1.915100000000000000e+04 3.886112136841436193e+00 -5.031924222781574585e+00 -3.861027760260078878e+00
1.914100000000000000e+04 3.941289036822337000e+00 -3.885149024952278651e+00 -4.654347017413432042e+00
1.919100000000000000e+04 3.426653684006503831e+00 -3.823744389254507325e+00 -5.146321541948697842e+00
1.916800000000000000e+04 3.351236266740764247e+00 -3.759833962125421536e+00 -5.003345693995463250e+00
1.799300000000000000e+04 3.346712934734098699e+00 -3.537519494016409638e+00 -5.217880418362238260e+00
1.919500000000000000e+04 3.598362954406211678e+00 -3.605207040329197810e+00 -5.115447792269328886e+00
1.800900000000000000e+04 3.651924013066571995e+00 -2.705154126137131243e+00 -4.915986206963356864e+00
1.917600000000000000e+04 3.872443327519629719e+00 -3.823501753495056832e+00 -4.065942783306869757e+00
1.953300000000000000e+04 4.166438570729640745e+00 -4.160473926706465875e+00 -3.793280563615642365e+00
1.699900000000000000e+04 3.428013493570092773e+00 -2.820469305364392554e+00 -3.657652117835738181e+00
1.699800000000000000e+04 3.266893109172691823e+00 -2.861455278796585233e+00 -3.697169867168600632e+00
1.950900000000000000e+04 3.223586288183932336e+00 -3.653388705740749032e+00 -7.039179018971587709e+00
2.005700000000000000e+04 3.163688927067195511e+00 -3.863227479287612454e+00 -5.166996403785638847e+00
1.950600000000000000e+04 3.155265113002916344e+00 -4.185862694127603589e+00 -5.221105768592046559e+00
1.916000000000000000e+04 3.172110533373381891e+00 -3.927559995696050521e+00 -5.074893032996250497e+00
1.821900000000000000e+04 3.144132371494691824e+00 -4.026670773682955229e+00 -5.390754078791303527e+00
1.921000000000000000e+04 3.184869932311383600e+00 -2.431414826970414111e+00 5.315779331402623598e-01
1.913000000000000000e+04 3.131981023157380584e+00 -3.759553223312533277e+00 -4.968359242917948393e+00
1.955200000000000000e+04 3.131981023157380584e+00 -3.759553223312533277e+00 -4.968359242917948393e+00
1.962400000000000000e+04 3.131981023157380584e+00 -3.759553223312533277e+00 -4.968359242917948393e+00
1.822000000000000000e+04 3.101095939692317227e+00 -3.070311627310914560e+00 -4.984355090793538778e+00
1.920100000000000000e+04 3.063723529297341042e+00 -3.654909730772699206e+00 -5.219455498687864292e+00
1.965500000000000000e+04 3.050195722646062979e+00 -4.619924455992416412e+00 -6.895847042213802069e+00
1.921400000000000000e+04 3.047561477205221969e+00 -3.673782893962188822e+00 -4.804025757365142368e+00
1.820600000000000000e+04 3.047561477205221969e+00 -3.673782893962188822e+00 -4.804025757365142368e+00
2.004700000000000000e+04 3.048676082599509396e+00 -3.495256494488126364e+00 -5.557326973703261785e+00
1.713700000000000000e+04 -1.789190250038831032e+00 -9.492491111091442946e+00 6.748223762012415250e+00
1.945600000000000000e+04 -1.216685340449581432e+00 -9.794141365565458557e+00 5.851746078465424716e+00
1.918100000000000000e+04 -8.073587502074666133e-01 -1.180527745558048736e+00 6.773963351997018378e+00
1.950700000000000000e+04 -1.845127594698281470e+00 -3.834911614710101446e-02 5.837167508209056166e+00
1.799200000000000000e+04 -1.572848337358466075e+00 8.255646167107357769e-01 5.944218030301691158e+00
1.916100000000000000e+04 -1.572848337358466075e+00 8.255646167107357769e-01 5.944218030301691158e+00
1.917100000000000000e+04 -1.174690536582824407e+00 -8.342190397004252134e+00 4.357497555759309193e+00
1.800800000000000000e+04 -1.541092643991453848e+00 -9.314451630518217229e+00 4.806914335992999554e+00
1.801400000000000000e+04 -1.126111069756189131e+00 -8.865767436623443132e+00 5.388328342643845303e+00
1.801800000000000000e+04 -3.230550121792994389e-01 -7.511651691256123087e+00 3.347095245184078749e+00
1.801000000000000000e+04 3.927214313664029177e-01 -9.017154761412335517e+00 3.467311168956385359e+00
1.798200000000000000e+04 -4.371138282916895434e-01 -8.432491073738152210e+00 4.360800749606497106e+00
1.797900000000000000e+04 -4.371138282916895434e-01 -8.432491073738152210e+00 4.360800749606497106e+00
1.915500000000000000e+04 -6.502623037167412079e-01 -7.348070846667528855e+00 4.920994307280992075e+00
1.780800000000000000e+04 6.350686521920785310e-01 -8.942155964419757908e+00 2.981434077874290267e+00
1.780500000000000000e+04 1.085766532670017881e+00 -8.551102286807694242e+00 1.788322234650770781e+00
1.915400000000000000e+04 3.036108898877909468e-02 -6.608319965892839321e+00 2.363180463999398739e+00
1.916200000000000000e+04 -5.237534266356949075e-01 -8.292357366418283249e+00 5.441076267263213140e+00
1.919200000000000000e+04 -1.160343057097402486e+00 -2.704265529560903047e+00 4.006903899414517412e+00
1.914400000000000000e+04 -1.354831809288014277e+00 -2.312263726253005913e+00 4.552208267183623036e+00
1.915200000000000000e+04 -9.587088661113476462e-01 -3.340957844763796203e+00 3.114806396903752272e+00
1.913900000000000000e+04 1.718049512813707658e+00 -5.964075812229278739e+00 2.246893879935036864e+00
1.913800000000000000e+04 -2.858644648528301246e-01 -6.004463090427091032e+00 2.724721023350106464e+00
1.952900000000000000e+04 -5.365887493115959472e-01 -5.562162762321140264e+00 2.529769573318560560e+00
1.948800000000000000e+04 -6.388446141990655747e-02 -6.134010718446372579e+00 2.811762052124471722e+00
1.917700000000000000e+04 1.577508498574794693e+00 -2.470573081798258741e+00 1.881103343556581819e+00
1.918200000000000000e+04 5.069579941585784510e-01 -2.574241633460863099e+00 3.739031495500860558e+00
1.913500000000000000e+04 7.356358841455890030e-02 -2.528231250268293095e+00 4.549158906747599929e+00
1.917200000000000000e+04 -2.395292976487244374e-01 -8.620602548290271727e+00 -8.553957804172185320e-01
1.914800000000000000e+04 6.302747962424515293e-01 -2.023802516236090199e+00 -1.022639008491353252e+00
1.799400000000000000e+04 1.443117888831762841e+00 1.129160953813839186e+00 -9.622858386480146464e-01
1.798100000000000000e+04 1.443117888831762841e+00 1.129160953813839186e+00 -9.622858386480146464e-01
1.712800000000000000e+04 -2.136644010877756017e+00 -3.893204185196536216e+00 -9.841656341080735615e-01
1.803000000000000000e+04 1.205280038818160371e+00 -1.861836948459648866e+00 2.453313850225455894e-01
1.792000000000000000e+04 -1.395355326155527820e+00 -5.414261914372886508e-01 1.070791773099458055e+00
1.790300000000000000e+04 -1.395355326155527820e+00 -5.414261914372886508e-01 1.070791773099458055e+00
1.803100000000000000e+04 -1.395355326155527820e+00 -5.414261914372886508e-01 1.070791773099458055e+00
1.791100000000000000e+04 1.845050142126035020e+00 -1.453264959465233375e+00 3.541278757683912204e-01
1.791000000000000000e+04 2.896393185572810225e+00 -9.690530627503903816e-01 7.819302903649827385e-01
1.786100000000000000e+04 2.953633554935398475e+00 -9.459367691773650222e-01 1.337617716894889952e+00
1.786600000000000000e+04 -6.867252233790175353e-01 -5.379565649027137297e+00 4.198707767790565981e-01
1.715800000000000000e+04 -3.331919204281152957e-02 -7.717671185405738044e+00 -1.026625192033066014e-01
1.804100000000000000e+04 -3.331919204281152957e-02 -7.717671185405738044e+00 -1.026625192033066014e-01
1.716500000000000000e+04 2.580633734984072447e-02 -6.476404035799905756e+00 7.269463997067759919e-02
1.804200000000000000e+04 5.470079683798863002e-01 -6.856167561529527887e+00 1.596400147875698394e-02
1.798300000000000000e+04 4.071923928716714158e-01 -6.246342609512158361e+00 8.545969101475279217e-01
1.712300000000000000e+04 1.016686317600976608e-01 -7.020135455932656754e+00 1.115153496579715409e+00
1.714100000000000000e+04 6.980802784351496371e-01 -6.545170529126092873e+00 1.401916841909148559e+00
1.798700000000000000e+04 9.823492926733390362e-02 1.614403971124392712e+00 9.587548297453167834e-01
1.720100000000000000e+04 -5.719777350428740803e-01 1.593997722074533385e+00 1.067181593209895141e+00
1.789000000000000000e+04 -4.321802733897630588e-01 -2.456583801868390537e-01 1.413069897454818147e+00
1.788900000000000000e+04 1.032706183306289383e+00 1.665415830895456750e+00 1.660884571623583383e+00
1.797500000000000000e+04 -1.128664183932399645e+00 1.528042870777351681e+00 1.392784191721325726e+00
1.798400000000000000e+04 2.268909584791423573e+00 2.859461879208637924e-01 1.085050443868453840e+00
1.789400000000000000e+04 2.268909584791423573e+00 2.859461879208637924e-01 1.085050443868453840e+00
1.793900000000000000e+04 1.798273649887317305e+00 3.227419981095707158e-01 1.467999976646630955e+00
1.792400000000000000e+04 1.924896045725111193e+00 -9.184529169657018599e-02 1.569972291490380201e+00
1.953000000000000000e+04 -1.864355217960536493e+00 -2.959535397849577976e+00 8.768913662871540282e-01
1.853800000000000000e+04 -8.021383440077825000e-01 -2.906190816102965258e+00 1.482879315088666772e+00
1.804800000000000000e+04 -1.756265780448753588e-01 -4.507673237054710569e+00 -9.601359391067987303e-01
1.786700000000000000e+04 6.862416927666972200e-01 -5.799759196730670752e+00 -8.195376395485922671e-01
1.797700000000000000e+04 -1.189637216520145202e-01 -5.975467266622331408e+00 -4.200937640137638596e-01
1.786000000000000000e+04 5.039744041770788385e-02 -1.216096814285437588e+00 2.358392342206123260e+00
1.796800000000000000e+04 1.706903786464760486e+00 -6.353744220053485492e-01 2.525104619036596887e+00
1.799900000000000000e+04 9.374467485174857728e-01 8.359459142237355422e-01 1.694275469247216392e+00
1.788800000000000000e+04 1.038242705937749477e+00 1.163765942768616668e+00 1.784512391886998728e+00
1.788300000000000000e+04 1.020054594450762409e+00 7.766120488674737032e-01 1.803503644767140202e+00
1.802600000000000000e+04 1.185263617588519836e+00 1.211913288641454756e+00 1.904678416010533226e+00
1.802200000000000000e+04 6.920829098900220799e-01 1.465099353538560578e+00 1.915145186383362841e+00
1.800000000000000000e+04 1.233768460722392213e+00 1.208623897127617752e+00 1.946058857756042926e+00
1.792500000000000000e+04 5.142003013534122147e-01 7.533112678014290964e-01 2.085678454501703527e+00
1.790600000000000000e+04 7.743022218498731846e-01 1.074123270003157771e+00 2.153784092391923366e+00
1.704100000000000000e+04 1.176682276070202704e+00 9.508296616611584540e-01 2.157065088823543419e+00
1.812400000000000000e+04 5.494850359991705346e-01 1.254239641437649766e+00 2.186557712606791881e+00
1.789900000000000000e+04 2.260863840581759376e-01 7.736812149905283320e-01 2.168680839914458147e+00
1.790700000000000000e+04 2.829671603788163736e+00 -3.299151941151421852e+00 -9.051198615733753172e-01
1.812100000000000000e+04 2.060023530142418124e+00 -3.372443691184686898e+00 -5.623131121896705054e-01
1.802300000000000000e+04 1.886786782923982386e+00 -2.461261155546809576e+00 -4.748509059811425459e-01
1.943900000000000000e+04 1.372215245267428330e+00 -4.244372577423645154e+00 -9.070254311412782044e-01
1.791700000000000000e+04 -1.948245845266535881e+00 6.950939614654689791e-01 1.962613942671055156e+00
1.703100000000000000e+04 1.543270480475019468e+00 9.579751601443522446e-01 1.809613520820768429e+00
1.804900000000000000e+04 2.944038541158047195e+00 5.198945563294135042e-01 1.710485489171084339e+00
1.802700000000000000e+04 1.729510155870630506e+00 9.585695186044667082e-01 2.628261771785446399e+00
1.797800000000000000e+04 1.458092297235332957e+00 3.200404868687218851e-01 2.040682057847135411e+00
1.701500000000000000e+04 1.458092297235332957e+00 3.200404868687218851e-01 2.040682057847135411e+00
1.789600000000000000e+04 1.417576909839542765e+00 7.569543948705579339e-01 1.808359216015048787e+00
1.708800000000000000e+04 1.300624587881151761e+00 -2.084469940298525614e-01 1.738187316504223645e+00
1.789500000000000000e+04 4.142080642974903526e-01 -4.750252743324628213e+00 1.366776317946758468e-01
1.798900000000000000e+04 -4.058204358420658409e-01 -5.882892790742673128e+00 9.756636293506915081e-02
1.804400000000000000e+04 -5.686463598534921005e-01 -5.180167500551927873e+00 5.325535650179915592e-01
1.802800000000000000e+04 3.316982554956888762e-01 2.735221414039821219e+00 2.432992062557630675e-01
1.790900000000000000e+04 8.019998255859066560e-01 1.825785630801251003e+00 6.168557673763928051e-01
1.801700000000000000e+04 -1.534104613900995062e-01 3.286775673619074745e+00 1.403460313897376466e+00
1.791900000000000000e+04 -1.534104613900995062e-01 3.286775673619074745e+00 1.403460313897376466e+00
1.714900000000000000e+04 6.683342562726188874e-01 3.368544722303560945e+00 1.567333529982448681e+00
1.802500000000000000e+04 2.892378155436565734e-01 2.254750679689037085e+00 1.662292212196227581e+00
1.802400000000000000e+04 -7.412171037969752518e-01 -7.345442047779151551e-01 5.381701926494962152e+00
1.799600000000000000e+04 -1.006880707315920276e-01 -1.831834290316468383e+00 5.282139137988558275e+00
1.798000000000000000e+04 -3.486300203063645853e-01 -1.486590782518039333e+00 5.463344223648242348e+00
1.944000000000000000e+04 1.358510754378339236e+00 2.110272912064329986e+00 1.520020855098245249e+00
1.706600000000000000e+04 1.719445072355925141e+00 2.650645285536640472e+00 1.054986369784025158e+00
1.870900000000000000e+04 1.799864539891276927e+00 2.416565049438326618e+00 1.149364313823390660e+00
1.798800000000000000e+04 1.833095934625876389e+00 2.482040666862217471e+00 1.327468366901634056e+00
1.718200000000000000e+04 9.231777239897533960e-01 -2.568863586629982265e+00 1.976579481868796506e-01
1.713600000000000000e+04 1.591464031846223648e-01 -2.832826787187290307e+00 9.728825538524716876e-01
1.790200000000000000e+04 1.262083795723668800e+00 -2.976514751565138894e+00 1.326447016042969551e+00
1.794200000000000000e+04 6.283529317511327150e-02 3.199654070742279366e+00 1.925272159209100664e+00
1.794100000000000000e+04 6.644959070979714610e-01 2.411552280166858075e+00 1.911136470001103760e+00
1.801600000000000000e+04 -2.188924158166294376e-01 3.405421708752281340e+00 2.239457166749900807e+00
1.794300000000000000e+04 1.099890664095939385e-01 3.476578672642083312e+00 2.319588833722683319e+00
1.702500000000000000e+04 2.341428858994287765e-01 2.406530724169696711e+00 2.323338125788033892e+00
1.789700000000000000e+04 6.867507725817416642e-01 1.947794879029505211e+00 2.546252186513811466e+00
1.791500000000000000e+04 1.542868213789692078e-01 2.282711242634262838e+00 2.547558791793321120e+00
1.803600000000000000e+04 -2.638291706335751385e-01 3.639031703625739134e+00 2.645841274820838862e+00
1.719800000000000000e+04 -2.638291706335751385e-01 3.639031703625739134e+00 2.645841274820838862e+00
1.803500000000000000e+04 3.161674663411648822e-01 3.100373822700579041e+00 2.590356515290281436e+00
1.793100000000000000e+04 2.034129639577697546e-01 1.802628706398518688e+00 2.948531718985236694e+00
1.704300000000000000e+04 -3.711999555578948673e-02 1.692313287497334784e+00 2.491239217564384489e+00
1.704600000000000000e+04 1.985965724385101439e-01 1.825978757637129135e+00 3.337201178325628348e+00
1.791600000000000000e+04 -8.249820601496349326e-01 3.463855875610575730e+00 2.285599692425456908e+00
1.716200000000000000e+04 -1.498858034712498899e+00 2.573114922105200542e+00 2.651902995715005318e+00
1.704000000000000000e+04 -2.511925415090310310e+00 2.549118206193481839e+00 2.884558906218508412e+00
1.803800000000000000e+04 1.621655250650051450e+00 3.293233870401112817e+00 2.656138314578882387e+00
1.705200000000000000e+04 1.841270893467020997e+00 3.250627140821198857e+00 2.574174056185562165e+00
1.703200000000000000e+04 -3.870255999703076100e-01 -2.849550856390630216e+00 2.788316062008412644e+00
1.716300000000000000e+04 5.680457994672405420e-01 3.989920193127613146e+00 1.980982117870418335e+00
1.912500000000000000e+04 -6.357081441436704949e-01 3.760484325235418090e+00 2.819211095880753248e+00
1.951200000000000000e+04 -6.152796460253862065e-01 3.947900562829417481e+00 3.081847673034616264e+00
1.920700000000000000e+04 -2.343690663733806190e+00 4.548425275457036676e+00 1.863149982158830653e+00
1.719000000000000000e+04 -2.404216425760463238e+00 3.917293117857700402e+00 2.970441453362191453e+00
1.704200000000000000e+04 -1.120602965151817898e+00 4.919959278558114768e+00 3.481192777967329732e+00
1.873800000000000000e+04 1.518410892260032341e+00 4.942446667089290813e+00 1.787339133769236810e+00
1.834200000000000000e+04 -2.367281885397572339e+00 2.840600477535700108e+00 4.240951811381556524e+00
2.007100000000000000e+04 -2.367281885397572339e+00 2.840600477535700108e+00 4.240951811381556524e+00
1.868000000000000000e+04 1.912146687185147798e+00 3.079546255261631948e+00 3.727552951628190669e+00
1.964500000000000000e+04 -1.118686493616138478e+00 4.636134977385385270e+00 3.727882489080414530e+00
1.955100000000000000e+04 -9.009158232958638379e-01 5.327874709634647488e+00 3.929690828493122012e+00
1.965100000000000000e+04 -2.785198818759601735e+00 4.666122240680100397e+00 2.574626592645984147e+00
1.702300000000000000e+04 -5.200548767346830914e-01 3.737357784652906467e+00 1.288169622717923346e+00
1.702000000000000000e+04 1.529245806122609075e+00 3.084671174603797361e+00 -9.897837329074761215e-01
1.718600000000000000e+04 -9.403099746769036926e-01 4.077518803065440345e+00 1.427781294766766962e+00
1.718500000000000000e+04 -1.389697009749310652e+00 3.662768225248558274e+00 1.085427002412856723e+00
1.914600000000000000e+04 1.453588335510935359e+00 4.271223790113940488e+00 8.733534597703638269e-01
1.804700000000000000e+04 1.369800612642960047e+00 4.103053971914209619e+00 1.440722486754950182e+00
1.951700000000000000e+04 1.123171899427294562e+00 -1.410813012621071394e+00 -4.475010280958233722e+00
1.718100000000000000e+04 1.266220908264249267e+00 -6.283529054224000987e+00 -4.079878878281562038e+00
1.787300000000000000e+04 1.266220908264249267e+00 -6.283529054224000987e+00 -4.079878878281562038e+00
1.787400000000000000e+04 1.258568490662606898e+00 -6.115500674644952284e+00 -3.476057773455586641e+00
1.787500000000000000e+04 1.895458348217564648e+00 -5.630928736134324097e+00 -3.109701505551235812e+00
1.958400000000000000e+04 1.103344226018703189e+00 -4.479859177465430164e+00 -7.831099247346966052e+00
1.707600000000000000e+04 1.103344226018703189e+00 -4.479859177465430164e+00 -7.831099247346966052e+00
1.702600000000000000e+04 1.103344226018703189e+00 -4.479859177465430164e+00 -7.831099247346966052e+00
1.702200000000000000e+04 1.103344226018703189e+00 -4.479859177465430164e+00 -7.831099247346966052e+00
1.869700000000000000e+04 1.960381541729273813e+00 -3.654158253490074060e+00 -3.562162318170873476e+00
2.006700000000000000e+04 1.960381541729273813e+00 -3.654158253490074060e+00 -3.562162318170873476e+00
1.950300000000000000e+04 2.423292299662929139e+00 -3.680056731120737723e+00 -3.448995377328799350e+00
2.006200000000000000e+04 1.222105548502640637e+00 -2.737704909249218943e+00 -3.923729747799363565e+00
1.964200000000000000e+04 2.756634831793473239e+00 -2.091595173367585048e+00 -5.261903486627137028e+00
1.946400000000000000e+04 2.932259536721195214e+00 -2.056497773779716098e+00 -5.251593909227370460e+00
1.704500000000000000e+04 1.317412960765059537e+00 -9.704044239719227249e-01 -2.234605223363708149e+00
2.006500000000000000e+04 1.499465158865993075e+00 -2.089536005865786805e+00 -3.016158553666514308e+00
1.963600000000000000e+04 1.794052213246549066e+00 -1.443045200193591171e+00 -2.463103263074579274e+00
1.718800000000000000e+04 1.794052213246549066e+00 -1.443045200193591171e+00 -2.463103263074579274e+00
1.718400000000000000e+04 1.574421702899440945e+00 -7.389416534805874903e-01 -3.050328706104380672e+00
1.786500000000000000e+04 1.574421702899440945e+00 -7.389416534805874903e-01 -3.050328706104380672e+00
1.786400000000000000e+04 2.032595233637494836e+00 -7.467358113556237242e-01 -2.659682215347153544e+00
1.966600000000000000e+04 1.166823382744447635e+00 -6.293810766856218208e+00 -2.734383085750152986e+00
1.965400000000000000e+04 1.157450877328111360e+00 -4.655899441602947775e+00 -2.636068808894073356e+00
1.965900000000000000e+04 1.751825064477368521e+00 -5.033561296412655039e+00 -2.840698321321831088e+00
1.718700000000000000e+04 1.751825064477368521e+00 -5.033561296412655039e+00 -2.840698321321831088e+00
1.708700000000000000e+04 1.602612843989652980e+00 -4.746008590214428224e+00 -2.537873730772986391e+00
1.788100000000000000e+04 1.451795356096105216e+00 -6.048725956758001843e+00 -1.375485162341746559e+00
1.788000000000000000e+04 1.087523980655216604e+00 -5.528679926965505587e+00 -2.047509947699047927e+00
1.793300000000000000e+04 1.131107813415933805e+00 -9.967391718185325544e-02 -1.546886302530793955e+00
1.720600000000000000e+04 1.551840269888213442e+00 -1.380669327977432914e-01 -2.505218936244652639e+00
2.004100000000000000e+04 2.299641969311958523e+00 -3.874918232170243115e+00 -1.450735981681368969e+00
2.006800000000000000e+04 2.811537318485711090e+00 -3.411001509732358272e+00 -2.465117993504684080e+00
2.008300000000000000e+04 -6.195394053541747326e-02 -6.277730422933803567e+00 -7.753008458630716859e+00
1.912400000000000000e+04 7.757200316083583402e-01 -8.958849376157495215e+00 -4.685477759592981073e+00
1.714300000000000000e+04 7.757200316083583402e-01 -8.958849376157495215e+00 -4.685477759592981073e+00
1.701900000000000000e+04 7.290380606629973670e-01 -8.782492786451506106e+00 -4.414534307010168135e+00
1.704400000000000000e+04 7.290380606629973670e-01 -8.782492786451506106e+00 -4.414534307010168135e+00
1.703000000000000000e+04 9.041245937361335194e-01 -8.959972586459404198e+00 -4.290050829315202208e+00
1.714400000000000000e+04 7.362080313537830989e-01 -8.570241958331891396e+00 -3.909963090739910996e+00
1.703500000000000000e+04 -5.452348423359243412e-02 -9.853822375617031781e-01 -4.455225730572532683e+00
1.707700000000000000e+04 9.466563986592770874e-01 -1.647243129775583625e+00 -4.533463318558229815e+00
1.966700000000000000e+04 8.192036750350304430e-01 -1.860745804024706018e+00 -4.263346098263859574e+00
1.713300000000000000e+04 5.029729951634269725e-01 -7.430485814662102229e-01 -3.768416683162634229e+00
1.874400000000000000e+04 2.699380318524013944e-03 -5.291535332276680492e+00 -4.365197609001683077e+00
1.953700000000000000e+04 -2.146103984039964274e-01 -6.249304132994264904e+00 -3.650367347397235562e+00
1.787600000000000000e+04 3.757494165516916951e-02 -4.784074200837796553e+00 -3.289779283804023180e+00
1.701600000000000000e+04 -3.665198681975514461e-01 -6.401463588405135852e+00 -3.172641166272590851e+00
1.706900000000000000e+04 2.283704770161637754e+00 -5.217424804266403982e+00 -7.156374350656147243e+00
1.709300000000000000e+04 1.887872984753982131e+00 -8.605637848099448206e+00 -4.322225664993631256e+00
1.701800000000000000e+04 9.206659573553999110e-01 -6.496166934453828645e+00 -8.597435364754069553e+00
1.954200000000000000e+04 9.206659573553999110e-01 -6.496166934453828645e+00 -8.597435364754069553e+00
1.873300000000000000e+04 -5.104145856657584801e-01 -8.400161206012821680e+00 -4.880969969172699763e+00
1.786300000000000000e+04 -5.104145856657584801e-01 -8.400161206012821680e+00 -4.880969969172699763e+00
1.786200000000000000e+04 -3.372342686247904453e-01 -7.367896160114259629e+00 -4.916201946274238566e+00
1.920800000000000000e+04 3.095955685251698952e-01 -7.397570484202113050e+00 -4.575613741248393040e+00
1.917900000000000000e+04 3.095955685251698952e-01 -7.397570484202113050e+00 -4.575613741248393040e+00
1.917500000000000000e+04 3.432569884847902486e-01 -8.159062164881749624e+00 -4.352783918993836210e+00
1.915300000000000000e+04 9.463064583266929120e-01 -6.917717147783438492e+00 -3.917325475916218380e+00
1.914700000000000000e+04 -8.054072474714244478e-01 -7.765295334621651335e+00 -4.873902963296394830e+00
1.916300000000000000e+04 6.499344727358611351e-01 -2.029785528544785222e-01 -4.181305591293536850e+00
1.916400000000000000e+04 -7.853354773308867109e-01 -2.685701088409080839e+00 -4.451515237841192629e+00
1.952100000000000000e+04 -5.758677175659006053e-01 -3.625141661791392522e+00 -3.776383864579781147e+00
1.911400000000000000e+04 4.947171268206043138e-01 -3.985639646466919928e+00 -3.875791418789635401e+00
1.917400000000000000e+04 4.284643165647219476e-01 -3.406547022496290822e+00 -3.805483909855752245e+00
1.917300000000000000e+04 2.415302296404512994e+00 -7.448626000512735601e+00 -4.590105358847832662e+00
1.719700000000000000e+04 5.788661738527425271e-01 -8.743274147132670038e+00 -5.522975886341420448e+00
1.918700000000000000e+04 1.009061411690881371e-01 -1.404147947275832919e+00 -6.555551492430819138e+00
1.915700000000000000e+04 -5.267694757968675034e-01 -1.366144314347277344e+00 -5.689660639313228074e+00
1.916700000000000000e+04 3.253452094772377734e-01 -1.629667356995080141e+00 -6.096739334893641171e+00
1.948600000000000000e+04 9.593054875162989603e-01 -9.116467765907536602e-01 -6.327820101940243802e+00
1.954900000000000000e+04 9.593054875162989603e-01 -9.116467765907536602e-01 -6.327820101940243802e+00
1.912100000000000000e+04 6.795738005177307528e-01 -6.410329946097590437e-01 -5.528277187350411737e+00
1.917000000000000000e+04 6.795738005177307528e-01 -6.410329946097590437e-01 -5.528277187350411737e+00
1.916500000000000000e+04 -1.672510821335304598e-01 -2.301049817208363990e+00 -5.254734367175512233e+00
1.915900000000000000e+04 -1.672510821335304598e-01 -2.301049817208363990e+00 -5.254734367175512233e+00
1.915600000000000000e+04 -9.060580288995048193e-01 -2.075296065113137800e+00 -6.107566658310801699e+00
1.953200000000000000e+04 8.152054019431309584e-01 -5.596672649633964269e+00 -6.806356351451150033e+00
6.400000000000000000e+01 2.573935547364767373e-01 -9.116908412063597922e+00 -2.658666855072596036e+00
1.914000000000000000e+04 7.821399047218458023e-01 -6.855134326655178967e-01 -2.746086756669143369e+00
1.918800000000000000e+04 8.527354284677546303e-02 -5.961570867675330732e+00 -2.852556218503075058e+00
1.950200000000000000e+04 7.627539447735642852e-03 -4.822891909496403784e+00 -1.892624602044456594e+00
1.953900000000000000e+04 3.234450030833500023e-01 -5.019375689649564265e+00 -2.943905226566194244e+00
1.917800000000000000e+04 5.727188648554690786e-01 1.762595087998469978e+00 -2.447007998821320029e+00
1.948000000000000000e+04 1.186733215194832880e+00 -5.855125600271378516e+00 -6.474046944276917515e+00
1.919900000000000000e+04 1.787945539211210466e+00 -5.911242998771768953e+00 -5.350849505768657366e+00
1.853900000000000000e+04 -1.566990480208358960e+00 -1.365292782716752029e+00 -6.143637664984225921e+00
1.920000000000000000e+04 -2.537064797674306149e+00 -9.036889475555280882e-01 -5.450542345620640106e+00
1.920500000000000000e+04 -1.598821012373607964e+00 -1.652198130716113766e+00 -5.251491125083120437e+00
1.920600000000000000e+04 -4.533365392088875012e-01 2.071242517996427779e-01 -5.426014901835195303e+00
2.009200000000000000e+04 -4.533365392088875012e-01 2.071242517996427779e-01 -5.426014901835195303e+00
2.040600000000000000e+04 -4.130357676168463499e-01 1.678414835016948103e-01 -5.347946030920351035e+00
1.963800000000000000e+04 -1.440711200953508353e-01 -3.698136907180971988e+00 -5.787039792761390800e+00
1.954500000000000000e+04 5.590856200833815848e-02 -3.614527734022605188e+00 -5.367318183021826172e+00
1.963200000000000000e+04 3.447915020302581013e-01 -4.429358045350481277e+00 -6.787888814052234210e+00
1.947100000000000000e+04 8.710351353262337781e-01 -4.007460316847536674e+00 -6.632498697119967090e+00
1.960300000000000000e+04 3.217299678368004123e-01 -7.908481277490611916e+00 -3.056055988952380176e+00
1.963500000000000000e+04 -5.813021853915198989e-01 -7.853696209001824968e+00 -1.208264166577556864e+00
2.009300000000000000e+04 6.175956206265560411e-01 9.377057512330750910e-01 -1.847138668492455338e+00
1.921900000000000000e+04 -3.243643292865705519e-02 -3.357519516451729302e+00 -1.470408963263238888e+00
1.965300000000000000e+04 -1.032292627448465616e+00 -1.669813447779681326e+00 -4.272451058615160946e+00
1.966500000000000000e+04 -2.429371305809942427e+00 -6.366934946512156301e+00 -3.244094288387550762e+00
2.008200000000000000e+04 -1.554486824459988092e+00 -7.028117581326178254e+00 -3.937147519392457440e+00
1.963300000000000000e+04 -1.142093171772228466e+00 -6.593163878534518574e+00 -3.203538814238861221e+00
2.007900000000000000e+04 -2.070941603414969023e+00 -5.590812277149446174e-01 -4.541001483932490146e+00
1.790000000000000000e+04 -1.963317519681748280e+00 -4.989666186978515938e+00 -2.971637544927936858e+00
2.039900000000000000e+04 -1.817814355287110217e+00 -4.927394212956270891e+00 -2.163138066133171833e+00
1.961000000000000000e+04 -1.054467453035180746e+00 -8.067581389450197094e+00 -2.335376939292494569e+00
1.952600000000000000e+04 -1.634702945009464337e+00 -4.093547386825795442e+00 -1.944938846482308747e+00
2.036000000000000000e+04 1.867313799615567760e+00 2.384819881087978821e+00 -1.372033339795535767e+00
2.007200000000000000e+04 1.867313799615567760e+00 2.384819881087978821e+00 -1.372033339795535767e+00
1.916900000000000000e+04 2.810245160167263112e+00 -3.490672757788463088e+00 -5.466965804122143169e+00
1.913200000000000000e+04 2.288563056513519989e+00 -3.289492013041895646e+00 -5.264208714587898186e+00
1.965000000000000000e+04 1.680639715388740463e+00 -3.592252900919916669e+00 -4.957887311620744697e+00
1.964700000000000000e+04 2.531586844657420343e+00 -3.753433962278290181e+00 -4.985831241885374965e+00
1.852100000000000000e+04 2.671311587804875654e+00 -3.773527666978717221e+00 -4.837812862970473304e+00
2.007700000000000000e+04 2.671311587804875654e+00 -3.773527666978717221e+00 -4.837812862970473304e+00
2.036800000000000000e+04 2.994177433360987628e+00 -3.809815629904445444e+00 -4.436942827590328875e+00
1.963000000000000000e+04 2.994177433360987628e+00 -3.809815629904445444e+00 -4.436942827590328875e+00
2.035300000000000000e+04 2.675681029178101689e+00 -3.952102649297932757e+00 -4.240777933151036905e+00
2.040400000000000000e+04 1.235423368364849672e+00 -4.662535379784699785e+00 -4.086717233927249282e+00
1.960900000000000000e+04 1.819038377602581136e+00 -5.015174050976758835e+00 -4.979187292689125854e+00
1.852200000000000000e+04 2.996883155802258170e+00 -4.079766023393128549e+00 -5.796435152388124123e+00
1.790400000000000000e+04 2.826131084325279375e+00 -4.370845482992679720e+00 -5.608612083770111667e+00
1.708200000000000000e+04 2.949407196580401180e+00 -4.068572339083871725e+00 -5.443700605449887320e+00
2.006900000000000000e+04 2.898328291394870693e+00 -4.097153512080497606e+00 -5.352071662521971973e+00
1.950800000000000000e+04 2.878153106945171569e+00 -3.992454851070430522e+00 -5.323402749678809442e+00
2.004000000000000000e+04 2.655808618422517586e+00 -3.855850605598384107e+00 -5.265197888009421234e+00
2.003900000000000000e+04 2.984506134505273689e+00 -4.145553487278897720e+00 -5.232768765522489929e+00
1.951600000000000000e+04 2.768823545581358125e+00 -3.903661396116863358e+00 -5.210816287598998287e+00
2.003500000000000000e+04 2.970585230981553693e+00 -3.681816748663628402e+00 -5.193338942216033871e+00
2.003400000000000000e+04 2.970585230981553693e+00 -3.681816748663628402e+00 -5.193338942216033871e+00
1.821100000000000000e+04 2.933307724799815386e+00 -3.737257097752417323e+00 -5.184292687063802418e+00
1.955700000000000000e+04 2.184240448079380670e+00 -4.251286416724848749e+00 -5.183185992821808696e+00
1.955600000000000000e+04 2.779418750909548042e+00 -3.880795788573955463e+00 -5.147944445018922011e+00
1.950500000000000000e+04 2.507183229539913683e+00 -4.302892953137657628e+00 -5.136408501272395455e+00
1.848100000000000000e+04 2.996879914298227199e+00 -3.768848656460894730e+00 -5.126021303854749078e+00
2.005000000000000000e+04 2.819898845167574830e+00 -3.629255258276241847e+00 -5.094603773738288766e+00
1.919000000000000000e+04 1.694446084086531634e+00 -3.430557487481516787e+00 -5.339873994193986562e+00
1.951400000000000000e+04 2.372327574620344048e+00 -4.991710929557807930e+00 -5.795390681708564529e+00
1.951000000000000000e+04 2.660654665112295092e+00 -4.619997758290192991e+00 -5.653479181833475309e+00
1.921600000000000000e+04 1.391879301923509615e+00 -3.861318951502923369e+00 -6.194291058716139275e+00
1.921100000000000000e+04 2.444191820686042682e+00 -3.058626441458931922e+00 -6.697385586475231634e+00
1.912200000000000000e+04 2.062543346588305404e+00 -4.685850656709845907e+00 -6.151751496451442591e+00
1.916600000000000000e+04 2.062543346588305404e+00 -4.685850656709845907e+00 -6.151751496451442591e+00
1.913700000000000000e+04 -3.692739294820823304e+00 5.840884037022162190e+00 8.029065457978681764e+00
1.959300000000000000e+04 -4.822337447822254930e+00 6.081188133495310844e+00 8.691519606954535959e+00
1.959200000000000000e+04 -4.466435152089017535e+00 1.033685618515826476e+01 7.392520067619088309e+00
1.946000000000000000e+04 -2.220269021721788860e+00 8.189564941963952904e+00 7.041100549738615655e+00
2.007400000000000000e+04 -7.886304696510904932e+00 1.057446523113050141e+01 6.962322515795008826e+00
1.946100000000000000e+04 -7.139919792613008909e+00 6.821411336301689943e+00 3.923294332546561236e+00
1.912300000000000000e+04 -7.714144345343207476e+00 7.983242471870573453e+00 4.009371398398563713e+00
1.956500000000000000e+04 -8.349236425506404657e+00 1.049991371027090636e+01 6.329119226284127819e+00
1.950400000000000000e+04 -8.349236425506404657e+00 1.049991371027090636e+01 6.329119226284127819e+00
1.945300000000000000e+04 -6.831463114521971747e+00 9.667062665914292197e+00 6.930862500166753648e+00
1.954300000000000000e+04 -6.831463114521971747e+00 9.667062665914292197e+00 6.930862500166753648e+00
1.919300000000000000e+04 -6.563220903207716006e+00 9.516658535670790897e+00 6.864139795104541975e+00
1.956400000000000000e+04 -3.197899561943303937e+00 5.765087754969136391e+00 3.197696355616038488e+00
2.008400000000000000e+04 -4.643457647503444363e+00 6.660433193784362160e+00 3.315989539490942661e+00
1.787200000000000000e+04 -4.643457647503444363e+00 6.660433193784362160e+00 3.315989539490942661e+00
1.920400000000000000e+04 -2.986690175120299884e+00 5.725822821830408138e+00 3.804038673581281671e+00
1.958700000000000000e+04 -3.305221980797174552e+00 7.047061007880623507e+00 3.799840588395788643e+00
1.962500000000000000e+04 -3.867084488575889267e+00 6.211035458305128820e+00 4.088439023996421895e+00
1.957200000000000000e+04 -3.436806639508715122e+00 6.989421874064040807e+00 4.686827153649694822e+00
1.951500000000000000e+04 -1.436060877119913926e+00 6.041279051292622881e+00 3.219133323287557857e+00
1.794000000000000000e+04 -1.040438413212468660e+00 6.163730099991385991e+00 3.423809943354733321e+00
1.913400000000000000e+04 -1.866910499031687820e+00 5.697581624755427399e+00 3.555832778112872461e+00
1.961200000000000000e+04 -1.626170144095737236e+00 6.020027785071153659e+00 3.601119531802311258e+00
1.911500000000000000e+04 -1.289111497795526695e+00 5.675773008316181034e+00 3.672275583387794029e+00
1.921700000000000000e+04 -1.884366465869119267e+00 6.122994439311299608e+00 3.700167438844246703e+00
1.910600000000000000e+04 -1.620642785141076736e+00 6.165191730430745309e+00 3.723239822204774896e+00
1.918400000000000000e+04 -2.475411216992206676e+00 6.509043595580850550e+00 3.727332204514979708e+00
1.918500000000000000e+04 -1.806569610402315895e+00 6.463691644731120789e+00 3.767633731616207626e+00
1.854900000000000000e+04 -1.511534551468643350e+00 5.990932026982700442e+00 3.784400799186862230e+00
1.913300000000000000e+04 -1.733803843755258534e+00 6.240631772109038522e+00 4.031962873873943920e+00
1.849000000000000000e+04 -1.580474032294723941e+00 5.514983351682501755e+00 3.439660556468666641e+00
1.958300000000000000e+04 -1.218050461763897196e+00 5.779893297541607744e+00 4.157023077808162270e+00
1.959000000000000000e+04 -1.521437272132752483e+00 5.461324623888609509e+00 3.615787070784186596e+00
1.919800000000000000e+04 -1.110825145239489053e+00 5.548971947295937568e+00 4.213392876065839232e+00
1.919400000000000000e+04 -1.282851083723536512e+00 5.446316842456321972e+00 3.078413691157258825e+00
1.910700000000000000e+04 -9.888481846411503184e-01 6.168498081300834990e+00 4.233258180305931262e+00
1.919600000000000000e+04 -9.744940651229665463e-01 5.465745041815383232e+00 3.890618633301613727e+00
1.957100000000000000e+04 -1.625810445963660200e+00 6.507729850498447988e+00 4.304760120343956942e+00
2.008000000000000000e+04 -1.405145067089197397e+00 6.350230628307274472e+00 4.392687257174458182e+00
1.821000000000000000e+04 -1.405145067089197397e+00 6.350230628307274472e+00 4.392687257174458182e+00
1.793800000000000000e+04 -2.149406027582788425e+00 7.273127787796064503e+00 4.461964021086330945e+00
1.830600000000000000e+04 -1.616016493600001880e+00 6.801730790445182251e+00 4.472079892449464467e+00
1.911700000000000000e+04 -1.869411220447666722e+00 6.417698891463731847e+00 4.526171492344545300e+00
1.829500000000000000e+04 -2.310456593610540565e+00 6.697734631769975522e+00 4.552734059569026215e+00
1.829600000000000000e+04 -1.689156173705808506e+00 6.516066011722564610e+00 4.594223918145360130e+00
1.941400000000000000e+04 -1.611845535120059125e+00 6.862133592260681425e+00 4.643105935755315272e+00
1.941500000000000000e+04 -1.610904757445547730e+00 6.857485761246715938e+00 4.646198230738676216e+00
1.919700000000000000e+04 -1.738222431104614607e+00 6.719530373561270586e+00 4.700815940052947894e+00
1.952400000000000000e+04 -1.381810104454973320e+00 6.577648032989224625e+00 4.746028835200682749e+00
1.793500000000000000e+04 -4.521294332333315680e+00 9.103272934769780278e+00 4.309320054716252457e+00
2.006600000000000000e+04 -4.100878194083325212e+00 9.172096108502854506e+00 4.328057254717968760e+00
2.007500000000000000e+04 -2.587428818300974598e+00 8.146637721758366979e+00 4.262230995171279346e+00
1.715200000000000000e+04 -1.123728900381367524e+00 8.027147429783672905e+00 4.445270357971331521e+00
1.791400000000000000e+04 -2.936181285663799656e+00 6.884135405094992777e+00 5.929493942914682236e+00
1.789200000000000000e+04 -3.215409458500563034e+00 7.120052761077616310e+00 5.961045758533970229e+00
1.719100000000000000e+04 -3.587686900092011300e+00 5.964300492168592704e+00 6.748583654129689080e+00
1.797400000000000000e+04 -2.787240191965334901e+00 7.169826603912008878e+00 5.311135514134591062e+00
1.707100000000000000e+04 -2.743558187086996725e+00 7.080881423153826404e+00 5.610363654813212975e+00
1.772800000000000000e+04 -1.673443649581873416e+00 7.144108355742014638e+00 4.914000545162551248e+00
1.708300000000000000e+04 -2.610103909199279926e+00 7.189638747945126696e+00 5.101578193587513965e+00
1.772900000000000000e+04 -2.321855586107439251e+00 7.087407536332362312e+00 5.112704171325674452e+00
1.792800000000000000e+04 -1.353985851345615998e+00 7.104952410600575696e+00 5.545310529331430871e+00
1.803400000000000000e+04 -2.474406012588532988e+00 6.767475581584333710e+00 5.621079207176897796e+00
1.800400000000000000e+04 -1.265282717274692992e+00 5.617214998556714356e+00 5.570558883842934961e+00
1.788400000000000000e+04 -1.265282717274692992e+00 5.617214998556714356e+00 5.570558883842934961e+00
1.872000000000000000e+04 -1.498015674334524761e+00 7.153500157749203225e+00 6.477188546169493577e+00
1.788200000000000000e+04 -1.196090528840270117e+00 5.412957899359037484e+00 4.878335643388687970e+00
1.789300000000000000e+04 -3.371107943935355067e+00 7.510520814154556746e+00 5.365905486443232064e+00
1.707200000000000000e+04 -4.256309172561413945e+00 8.624416288526626673e+00 4.815822225525472788e+00
1.870500000000000000e+04 -3.768614286193187723e+00 8.371928787720637644e+00 5.076154797858336565e+00
1.708600000000000000e+04 -3.699411044964637796e+00 8.174005225370340355e+00 5.215909321291015033e+00
1.790100000000000000e+04 -3.699411044964637796e+00 8.174005225370340355e+00 5.215909321291015033e+00
1.911600000000000000e+04 -3.270021874659136074e+00 8.485368095020639601e+00 5.212626590241519864e+00
1.791300000000000000e+04 -3.094349601118896231e+00 7.709019052928987037e+00 5.304588491877645140e+00
1.705700000000000000e+04 -3.157276358955401818e+00 8.587104860647995608e+00 5.494374493665631576e+00
1.789800000000000000e+04 -3.299322686803151328e+00 8.692526724164203245e+00 5.704761018492028768e+00
1.793000000000000000e+04 -4.629980894999791374e+00 8.937962745484970384e+00 4.986456659102159961e+00
1.712200000000000000e+04 -3.006443831814644696e+00 8.647218524436159015e+00 5.935951957419511871e+00
1.703700000000000000e+04 -4.481169296862113072e+00 7.924096457412115768e+00 6.219692737751444156e+00
1.706300000000000000e+04 -4.481169296862113072e+00 7.924096457412115768e+00 6.219692737751444156e+00
1.792100000000000000e+04 -4.553548903501269507e+00 8.934218507135605947e+00 6.255773030231985388e+00
1.792200000000000000e+04 -3.149768853112860256e+00 9.186362479221337196e+00 6.421504788135308672e+00
1.713900000000000000e+04 -1.678799938850003670e+00 7.910796372846926161e+00 4.823283321157006753e+00
1.701400000000000000e+04 -1.609316457430856495e+00 7.722582048723600323e+00 5.164850531566372638e+00
1.704700000000000000e+04 -1.776369278823588083e+00 8.695403265603447451e+00 5.223614680550632272e+00
1.709400000000000000e+04 -2.248828674988397225e+00 8.913048455741618525e+00 5.533085702847046150e+00
1.854000000000000000e+04 -1.966912047147239662e+00 7.611273901536170783e+00 5.104414767649366524e+00
1.832700000000000000e+04 -2.261949826924098517e+00 7.858033835288634528e+00 5.563666100314272001e+00
1.790500000000000000e+04 -2.004821962960102510e+00 7.881867133483535959e+00 5.992252126012658664e+00
1.706700000000000000e+04 -2.447434688262218216e+00 7.431935215587185617e+00 4.841380745599948909e+00
1.705800000000000000e+04 -2.800716208243532179e+00 8.579534489599693003e+00 6.393733756986783590e+00
1.720500000000000000e+04 -1.738125581529821773e+00 8.701819931648145712e+00 6.462512818257707181e+00
1.948900000000000000e+04 -6.661062049430386267e-01 5.754630345931389890e+00 4.335602871419268922e+00
1.914900000000000000e+04 -6.661062049430386267e-01 5.754630345931389890e+00 4.335602871419268922e+00
1.915000000000000000e+04 -6.964211201834835663e-02 6.890429643986065500e+00 4.424189535633281878e+00
1.911900000000000000e+04 -3.054219409941136831e-01 5.393520419932062104e+00 3.789442836576739637e+00
1.951800000000000000e+04 -4.803305324840003721e-01 6.698433839800101097e+00 4.701666198727387780e+00
1.953100000000000000e+04 -5.203981032808346896e-02 7.368285909973257830e+00 4.638441541849502414e+00
1.822200000000000000e+04 -8.779523776571753757e-01 7.348118676161597307e+00 4.022830480343451143e+00
1.952200000000000000e+04 -6.412794674033440501e+00 8.202137870168616729e+00 4.570413351112257772e+00
1.853200000000000000e+04 -6.290031726301664960e+00 8.672554717508560884e+00 4.690919720991928443e+00
1.853300000000000000e+04 -8.998516338493987021e-01 7.223396462842590182e+00 5.141172866428114219e+00
1.949000000000000000e+04 -2.968426351557361897e+00 1.018310895291880058e+01 5.230092068092545787e+00
1.949100000000000000e+04 -3.030901683125623691e+00 9.784476797973102435e+00 6.178715129328026023e+00
1.949400000000000000e+04 -4.020545500371214942e+00 1.014491913300329351e+01 6.186962918015439072e+00
2.031600000000000000e+04 -3.459487617914978941e+00 9.288465415199125275e+00 6.302431072587431515e+00
1.912600000000000000e+04 -2.467115291051658943e+00 1.083348063712497300e+01 5.488869268536127777e+00
1.869000000000000000e+04 -5.304474076264392934e+00 8.664619666237495466e+00 5.190553000131473027e+00
1.869100000000000000e+04 -5.559987509834460440e+00 8.728518143878774893e+00 5.190555143380883862e+00
1.921300000000000000e+04 -6.563748716712204612e+00 8.630869126496440558e+00 5.435432237349829165e+00
1.821400000000000000e+04 -5.974312132212684645e+00 8.448795032862223664e+00 5.571153151394014458e+00
1.911100000000000000e+04 -5.974312132212684645e+00 8.448795032862223664e+00 5.571153151394014458e+00
1.912000000000000000e+04 -6.106169888097973342e+00 8.754228003164895355e+00 6.076489027905040530e+00
1.945100000000000000e+04 -6.147973001767109480e+00 1.021600481410742667e+01 5.406360126859730997e+00
1.945200000000000000e+04 -6.580104146099190032e+00 1.043867200285039232e+01 6.112484799545391922e+00
1.911000000000000000e+04 -6.651010640212186686e+00 1.040223307628671989e+01 6.320788787278814880e+00
1.910900000000000000e+04 -5.523476450852937703e+00 9.396142536090723141e+00 6.065000088951350676e+00
1.910800000000000000e+04 -5.823206476217759331e+00 1.019634005152890310e+01 6.564196319683667014e+00
1.869800000000000000e+04 -3.235325790258357870e+00 6.600039797151486809e+00 2.492972137097765994e+00
1.953800000000000000e+04 -3.574973818849001006e+00 6.675239424372950481e+00 2.737791577290344947e+00
