# star id 	 star_x_coords [pc] 	 star_y_coords [pc] 	 star_z_coords [pc] 
9.904000000000000000e+03 -2.438345872425173866e-02 -6.828207991236112662e-01 3.959380253348854239e-01
9.082000000000000000e+03 7.279868044969326490e-01 3.200670542016226250e-01 3.448542691730835941e-01
9.105000000000000000e+03 7.279868044969326490e-01 3.200670542016226250e-01 3.448542691730835941e-01
9.018000000000000000e+03 -2.912148141176729155e-02 -3.714349700797683340e-01 3.881932511125967267e-01
9.019000000000000000e+03 -3.436450387405010076e-02 -4.161240859518500201e-01 5.223068302676452390e-01
9.989000000000000000e+03 -2.089238736665084417e-01 -4.924948166673885908e-01 -5.467534052723834748e-01
9.937000000000000000e+03 -3.088296731941149176e-01 -2.403358741309205016e-01 -4.763038830202575014e-01
9.921000000000000000e+03 -2.323682137805818115e-01 -1.649575995351284519e-01 -3.436093886380930940e-01
9.966000000000000000e+03 -2.775985510347975804e-01 -3.557754010654790022e-01 -3.155509512027094843e-01
9.926000000000000000e+03 -9.717000124537555905e-02 3.094264729740814346e-02 2.901690508927288192e-01
1.002100000000000000e+04 -3.720956661207903693e-01 7.248789753382567369e-02 -2.787089506088591406e-01
9.922000000000000000e+03 1.163744931233274826e-01 1.164515755424488930e-01 -5.726369715933898874e-01
9.925000000000000000e+03 1.019864186316059573e-01 3.694526044127215414e-01 -5.483914839537575858e-01
9.017000000000000000e+03 -4.431603972103435041e-01 -2.313984510164601716e-02 2.712405663539101397e-01
9.917000000000000000e+03 -4.431603972103435041e-01 -2.313984510164601716e-02 2.712405663539101397e-01
9.908000000000000000e+03 6.487770297421473487e-01 2.560075005645785495e-01 6.685055335898297812e-01
9.964000000000000000e+03 3.449497706221027471e-01 1.018890938931917844e-01 2.784750023011781650e-01
9.914000000000000000e+03 4.553335437819150400e-01 2.133984669953719049e-01 2.918890826619175982e-01
9.902000000000000000e+03 4.553335437819150400e-01 2.133984669953719049e-01 2.918890826619175982e-01
9.920000000000000000e+03 1.841692966423131850e-01 1.951479992558518006e-01 -3.218502086486196845e-01
9.945000000000000000e+03 3.892830677103695791e-01 3.370682158397642070e-03 -2.810078671131819306e-01
9.961000000000000000e+03 -3.425466506625909346e-01 -3.298435111894093552e-01 -1.798385209232407078e-01
9.909000000000000000e+03 2.284212303647059628e-02 -1.241914808667559100e-01 -1.786949678148630483e-01
9.901000000000000000e+03 -2.769844364596707464e-02 -7.083082123667594487e-02 -1.394716056045695041e-01
9.046000000000000000e+03 -5.141464411007135027e-02 -1.426840055759655002e-01 -3.238240432238370659e-02
9.931000000000000000e+03 -5.141464411007135027e-02 -1.426840055759655002e-01 -3.238240432238370659e-02
9.076000000000000000e+03 -1.421583996059965216e-01 -1.201920818559187865e-01 3.139478798271255755e-02
9.075000000000000000e+03 1.445514533957688030e-01 -9.294699906673287160e-02 3.198430613976199766e-02
9.927000000000000000e+03 -2.178470994218990597e-01 -5.644544447942223542e-02 3.480382550537797215e-02
9.916000000000000000e+03 1.264547217064730944e-01 -6.134507073696227053e-02 6.216845535045933957e-02
9.999000000000000000e+03 -7.928685265792445591e-02 -1.056790429283509525e-01 1.053343214223616542e-01
9.918000000000000000e+03 -1.420119632646610341e-02 -3.064786238847005961e-02 1.071163750344226173e-01
9.078000000000000000e+03 -1.420119632646610341e-02 -3.064786238847005961e-02 1.071163750344226173e-01
9.953000000000000000e+03 -4.752588545114413421e-01 -4.005343483710532837e-02 1.689026407662765905e-01
9.912000000000000000e+03 1.619686077336570662e-01 -8.856755741329891407e-02 -2.416277448873387357e-01
9.933000000000000000e+03 4.952843723299551471e-01 -1.800905459983610513e-01 -1.690087216703517470e-01
9.117000000000000000e+03 3.560226931813836870e-01 -1.723279724741786367e-01 2.477269807533133417e-02
9.970000000000000000e+03 2.681393089455745837e-01 -3.032540433644541622e-01 2.505848235454024575e-01
9.091000000000000000e+03 -1.250788260425519383e-01 5.944929380089547521e-02 -2.566713128588133941e-01
9.935000000000000000e+03 -2.297144299179691984e-01 1.059111019200358328e-01 -1.476763519520929435e-01
9.976000000000000000e+03 -2.297144299179691984e-01 1.059111019200358328e-01 -1.476763519520929435e-01
9.077000000000000000e+03 4.087792186098049285e-02 4.147218184039900279e-01 -5.202178145388813846e-02
9.910000000000000000e+03 9.867590745490417703e-02 3.783752697327074088e-01 -4.464526612331098931e-02
9.948000000000000000e+03 6.959502938826744867e-02 1.186399083055391657e-01 1.476946314052440812e-02
9.954000000000000000e+03 -3.092022927955007106e-02 1.424450400329675404e-01 2.566785462323650790e-02
9.906000000000000000e+03 -2.688612566638663992e-01 9.703630197117263378e-02 1.263014552404086999e-01
9.905000000000000000e+03 -1.096586748645300702e-02 1.402419236558074545e-01 2.188556405904407143e-01
9.085000000000000000e+03 -8.086965885495107642e-01 3.016974897995652327e-01 -8.912392754490383595e-02
9.929000000000000000e+03 -4.603620234774652431e-01 1.717743295108817847e-01 -2.478611752751618269e-01
9.974000000000000000e+03 -4.007545119810664858e-01 2.140971643967617410e-01 7.931693568870912259e-02
9.053000000000000000e+03 -5.383234975066830685e-01 1.118478900982111668e-01 1.401620954992068846e-01
9.911000000000000000e+03 2.895426324155678799e-01 1.679625675363141113e-01 -1.293861320082214661e-01
9.946000000000000000e+03 6.008200296245878036e-01 -9.632265515151061663e-03 -1.022591199585534127e-01
9.932000000000000000e+03 1.636402619005767889e-01 1.294949098663309428e-01 -1.326672437624409895e-02
