# star id 	 star_x_coords [pc] 	 star_y_coords [pc] 	 star_z_coords [pc] 
5.184600000000000000e+04 2.800343200727439807e-01 -1.726052605765389103e-01 2.254532303109044733e-01
5.185000000000000000e+04 2.800343200727439807e-01 -1.726052605765389103e-01 2.254532303109044733e-01
5.185100000000000000e+04 3.665701532051883760e-01 -2.659534906582905478e-02 1.878996151071987697e-02
5.182800000000000000e+04 3.665701532051883760e-01 -2.659534906582905478e-02 1.878996151071987697e-02
5.184500000000000000e+04 4.950758321951838070e-01 1.082226709837968315e+00 -2.781933822615485496e-01
5.185500000000000000e+04 -9.882757718925887502e-01 -4.028004997387597541e-01 -1.006302648197987537e+00
5.187700000000000000e+04 -7.021476306699270253e-01 -1.076241890628025999e+00 -8.388279882056508541e-01
5.186000000000000000e+04 -7.625489871277579823e-02 -2.213097631441485191e-02 -1.334945210192302056e-01
5.184300000000000000e+04 1.703103062031345871e-01 4.126313194075237334e-02 3.594375628967441116e-01
5.186200000000000000e+04 5.272910233726690876e-02 -5.479036995833297397e-02 5.231320220936197529e-01
5.183700000000000000e+04 -8.836855506285701267e-02 1.227272787263594012e+00 -3.918166504967359742e-01
5.186600000000000000e+04 -2.055973285405485740e-01 -3.284550427356691671e-01 1.149129619487524678e+00
