# star id 	 star_x_coords [pc] 	 star_y_coords [pc] 	 star_z_coords [pc] 
9.456000000000000000e+03 9.225810000718901449e-01 9.714839635762437808e-01 -5.028138872952681027e-01
9.479000000000000000e+03 -1.336984152876476983e-01 -4.925039508545783207e-01 -4.010320197148971033e-01
7.819000000000000000e+03 6.112230463751222587e-01 -9.505424875017176589e-01 -4.796565171518807347e-02
9.019000000000000000e+03 1.263167509986626413e+00 2.716896828645367634e-01 -1.297039040679088373e+00
1.013800000000000000e+04 2.296471353857754139e-02 1.049726509152844045e-01 -8.206106968308901628e-01
7.912000000000000000e+03 -2.858212425985380278e-01 2.590844651131334331e-01 -8.021342844187984156e-02
1.019400000000000000e+04 -8.196084845308968525e-01 -6.288264964913103938e-02 6.629539501212562413e-01
9.381000000000000000e+03 -7.904040613503564572e-01 -5.065083485846955114e-02 1.243360387192041117e+00
1.019300000000000000e+04 -7.904040613503564572e-01 -5.065083485846955114e-02 1.243360387192041117e+00
