# star id 	 star_x_coords [pc] 	 star_y_coords [pc] 	 star_z_coords [pc] 
2.732900000000000000e+04 -1.345287471442802030e-01 -1.847551618097327264e-01 -1.970462982412826136e+00
2.732600000000000000e+04 -8.129508281125801261e-01 5.844366509334264492e-02 -9.090096072568840668e-01
2.738900000000000000e+04 1.564054855554726231e+00 -1.132523629053885372e+00 -8.760545782702706674e-01
2.739100000000000000e+04 3.179823187166981313e-01 -5.832170090833272980e-01 -7.254848809023108913e-01
2.738400000000000000e+04 -1.835050738820893201e+00 7.573683832714337427e-01 1.664562426255706384e+00
2.735700000000000000e+04 -2.899534680690862842e-02 5.574521034167787548e-01 -5.785939642850763676e-01
2.739500000000000000e+04 3.834121417030971202e-01 -2.302566357974882294e-01 -3.384459961609422862e-01
2.739700000000000000e+04 1.869649230967063147e+00 -1.164055179586505062e+00 -1.462885625567409420e-01
2.733100000000000000e+04 7.891718590973368919e-01 1.424787878295106225e+00 5.388594506344759338e-01
2.733200000000000000e+04 -1.531676980720106940e-01 4.277114560332648807e-01 8.155091987977449719e-01
2.733000000000000000e+04 -6.661304241632137746e-01 -1.072155982818117081e-01 8.645071327063078570e-01
2.738800000000000000e+04 -1.026325718701702527e+00 1.471644527022988314e-01 1.554634365767316950e+00
