# star id 	 star_x_coords [pc] 	 star_y_coords [pc] 	 star_z_coords [pc] 
1.309600000000000000e+04 -1.001771303252084522e+00 -1.197618751572932183e+00 4.633543332260643410e-01
1.309700000000000000e+04 -6.817575708605474460e-01 -1.260629602642211466e-01 7.294079705738454322e-01
1.309500000000000000e+04 -1.568864779545009469e+00 -9.478745406211430691e-01 8.805456049319815293e-01
1.303100000000000000e+04 7.658088468803327942e-01 -1.247742930661217997e+00 5.947296105388346632e-01
1.310600000000000000e+04 1.722120221970968146e+00 -1.212782481547051816e+00 6.085743201544744352e-01
1.311100000000000000e+04 7.189813838456871053e-02 -7.367285099213205513e-01 9.124447499599597222e-01
1.309800000000000000e+04 2.661621326984828784e-01 1.669192540371454925e+00 -6.459318176258790345e-01
1.309400000000000000e+04 -6.871035904455879972e-02 1.460550275359963734e+00 -6.207889745472243703e-01
1.310000000000000000e+04 5.394021185733208767e-01 7.201795628280791561e-01 -2.832134696591595002e-01
1.309200000000000000e+04 4.352023540880480823e-01 -7.092178600784393439e-02 1.753739576352586482e-02
1.309900000000000000e+04 4.352023540880480823e-01 -7.092178600784393439e-02 1.753739576352586482e-02
1.308300000000000000e+04 4.352023540880480823e-01 -7.092178600784393439e-02 1.753739576352586482e-02
1.303200000000000000e+04 -6.749472571615200422e-01 9.158265704219843428e-01 -1.345867260994111803e+00
1.307900000000000000e+04 -6.749472571615200422e-01 9.158265704219843428e-01 -1.345867260994111803e+00
