# star id 	 star_x_coords [pc] 	 star_y_coords [pc] 	 star_z_coords [pc] 
5.234300000000000000e+04 -2.172324590075034756e+00 -1.014485771405610137e+00 1.812669076192126028e+00
5.234400000000000000e+04 -2.472429954232886473e-01 -1.036748216843406567e+00 -2.053698219089454824e+00
5.234700000000000000e+04 -3.229067890560175513e+00 -4.671374531418024389e-01 1.318357736816938797e+00
5.237200000000000000e+04 1.210009254157355940e+00 1.065515701108019186e+00 2.927227735150118804e+00
5.232300000000000000e+04 -4.544592632334527593e-01 2.906935945341757588e-01 1.232690020665380359e+00
5.237100000000000000e+04 1.846193948415306707e-01 -7.164786474513249459e-01 1.504014419882867770e+00
5.234100000000000000e+04 6.729281428087334760e-01 1.523003859663191406e+00 5.707633744691165134e-02
5.233000000000000000e+04 -8.495407500265281797e-01 1.863253129512088435e+00 7.178184169412560323e-02
2.059200000000000000e+04 -2.197872786202979434e+00 -1.487341218322349334e+00 2.886005710501329702e+00
5.265900000000000000e+04 1.069940754493230894e+00 1.510217702375292959e+00 1.875256243390449384e+00
5.214700000000000000e+04 5.930520016544402750e-01 -1.544877507845995979e+00 1.304442037389868858e+00
5.237600000000000000e+04 -2.433000938863427720e-01 -1.910648474509223149e+00 2.181363189933289704e+00
5.228700000000000000e+04 3.546776173680310507e-02 1.238293308150765881e+00 -1.891440494934393257e-01
5.234200000000000000e+04 -5.827227508001531220e-02 1.436142984532786215e+00 9.127012992052385698e-02
5.234000000000000000e+04 3.961430006633991585e+00 3.744483898103823094e-02 5.694842533229014236e-01
5.323800000000000000e+04 -2.436190110121550845e+00 -9.348567164627041848e-02 1.182550276636241904e+00
5.236400000000000000e+04 -1.777586508173802038e+00 1.007486267305118588e+00 1.300189309673626781e+00
5.218800000000000000e+04 -4.971124023161461736e-01 1.465577779535948366e+00 5.012743562094641447e-01
5.273900000000000000e+04 3.355141666224614738e-01 1.160167308879181292e+00 3.148486585205247934e-01
5.227100000000000000e+04 -5.415876945778634877e-01 1.154529529482601902e+00 2.691120490170995083e-01
5.233100000000000000e+04 6.137244540185040620e-01 1.150091534262408288e+00 -3.281288949428073920e-01
5.228300000000000000e+04 -5.539284598628935186e-01 -1.645882868778848263e+00 -7.050134474017113462e-01
5.236200000000000000e+04 7.495403867039129864e-02 -1.817617784783358559e+00 7.577264482318959438e-01
5.238100000000000000e+04 -1.248662882021745801e+00 -1.749254408651736981e+00 6.770372172012315559e-01
5.231800000000000000e+04 1.505092516065208663e+00 9.829652700500162155e-01 -7.947444491291832946e-01
5.218500000000000000e+04 2.023467983986416918e+00 1.076874311421505581e+00 -1.516207497260531056e-01
5.265800000000000000e+04 3.131619149017610404e+00 3.546621319600120614e-01 6.357844305972406573e-01
5.235700000000000000e+04 1.463996407970806768e+00 2.326139112332299419e-01 1.054001668940166780e+00
5.237400000000000000e+04 7.834280435222398253e-01 -1.149061010993165155e+00 -1.235550453273635441e+00
5.252200000000000000e+04 -2.597620592628215874e-01 -1.191343700188198795e-01 -1.027700178214864479e+00
5.219200000000000000e+04 3.881208942434053455e-01 -8.164592875372136405e-01 -8.809374267363629940e-01
5.263100000000000000e+04 -4.853223088736591251e-02 4.747383160044478245e-01 -7.535545280720619132e-01
5.233900000000000000e+04 -3.346010110963542061e-01 7.388102091532715576e-01 -6.795454275634824626e-01
5.227700000000000000e+04 -2.991385245953663841e-01 3.419306380153344094e-01 -6.303987656225196190e-01
5.232600000000000000e+04 -5.794000536576540128e-01 -4.431282989104303738e-01 1.968233925629508718e+00
3.456600000000000000e+04 1.959900640196821087e-02 8.253384502162219860e-02 1.684908584974639467e+00
5.226800000000000000e+04 3.937567413645339798e-01 -8.347295957718472437e-01 1.815178088473192730e+00
5.232900000000000000e+04 2.504689822747971473e+00 1.484655746130798093e+00 6.133078424965496822e-01
5.258900000000000000e+04 2.623755400445393793e+00 2.164322488052846438e+00 -3.212926517432883600e-01
5.233400000000000000e+04 1.041075028934912439e+00 -5.610173226264691948e-02 -1.827038238304048434e-01
5.229400000000000000e+04 6.446362696897960376e-01 8.275415572749267312e-02 -3.921760257677675554e-02
5.229100000000000000e+04 -2.258460623207501072e-01 -4.201439821772154914e-01 -1.981365641688981327e-02
5.229000000000000000e+04 -2.258460623207501072e-01 -4.201439821772154914e-01 -1.981365641688981327e-02
5.266400000000000000e+04 -5.430035799760482007e-01 8.452537391968419911e-01 -3.676137306626969803e-03
5.234900000000000000e+04 1.569826215754961396e-01 5.135912788042844568e-01 6.366836589467084195e-02
5.233800000000000000e+04 -3.410895634321988723e-01 -8.353142654690159929e-01 3.347512566682517843e-01
5.232000000000000000e+04 1.606043604657854562e+00 2.003570404251611592e+00 1.384464328913750819e+00
5.228400000000000000e+04 6.208530584977003386e-01 -2.593251668016023359e-01 3.633332487059419691e-01
5.434000000000000000e+04 -2.238012816544179273e-01 8.187711645899469204e-01 5.531082566327150118e-01
5.229500000000000000e+04 -9.064562856498659116e-01 -2.623584394051974300e-01 6.381558851247426389e-01
5.232800000000000000e+04 -3.811448746676058263e-01 -5.686612949946692197e-01 8.594389268888313893e-01
5.229300000000000000e+04 8.661933085860784587e-01 7.508213603762357025e-01 9.710889543962757386e-01
5.238700000000000000e+04 -4.619789436680239447e-01 7.440090850116121146e-01 9.855874774783508485e-01
5.227500000000000000e+04 1.140554357680908737e+00 -5.115826529376121812e-01 1.056974925830019174e+00
5.279300000000000000e+04 -1.310993952288425746e+00 -2.775978883871488279e-01 5.918541469198217442e-01
5.280500000000000000e+04 -4.858805330890749730e-01 -8.415160035112592141e-01 -1.468363367918744444e+00
5.259900000000000000e+04 -9.151922157155656379e-02 -9.819806361817882134e-01 -1.818366909862923819e+00
5.238900000000000000e+04 2.290088229600595326e-01 -2.471828571032048671e-01 -6.020488194014781413e-01
5.265500000000000000e+04 -2.880057852632011972e-01 -6.431023108962818924e-01 -3.909899000961196691e-01
5.235200000000000000e+04 3.715925110055628977e-02 2.924809714800957750e-01 -3.790389783982099914e-01
5.236700000000000000e+04 -7.511014024670803479e-01 -1.782702656723891721e+00 -2.924639650061909180e+00
5.231900000000000000e+04 -2.247419689930482356e+00 8.639426736743160973e-02 -3.281065172830718524e+00
5.232700000000000000e+04 -1.170683147408396074e+00 -1.223548733149513623e+00 -3.058812882147663004e+00
5.238300000000000000e+04 -2.045159037404195246e+00 -8.204859954311061188e-01 -3.014765824416787865e+00
5.434600000000000000e+04 2.572205892730838883e-02 -2.576123016221529838e-01 -3.417506917860343663e+00
5.263600000000000000e+04 1.724429843057251333e-01 -2.115608162713868978e-01 -2.909992942154243423e+00
5.235300000000000000e+04 2.950651699886215340e-01 -3.823239601471684068e-01 -2.834359432923932332e+00
5.232400000000000000e+04 -6.963905452974801236e-01 -1.124454593460079366e+00 -2.291712498250294772e+00
