# star id 	 star_x_coords [pc] 	 star_y_coords [pc] 	 star_z_coords [pc] 
2.185000000000000000e+03 2.775075435515104161e-01 -6.679856568904796177e-02 -1.870523547710305934e+00
2.184000000000000000e+03 1.408089931240930071e-01 8.397739665385017815e-02 -8.841027329467294749e-01
2.216000000000000000e+03 7.389267908913108585e-01 -1.821917623568722888e-01 6.209539041979112994e-01
2.415000000000000000e+03 7.389267908913108585e-01 -1.821917623568722888e-01 6.209539041979112994e-01
2.549000000000000000e+03 1.371791463609790540e-01 -4.555278644023843526e-01 9.425436887152827126e-01
2.550000000000000000e+03 7.224114399504983908e-01 6.316080492613167507e-01 3.211759047522093624e-01
2.231000000000000000e+03 7.224114399504983908e-01 6.316080492613167507e-01 3.211759047522093624e-01
2.490000000000000000e+03 -7.667909484283619292e-01 1.362068672292409133e-01 1.535103724508807943e+00
2.245000000000000000e+03 4.871003733897270038e-01 6.982751224942802537e-01 7.038240544772520479e-01
2.242000000000000000e+03 4.871003733897270038e-01 6.982751224942802537e-01 7.038240544772520479e-01
2.243000000000000000e+03 -2.552582101954872229e-01 -2.189237679792626068e-01 2.024927538476859468e-01
2.244000000000000000e+03 -7.718397522673825506e-02 -1.819492155236872577e-01 1.097935968729970568e-01
2.215000000000000000e+03 -7.718397522673825506e-02 -1.819492155236872577e-01 1.097935968729970568e-01
2.491000000000000000e+03 -7.410442635483871499e-02 -2.467475144290176559e-01 2.531306067692469242e-01
2.521000000000000000e+03 -7.410442635483871499e-02 -2.467475144290176559e-01 2.531306067692469242e-01
2.522000000000000000e+03 -2.004466723264286543e-01 -1.444385021929477375e-01 6.610110363683219248e-02
2.505000000000000000e+03 -2.004466723264286543e-01 -1.444385021929477375e-01 6.610110363683219248e-02
2.232000000000000000e+03 -2.004466723264286543e-01 -1.444385021929477375e-01 6.610110363683219248e-02
2.353000000000000000e+03 -5.149532251416655271e-02 1.713144843698728437e-01 3.820723376088608347e-02
2.432000000000000000e+03 -5.149532251416655271e-02 1.713144843698728437e-01 3.820723376088608347e-02
2.351000000000000000e+03 -5.149532251416655271e-02 1.713144843698728437e-01 3.820723376088608347e-02
2.257000000000000000e+03 -2.951043286891508188e-02 5.818759330913536587e-02 7.307636146375529052e-02
2.422000000000000000e+03 -2.951043286891508188e-02 5.818759330913536587e-02 7.307636146375529052e-02
2.421000000000000000e+03 -5.304208459530723729e-02 -4.366409547609606534e-02 4.164663950731295472e-02
2.502000000000000000e+03 -5.304208459530723729e-02 -4.366409547609606534e-02 4.164663950731295472e-02
2.240000000000000000e+03 -5.304208459530723729e-02 -4.366409547609606534e-02 4.164663950731295472e-02
2.239000000000000000e+03 -9.113064126152714550e-02 1.436598758291083300e-01 1.737292140740436253e-01
2.175000000000000000e+03 -9.113064126152714550e-02 1.436598758291083300e-01 1.737292140740436253e-01
2.177000000000000000e+03 1.149184349639407188e-01 1.196837167255750956e-01 1.164224890352159036e-01
2.178000000000000000e+03 1.149184349639407188e-01 1.196837167255750956e-01 1.164224890352159036e-01
2.347000000000000000e+03 -2.098976863955908101e-01 -2.691099293406935544e-01 -5.051314318546218374e-02
2.129000000000000000e+03 -2.098976863955908101e-01 -2.691099293406935544e-01 -5.051314318546218374e-02
2.130000000000000000e+03 -9.468719313074736021e-02 -2.128441326335419603e-01 -2.505678595415830046e-01
2.512000000000000000e+03 -9.468719313074736021e-02 -2.128441326335419603e-01 -2.505678595415830046e-01
2.513000000000000000e+03 -9.108052302604185968e-02 -9.130676440439344788e-02 -1.933292763783711621e-01
2.339000000000000000e+03 -9.108052302604185968e-02 -9.130676440439344788e-02 -1.933292763783711621e-01
2.340000000000000000e+03 -3.914968656693318394e-02 -9.648378688259384717e-02 -1.421228089004884509e-01
2.341000000000000000e+03 -3.914968656693318394e-02 -9.648378688259384717e-02 -1.421228089004884509e-01
2.433000000000000000e+03 -3.914968656693318394e-02 -9.648378688259384717e-02 -1.421228089004884509e-01
2.434000000000000000e+03 -3.510734006410665131e-03 -1.666702290614097137e-01 -1.218350113728163819e-01
2.181000000000000000e+03 -3.510734006410665131e-03 -1.666702290614097137e-01 -1.218350113728163819e-01
2.182000000000000000e+03 -4.528472939972605360e-02 -2.046762880951504826e-01 -6.833354349490861068e-02
2.352000000000000000e+03 -4.528472939972605360e-02 -2.046762880951504826e-01 -6.833354349490861068e-02
2.506000000000000000e+03 -7.415582578652823997e-02 -1.724698290164781156e-01 -5.303430843110135129e-02
2.246000000000000000e+03 -7.415582578652823997e-02 -1.724698290164781156e-01 -5.303430843110135129e-02
2.204000000000000000e+03 -3.823337498733803130e-02 -1.467077106386724950e-01 6.201071644696298790e-03
2.189000000000000000e+03 -3.823337498733803130e-02 -1.467077106386724950e-01 6.201071644696298790e-03
2.372000000000000000e+03 2.742390539387074000e-02 -2.328007365568183218e-01 2.854605801186949066e-02
2.373000000000000000e+03 2.742390539387074000e-02 -2.328007365568183218e-01 2.854605801186949066e-02
2.374000000000000000e+03 1.567226566100083929e-01 -1.562251085960042474e-02 -2.522055901166240233e-01
2.135000000000000000e+03 1.567226566100083929e-01 -1.562251085960042474e-02 -2.522055901166240233e-01
2.134000000000000000e+03 1.798758001068669898e-01 1.037987732508369731e-01 -8.534719698296555634e-03
2.530000000000000000e+03 1.798758001068669898e-01 1.037987732508369731e-01 -8.534719698296555634e-03
2.394000000000000000e+03 -1.480842303607223798e-01 5.822377188870575537e-02 -2.531676812980876434e-01
2.529000000000000000e+03 -1.480842303607223798e-01 5.822377188870575537e-02 -2.531676812980876434e-01
2.375000000000000000e+03 -1.480842303607223798e-01 5.822377188870575537e-02 -2.531676812980876434e-01
2.082000000000000000e+03 -6.385126696495824206e-02 2.264300038511635194e-03 -1.624400136363561842e-01
2.081000000000000000e+03 -6.385126696495824206e-02 2.264300038511635194e-03 -1.624400136363561842e-01
2.080000000000000000e+03 -1.295870588521594868e-01 1.074213567245152490e-02 -1.416856142645386285e-01
2.205000000000000000e+03 -1.295870588521594868e-01 1.074213567245152490e-02 -1.416856142645386285e-01
2.376000000000000000e+03 -1.295870588521594868e-01 1.074213567245152490e-02 -1.416856142645386285e-01
2.393000000000000000e+03 -9.888060997998060486e-02 -2.092788375986742722e-02 -6.425575008020700807e-02
2.528000000000000000e+03 -9.888060997998060486e-02 -2.092788375986742722e-02 -6.425575008020700807e-02
2.533000000000000000e+03 -9.888060997998060486e-02 -2.092788375986742722e-02 -6.425575008020700807e-02
2.203000000000000000e+03 -1.311241500126199000e-01 1.373827816692738679e-01 -3.302811612947920139e-02
2.167000000000000000e+03 -1.311241500126199000e-01 1.373827816692738679e-01 -3.302811612947920139e-02
2.544000000000000000e+03 -1.311241500126199000e-01 1.373827816692738679e-01 -3.302811612947920139e-02
2.545000000000000000e+03 7.250580657274419139e-02 1.177236907470771143e-01 -1.251325302646932869e-02
2.471000000000000000e+03 7.250580657274419139e-02 1.177236907470771143e-01 -1.251325302646932869e-02
2.188000000000000000e+03 -1.285346588980385008e-02 -2.765438202104775200e-02 1.844949758379499372e-02
2.534000000000000000e+03 -1.285346588980385008e-02 -2.765438202104775200e-02 1.844949758379499372e-02
2.166000000000000000e+03 1.508589373626136876e-01 2.437960248064499069e-01 1.939275978614318774e-02
2.447000000000000000e+03 1.508589373626136876e-01 2.437960248064499069e-01 1.939275978614318774e-02
2.467000000000000000e+03 -2.026518124645262375e-01 2.745531417813751318e-01 -1.020871234664113558e-01
2.466000000000000000e+03 9.051575511837750554e-02 -1.194299837510044426e-01 -3.474956950427880997e-01
2.479000000000000000e+03 -3.564007640089483786e-01 2.130037736159877682e-01 -5.537937512194801570e-01
