# star id 	 star_x_coords [pc] 	 star_y_coords [pc] 	 star_z_coords [pc] 
1.059500000000000000e+04 -2.042031262237742339e-01 -3.066383090501091147e+00 5.090832459433443091e-01
1.048800000000000000e+04 -5.230628888448052294e-01 -1.748824700606846250e+00 -8.054555846121047580e-02
1.050600000000000000e+04 -5.565875452757964581e-01 -1.796188629030524453e+00 -4.025196438894980133e-01
1.048100000000000000e+04 -3.753028556886306433e-02 -1.249845842771485138e+00 -3.913199451435076526e-01
1.049700000000000000e+04 -3.753028556886306433e-02 -1.249845842771485138e+00 -3.913199451435076526e-01
1.051500000000000000e+04 1.484663023750840694e+00 -9.906267599784257527e-02 1.769815502358937920e-01
1.054600000000000000e+04 1.343936400098549200e+00 -6.204678639506724380e-01 4.097202699060389364e-01
1.047900000000000000e+04 -1.654660440160071744e+00 -2.231651365357414818e+00 -5.430967367253458633e-01
1.048900000000000000e+04 -1.331772362641231666e+00 -8.459481121981724527e-01 -4.619778066825546148e-01
1.064900000000000000e+04 1.512992725534232363e-01 -1.138251176764455863e+00 -1.548828057973850036e+00
1.046100000000000000e+04 -1.230897689346832635e-01 -1.045890377355497947e+00 -9.627027712225384448e-01
1.054900000000000000e+04 2.723222747510050112e-01 -1.233247201376507007e+00 -7.202458774240412254e-01
1.065000000000000000e+04 1.411195664561915919e+00 -3.832579351941731716e-01 -6.245022651887452980e-01
1.066200000000000000e+04 3.525176409351757911e-01 -1.547452569157954372e-01 -1.172563563566690448e+00
1.037700000000000000e+04 8.365463795711178818e-01 -7.612480117137252478e-01 1.349188319613723763e+00
1.042200000000000000e+04 -1.590011745073738325e-01 -1.949814399467229009e-01 1.319869097028053773e+00
1.050300000000000000e+04 -1.527246107671658137e+00 -3.308875702030391608e-01 5.506757998375917396e-01
1.051000000000000000e+04 5.054995121364669330e-02 8.613477885985076909e-01 -1.416632541267688339e-01
1.055300000000000000e+04 6.985410567506633583e-01 9.291616557293664869e-01 6.643651003498263208e-02
1.037600000000000000e+04 -2.970358607267584716e-01 1.770448376229822429e+00 -2.521013976709127746e-01
1.066000000000000000e+04 -9.878334137031714590e-01 5.866433676437523559e-01 -1.481546035370222114e+00
1.051100000000000000e+04 1.498237707201880653e+00 2.449704054067467496e-01 -5.635037345574360756e-01
1.051700000000000000e+04 -9.375316904606734170e-01 6.543704500905818122e-01 7.956138826769176831e-01
1.054800000000000000e+04 -8.500656217699145145e-01 6.198533099151859460e-01 1.466608195279448523e+00
1.054700000000000000e+04 4.309111071358344702e-01 9.848536508741219109e-01 1.147850344173711790e+00
1.048500000000000000e+04 2.517716442183584036e-01 2.123471116435467820e+00 -6.584449202225783893e-01
1.050700000000000000e+04 2.845925140430907163e-01 1.176002582826207288e+00 -5.886688666930268710e-01
1.051800000000000000e+04 1.422377443525604690e+00 3.208763072847062858e-01 -3.055674165785262630e-01
1.051400000000000000e+04 1.082364286690790323e+00 3.889036237201537460e-01 2.368933783552051864e-01
1.052300000000000000e+04 8.675147549955752879e-01 2.672042547483570729e-01 -2.184779635768165917e-01
1.041100000000000000e+04 1.566667935571182113e+00 9.665750016517904442e-02 1.498398029288097177e-01
1.037500000000000000e+04 1.566667935571182113e+00 9.665750016517904442e-02 1.498398029288097177e-01
1.052600000000000000e+04 -1.644947200970356960e+00 1.410421449521663817e-01 8.033701944538051976e-02
1.052500000000000000e+04 1.061157491243655215e+00 1.347367880762895709e+00 -3.735469309506811442e-02
1.047800000000000000e+04 1.797933285954648852e+00 9.737059770866238750e-01 1.218280724237750690e+00
1.038000000000000000e+04 1.450444904089827958e+00 1.531712102872901937e-01 7.429126037886675249e-01
1.065700000000000000e+04 9.910596810530876155e-01 1.127703193667400683e+00 7.145196383241696481e-01
1.037900000000000000e+04 -5.960465169469841840e-01 -2.390899952881397894e-02 -1.792964991546568854e+00
1.038600000000000000e+04 1.683247267088766819e+00 -4.075562386508266854e-01 -1.625508158324272756e+00
1.039500000000000000e+04 -4.138167324617114673e-02 7.607839171598129724e-02 -1.640646345470386791e+00
1.039400000000000000e+04 -4.138167324617114673e-02 7.607839171598129724e-02 -1.640646345470386791e+00
1.053400000000000000e+04 -1.083873028067188216e+00 2.423384692065084778e-01 -2.503138873856507018e+00
1.048700000000000000e+04 -1.177528023802175028e+00 2.153607976333006491e+00 3.076873065495036030e-01
1.041600000000000000e+04 -3.221230821270069100e-01 2.413321159815211558e+00 1.284136234729018611e+00
1.058700000000000000e+04 -7.148166416328649575e-03 -6.067951377104066069e-01 1.287950631881855657e-01
1.063300000000000000e+04 -7.148166416328649575e-03 -6.067951377104066069e-01 1.287950631881855657e-01
1.048200000000000000e+04 2.121377536977320233e-02 -4.784311722266352263e-01 3.331639762005238481e-01
1.041000000000000000e+04 2.121377536977320233e-02 -4.784311722266352263e-01 3.331639762005238481e-01
1.038300000000000000e+04 -5.514474231018056116e-01 -6.394119026515099335e-01 4.046431508551791012e-01
1.051300000000000000e+04 -1.170214583383376805e+00 6.194580727120779784e-02 2.110556857765075733e-01
1.054300000000000000e+04 -2.159507941507143869e-02 -4.098873255191364251e-01 6.319401437056626492e-02
1.058500000000000000e+04 -2.448917529600436183e-02 -3.898866029717495962e-01 2.795717863335411835e-01
1.058400000000000000e+04 1.007725751089196820e-01 2.562997077033202231e-02 -3.483527375905737244e-03
1.050500000000000000e+04 1.706275398445953329e-01 3.858801304236436636e-02 2.819223013401739308e-02
1.040300000000000000e+04 1.706275398445953329e-01 3.858801304236436636e-02 2.819223013401739308e-02
1.044700000000000000e+04 -8.344887055784511176e-02 5.992605567263353805e-02 2.540481121268811648e-02
1.044600000000000000e+04 2.061835733819350480e-03 1.253904374652137221e-02 5.919648385097531218e-02
1.051200000000000000e+04 1.960304072646366080e-01 -1.538295760975145754e-01 8.815733134990466624e-02
1.050000000000000000e+04 1.960304072646366080e-01 -1.538295760975145754e-01 8.815733134990466624e-02
1.049900000000000000e+04 -1.152779537403958443e-01 1.599831046975452864e-02 8.583269984895736116e-02
1.049800000000000000e+04 1.119929796554757218e-01 -2.229794566031912950e-01 2.176444971649260651e-02
1.048400000000000000e+04 1.119929796554757218e-01 -2.229794566031912950e-01 2.176444971649260651e-02
1.055200000000000000e+04 7.100302640268552068e-02 -2.910374334314980160e-02 1.514538704408252556e-01
1.037100000000000000e+04 -5.851644338267192325e-02 -4.805396416448104446e-02 1.707819782782351581e-01
1.048300000000000000e+04 -3.618621655157738815e-02 -1.450406860822042177e-01 2.041104841061525121e-01
1.038200000000000000e+04 -3.618621655157738815e-02 -1.450406860822042177e-01 2.041104841061525121e-01
1.052700000000000000e+04 -9.976663522100892578e-02 -2.258365377824134157e-02 1.942946683331214786e-01
1.065600000000000000e+04 -1.408200462911679551e-01 -4.410040893743172319e-02 -3.215903104698014658e-02
1.048600000000000000e+04 -4.155947399599568826e-02 -5.831915555107514137e-02 4.284152621456556176e-01
1.037400000000000000e+04 -1.760243399174612478e-01 -9.029394170345739212e-02 -2.266812419486541330e-02
1.052400000000000000e+04 -1.760243399174612478e-01 -9.029394170345739212e-02 -2.266812419486541330e-02
1.047300000000000000e+04 -1.760243399174612478e-01 -9.029394170345739212e-02 -2.266812419486541330e-02
1.047200000000000000e+04 -1.338659195130560420e-01 -2.453187861644465784e-01 4.765880213477586835e-01
1.046200000000000000e+04 -4.998706716927330262e-01 -3.272194357815223498e-01 1.409551146690972701e-01
1.049000000000000000e+04 -2.291332646278121388e-01 3.642749389072008626e-02 4.912705602750833123e-02
1.039900000000000000e+04 -2.291332646278121388e-01 3.642749389072008626e-02 4.912705602750833123e-02
1.039800000000000000e+04 -4.027520960938275607e-01 6.850815304017032759e-02 1.433943331839060420e-01
1.046400000000000000e+04 -2.191731616048855358e-01 -2.227046969672414889e-01 1.906078001262017096e-01
1.052000000000000000e+04 -5.967564440771013778e-01 -3.934413668097391792e-02 2.157226696618650408e-01
1.046300000000000000e+04 -5.967564440771013778e-01 -3.934413668097391792e-02 2.157226696618650408e-01
1.050200000000000000e+04 -2.155805800589121191e-01 -1.815592380434978281e-01 2.089473725526218573e-01
1.050100000000000000e+04 -2.607527971144705248e-01 -1.725438046290079797e-01 2.180427939045088692e-01
1.063200000000000000e+04 -2.607527971144705248e-01 -1.725438046290079797e-01 2.180427939045088692e-01
1.064500000000000000e+04 -4.671869899589538022e-01 3.784295612010879495e-02 4.048963737141164643e-01
1.038800000000000000e+04 -1.862151206625313193e-01 5.281453703134530997e-02 4.504577107895286758e-01
1.056400000000000000e+04 7.272966925129864535e-01 -1.526006114223434906e-01 3.500167441054671258e-01
1.046500000000000000e+04 3.921517282217195088e-01 -1.554335329976979097e-01 5.459685126384599130e-01
1.046000000000000000e+04 -8.616978600112119580e-01 2.990309599899703130e-01 7.573724562094454882e-01
1.066800000000000000e+04 3.699136819231299000e-01 2.002332100180836960e-01 9.648345910604518849e-01
1.050400000000000000e+04 -1.173589350129688569e+00 3.242804919358732718e-01 4.239403079278361020e-01
1.037200000000000000e+04 -6.669903256855036489e-02 2.694100664193044281e-01 6.781472582509451286e-02
1.053200000000000000e+04 9.374579168069629986e-02 7.948062228157937170e-02 3.515326936434348681e-02
1.039600000000000000e+04 9.374579168069629986e-02 7.948062228157937170e-02 3.515326936434348681e-02
1.049500000000000000e+04 -6.102716940656236488e-01 3.818871232668357152e-01 6.676648561721520991e-02
1.047000000000000000e+04 -3.637920060076993423e-01 2.665019739880776228e-01 2.044318618552978251e-01
1.057100000000000000e+04 -2.883908252607199074e-01 9.859753109669355808e-02 3.360497419968169197e-01
1.057200000000000000e+04 -2.883908252607199074e-01 9.859753109669355808e-02 3.360497419968169197e-01
1.038400000000000000e+04 4.506803991576191493e-01 3.846520709212413180e-01 8.901938263147712860e-02
1.038500000000000000e+04 4.047319176634189830e-01 4.849784895584150490e-01 1.713657454458044072e-01
1.042600000000000000e+04 5.823791773422044571e-01 4.208675545853139965e-01 3.082184408261596786e-01
1.055700000000000000e+04 2.284577970728491891e-01 -8.552311735773514556e-01 -4.241802885008922885e-01
1.053900000000000000e+04 2.945431002819987043e-01 -5.303826868401699812e-01 -4.145505065035095527e-01
1.049200000000000000e+04 1.083667901804403755e-01 -4.973480741437938946e-01 -4.161317747107773357e-02
1.050800000000000000e+04 -4.122400103788805836e-01 -5.618747937747272658e-01 -3.284133690019501728e-01
1.046600000000000000e+04 4.134140221853783714e-01 -5.249829698722194848e-01 -3.601087503218209918e-01
1.053600000000000000e+04 2.478960310436590930e-01 4.868490277263504140e-02 -3.889136257415586329e-01
1.054200000000000000e+04 2.478960310436590930e-01 4.868490277263504140e-02 -3.889136257415586329e-01
1.048000000000000000e+04 1.423489507811126487e-01 -7.473900672226108099e-02 -2.218003525104279561e-01
1.047400000000000000e+04 1.762712829902994827e-01 -2.641390978277229351e-01 -1.006499775932425678e-01
1.059600000000000000e+04 -6.567152541420284706e-02 6.834257061669291033e-03 -9.543046346122707746e-02
1.053800000000000000e+04 -1.671533266708493670e-01 -8.806032005271902108e-02 -5.543467407437674410e-02
1.061000000000000000e+04 -1.369566077820039141e-01 -9.639897192195689968e-02 -3.640557169050850916e-02
1.040700000000000000e+04 -1.369566077820039141e-01 -9.639897192195689968e-02 -3.640557169050850916e-02
1.047700000000000000e+04 -2.618646715668262459e-01 -3.426605164711844509e-01 -1.994364441194420579e-01
1.052200000000000000e+04 -3.696422484731840541e-01 -3.301057265560274345e-01 -2.679709327795052332e-01
1.046800000000000000e+04 -2.445633104953515158e-01 -7.362911050065434893e-02 -4.213863833733242359e-01
1.046700000000000000e+04 -3.610092860716989094e-01 -2.078053682147071868e-01 -3.155049321508371918e-01
1.038100000000000000e+04 -2.926717883145357746e-01 -1.410523754327215329e-01 -1.725325370446384454e-01
1.041500000000000000e+04 -2.937474065187686278e-01 4.035979897503949587e-02 -1.241548398309006984e-01
1.052900000000000000e+04 -2.937474065187686278e-01 4.035979897503949587e-02 -1.241548398309006984e-01
1.058800000000000000e+04 -3.076307059193226223e-01 -1.535045646193893276e-01 -6.358088461283983861e-02
1.059400000000000000e+04 -2.752613678003683617e-01 -3.017626206344274920e-01 -3.630815428516598331e-02
1.052100000000000000e+04 2.533015887528335952e-01 5.253254582923645444e-01 -5.217269188085396081e-01
1.060300000000000000e+04 -1.099129998448304946e-01 2.601734390762615590e-01 -4.178287850750379562e-01
1.053300000000000000e+04 1.609366834878045438e-02 5.064929198482346351e-01 -2.459807373974953748e-01
1.051900000000000000e+04 -3.669153820408155298e-02 2.463260904037269938e-01 -2.213705619789081425e-01
1.059700000000000000e+04 1.820127055523244053e-01 4.298685972377214171e-01 -2.006686798678884998e-01
1.053500000000000000e+04 -4.299394849837767651e-03 9.743753172891445047e-02 -8.593959199015444028e-02
1.049400000000000000e+04 -3.089591080662756895e-01 2.651209850890055009e-01 -2.155286617901737145e-01
1.049300000000000000e+04 7.578027507502937965e-01 4.307229105890399978e-01 -3.473772139163671113e-01
1.041200000000000000e+04 -1.027236642537374678e+00 -6.816411315245218816e-01 -1.807560080722083740e-01
1.047500000000000000e+04 -4.664614217771045901e-01 3.573542437183974130e-01 -5.495035053440773254e-01
1.065900000000000000e+04 -7.377561132971308666e-01 -1.454141299083531180e-01 -1.003978677909039163e+00
1.054500000000000000e+04 1.365315940870061695e+00 8.854885534084644405e-01 1.550023410390259926e+00
1.054400000000000000e+04 1.327600322875667871e+00 1.565197137879735578e+00 1.724171229125033733e+00
1.047600000000000000e+04 -1.288548740642667667e+00 1.930814457571976561e+00 2.155344478195843294e+00
