# star id 	 star_x_coords [pc] 	 star_y_coords [pc] 	 star_z_coords [pc] 
7.062000000000000000e+03 -1.158150058771695967e+00 3.259131629035161737e+00 3.660293874169291861e+00
3.760500000000000000e+04 -1.735407924447759598e+00 1.610663374015750549e+00 2.156938073583146487e+00
3.669900000000000000e+04 -1.830269839473288584e+00 2.302888145265477249e+00 3.221896729147144089e+00
3.712700000000000000e+04 5.084191147995760218e-01 8.141135519949962429e-01 1.425576765678302493e+00
3.670700000000000000e+04 -6.617378963713456130e-01 1.061136952426254609e+00 1.905211646168581296e+00
3.692100000000000000e+04 -4.513677658968653361e-01 1.594661802299002673e+00 2.335649192452532219e+00
3.760400000000000000e+04 -1.386104028740835048e+00 1.861009130946733592e+00 1.877063179274550020e+00
3.685900000000000000e+04 -1.786789018687201747e+00 1.440772719171357963e+00 2.235371565389749904e-01
3.679600000000000000e+04 -1.851485651086139939e+00 1.754878560339205862e+00 7.223393871524264043e-01
3.713600000000000000e+04 -1.335751525889964597e+00 2.034283305498743033e+00 -8.379849295245644925e-01
8.610000000000000000e+02 -5.914699336731423784e-01 1.248999617719697142e+00 7.472930553797016984e-01
3.750000000000000000e+04 -1.596125618931584000e+00 1.282904020893587571e+00 -9.389877033563722719e-01
3.696300000000000000e+04 -1.265678137075109788e+00 1.588928659477499394e+00 -1.707165621954555235e+00
3.717800000000000000e+04 -1.532322813211226986e+00 2.225548775264424961e+00 3.979336501385803526e+00
3.618100000000000000e+04 -8.020294397430802746e-01 2.848422900170090699e+00 4.766647022996061800e+00
3.685500000000000000e+04 -1.140611576798463034e+00 3.733875958339840651e-01 6.165880107146772815e-01
3.663000000000000000e+04 6.697069124133037121e-02 -6.589361652798153557e-02 1.077503575923077328e+00
3.630500000000000000e+04 -2.106595079935608794e+00 3.077975197512099470e-01 -1.584352803084467354e+00
3.630400000000000000e+04 -2.106595079935608794e+00 3.077975197512099470e-01 -1.584352803084467354e+00
3.714600000000000000e+04 -1.190552588430566772e+00 -6.389136284497656249e-01 -4.928013315239354597e-01
3.676000000000000000e+04 -2.367188303250244985e-02 -7.952743973275975264e-01 -8.428663379453089632e-01
3.683400000000000000e+04 -1.475354474311927788e+00 -5.977887338773122394e-01 -1.291846082759519732e+00
3.675900000000000000e+04 5.697244476276317471e-01 1.589246985591305616e+00 3.745178530594328592e-01
3.601200000000000000e+04 5.697244476276317471e-01 1.589246985591305616e+00 3.745178530594328592e-01
3.601100000000000000e+04 3.026263402121832868e+00 -2.253798742618538853e+00 -9.747155089087859992e-01
3.687300000000000000e+04 3.026263402121832868e+00 -2.253798742618538853e+00 -9.747155089087859992e-01
3.663100000000000000e+04 8.737378068362939842e-01 1.715608585318104673e-01 -1.697180675685883600e+00
3.716100000000000000e+04 1.855912511527906261e+00 -1.076628328524380507e+00 -1.401824464863607567e+00
2.742000000000000000e+04 1.855912511527906261e+00 -1.076628328524380507e+00 -1.401824464863607567e+00
3.751400000000000000e+04 2.108995340208098312e+00 -2.310548399043431900e+00 -1.653107133625999481e+00
3.751300000000000000e+04 2.108995340208098312e+00 -2.310548399043431900e+00 -1.653107133625999481e+00
3.659600000000000000e+04 2.108995340208098312e+00 -2.310548399043431900e+00 -1.653107133625999481e+00
3.659500000000000000e+04 1.094910802003138173e+00 -7.954033473439849899e-01 -9.742944563740936204e-01
3.691300000000000000e+04 6.331927415647164992e-01 -1.430708911947871087e+00 -1.561399166334121347e+00
3.630300000000000000e+04 1.319940884618747035e+00 -3.412893324568120335e+00 -1.780296068360009976e+00
3.708300000000000000e+04 1.319940884618747035e+00 -3.412893324568120335e+00 -1.780296068360009976e+00
3.751200000000000000e+04 1.490085332466991375e+00 -3.262555977663856410e+00 -1.339342239607382190e+00
3.709000000000000000e+04 1.490085332466991375e+00 -3.262555977663856410e+00 -1.339342239607382190e+00
