# star id 	 star_x_coords [pc] 	 star_y_coords [pc] 	 star_z_coords [pc] 
3.979400000000000000e+04 9.434944660062285493e-01 -7.064253861857530126e-01 2.652364121969164046e-01
2.135700000000000000e+04 -4.534205779615945175e-01 -3.420745246910215087e-01 2.111783591664249116e-01
1.436900000000000000e+04 -4.534205779615945175e-01 -3.420745246910215087e-01 2.111783591664249116e-01
4.026700000000000000e+04 -4.534205779615945175e-01 -3.420745246910215087e-01 2.111783591664249116e-01
3.234000000000000000e+03 4.826171579029363556e-01 -1.042270664248444945e+00 2.960772085315941382e-01
3.235000000000000000e+03 -9.989375711226244903e-02 -1.397950382717725759e+00 -6.986980321944749051e-01
2.811000000000000000e+04 -1.263010252427768876e+00 2.896150328550035624e-01 -5.181411211607978018e-01
3.339000000000000000e+03 6.621150064011480652e-01 -4.014412136054161806e-01 1.523232748966313110e+00
8.200000000000000000e+01 1.342885128500260095e+00 6.101441193854419964e-01 7.178123294286589129e-01
2.247700000000000000e+04 1.323035830474495356e+00 7.188778409601184194e-01 2.117428593549650628e-01
4.137000000000000000e+03 1.645779489813943286e+00 1.785312502086870978e+00 1.463162974768330571e-01
3.403400000000000000e+04 -1.634304681454402441e+00 -1.054297845794671673e-01 -1.611503928841425903e+00
3.236000000000000000e+03 -2.042456651994182693e+00 1.275791503584315478e+00 -9.656098534259269783e-01
