# star id 	 star_x_coords [pc] 	 star_y_coords [pc] 	 star_z_coords [pc] 
1.584000000000000000e+04 -5.341754435942258628e-02 3.680071752837363874e-01 3.516839072897823826e-01
1.589600000000000000e+04 -3.305224836631140417e-01 -1.986030636351898693e-01 5.603188451922846980e-01
1.591300000000000000e+04 -1.039945850390457949e-01 -1.615196789089310414e-01 6.157638806342902171e-01
1.591200000000000000e+04 -4.634406374172737042e-01 5.534975229464293989e-01 -6.906888716736148126e-02
1.598100000000000000e+04 -1.132491182700176013e-01 -9.153808098811140326e-01 -1.257793800045163835e-01
1.590100000000000000e+04 -4.857878638050434628e-01 1.892363725501979843e-01 -3.815395274467050513e-01
1.600100000000000000e+04 -6.456751962025618630e-01 1.307902862654657383e-01 -4.027300790340859749e-03
1.594800000000000000e+04 5.585655538559402000e-01 -4.866178268091800874e-01 2.436746570134999956e-01
1.596200000000000000e+04 4.260582439309694713e-01 -7.257554663739256284e-01 5.810423870941292535e-01
1.599500000000000000e+04 5.281110970580633612e-01 5.918910520481119875e-01 -1.782821685974624870e-01
1.595400000000000000e+04 5.281110970580633612e-01 5.918910520481119875e-01 -1.782821685974624870e-01
1.588100000000000000e+04 3.425666309810941890e-01 7.449988111131631285e-01 -1.248794378007573869e-01
1.600200000000000000e+04 4.697087508841149006e-01 -6.467554233020678112e-02 -5.031998310052614443e-01
1.598800000000000000e+04 5.582093657127584763e-01 -1.191972810978541020e-01 -4.062982512838289040e-01
1.597800000000000000e+04 -3.593851045994089777e-01 -7.300019980214216275e-01 -6.611809819340805916e-01
1.586100000000000000e+04 -2.206500240673287538e-01 1.812737216614124236e-01 1.207517117885856806e+00
1.594600000000000000e+04 1.261323202237895735e+00 -3.009244093368437234e-01 5.660881375298032481e-01
1.595200000000000000e+04 2.971282642603915169e-01 1.058179788731280269e+00 1.231937774788121942e+00
1.598300000000000000e+04 8.226161553412580929e-01 -9.711971675343988863e-03 -1.243616092245076743e-01
1.589900000000000000e+04 1.778018709942518871e+00 7.702433006510602809e-01 4.797007074880355049e-01
1.599900000000000000e+04 1.672770348675481689e+00 -1.339128477643782844e-01 -1.830143056683510849e-01
1.595300000000000000e+04 -9.899486828977732689e-02 -4.287215110063868906e-02 3.423975100916862857e-01
1.601100000000000000e+04 9.861360024141108127e-02 -6.954737662653087682e-02 2.111171992324045732e-02
1.595800000000000000e+04 5.107661863356260934e-02 -7.407463590401164311e-02 7.252084355140198113e-02
1.599000000000000000e+04 3.036005797646579296e-02 -1.261020510725785471e-01 -4.242147949491936743e-02
1.598900000000000000e+04 -2.965956597144236984e-02 -2.028213456392080616e-01 5.012449912995009527e-02
1.586400000000000000e+04 -2.623353318984167348e-02 -1.533551245367448246e-01 9.276885312137039818e-02
1.598600000000000000e+04 -8.765232669919953423e-02 -1.262808603649006045e-01 8.193581499801894097e-02
1.600400000000000000e+04 -8.765232669919953423e-02 -1.262808603649006045e-01 8.193581499801894097e-02
1.590300000000000000e+04 -2.601417179992426831e-02 -3.170863479411991648e-01 2.535036474255036865e-01
1.577400000000000000e+04 3.852301560227866517e-02 -2.947970581313086313e-01 -5.989596387086777440e-01
1.587000000000000000e+04 -3.719992977332831074e-02 -3.465768662309187675e-02 -3.326265800598662281e-01
1.588000000000000000e+04 -2.035260583736857032e-01 1.090370289816462446e-01 3.246269012941809251e-01
1.582400000000000000e+04 -6.606849686381432996e-02 -8.627875066100898493e-02 1.023552128801554773e-01
1.595700000000000000e+04 8.117404398260430476e-02 4.355424552545628103e-02 -4.748745053369418656e-02
1.584700000000000000e+04 -1.598787471485874079e-02 1.166394302707800534e-01 8.090481164339280440e-02
1.583000000000000000e+04 -1.598787471485874079e-02 1.166394302707800534e-01 8.090481164339280440e-02
1.598500000000000000e+04 6.213795504973351758e-02 -3.059475094532615458e-02 -3.591655667653981254e-02
1.600800000000000000e+04 6.213795504973351758e-02 -3.059475094532615458e-02 -3.591655667653981254e-02
1.593200000000000000e+04 -8.552317280468568761e-02 -4.052050711109700387e-03 -4.140043742381749325e-03
1.597600000000000000e+04 -8.552317280468568761e-02 -4.052050711109700387e-03 -4.140043742381749325e-03
1.589300000000000000e+04 -1.172272274814450954e-01 1.800511451806414698e-01 -3.814295251010548782e-01
1.597200000000000000e+04 -2.178976988023259564e-01 -1.635753167152671494e-01 -1.232085753225220515e-01
1.597100000000000000e+04 -2.178976988023259564e-01 -1.635753167152671494e-01 -1.232085753225220515e-01
1.597000000000000000e+04 -7.148984890526199898e-02 -2.592482698186415746e-02 -1.487951411958476911e-01
1.596100000000000000e+04 -1.176770636489430366e-01 -2.353445964143645597e-01 5.222504118147242025e-02
1.594500000000000000e+04 -1.176770636489430366e-01 -2.353445964143645597e-01 5.222504118147242025e-02
1.585700000000000000e+04 -6.044607286354264364e-02 -1.187934853641650079e-01 -9.391516273441880003e-02
1.595600000000000000e+04 -6.044607286354264364e-02 -1.187934853641650079e-01 -9.391516273441880003e-02
1.588900000000000000e+04 -6.044607286354264364e-02 -1.187934853641650079e-01 -9.391516273441880003e-02
1.595500000000000000e+04 8.803227899242938026e-02 -1.139429959065552111e-01 -3.114872706373716937e-02
1.599600000000000000e+04 1.389639875088430898e-01 -2.195914292662450862e-01 -5.695994183697905555e-02
1.588500000000000000e+04 7.023580357248482287e-03 -1.204079345846622573e-01 1.097919602259906924e-01
1.590600000000000000e+04 -2.210858834984352761e-01 5.363040970127030960e-02 -3.494349428345344677e-02
1.590200000000000000e+04 -3.593300631952156543e-02 -8.174053608142628491e-02 -4.852799299584376058e-02
1.601200000000000000e+04 -1.201888632371117538e-01 -6.562371089657403900e-03 -2.250093882558701353e-02
1.601300000000000000e+04 -8.888123975344419669e-02 3.275168503830627742e-02 -8.328210312191686171e-02
1.584400000000000000e+04 1.470420953801427899e-01 9.232504796344187525e-02 -4.826079770921865020e-02
1.584100000000000000e+04 6.660119131817632265e-02 -1.441899615593911221e-02 1.923114639785694635e-02
1.584200000000000000e+04 6.660119131817632265e-02 -1.441899615593911221e-02 1.923114639785694635e-02
1.589400000000000000e+04 -9.831692177867890070e-02 1.079126288409355539e-01 9.646871341061569183e-03
1.589500000000000000e+04 -6.952582373737725696e-02 -5.513182704240193743e-02 5.494099197221657960e-02
1.596600000000000000e+04 -6.952582373737725696e-02 -5.513182704240193743e-02 5.494099197221657960e-02
1.596700000000000000e+04 6.255095454132764132e-02 8.488621633489401574e-03 -1.269907556736882270e-02
1.586900000000000000e+04 -6.722546674013107904e-02 -4.382530895971115115e-02 -2.853887196000925996e-02
1.596800000000000000e+04 -5.638347997626858010e-03 -7.766077346950339688e-02 1.759726169443354138e-02
1.583200000000000000e+04 -8.534626743204265509e-03 -6.597804215907387970e-02 -2.538508169842543793e-01
1.596900000000000000e+04 -8.534626743204265509e-03 -6.597804215907387970e-02 -2.538508169842543793e-01
1.597400000000000000e+04 -8.534626743204265509e-03 -6.597804215907387970e-02 -2.538508169842543793e-01
1.597500000000000000e+04 -2.040146586554478225e-01 -3.761060746772244556e-01 1.783897821610054280e-01
1.587700000000000000e+04 -4.152505339372681847e-01 -5.893040928950057378e-01 -5.297036701368256217e-01
1.587800000000000000e+04 1.886095494218160695e-01 1.580125220857553359e-01 1.842671116216365590e-02
1.587900000000000000e+04 1.880114796824763346e-01 4.135847212818077878e-02 6.233036789694779145e-02
1.585900000000000000e+04 -2.116449175249108805e-01 3.171402848618072312e-01 1.191216838274158363e-01
1.586800000000000000e+04 1.621782280009690380e-01 4.734381853770202042e-01 -4.528315284505879390e-02
1.589700000000000000e+04 -2.867652401873796997e-01 5.630623477254488307e-01 -2.396629640362846203e-01
1.599100000000000000e+04 6.112451398740159636e-02 4.498922660314548239e-01 -1.151240771779811212e-01
1.600600000000000000e+04 -1.095031900051924190e+00 -1.317920038971990948e+00 -2.431692152407691765e-01
1.598700000000000000e+04 -1.247343325697869876e+00 1.224049118001957481e+00 -4.436099189601065973e-01
1.577500000000000000e+04 -1.898623172548844495e+00 7.659992041239718219e-01 -3.460399501916526788e-01
