# star id 	 star_x_coords [pc] 	 star_y_coords [pc] 	 star_z_coords [pc] 
3.351800000000000000e+04 -1.707271371688039441e+00 -2.726650456747421458e+00 2.261656307410371269e-01
2.814200000000000000e+04 1.397226203194251504e+00 -2.416729503455449013e+00 7.326701463945965997e-01
2.873600000000000000e+04 -7.735500675136910420e-01 -2.304859730640000937e+00 1.729355146934802967e+00
3.593300000000000000e+04 -5.631006073870989947e-01 -2.961775344012266942e+00 9.021428778763826983e-01
3.773500000000000000e+04 -7.614142816280167203e-01 -2.687404566174743437e+00 -6.322256178669785065e-01
1.431000000000000000e+04 -6.291785007235943805e-01 2.304330567712089550e-01 -1.829914320798890159e+00
1.431100000000000000e+04 -1.148151807443931860e+00 1.223121601066007980e+00 -1.791284615844839667e+00
3.812300000000000000e+04 -1.015422014472851409e+00 1.413993991919844539e+00 -7.124439808633415971e-01
4.058000000000000000e+04 -1.015422014472851409e+00 1.413993991919844539e+00 -7.124439808633415971e-01
3.449900000000000000e+04 -1.011061338541971111e+00 -1.477257470362386638e+00 -1.641414357811967761e-01
3.489300000000000000e+04 1.787579249536654480e+00 1.265398704687779041e+00 -5.128161681312071174e-01
4.034800000000000000e+04 -6.121076896090229535e-01 -1.153825157629066567e+00 -1.522892688289876340e-01
2.211000000000000000e+04 -1.881905241216066393e-01 -1.814867844970970978e-01 -6.528189499886254410e-01
3.574200000000000000e+04 -8.386304811003810755e-01 1.346659901694778227e+00 -1.511399652233915702e-01
3.574300000000000000e+04 4.445000046976095298e-01 -1.540501507368134959e+00 3.848105701433297554e-01
2.204500000000000000e+04 2.121383781846434502e+00 1.905275886742986646e+00 4.082647280604678741e-01
2.204400000000000000e+04 1.236537995396902900e+00 1.922856152475995284e+00 -9.590852502399718205e-01
2.213400000000000000e+04 1.236537995396902900e+00 1.922856152475995284e+00 -9.590852502399718205e-01
5.370700000000000000e+04 5.108606871066800892e-02 1.710508594820364880e+00 -2.489808627252640960e-01
2.136600000000000000e+04 5.108606871066800892e-02 1.710508594820364880e+00 -2.489808627252640960e-01
1.401800000000000000e+04 6.489789155502423412e-02 1.827491369936079302e+00 -5.742498397363804408e-01
1.804300000000000000e+04 1.152321080682451093e+00 1.289709876178452230e+00 4.370241048325542721e-01
3.320000000000000000e+03 -2.995768931001308033e-02 8.875616262567382897e-01 -1.437071104656993725e+00
2.063400000000000000e+04 5.939128079283579886e-01 8.753714883306500383e-01 9.261036841588108359e-01
2.241300000000000000e+04 1.304922553571950417e+00 1.910704428700711333e-01 1.320143047723646212e+00
5.357800000000000000e+04 7.972288360173220845e-01 -7.287949658402270714e-01 2.190763406604521180e+00
2.868400000000000000e+04 1.889818927390371606e+00 6.655448486803039465e-01 1.623579493410794328e+00
3.469000000000000000e+04 -2.517036634867025224e+00 -1.755432002553293458e+00 -2.434536147290269348e-01
3.622400000000000000e+04 -1.318544455059433851e+00 -1.867638781409786564e+00 1.101402259125702443e+00
