# star id 	 star_x_coords [pc] 	 star_y_coords [pc] 	 star_z_coords [pc] 
7.404000000000000000e+03 5.927331943449729579e-01 8.202260183799552351e-01 -1.495383041762966769e+00
7.143000000000000000e+03 -5.171944263689098875e-01 2.482713397716622694e-01 -1.448106448682654701e+00
5.686000000000000000e+03 -5.171944263689098875e-01 2.482713397716622694e-01 -1.448106448682654701e+00
5.064000000000000000e+03 -1.103919988885181169e+00 -2.293734426620588351e+00 1.214680142851150890e+00
7.129000000000000000e+03 1.769963611447025187e-01 -2.047683811361110884e+00 1.549968125511327344e+00
7.341000000000000000e+03 -5.852184703575602498e-02 1.554418128430057777e+00 -4.065176862485415654e-01
7.401000000000000000e+03 1.649317252851147941e-01 6.654158212693062069e-02 -4.273806511234496952e-01
7.123000000000000000e+03 4.953278527551461252e-01 1.681435486654706324e+00 -3.468947667580053462e-01
7.315000000000000000e+03 -2.200465951999319714e-02 -7.049449110695604759e-02 6.198047187670709945e-01
7.124000000000000000e+03 7.857582679764618661e-02 5.081592151587699391e-01 8.824097254818070724e-01
7.363000000000000000e+03 6.805429102771611838e-01 -6.910995975686518022e-01 1.295696099822627900e+00
