# star id 	 star_x_coords [pc] 	 star_y_coords [pc] 	 star_z_coords [pc] 
9.178000000000000000e+03 2.686224905919729622e-01 5.229986976950016242e-01 9.252204602302978032e-01
9.772000000000000000e+03 1.024334872793321694e+00 4.357408729750851251e-01 1.312320725098583996e+00
9.217000000000000000e+03 9.722758084227578479e-01 -3.233190809795516429e-02 1.551006225243131809e+00
9.173000000000000000e+03 1.750123295392757683e+00 -3.177338768914879097e-01 1.843608895106443324e+00
9.197000000000000000e+03 8.842946524581023482e-01 1.180109170151695253e+00 9.943668397740981213e-01
9.252000000000000000e+03 -1.333168389750035487e+00 -2.941629698898154288e+00 -6.641516630220030137e-01
9.566000000000000000e+03 -5.538204316556161189e-01 -2.763502823934988584e+00 -1.464194763278347189e+00
9.212000000000000000e+03 1.916941815612140942e-01 -3.484093934439869145e-02 -2.079959626815315765e+00
9.189000000000000000e+03 1.632710954175315976e-01 -1.426765410553123559e-01 -1.472776829925773967e+00
9.285000000000000000e+03 -1.272152583472070830e+00 -1.308134513321590475e-02 -9.632855099634856089e-01
9.193000000000000000e+03 -7.652756686754145221e-01 -5.336979035579147990e-01 -7.823949363554216774e-01
9.192000000000000000e+03 -1.031037986850346755e+00 1.228072587188897558e-01 -5.268540051038472782e-01
9.245000000000000000e+03 -1.253517208247089343e+00 -2.518026457754274361e-02 -5.116186969392151340e-01
9.188000000000000000e+03 -3.052496823947237203e-01 -1.919552289348310126e+00 -4.925431519451626272e-01
9.213000000000000000e+03 -9.067533920151369387e-01 -3.912254926672531496e-01 -1.448583088731627555e-01
9.211000000000000000e+03 -4.972072304970254208e-02 4.631075532851021137e-01 4.533736879491989669e-03
9.219000000000000000e+03 -3.713282010064204997e-01 2.643185484896655169e-01 1.288690474228699756e-01
9.210000000000000000e+03 2.310991585218147293e-02 -7.825976355985275745e-02 3.062942478467514107e-01
9.183000000000000000e+03 -4.123826473736507126e-01 2.485808053111391303e-01 4.051033037706854856e-01
9.158000000000000000e+03 -4.267525928589286366e-01 -3.801833019369560418e-01 4.300666837181905677e-01
9.163000000000000000e+03 -6.455840187308510281e-01 2.336373297132965376e-02 5.612353537392760217e-01
9.150000000000000000e+03 9.211928118615908545e-01 -5.774202898992086830e-01 2.215168817638160093e-01
9.179000000000000000e+03 6.933186860511533212e-01 2.275191359694161974e-02 2.365137579773657350e-01
9.251000000000000000e+03 7.722889043394580710e-01 3.288073078102335955e-01 2.207453031645218999e-01
9.218000000000000000e+03 1.084480979385460842e+00 -2.087958773186286976e-01 6.057247479190639439e-01
9.577000000000000000e+03 -2.738221840746106750e-01 1.460426464067857921e+00 -4.939701168898746886e-01
9.191000000000000000e+03 -8.313662863191737529e-01 1.084316112097923224e+00 -1.285079842581007270e-01
9.161000000000000000e+03 -1.803649690287763008e-01 8.592520599492914357e-01 3.913982686804464706e-01
9.199000000000000000e+03 3.014064468718267165e-01 1.079305026768800246e+00 -8.752527633815905261e-01
9.239000000000000000e+03 3.796033952388562227e-01 1.082863480927649391e+00 -2.407527870585770557e-01
9.187000000000000000e+03 1.208670885753164725e+00 7.808095960688952175e-01 7.792320369068281849e-01
