# star id 	 star_x_coords [pc] 	 star_y_coords [pc] 	 star_z_coords [pc] 
4.412700000000000000e+04 5.337596546100331629e-01 1.767547703504629197e+00 -1.941299417846373387e+00
2.792600000000000000e+04 2.105875004344781587e-01 1.658746246215352826e+00 -1.624151592776641451e-01
2.234500000000000000e+04 4.190357279525926959e-01 4.378974255641825408e-01 -9.651988914991598278e-01
2.785100000000000000e+04 6.499679699479448125e-01 1.096866267565134834e+00 -9.827739875763228383e-01
3.503400000000000000e+04 -1.720106692192113762e-02 4.297010514204302467e-02 -8.836045813837465346e-01
2.785200000000000000e+04 -1.595279507714684186e-01 -6.666409580204124552e-02 -5.442371411039204077e-03
9.830000000000000000e+02 -1.595279507714684186e-01 -6.666409580204124552e-02 -5.442371411039204077e-03
3.478300000000000000e+04 -1.595279507714684186e-01 -6.666409580204124552e-02 -5.442371411039204077e-03
2.730000000000000000e+03 -4.667452053301197612e-01 9.965403591636867731e-01 -2.683915741713072123e-01
2.728000000000000000e+03 -4.033689174882211237e-01 -5.307052283043454111e-01 9.140260516905023280e-01
2.218000000000000000e+04 -2.529419136888977349e-01 -1.714806371382382011e+00 1.312993701996198581e+00
2.729000000000000000e+03 -2.529419136888977349e-01 -1.714806371382382011e+00 1.312993701996198581e+00
1.010500000000000000e+04 5.843202542121517240e-02 -1.840257841035356279e+00 1.679997271023225380e+00
