# star id 	 star_x_coords [pc] 	 star_y_coords [pc] 	 star_z_coords [pc] 
1.347700000000000000e+04 1.001676144253465850e+00 -6.203771317414208397e-02 -2.087217315046459021e+00
1.335700000000000000e+04 1.998146287251248765e+00 9.898238030319088665e-01 -7.922876420896614036e-01
1.343800000000000000e+04 4.747347363492941952e-01 -2.234933907958600585e-01 -1.658298516549436386e+00
2.388900000000000000e+04 1.796110100306513857e-01 8.495358939907182716e-01 1.075470925808993172e+00
1.343100000000000000e+04 -1.178833616839852994e+00 -1.554871231459062919e-01 8.892878684649048182e-01
1.338000000000000000e+04 1.838249261588629224e-01 -1.229364077322681048e-01 5.733053625482114057e-01
1.338200000000000000e+04 -7.134072959959070204e-02 -2.868898026147803648e-01 5.213974153533769140e-01
1.347100000000000000e+04 -4.892749178522421971e-01 1.585034051238309871e-01 6.938815831592961558e-01
1.336000000000000000e+04 -6.532440714566014606e-01 5.306878293286043657e-02 6.331909511472133545e-01
1.338800000000000000e+04 7.472266575408781364e-03 5.674575786629132423e-02 5.482691123874943173e-01
1.330700000000000000e+04 6.863126492927698052e-01 7.305529338219529656e-01 -1.454522623449605589e-01
1.346900000000000000e+04 5.845454547710851045e-01 9.619344864388796879e-01 -2.523182544802295979e-01
1.347900000000000000e+04 -2.349589476982316683e-01 -1.667988450885070195e+00 -9.939892237596836821e-02
1.345200000000000000e+04 -9.425623259458433267e-01 6.188627078389870029e-01 -2.621079217510029480e-01
2.389000000000000000e+04 6.926138064088931401e-01 -8.277635272238890174e-01 -1.374849460074258900e-01
1.341400000000000000e+04 6.952348901283365024e-01 -7.872476797439933449e-01 1.055231009643051721e-01
1.343200000000000000e+04 -1.193991576869173343e-01 -6.840097637241058237e-01 1.223578392507889134e-01
1.342500000000000000e+04 4.082435613944603858e-01 -9.778093793409885492e-01 6.079844597105221737e-02
1.340500000000000000e+04 -5.808754795999533371e-01 1.266372719447480755e+00 -1.724399302133576839e-01
1.337500000000000000e+04 -6.619981853529530724e-01 5.073427894974362751e-01 -1.732037614842596440e-02
1.346500000000000000e+04 6.015284117203627545e-01 -2.303991887695673313e-01 -6.399066862015416746e-01
1.343700000000000000e+04 2.243975272472908955e-02 -6.922370894678797626e-02 -3.080127401960552902e-01
1.343000000000000000e+04 1.431404398554704471e+00 3.724531088260194522e-01 6.782807939652641949e-01
1.338700000000000000e+04 1.431404398554704471e+00 3.724531088260194522e-01 6.782807939652641949e-01
1.341100000000000000e+04 1.286556842094544351e+00 1.009853258573904178e+00 -6.276699179758296054e-01
1.339200000000000000e+04 2.635227780709428202e-01 -1.167622697637371587e-01 -1.113882265430099494e+00
1.634800000000000000e+04 -1.559808768818477631e+00 7.156940383777188330e-02 -1.092627480611291446e+00
1.338100000000000000e+04 -9.542159635110181171e-03 -2.692756744315039086e-02 -1.055123594846591573e+00
1.348700000000000000e+04 -4.542451414752051164e-01 -2.397726185225286244e-01 4.798846185875831338e-01
1.345600000000000000e+04 2.728347811462583650e-04 -2.050303177894736706e-01 3.517422013380553381e-01
1.346100000000000000e+04 6.951840334507153329e-02 -3.202439935997292153e-01 -6.092454705822092365e-03
1.436400000000000000e+04 -4.994815650075317137e-01 1.948860204175608679e-01 1.239530478958457138e-01
1.345000000000000000e+04 4.688086416875236750e-02 -2.291939090581607275e-02 4.119333203178143776e-02
1.343600000000000000e+04 9.339459335462763079e-02 -1.857745093661078428e-02 -1.236279442597520983e-02
1.342300000000000000e+04 -1.377385967786182164e-02 -8.218931919718119872e-03 7.224687046551991898e-02
1.345800000000000000e+04 5.894838119797540799e-02 1.310121842072660137e-01 6.157162429367701861e-03
1.343400000000000000e+04 4.414286916490084423e-02 1.255471713863891559e-01 3.133279780288233951e-02
1.335500000000000000e+04 -1.331563841650407198e-02 1.211850832482319618e-01 3.177683659697549956e-02
1.342200000000000000e+04 1.061917992422607426e-01 5.092926857054935752e-02 9.954637212068462304e-02
1.338900000000000000e+04 1.061917992422607426e-01 5.092926857054935752e-02 9.954637212068462304e-02
1.339300000000000000e+04 -4.150208167564528594e-02 -2.782112717972129445e-03 1.152335532205626123e-01
1.347200000000000000e+04 -4.150208167564528594e-02 -2.782112717972129445e-03 1.152335532205626123e-01
1.333800000000000000e+04 6.689445187731024589e-02 8.186899265352298727e-02 1.417213520865701071e-01
1.336100000000000000e+04 3.659008509417915889e-02 9.831812975952036737e-03 1.491539566238415659e-01
1.348100000000000000e+04 1.401706607918384861e-03 4.250100471150419779e-02 1.731658363284083180e-01
1.343300000000000000e+04 -7.339423445649018163e-02 1.544880463415627680e-01 1.249194734693048758e-01
1.341700000000000000e+04 -9.187510386916741822e-02 7.273451294931820854e-02 5.803061736007464333e-02
1.341600000000000000e+04 -9.187510386916741822e-02 7.273451294931820854e-02 5.803061736007464333e-02
1.340000000000000000e+04 -1.831144608749966096e-01 1.548824314591574769e-01 7.559999098203462609e-02
1.331000000000000000e+04 -1.658327178966629845e-01 5.029986855958812342e-02 1.346279178683502664e-01
1.340200000000000000e+04 -1.666668217031954669e-01 -1.411379673355783737e-02 7.137544488658420505e-02
1.346000000000000000e+04 -1.666668217031954669e-01 -1.411379673355783737e-02 7.137544488658420505e-02
1.342600000000000000e+04 -1.751999341524523857e-01 -3.091405269831781766e-02 2.709370111601572262e-02
1.335000000000000000e+04 -1.751999341524523857e-01 -3.091405269831781766e-02 2.709370111601572262e-02
1.334900000000000000e+04 -4.201046046738099449e-01 -1.333869465696446710e-01 9.688163586219644685e-02
1.341300000000000000e+04 -3.249552689818813178e-02 -2.006160363260711677e-01 7.046038894783634987e-02
1.347400000000000000e+04 -3.944922146352780601e-04 -1.285581083658020596e-01 7.805322538498415952e-02
1.331900000000000000e+04 -2.783976644449737137e-02 -7.830173844412646744e-02 1.506378501151317550e-02
1.331800000000000000e+04 -6.060805212296571653e-03 -5.823239700735793889e-02 8.625736001632589023e-02
1.348500000000000000e+04 -2.874143607368395692e-02 -1.505639572074990440e-01 3.718885177703157296e-02
1.348400000000000000e+04 -2.874143607368395692e-02 -1.505639572074990440e-01 3.718885177703157296e-02
1.336700000000000000e+04 -3.640389488301565279e-02 -5.744137978722330118e-02 1.233354327014311025e-01
1.347300000000000000e+04 -2.173397974911139841e-02 -5.329665825257823286e-02 1.299613201863891732e-01
1.344500000000000000e+04 -2.173397974911139841e-02 -5.329665825257823286e-02 1.299613201863891732e-01
1.345700000000000000e+04 1.066914337363655818e-02 -9.703006478559306203e-02 1.338916925118738277e-01
1.341500000000000000e+04 1.066914337363655818e-02 -9.703006478559306203e-02 1.338916925118738277e-01
1.348300000000000000e+04 -9.183354484503425397e-02 -6.826382879407377757e-02 3.224301408174312655e-02
1.348200000000000000e+04 -1.024028496089179896e-01 -1.932226059088950620e-01 1.327667762351794067e-01
1.340900000000000000e+04 -2.843566981216092415e-01 -1.014104245263105497e-01 -2.754306092294456221e-02
1.345900000000000000e+04 -2.103041901519766554e-01 -1.728741644173643621e-01 -1.034386851063828772e-02
1.340600000000000000e+04 -2.103041901519766554e-01 -1.728741644173643621e-01 -1.034386851063828772e-02
1.334100000000000000e+04 -2.093961540654447617e-01 -2.223810501398100214e-01 5.146526615807545113e-02
1.336200000000000000e+04 -2.373299555557863982e-01 -4.488393616686803256e-02 6.116499692592469728e-02
1.337800000000000000e+04 -2.373299555557863982e-01 -4.488393616686803256e-02 6.116499692592469728e-02
1.342400000000000000e+04 -2.638681948234520291e-01 -2.670241528871031278e-01 1.645910154639125267e-01
1.347000000000000000e+04 -6.340590141957278547e-01 -3.090143883763207810e-02 -6.066287944725701209e-02
1.339000000000000000e+04 6.151824033993946728e-02 3.764582319675957578e-02 -2.436325446282836538e-01
1.330300000000000000e+04 -5.507823163693714719e-02 -1.207937059906472044e-02 -1.354204955754667594e-01
1.330200000000000000e+04 3.200809376297186759e-02 5.151944627895632678e-02 -1.198071728248351064e-01
1.338400000000000000e+04 -8.851950896691462845e-02 1.449942244405173497e-01 -4.172717199732289828e-02
1.338300000000000000e+04 -8.851950896691462845e-02 1.449942244405173497e-01 -4.172717199732289828e-02
1.346700000000000000e+04 8.858652739724348635e-02 1.939198472283862884e-01 -3.568865897065620629e-02
1.335400000000000000e+04 -3.218928462460404205e-01 -3.558329559146056198e-01 -7.151522936370469097e-02
1.342000000000000000e+04 -3.340087206142960952e-01 5.853328410195768328e-02 -6.224574675567140503e-02
1.344100000000000000e+04 -1.727574214928466745e-01 2.715455616392281613e-02 -3.735960941456539786e-02
1.344000000000000000e+04 5.923862465629170515e-02 -5.862438523903801268e-02 -6.853089633472819742e-02
1.340400000000000000e+04 5.923862465629170515e-02 -5.862438523903801268e-02 -6.853089633472819742e-02
1.342100000000000000e+04 5.923862465629170515e-02 -5.862438523903801268e-02 -6.853089633472819742e-02
1.340300000000000000e+04 -5.933521650619155707e-02 -5.177620761752210754e-02 -6.351741429723034571e-02
1.345400000000000000e+04 -9.193230816968878116e-02 -6.211516787199711231e-02 -3.440205129911078075e-02
1.335900000000000000e+04 -1.220255853249483380e-01 -2.042552759847651167e-01 -2.755310554536620771e-01
1.336300000000000000e+04 -1.285759767670739961e-01 -8.729907227247313273e-02 -2.075993112747767100e-01
1.342700000000000000e+04 -1.498219240569440558e-01 -1.064808164159920523e-01 -6.444903735234674969e-02
1.342800000000000000e+04 -1.498219240569440558e-01 -1.064808164159920523e-01 -6.444903735234674969e-02
1.347800000000000000e+04 -2.256028898870781063e-01 -3.884005729732864509e-02 -4.860976514795112280e-02
1.344700000000000000e+04 -6.692991625318356341e-02 3.058828728365790006e-01 2.632033217746609921e-01
1.339500000000000000e+04 1.157047169462650515e-01 2.599819586999494447e-01 1.879741592596033684e-01
1.339400000000000000e+04 -2.645037881918277378e-01 4.179158774690927558e-01 2.875993222870931731e-02
1.336500000000000000e+04 -2.334728771565117711e-01 2.487909452724803572e-01 1.170711530084105334e-01
1.344600000000000000e+04 4.027348180248573328e-01 4.972067645082267617e-02 2.901073492357966188e-01
1.345100000000000000e+04 2.944468782919535954e-01 -1.699246525168893740e-01 3.187160602126439812e-01
1.344200000000000000e+04 2.073573093715737059e-01 -1.585036479180099711e-01 -6.420240564369095182e-02
1.340100000000000000e+04 3.638165414049581159e-01 1.241345163742177959e-01 2.072614150756848517e-01
1.337600000000000000e+04 1.687897920982628364e-01 -1.422331269393355413e-01 1.576703576643083693e-01
