# star id 	 star_x_coords [pc] 	 star_y_coords [pc] 	 star_z_coords [pc] 
1.182900000000000000e+04 -1.240027412093525072e-01 -2.187957984423860580e-01 6.326312822902311339e-01
1.380500000000000000e+04 -1.240027412093525072e-01 -2.187957984423860580e-01 6.326312822902311339e-01
9.177000000000000000e+03 -4.932424103669408311e-01 -1.770300546208730452e+00 9.559945463738399596e-01
8.247000000000000000e+03 6.108712426838689424e-01 1.462631430600518812e+00 -1.047930555982627965e+00
2.288100000000000000e+04 3.390970940352833196e-01 2.122952583870025833e-01 -8.958692194437380962e-01
1.400100000000000000e+04 -8.022724487571313290e-01 1.392659149568978627e+00 -1.940769023694972617e-01
8.962000000000000000e+03 -4.971477709489136032e-02 4.061226035414327029e-01 -3.196683369798520857e-01
4.187000000000000000e+03 -8.947958714908530453e-01 -8.152817488073784702e-01 8.591516335852862341e-01
4.186000000000000000e+03 1.538062653444020711e+00 -4.505345452438227483e-01 -6.228637297648909055e-01
