# star id 	 star_x_coords [pc] 	 star_y_coords [pc] 	 star_z_coords [pc] 
3.788000000000000000e+03 -9.925380916831372247e-02 6.593048525604281451e-01 9.207412489059514371e-01
2.585000000000000000e+03 -9.925380916831372247e-02 6.593048525604281451e-01 9.207412489059514371e-01
3.148000000000000000e+03 8.843302670718919956e-01 -6.738390732451549070e-01 -4.536351431745166973e-01
3.147000000000000000e+03 8.843302670718919956e-01 -6.738390732451549070e-01 -4.536351431745166973e-01
2.584000000000000000e+03 2.560527216037655762e-01 -2.926566469872469156e-01 -2.444088244122657461e-01
2.586000000000000000e+03 2.560527216037655762e-01 -2.926566469872469156e-01 -2.444088244122657461e-01
2.822000000000000000e+03 2.560527216037655762e-01 -2.926566469872469156e-01 -2.444088244122657461e-01
2.823000000000000000e+03 -7.794370280901965486e-01 3.023461275458920738e-01 -6.699524766200104509e-02
3.789000000000000000e+03 -7.794370280901965486e-01 3.023461275458920738e-01 -6.699524766200104509e-02
2.824000000000000000e+03 -7.794370280901965486e-01 3.023461275458920738e-01 -6.699524766200104509e-02
