# star id 	 star_x_coords [pc] 	 star_y_coords [pc] 	 star_z_coords [pc] 
6.047900000000000000e+04 -1.185769537044791377e+00 -1.525850325558966603e+00 -7.741898887807325824e-01
6.507700000000000000e+04 5.147754936489690181e-01 1.067449363385701844e+00 2.048438039367672658e-01
6.507800000000000000e+04 5.147754936489690181e-01 1.067449363385701844e+00 2.048438039367672658e-01
6.512900000000000000e+04 -8.197101068887491238e-03 1.096091554133472812e+00 8.191079352088843635e-01
1.723700000000000000e+04 -5.661460163968570214e-01 -7.755761329628185763e-02 -4.718982952794923413e-01
6.504400000000000000e+04 1.040706620021040862e+00 5.199061931881487908e-02 -2.363755146628769843e-01
6.188200000000000000e+04 -6.113611423562161917e-01 -1.338151124410558168e+00 -9.674084159044982201e-02
6.188300000000000000e+04 1.582081244232540485e-01 -9.494879897212271658e-02 2.199275337660768770e-01
6.188400000000000000e+04 1.582081244232540485e-01 -9.494879897212271658e-02 2.199275337660768770e-01
