# star id 	 star_x_coords [pc] 	 star_y_coords [pc] 	 star_z_coords [pc] 
1.431900000000000000e+04 1.907931453761250395e+00 -1.071534651971250085e+00 1.287429695931368467e+00
1.432800000000000000e+04 -8.409878817038887178e-01 1.521221464668177648e+00 -6.061292619158071826e-01
1.432200000000000000e+04 -7.618641743540024436e-01 -4.275083674957316227e-01 1.011273613877702093e+00
1.426800000000000000e+04 -2.514792190834214125e-02 -1.730637814684618192e+00 8.087564253388741520e-01
1.429800000000000000e+04 3.370516876276674623e-01 -2.533229827864871275e-01 4.337215735420820728e-01
1.429200000000000000e+04 4.692090904628187786e-02 -3.290165462672973717e-01 5.923414720316890758e-01
1.428700000000000000e+04 1.151802098863008439e-01 -1.185919412090719938e+00 2.499751464929107492e-01
1.434300000000000000e+04 -1.555035677133673744e-01 1.273072114833744273e-01 -5.253950925774524272e-01
1.434400000000000000e+04 -6.017406692725408845e-01 2.309347786895177279e-01 -5.752483013818752156e-01
1.422200000000000000e+04 -3.502217404961349700e-01 3.496484523166074609e-01 -4.816778552537012148e-01
1.422500000000000000e+04 -2.033184058667636407e-01 2.368138983519978424e-01 -3.428969857682802047e-01
1.434100000000000000e+04 -6.918705479581532813e-02 1.454332380172145278e-01 -3.243547052007298426e-01
1.430900000000000000e+04 -6.918705479581532813e-02 1.454332380172145278e-01 -3.243547052007298426e-01
1.423400000000000000e+04 1.360574319609888505e-01 2.087361692758822329e-01 -3.194575247049147304e-01
1.428100000000000000e+04 -9.147252511910508588e-02 1.002961579221226529e-01 -3.074797440233190127e-01
1.432700000000000000e+04 -1.800393980635952573e-01 -3.652364100764287080e-01 -1.667335634048692228e-01
1.427600000000000000e+04 -5.844440626516700377e-01 -9.057151691621800893e-03 3.426369594281153397e-02
1.429600000000000000e+04 -1.587243606481578695e-01 -9.871678701488528773e-02 -2.096520208527594686e-01
2.744200000000000000e+04 -1.852205287569468339e-01 -2.956317758399067408e-01 1.739862654496027172e-01
1.430600000000000000e+04 -8.599608931767477316e-02 -1.334129040826503854e-01 -1.962429358144739400e-01
1.427900000000000000e+04 -1.009885512317474365e-01 -1.565119782895774136e-01 -1.277024783572855426e-01
1.427500000000000000e+04 2.211392951235069404e-03 -3.676159099755742510e-01 -2.016135236734983849e-01
1.428200000000000000e+04 3.840562123008197659e-01 -2.077167723381725395e-01 -9.773068879713031620e-02
1.434700000000000000e+04 -1.052231828911338596e-01 -5.647790142842445960e-02 -2.074413486529014250e-02
1.422100000000000000e+04 5.261760747766786039e-02 -1.091528004935913287e-01 1.137075276214158936e-01
1.435000000000000000e+04 5.261760747766786039e-02 -1.091528004935913287e-01 1.137075276214158936e-01
1.424600000000000000e+04 1.572725107867256611e-02 -1.243059742324321704e-01 1.932403095738652876e-01
1.431000000000000000e+04 -3.778216067390260946e-02 -3.423009363072684330e-01 2.056435015362285679e-01
1.434900000000000000e+04 3.683803644948255851e-01 -6.848291261450789591e-02 2.427079084429069056e-01
1.433600000000000000e+04 -1.852456988673090166e-01 8.405677580721260256e-02 -1.143535792995633571e-01
1.422000000000000000e+04 -5.056305039115081001e-01 1.948169680154263617e-01 -2.073447787860649427e-01
1.425500000000000000e+04 -2.474302879947494205e-01 1.573628322803539703e-01 -1.955465661905848584e-01
1.425600000000000000e+04 -3.089116415936175031e-01 3.125832272087403219e-01 -2.467371990231048695e-01
1.428500000000000000e+04 -2.147227875272292863e-01 1.685861256033214239e-01 -1.363505421909019244e-01
1.422700000000000000e+04 -2.078220773472239102e-01 5.292871368484659556e-01 2.218313300115881681e-02
1.423500000000000000e+04 -6.834167630825618289e-01 1.981575943930886652e-01 7.595750304505366479e-02
1.431500000000000000e+04 -3.887553435175341576e-01 1.725621317727776827e-01 -1.615439236357520958e-01
1.433400000000000000e+04 -3.779575616521846371e-01 2.750664638854538602e-01 1.501859099749196513e-01
1.424500000000000000e+04 -4.312196735845610363e-01 8.634987100748858779e-02 2.333625842984821119e-02
1.432000000000000000e+04 -2.206364652246328717e-01 3.464862215154251857e-02 2.509964733016476490e-01
1.428800000000000000e+04 -7.902806814635709998e-02 3.905275656037954235e-02 -6.737396366066850106e-03
1.431800000000000000e+04 3.227312095847771900e-01 8.618073268517045804e-02 -2.259401793465463104e-01
1.431300000000000000e+04 -4.476853045361650629e-02 2.258954477854469012e-01 -2.150487827566296417e-01
1.427700000000000000e+04 2.133760215197284538e-01 1.630761847068828985e-01 -9.741686261402771052e-02
1.432100000000000000e+04 3.966489028533359829e-01 2.218185280603037768e-01 -1.647426032078367353e-01
1.430000000000000000e+04 3.966489028533359829e-01 2.218185280603037768e-01 -1.647426032078367353e-01
1.424800000000000000e+04 3.542509218460310194e-02 2.754043958675778114e-01 -2.443984256160907087e-01
1.425100000000000000e+04 3.542509218460310194e-02 2.754043958675778114e-01 -2.443984256160907087e-01
1.430700000000000000e+04 1.656291390461106516e-02 3.326251273295244282e-01 -2.120875085102200686e-01
1.432600000000000000e+04 -2.028806974346508696e-02 3.725695631622523152e-01 -1.928643001740424356e-01
1.423600000000000000e+04 -1.179810748157734679e-01 3.370875359655842729e-01 -1.257815428612001352e-01
1.477900000000000000e+04 -1.179810748157734679e-01 3.370875359655842729e-01 -1.257815428612001352e-01
1.429500000000000000e+04 1.590119843127268950e-02 4.480240415952905231e-01 -6.546157819813025469e-02
1.422800000000000000e+04 6.899152910159642715e-01 8.268110931078394010e-01 3.508778373241092652e-01
2.722500000000000000e+04 1.378771501181663695e+00 -5.185119434865410604e-01 2.785384224711839884e-01
1.428300000000000000e+04 9.365641322609405961e-01 -1.707070573887206066e-01 3.815313790812902006e-01
3.244000000000000000e+04 9.021225748567438529e-01 -1.311226455218111653e+00 9.803302521010870407e-01
