# star id 	 star_x_coords [pc] 	 star_y_coords [pc] 	 star_z_coords [pc] 
4.273800000000000000e+04 5.496410129750870510e-01 -4.304356159464219900e-01 4.077760205281066419e+00
4.264500000000000000e+04 -1.944106531783390324e+00 -4.150994312921909568e-01 -3.330456112686022152e-01
4.253400000000000000e+04 -1.735612629544320384e+00 -3.760828476696076450e-01 -2.514298537404329181e-01
4.262200000000000000e+04 1.064493793845500136e+00 2.361825746805116921e+00 -6.432990737053501107e-03
4.250500000000000000e+04 1.064493793845500136e+00 2.361825746805116921e+00 -6.432990737053501107e-03
4.265400000000000000e+04 1.544406441906588157e+00 -2.787967392785986931e+00 -2.337866012935307936e-01
4.256200000000000000e+04 2.755178470509378030e+00 -2.403026900280984535e+00 3.227509692639642935e-01
4.267000000000000000e+04 -2.126450426967394947e+00 -1.166094383617668484e+00 -5.664770527226039576e-01
4.250000000000000000e+04 -2.126450426967394947e+00 -1.166094383617668484e+00 -5.664770527226039576e-01
4.273200000000000000e+04 -2.126450426967394947e+00 -1.166094383617668484e+00 -5.664770527226039576e-01
4.267300000000000000e+04 2.306298169480754723e+00 -2.672569412248783749e+00 6.081386712580325593e-01
4.250400000000000000e+04 8.169570616456951484e-01 -1.832704189041315601e+00 4.686524050217428794e-01
4.246800000000000000e+04 1.829150377094407531e+00 -1.858372380091111609e+00 6.693030525129728403e-01
4.251800000000000000e+04 1.883923475323086905e+00 -1.909076620637165433e+00 1.207804062757091401e+00
4.257700000000000000e+04 9.545451441144336968e-02 2.117136811370123439e+00 -1.500003000072780424e-01
4.261300000000000000e+04 -1.195353769588081150e-01 1.915928743113262556e+00 3.018582890029648524e-01
4.261400000000000000e+04 -1.195353769588081150e-01 1.915928743113262556e+00 3.018582890029648524e-01
4.260800000000000000e+04 1.616184682916355086e-03 -2.201696016242514986e+00 -7.586390135956406766e-01
4.260900000000000000e+04 1.616184682916355086e-03 -2.201696016242514986e+00 -7.586390135956406766e-01
4.288000000000000000e+04 -7.520276006018349335e-01 1.800185665410658942e+00 8.248714379670190056e-01
4.245700000000000000e+04 1.011766822128151944e+00 -9.211114212675610702e-01 -1.511260005653170424e+00
4.258500000000000000e+04 -2.314328398047891255e+00 -9.513672656070042422e-01 -1.050927770115237081e+00
4.254900000000000000e+04 -8.886123679474877690e-01 2.391644116724087610e+00 8.876261414447128573e-01
4.249100000000000000e+04 9.514983137794246204e-01 6.536762951452033121e-01 -1.680215406700824587e+00
4.285900000000000000e+04 9.514983137794246204e-01 6.536762951452033121e-01 -1.680215406700824587e+00
4.286000000000000000e+04 -1.960046631533458594e+00 2.105045385902712951e-01 -8.167608245981057280e-01
4.257600000000000000e+04 1.920997135946464596e+00 -7.474077463444217528e-02 1.645725834192106163e+00
4.255300000000000000e+04 6.476110257594029918e-01 -7.655532854041808832e-01 2.186071894212801681e+00
4.249400000000000000e+04 6.476110257594029918e-01 -7.655532854041808832e-01 2.186071894212801681e+00
4.249000000000000000e+04 7.441783282425689094e-01 5.597599131643917758e-01 2.454736906967028176e+00
4.251900000000000000e+04 2.266072688666156409e-01 -2.196609812379435311e-01 -1.609411953481810542e+00
4.262100000000000000e+04 2.266072688666156409e-01 -2.196609812379435311e-01 -1.609411953481810542e+00
4.266900000000000000e+04 5.390654654988225047e-01 -3.456663311894203616e-01 2.767318221876834627e+00
4.253200000000000000e+04 -9.464031852597969419e-01 2.247017309329777390e+00 1.813483185930294894e+00
4.253300000000000000e+04 9.271632584160016677e-01 -2.062240831470383284e+00 1.497643380885804731e+00
4.256300000000000000e+04 1.184965218881259830e+00 -1.724003147973753869e+00 1.572311923853732196e+00
4.264000000000000000e+04 1.412294438158980370e+00 -1.555180910636295266e+00 -1.701018656637771187e+00
4.264100000000000000e+04 -1.179228203466479385e+00 2.483669421168798408e+00 -1.936598864542744991e+00
4.255700000000000000e+04 -6.081061641795741934e-01 3.189525425256299229e+00 -1.430705152641735367e+00
4.263200000000000000e+04 -2.288369603204685632e+00 -1.289347675719923814e+00 -1.095714570251871578e+00
4.263300000000000000e+04 3.797400611323979547e+00 -2.513216410335026296e+00 9.127637542406858984e-01
4.251300000000000000e+04 -1.047660032214466241e+00 -4.670517032674936786e-01 -2.527736531940504960e+00
4.259000000000000000e+04 -1.047660032214466241e+00 -4.670517032674936786e-01 -2.527736531940504960e+00
4.257000000000000000e+04 5.863858780815434102e-01 -5.260592805496173696e-01 -2.286894596352198050e+00
4.255800000000000000e+04 -8.728282238590026054e-01 7.971702114566667774e-01 -2.555391911148646500e+00
4.259700000000000000e+04 -1.170259062876681355e+00 4.844454701520888307e-01 -2.320768846287435849e+00
4.259800000000000000e+04 -8.051469024180875067e-01 5.703699930176640009e-01 -2.055952712489343526e+00
4.264700000000000000e+04 -1.466583750175360024e+00 3.940120942052516284e-01 -2.009810363636617581e+00
4.247800000000000000e+04 -1.160282082302813933e+00 1.299545270895592353e+00 -3.094036048765417490e+00
4.249500000000000000e+04 -1.160282082302813933e+00 1.299545270895592353e+00 -3.094036048765417490e+00
4.263900000000000000e+04 -1.160282082302813933e+00 1.299545270895592353e+00 -3.094036048765417490e+00
4.253000000000000000e+04 -2.969757844347924447e-01 1.675649139575035917e+00 -1.966679519605591508e+00
4.262000000000000000e+04 -1.435094936142206734e+00 -1.157699695494144976e+00 -2.907084624006358808e+00
4.247700000000000000e+04 -5.926510098788497771e-01 -1.640393076796179628e+00 -2.838817005723939246e+00
4.251500000000000000e+04 -5.926510098788497771e-01 -1.640393076796179628e+00 -2.838817005723939246e+00
4.267500000000000000e+04 1.381033683664242062e+00 -3.922346979361762465e+00 -7.061415855711317136e-01
4.253800000000000000e+04 2.954284529325292397e+00 -3.542383646236707762e+00 -9.627162346991724462e-02
4.250300000000000000e+04 2.856466340940897908e+00 -4.373225827380473163e+00 -4.146968687868906045e-01
4.265100000000000000e+04 2.856466340940897908e+00 -4.373225827380473163e+00 -4.146968687868906045e-01
4.247300000000000000e+04 -5.154560622604691389e-01 -6.212812344711764467e-01 -4.005567299755142585e+00
4.267200000000000000e+04 3.128590929402577103e-01 -5.862085122130622494e-01 -3.443349782621126565e+00
4.276700000000000000e+04 1.005670087635536447e+00 4.350352989492662914e-01 -3.247679406049982731e+00
4.276600000000000000e+04 6.695183553711672175e-01 1.022896810144260371e-01 -4.180593234385128198e+00
4.259200000000000000e+04 2.684922098965358828e-01 4.558062862980989394e-01 -3.506912574505065550e+00
4.248200000000000000e+04 -4.892336910537125050e-01 1.390936065392708088e+00 -4.054261135307527297e+00
4.254300000000000000e+04 5.830422842241915760e-01 -1.348602141313229197e+00 -3.619988918272568412e+00
4.254200000000000000e+04 -2.634921052047616286e-01 -5.776113901311248355e-01 1.143489137546595202e+00
4.277300000000000000e+04 -3.682453206603355511e-01 -5.700682263812240080e-01 1.260609751309360149e+00
4.267700000000000000e+04 2.099822660607912894e-01 -8.653682859694455942e-01 9.470802733717960109e-01
4.248800000000000000e+04 5.420093592575199182e-01 -9.343911175672303671e-02 1.014815558015030206e+00
4.273300000000000000e+04 3.224999480808321550e-01 -4.521278188505561957e-03 1.050468142928508541e+00
4.252200000000000000e+04 3.880985214869667743e-01 -4.282150302106870754e-01 1.213930591769738498e+00
4.247100000000000000e+04 3.880985214869667743e-01 -4.282150302106870754e-01 1.213930591769738498e+00
4.253900000000000000e+04 -6.778588983390960720e-01 4.244212054123011058e-01 1.366947156495854188e+00
4.249800000000000000e+04 1.118772547603754219e+00 7.619936315254562942e-01 3.418046339022851043e-01
4.278500000000000000e+04 9.348171573474814977e-01 -3.652770745484090753e-01 -1.465128778523308029e-01
4.269200000000000000e+04 9.087992702310572213e-01 -1.928029996608557894e-01 1.103089204168611559e+00
4.245300000000000000e+04 -8.701415161022225675e-01 -1.830744783999307401e-01 1.458420793292987128e-01
4.245400000000000000e+04 -4.004838894715447850e-01 -5.382164184823992059e-01 8.353472376540054256e-01
4.245500000000000000e+04 -3.466060738543319530e-01 5.694125878285092313e-01 3.655874181471148177e-01
4.253700000000000000e+04 -3.466060738543319530e-01 5.694125878285092313e-01 3.655874181471148177e-01
4.259600000000000000e+04 -3.466060738543319530e-01 5.694125878285092313e-01 3.655874181471148177e-01
4.267100000000000000e+04 -2.967311143385558125e-01 4.867476507103347672e-01 4.265469083316872911e-01
4.275000000000000000e+04 7.217785407716803547e-02 4.948264087497875607e-01 6.135079581821543115e-01
4.247000000000000000e+04 1.918788557344157653e-01 5.559981717622832775e-01 6.677173468281552005e-01
4.268800000000000000e+04 5.418521348229603518e-01 4.245593958471332030e-01 6.908140204382249294e-01
4.268900000000000000e+04 -2.229752950678118850e-01 -2.975859487097167744e-01 7.595954947176011274e-01
4.249900000000000000e+04 -4.620132500562021960e-01 1.207831515954602253e+00 5.685517047023864734e-01
4.253500000000000000e+04 -2.092033688112309164e-01 9.681456840089168736e-01 8.105555779374782333e-01
4.258200000000000000e+04 4.154815003735450318e-01 -4.018786233558202525e-01 6.885682067497356229e-01
4.263000000000000000e+04 3.280398593175988253e-01 -2.818777824243383634e-01 8.515734876653482388e-01
4.246100000000000000e+04 -6.410608642159161263e-01 1.058052255954144982e+00 4.965464925895588522e-01
4.246000000000000000e+04 -6.509164137557661434e-01 9.267907429630852789e-01 4.872478846851748813e-01
4.254500000000000000e+04 -7.356343327142838007e-01 1.026457423485808818e+00 5.616984557684219226e-01
4.454400000000000000e+04 -6.276531108111811363e-01 1.107945660243778718e+00 5.727739011355055254e-01
4.287900000000000000e+04 -6.146635354145786323e-01 1.147966029014440892e+00 5.788180927139876530e-01
4.287800000000000000e+04 -6.045443865300228481e-01 1.004743646421594860e+00 6.056587951422756078e-01
4.277800000000000000e+04 -6.045443865300228481e-01 1.004743646421594860e+00 6.056587951422756078e-01
4.279700000000000000e+04 -6.335663341805002347e-01 1.131241526401922215e+00 6.136366779802386873e-01
4.285800000000000000e+04 -6.677585031377475389e-01 1.069156456879724715e+00 6.362139197262308699e-01
4.285700000000000000e+04 -5.929958793705765174e-01 1.017309272068779080e+00 6.447123361871121006e-01
4.285600000000000000e+04 -5.795294064681684176e-01 1.087808253976731976e+00 7.479926515802759468e-01
4.260200000000000000e+04 -7.582840516471236469e-01 1.197082561309386506e+00 7.699170922578275622e-01
4.258300000000000000e+04 -3.882045883147782206e-01 4.189306004893396107e-01 -6.859484988468977917e-02
4.265900000000000000e+04 -3.882045883147782206e-01 4.189306004893396107e-01 -6.859484988468977917e-02
4.255600000000000000e+04 5.705371698219607879e-02 4.481290540222246932e-01 1.198547934779981006e-01
4.268400000000000000e+04 3.152873320460969353e-02 5.926171012630945256e-01 1.590193633820717878e-01
4.266700000000000000e+04 -3.528975227784343360e-01 3.954793120459569877e-01 1.524316407351022917e-01
4.266600000000000000e+04 -7.160315881298515706e-01 3.296426005332051545e-01 1.699745353235044831e-01
4.278400000000000000e+04 1.631056867279170319e-01 3.720281951595012515e-01 -7.243283176973136506e-02
4.267800000000000000e+04 2.649569244299243564e-01 6.087511880646871987e-01 2.918872057650219176e-01
4.257300000000000000e+04 -1.330155861725756949e-01 1.098825812511805111e+00 1.118372406327523549e+00
4.251700000000000000e+04 -7.903935497969314383e-01 1.153912116757197737e+00 2.581274879774895226e-01
4.279800000000000000e+04 1.318981942433623544e-01 7.231476043409656995e-01 -1.647123151602585267e-01
4.280900000000000000e+04 3.017312005919734474e-01 6.522560724098909191e-01 3.245354231880526186e-02
4.267600000000000000e+04 4.239063288031701404e-01 9.926504960131410371e-01 1.204056224146029308e+00
4.274000000000000000e+04 4.239063288031701404e-01 9.926504960131410371e-01 1.204056224146029308e+00
4.265700000000000000e+04 5.315635395430575727e-01 1.155287358443978007e+00 1.364065139470056920e+00
4.264600000000000000e+04 1.062402291597820181e+00 4.253469992348613005e-01 -2.651908425753362053e-01
4.255500000000000000e+04 -1.141964539546336255e+00 2.889271627567850942e-01 -3.219401541295070501e-01
4.258000000000000000e+04 -4.333251698079010339e-01 3.213816161767866220e-01 -6.974199826434528404e-01
4.263800000000000000e+04 -3.928461275794177254e-01 5.078533212919822404e-01 -6.176148587566814285e-01
4.251400000000000000e+04 -1.088027576321195511e-01 1.998113337977969195e-01 -4.460817089051118955e-01
4.278800000000000000e+04 -2.074616305047243259e-01 4.372747727811869822e-01 -2.559746049735025508e-01
4.272000000000000000e+04 1.487011426716648543e+00 4.833374735281594781e-01 -2.882894273615477232e-01
4.259500000000000000e+04 -6.556695673643844202e-01 3.885499068041795567e-01 -6.715865790734483198e-01
4.250100000000000000e+04 5.072759346323607588e-01 2.615988047073969369e-01 -3.664980241164386143e-01
4.250700000000000000e+04 7.757718259339299038e-01 8.930593221800577908e-01 -7.260344529482409826e-01
4.250800000000000000e+04 -4.080893265126803726e-01 -3.060852908107136727e-02 -7.831759567144587209e-01
4.268700000000000000e+04 -4.380186141262782940e-01 7.051952915690051782e-01 -4.225499252602844535e-01
4.259300000000000000e+04 -4.902979970471221804e-01 -2.137549824992817094e-01 -2.497788877499687032e-01
4.253100000000000000e+04 3.943784170412669710e-01 -1.353161625044521088e-01 -3.362394495635356861e-01
4.260500000000000000e+04 3.943784170412669710e-01 -1.353161625044521088e-01 -3.362394495635356861e-01
4.248900000000000000e+04 1.489970404390348335e+00 -6.753579457521468044e-01 1.085631566154219740e+00
4.261500000000000000e+04 1.459261184014224000e+00 -1.241134991055737657e+00 1.922522143706686393e-01
4.254800000000000000e+04 -1.450823266511761744e+00 6.161593461388932269e-01 5.391233023671730962e-01
4.262800000000000000e+04 3.095066582898624574e-01 -1.374877333880071717e+00 -4.258562585825131919e-02
4.255400000000000000e+04 -2.370272559288792991e-01 -8.270088604800704957e-01 1.925128377557484782e+00
4.256800000000000000e+04 -3.986710402874251713e-01 1.169564120884416525e-01 2.055495976384094092e+00
4.262300000000000000e+04 -8.445368655133194125e-01 1.345822067997616500e+00 6.074014174211868067e-01
4.264900000000000000e+04 -8.796911999634033918e-01 1.513014824042947737e+00 6.449337851724550319e-01
4.259900000000000000e+04 -8.910705605512845295e-01 1.417340729454856785e+00 7.574895522942028947e-01
4.266300000000000000e+04 -1.033025231838081481e+00 1.507897132289166109e+00 8.187592967544787825e-01
4.266100000000000000e+04 -9.558757550872911679e-01 1.677308527086253775e+00 8.623731042446962647e-01
4.266200000000000000e+04 -3.161926282964486745e-01 -1.202268137074995025e+00 6.611281889285152147e-01
4.265300000000000000e+04 -1.164484928344620585e+00 -5.703837208924298352e-01 -1.336317889405094661e+00
4.263400000000000000e+04 -8.459464081623337961e-01 1.594983073320754841e+00 1.005424632446221267e+00
4.263100000000000000e+04 -6.093740884620473253e-01 1.494608404914892219e+00 1.352431590583577758e+00
4.277900000000000000e+04 5.021294301344312316e-01 1.548577288663580021e+00 1.058751109818999225e+00
4.271500000000000000e+04 1.346992613597521427e+00 -3.613886300772932714e-01 -9.709595757647377923e-01
4.269000000000000000e+04 -1.003188897878729335e+00 -7.819224706360472510e-02 -1.163085689525487965e+00
4.255000000000000000e+04 -3.859315553306146285e-01 1.592222858501173732e+00 1.735329324918325256e+00
4.255100000000000000e+04 3.988546195271709394e-01 1.452531991398274158e+00 1.783093944060880176e+00
4.255200000000000000e+04 1.235941267049099679e+00 -1.410199057645804999e+00 1.634963231953435070e+00
4.274500000000000000e+04 1.235941267049099679e+00 -1.410199057645804999e+00 1.634963231953435070e+00
4.250900000000000000e+04 1.308751300524164662e-01 -5.104811175325565387e-01 -8.200635280507384550e-01
4.256900000000000000e+04 3.287906306300669712e-02 -1.965057161298418009e-01 -1.311515292266875576e+00
4.257900000000000000e+04 -1.710830167076125008e-01 -2.451505198060459634e-01 3.542960825595571350e-01
4.257800000000000000e+04 -1.660358639554715410e-02 -4.329945314348080387e-01 3.980335943465860282e-01
4.273500000000000000e+04 5.064652993469564990e-02 -1.329284100495016219e-01 3.368069788148915222e-01
4.272500000000000000e+04 -1.435972669423222214e-01 -1.309247000512527848e-01 3.833271769729549305e-01
4.251600000000000000e+04 3.462186133278066791e-01 -2.997286270278252118e-01 8.452197649980064398e-02
4.266500000000000000e+04 2.251905734698453898e-01 -2.262450851562434195e-01 1.640331148909552894e-01
4.261100000000000000e+04 2.795412742452754173e-01 -3.641674227475917291e-01 2.294829495167221012e-01
4.274900000000000000e+04 2.673604502342357137e-01 -4.506499342268526220e-01 2.892981903211477857e-01
4.277400000000000000e+04 9.542846421470585483e-02 -2.737707086748102370e-01 2.780053761908618526e-01
4.278000000000000000e+04 3.155206152326712754e-01 -2.510070842312757122e-01 3.019054089013195608e-01
4.276200000000000000e+04 3.155206152326712754e-01 -2.510070842312757122e-01 3.019054089013195608e-01
4.272300000000000000e+04 3.155206152326712754e-01 -2.510070842312757122e-01 3.019054089013195608e-01
4.272400000000000000e+04 -1.613240358095708871e-01 -2.294528334572305539e-01 6.474935342106391545e-02
4.276500000000000000e+04 -1.613240358095708871e-01 -2.294528334572305539e-01 6.474935342106391545e-02
4.274300000000000000e+04 5.110322888461382718e-02 -2.710209802051366523e-01 9.993460846727941771e-02
4.278600000000000000e+04 -1.168112740691356066e-01 -3.705641958625207621e-01 1.243115210468488385e-01
4.280400000000000000e+04 -5.855669108527195021e-03 -4.168953455102268890e-01 2.161793765900199560e-01
4.276000000000000000e+04 -1.878868363370571615e-01 -4.610523970718389819e-01 2.126351453118786594e-01
4.261600000000000000e+04 1.555511956785409211e-01 -2.143621590471411764e-01 2.956051977476334969e-01
4.261700000000000000e+04 1.555511956785409211e-01 -2.143621590471411764e-01 2.956051977476334969e-01
4.271000000000000000e+04 2.307594444231853004e-01 -1.364955166524595143e-01 7.160190036120184232e-02
4.259100000000000000e+04 1.962358405912283388e-01 1.958629218414387196e-03 6.413482905291800762e-02
4.255900000000000000e+04 1.834408056641905205e-01 -1.392069609205037750e-02 1.963037432010850125e-01
4.247200000000000000e+04 2.315040776125698585e-01 -1.560483801272383175e-01 2.097353980655043415e-01
4.256700000000000000e+04 2.414027648993481989e-01 -1.818109395078195689e-01 2.961571468629671244e-01
4.254600000000000000e+04 2.869039780196942502e-01 -1.363098586626634301e-01 3.131428627894337069e-01
4.252800000000000000e+04 3.444383618289776905e-01 3.073897154882843097e-02 3.275457267616843637e-01
4.261900000000000000e+04 -1.724338794079045556e-01 -2.292422636200086572e-02 1.229978642858498006e-01
4.264800000000000000e+04 6.913230215472765394e-02 1.295529361713221306e-02 1.227352555353888874e-01
4.264200000000000000e+04 6.465649649442184455e-02 -1.711644845103705848e-01 1.688905021548947616e-01
4.264300000000000000e+04 6.465649649442184455e-02 -1.711644845103705848e-01 1.688905021548947616e-01
4.258700000000000000e+04 4.615106363762322417e-02 -1.256369774862520217e-01 1.954471143410501099e-01
4.249300000000000000e+04 -4.710394127968697831e-03 -1.868117486237466096e-01 1.908760192335989814e-01
4.258900000000000000e+04 -4.710394127968697831e-03 -1.868117486237466096e-01 1.908760192335989814e-01
4.260700000000000000e+04 -1.080626495709680057e-02 5.800709574997853224e-02 2.139176137196869831e-01
4.260600000000000000e+04 3.803870422474631141e-02 -1.057668868288317299e-01 2.185599004059781691e-01
4.256600000000000000e+04 6.267631170639731408e-02 -8.411523154064326491e-02 2.301230142208368079e-01
4.249700000000000000e+04 -1.317219975432237788e-02 -1.258710003645759912e-01 2.239938907438130400e-01
4.256400000000000000e+04 -1.317219975432237788e-02 -1.258710003645759912e-01 2.239938907438130400e-01
4.252300000000000000e+04 -2.579202055306950570e-02 -1.189574603967429312e-01 2.298501374413604026e-01
4.262500000000000000e+04 -2.579202055306950570e-02 -1.189574603967429312e-01 2.298501374413604026e-01
4.262600000000000000e+04 7.752736251936198641e-02 -1.560378900362167087e-01 2.822289389332155451e-01
4.252900000000000000e+04 1.352591669432001709e-02 -1.084894593345850922e-01 2.889177791525838757e-01
4.252600000000000000e+04 3.537300040414237401e-01 -1.272950342288439174e-01 5.477419372058278668e-01
4.252700000000000000e+04 1.912952856324636741e-01 2.005596610916882128e-02 3.825923329496703218e-01
4.261800000000000000e+04 3.093023056730572762e-01 -7.702106057485735846e-02 3.791913003926481451e-01
4.252400000000000000e+04 1.366325396553520477e-01 -1.376068599724362684e-01 3.489611644722145911e-01
4.253600000000000000e+04 1.366325396553520477e-01 -1.376068599724362684e-01 3.489611644722145911e-01
4.248400000000000000e+04 1.576625164915412824e-01 -8.421751233308327755e-02 4.942867352249606938e-01
4.248500000000000000e+04 1.863176513979283300e-01 -1.705294024391506014e-01 5.005823073940263157e-01
4.257200000000000000e+04 1.863176513979283300e-01 -1.705294024391506014e-01 5.005823073940263157e-01
4.251200000000000000e+04 1.983263920608351327e-01 -1.954141486195766220e-01 4.170483358730763257e-01
4.251100000000000000e+04 3.289182550630584956e-01 1.500003417646524895e-01 1.036948395271650725e-01
4.251000000000000000e+04 3.289182550630584956e-01 1.500003417646524895e-01 1.036948395271650725e-01
4.273400000000000000e+04 1.514981236375092521e-01 1.394664810165195945e-01 8.362693251812913786e-02
4.272800000000000000e+04 2.550206568249677730e-01 1.363710610783499533e-01 1.563704849949516529e-01
4.270900000000000000e+04 -8.160101366659944233e-02 1.383253332892806498e-01 2.935934149541452598e-01
4.270800000000000000e+04 -4.287118829215899041e-01 -5.215865019680165915e-02 -2.129436508941751072e-01
4.274600000000000000e+04 -3.802256240268775400e-01 -1.710207999785566813e-01 -6.731099744854418532e-03
4.266800000000000000e+04 -3.802256240268775400e-01 -1.710207999785566813e-01 -6.731099744854418532e-03
4.246900000000000000e+04 1.421957663326054444e-01 3.575293095691733924e-02 -8.648573111663893087e-02
4.271300000000000000e+04 2.206091566216201727e-01 -7.404071738410777925e-02 -3.259000784302656939e-02
4.274100000000000000e+04 1.828493581067505147e-01 4.499838053349236588e-02 1.384104992752099861e-02
4.262700000000000000e+04 -3.470492117909174112e-01 -2.075327420949832913e-01 5.010055666402024599e-01
4.260300000000000000e+04 -2.251011955467419057e-01 -1.013680893820421147e-01 3.620655835981096970e-01
4.245800000000000000e+04 -3.096093690688377364e-01 -1.193018235016154449e-01 5.022297436409530746e-01
4.258600000000000000e+04 -2.123290287295276357e-01 -3.455025087612497714e-01 8.497239758878549765e-02
4.267400000000000000e+04 -2.492449187153340517e-01 -2.953186700973660095e-01 1.105317151969842371e-01
4.248600000000000000e+04 -2.679653655696512260e-01 -2.560367427008429786e-01 1.445682390053377731e-01
4.248700000000000000e+04 -3.343005707183834829e-01 -2.355455513267017409e-01 2.122990449975219462e-01
4.266000000000000000e+04 -3.221204278577971536e-01 -8.903482796240069774e-02 7.006354919619184329e-02
4.252500000000000000e+04 -2.358106122009075989e-01 -1.307133862662368529e-02 1.145531154790973005e-01
4.254000000000000000e+04 -2.358106122009075989e-01 -1.307133862662368529e-02 1.145531154790973005e-01
4.250200000000000000e+04 -2.358106122009075989e-01 -1.307133862662368529e-02 1.145531154790973005e-01
4.249600000000000000e+04 -4.043199991949393279e-01 -1.747930127661021515e-01 2.041456278985691597e-01
4.256500000000000000e+04 -2.223759916998915287e-01 -3.110334680273751928e-02 2.147780641303569382e-01
4.267900000000000000e+04 -3.507746659650905485e-01 1.932880767554934209e-02 2.465482681211028648e-01
4.252000000000000000e+04 -2.966718312683838121e-01 2.798936648065506461e-01 -6.984637471519761220e-02
4.257100000000000000e+04 2.347368748271492223e-01 1.426417572268618983e-01 1.622767657359247551e-02
4.263700000000000000e+04 -1.175606622177554073e-01 2.549407640323195778e-01 -6.863117532545004451e-02
4.262900000000000000e+04 -2.542369252510638944e-01 2.824339244152085371e-01 1.515795300750539809e-01
4.258100000000000000e+04 -2.542369252510638944e-01 2.824339244152085371e-01 1.515795300750539809e-01
4.268100000000000000e+04 -4.260478861477423607e-01 1.133265968885908137e-01 3.227170867723430092e-01
4.275500000000000000e+04 4.503231832938467960e-01 2.390400946016768557e-02 2.570978167073576515e-01
4.275400000000000000e+04 3.716940379989921439e-01 -5.326825790588429754e-02 3.920096587768426843e-01
4.273600000000000000e+04 4.018121873343432071e-01 -1.859058420427288638e-01 5.336879801918144040e-01
