# star id 	 star_x_coords [pc] 	 star_y_coords [pc] 	 star_z_coords [pc] 
5.680000000000000000e+02 -6.252834758367864509e-02 4.148256259410487701e-01 -1.783258169043691055e-01
5.710000000000000000e+02 6.002265950267027250e-02 2.463956545759913297e-01 -2.796223510104312027e-01
5.410000000000000000e+02 3.397438816048605759e-01 4.561788525384713466e-02 -1.134909619633077682e-01
5.640000000000000000e+02 3.397438816048605759e-01 4.561788525384713466e-02 -1.134909619633077682e-01
5.600000000000000000e+02 3.370237348743598815e-01 -3.460346718725304527e-02 6.982246150406012930e-02
5.370000000000000000e+02 3.370237348743598815e-01 -3.460346718725304527e-02 6.982246150406012930e-02
5.790000000000000000e+02 4.266359453070496244e-01 -1.335902851441232997e-01 1.195311356430792671e-01
5.520000000000000000e+02 3.363991778967418966e-01 -1.577996933434633320e-02 1.227913595676781711e-01
5.580000000000000000e+02 3.080101721721915098e-01 5.421797338132705590e-02 1.553055153426754487e-01
5.780000000000000000e+02 3.080101721721915098e-01 5.421797338132705590e-02 1.553055153426754487e-01
5.760000000000000000e+02 1.525315356533187838e-01 -8.653312730444895351e-03 1.136771195521859568e-01
5.440000000000000000e+02 6.250691882947645439e-02 -5.204748731557629071e-02 -6.056420604136292241e-02
5.450000000000000000e+02 -5.767055727243342034e-02 3.409240885301301205e-02 -8.645722605846373199e-02
5.700000000000000000e+02 -7.546491079539752178e-02 -1.366020525528313101e-01 -1.865080921416790716e-01
5.690000000000000000e+02 -4.174056480698551397e-01 1.925507110726130122e-01 -2.150914163211794516e-01
5.540000000000000000e+02 -2.034752907556409696e-01 2.673737921843724052e-01 -1.346649534772126344e-01
5.330000000000000000e+02 -6.189206332761223450e-01 1.683029273026477313e-01 -6.241951036267323616e-02
5.670000000000000000e+02 -4.061525967956409744e-01 -1.818500509326383963e-01 1.649973847952352912e-01
5.660000000000000000e+02 -3.075451106182409688e-01 -1.288558501148315827e-01 1.882677710484728095e-01
5.460000000000000000e+02 -7.850190425838388109e-02 -1.979864067415348927e-01 1.122233778955958883e-01
5.390000000000000000e+02 -5.460126386460659731e-01 -3.075280793085823916e-01 -1.660786177551898390e-02
5.530000000000000000e+02 -2.339741657297524924e-01 -2.911124033628595953e-01 1.754992714420140487e-01
