# star id 	 star_x_coords [pc] 	 star_y_coords [pc] 	 star_z_coords [pc] 
1.052300000000000000e+04 1.583564501806549174e-01 2.825029393008691159e-01 -3.155543144782910758e-01
1.047300000000000000e+04 -1.309023698839162364e-01 9.905045591149530537e-02 -1.817980424114580273e-01
1.047200000000000000e+04 1.954328454972333873e-01 4.202412708677414344e-01 -1.552634106518411272e-01
1.054500000000000000e+04 -1.533035398557451856e-01 2.270294673445860667e-01 -1.491343722269249383e-01
1.048800000000000000e+04 -1.533035398557451856e-01 2.270294673445860667e-01 -1.491343722269249383e-01
1.054400000000000000e+04 -9.353634473460914478e-02 4.720067669982341840e-02 -7.261693322493556479e-02
1.049700000000000000e+04 -9.353634473460914478e-02 4.720067669982341840e-02 -7.261693322493556479e-02
1.038000000000000000e+04 -6.379390682006658153e-02 7.070546619684847656e-02 -4.414347901625603754e-02
1.037900000000000000e+04 -6.379390682006658153e-02 7.070546619684847656e-02 -4.414347901625603754e-02
1.053900000000000000e+04 -6.379390682006658153e-02 7.070546619684847656e-02 -4.414347901625603754e-02
1.048900000000000000e+04 -1.233457026222843922e-01 1.582154100346429004e-01 -2.184950455611556208e-02
1.054200000000000000e+04 2.514832018635821953e-01 1.317715251365711993e-01 -4.262404139538489289e-02
1.058500000000000000e+04 4.088041518800622498e-01 8.690278556185404568e-02 -3.761365436927803785e-01
1.052500000000000000e+04 8.998800612529933574e-02 7.220115126388293447e-02 1.353451585788434386e-02
1.053300000000000000e+04 4.149828701823210508e-02 1.622842976363259027e-01 1.916090411578892372e-01
1.052600000000000000e+04 -3.192498083919659280e-02 1.193183136368745068e-01 2.522280322745302783e-01
1.049800000000000000e+04 -3.192498083919659280e-02 1.193183136368745068e-01 2.522280322745302783e-01
1.049900000000000000e+04 1.655155081334953593e-01 1.848231458736648847e-01 2.592157413164102309e-01
1.041100000000000000e+04 1.655155081334953593e-01 1.848231458736648847e-01 2.592157413164102309e-01
1.050000000000000000e+04 8.868252360860751082e-02 4.851319980417443389e-01 2.647496191122797882e-01
1.051800000000000000e+04 -3.469286760447118922e-01 1.285866637026344961e-03 3.089301068770566872e-02
1.041000000000000000e+04 -3.469286760447118922e-01 1.285866637026344961e-03 3.089301068770566872e-02
1.063300000000000000e+04 2.764908693604013479e-01 6.724696054501535514e-01 5.471592458667373648e-02
1.055300000000000000e+04 2.045596747057558673e-01 -1.278296480820770853e-01 -3.342402414995291338e-01
1.046100000000000000e+04 1.214723602866563112e-01 -3.434217189580195395e-01 -8.230901560524728211e-02
1.050700000000000000e+04 5.629820278408814715e-02 -1.163414468014281056e-01 -7.753316550805777752e-02
1.050100000000000000e+04 5.629820278408814715e-02 -1.163414468014281056e-01 -7.753316550805777752e-02
1.050200000000000000e+04 2.966258264100645192e-01 -4.464979381051037421e-01 -1.357457707153599813e-01
1.054700000000000000e+04 -2.000805270039407446e-01 -2.623730875347973779e-01 6.535761452964550244e-02
1.054800000000000000e+04 -2.000805270039407446e-01 -2.623730875347973779e-01 6.535761452964550244e-02
1.061000000000000000e+04 -8.525683950003681844e-02 -1.518538722418156794e-01 -4.488534119232667763e-03
1.046700000000000000e+04 -8.525683950003681844e-02 -1.518538722418156794e-01 -4.488534119232667763e-03
1.046800000000000000e+04 1.910645421805519106e-01 -3.560968887415825179e-01 3.957668207218034695e-02
1.037700000000000000e+04 -5.916042979603020058e-03 -9.799246383998649890e-02 4.024594604979370160e-02
1.046200000000000000e+04 -5.916042979603020058e-03 -9.799246383998649890e-02 4.024594604979370160e-02
1.038200000000000000e+04 9.389442987462359724e-03 -1.261035175802405206e-01 1.204223742453507384e-01
1.038300000000000000e+04 -1.572032305326160895e-01 -3.387116926643471970e-01 7.165356010874290860e-02
1.037500000000000000e+04 -1.572032305326160895e-01 -3.387116926643471970e-01 7.165356010874290860e-02
1.058400000000000000e+04 6.455847845868234458e-02 -1.562618707563672160e-01 1.160152427906098183e-01
1.051500000000000000e+04 6.455847845868234458e-02 -1.562618707563672160e-01 1.160152427906098183e-01
1.055200000000000000e+04 -3.126623976646030201e-01 -2.951841966464314737e-01 2.967089599786731924e-02
