# star id 	 star_x_coords [pc] 	 star_y_coords [pc] 	 star_z_coords [pc] 
1.917400000000000000e+04 -5.466627960519190310e-01 -2.177613321799540813e-01 8.207964004239087785e-02
1.914800000000000000e+04 -2.688469821186139086e-01 4.267672776314412886e-02 9.931137510371002008e-02
1.920800000000000000e+04 -2.688469821186139086e-01 4.267672776314412886e-02 9.931137510371002008e-02
1.917300000000000000e+04 -2.654153411333730617e-01 -9.897608368262922340e-02 1.009733262077112670e-01
1.952100000000000000e+04 -1.786366522537612411e-01 -3.751859084701436586e-03 1.714066610416118408e-01
1.915900000000000000e+04 -1.636428429747383007e-01 5.597369810793395573e-02 2.957763427914201770e-01
1.919500000000000000e+04 -9.791953242529061185e-02 -4.178900897611086407e-01 3.211924948169695426e-01
1.917500000000000000e+04 -1.549651211097824444e-02 -6.802638612122535733e-02 6.288077620245857702e-02
1.917100000000000000e+04 2.192674831919916301e-02 -1.136592550006838565e-01 -3.141974088851178237e-01
1.919200000000000000e+04 4.064313942963515558e-01 5.978743946560882705e-02 -3.491117542334407631e-01
1.915400000000000000e+04 3.017149411672654935e-01 -3.948273117436258417e-01 -2.773371604119816425e-01
1.920200000000000000e+04 4.759011209282384414e-01 -1.108951413205545578e-01 -2.573578983368562945e-01
1.911400000000000000e+04 1.903074310414964998e-01 1.379666685814129323e-03 -1.260311540597349733e-01
1.918700000000000000e+04 4.495790144820013268e-01 -1.504293104295939543e-01 1.583855411794132806e-02
1.952700000000000000e+04 1.655489690714802009e-01 -1.271520177847165201e-01 5.235101533268959884e-02
1.916700000000000000e+04 6.672152006377984890e-02 -4.318729933533660414e-02 -6.443221414304289851e-02
1.917900000000000000e+04 6.672152006377984890e-02 -4.318729933533660414e-02 -6.443221414304289851e-02
1.915200000000000000e+04 6.672152006377984890e-02 -4.318729933533660414e-02 -6.443221414304289851e-02
1.913800000000000000e+04 -5.511603478575288761e-01 2.026754583552445865e-01 -4.089704981817021689e-02
1.919100000000000000e+04 7.715392685804189910e-02 1.632378852367963873e-01 -2.919398844922973524e-01
1.917200000000000000e+04 6.433564234232136414e-03 3.041389922750852293e-01 1.069777172711106061e-01
1.913000000000000000e+04 6.433564234232136414e-03 3.041389922750852293e-01 1.069777172711106061e-01
1.948600000000000000e+04 6.645781002006856397e-02 2.353728608527987376e-01 1.661288316381330787e-01
1.915500000000000000e+04 -1.142505493672985040e-02 4.208722330234877518e-01 1.689631183580573293e-01
