# star id 	 star_x_coords [pc] 	 star_y_coords [pc] 	 star_z_coords [pc] 
4.568900000000000000e+04 -9.960317370121529734e-01 -3.344499908637033059e-01 1.124646133513881097e+00
4.557600000000000000e+04 -4.871663109933379587e-01 -3.153496387996526096e-01 1.055662781112068238e+00
4.570400000000000000e+04 -4.871663109933379587e-01 -3.153496387996526096e-01 1.055662781112068238e+00
4.561800000000000000e+04 -7.713900316260478007e-01 -2.941087641546857867e-02 1.190345496567059236e+00
4.561700000000000000e+04 -7.713900316260478007e-01 -2.941087641546857867e-02 1.190345496567059236e+00
4.570900000000000000e+04 -9.176806730620725716e-01 -2.225649332540413639e-01 1.205182551328819684e+00
4.570800000000000000e+04 -9.898088484808624798e-01 -3.655831797570456843e-01 1.197640110899991228e+00
4.570700000000000000e+04 -9.898088484808624798e-01 -3.655831797570456843e-01 1.197640110899991228e+00
4.511700000000000000e+04 -6.119902712175573356e-01 -1.011313364425632244e-01 1.317039230761234414e+00
4.509300000000000000e+04 -9.637297397585697922e-01 -3.314643149622469309e-01 1.444551974876302047e+00
4.503900000000000000e+04 -9.637297397585697922e-01 -3.314643149622469309e-01 1.444551974876302047e+00
4.621000000000000000e+04 -9.637297397585697922e-01 -3.314643149622469309e-01 1.444551974876302047e+00
4.639900000000000000e+04 -9.637297397585697922e-01 -3.314643149622469309e-01 1.444551974876302047e+00
4.639800000000000000e+04 7.955328654659865606e-03 3.341075099890957745e-01 1.162205443831505924e+00
4.526000000000000000e+04 1.058175514466682898e+00 5.761275736635909084e-01 1.154766785213918290e+00
4.509900000000000000e+04 9.292688640909005926e-01 6.022983841374554004e-01 1.156239728296223568e+00
4.557300000000000000e+04 -5.163914065573322887e-01 2.054714424086512281e-01 1.098065897675715163e+00
4.514300000000000000e+04 -9.013338727567870023e-01 5.047628957698933050e-01 1.077297929180011771e+00
4.559800000000000000e+04 -1.352298605825367872e+00 -1.475999872303788152e-01 -9.716424533331569080e-02
4.506600000000000000e+04 -1.323652354677598453e+00 -1.603953556747725884e-01 2.295790762510971916e-01
4.641300000000000000e+04 -1.555185168726779921e+00 -2.186525828881897837e-01 3.435421248945305095e-01
4.583100000000000000e+04 -9.812400929272229178e-01 -2.543519477464357692e-01 -8.353319587797081169e-02
4.575200000000000000e+04 -1.048164228767262784e+00 -6.078751280996641526e-02 8.262490198200289626e-02
4.575300000000000000e+04 1.250885170695312354e+00 2.094743499632301109e-02 5.820625007182922417e-02
4.505900000000000000e+04 1.441993087597040812e+00 -9.511461349198668813e-02 9.190964180867311484e-02
4.513300000000000000e+04 1.448899192066434694e+00 4.022668800317319437e-02 2.209741273081000656e-01
4.627000000000000000e+04 1.333125894731551853e+00 8.451054146199510342e-03 2.753233297759498655e-01
4.627100000000000000e+04 1.391959823987917844e+00 -2.045928326248613871e-01 3.649665228050986698e-01
4.549200000000000000e+04 -1.064487622427549240e+00 3.094985350891974463e-01 4.723745209401277734e-01
4.568300000000000000e+04 7.083573398455627057e-01 3.320281978206480744e-01 -6.051430027632953568e-02
4.568500000000000000e+04 8.298833593453451840e-01 4.569740089879346101e-01 -4.247637175218521577e-02
4.547100000000000000e+04 7.627432589936518070e-01 2.791062973059155183e-01 7.384958770722782617e-02
4.555800000000000000e+04 8.338720287008669629e-01 2.176343936592601835e-01 1.335487055565529602e-01
4.555700000000000000e+04 7.078839681208677348e-01 3.178368420527917237e-01 1.651222469504460832e-01
4.624000000000000000e+04 7.789714158654277298e-01 4.888431607869208051e-01 4.624138363908452121e-01
4.623900000000000000e+04 -7.830204112495806612e-01 5.799895463917579264e-01 2.240690685498707424e-01
4.610000000000000000e+04 -8.171628510244630661e-01 3.256952124920005076e-01 2.088586535450591697e-01
4.568400000000000000e+04 -8.967497088696347873e-01 5.997789719710908685e-01 4.406159123222863627e-01
4.562700000000000000e+04 1.412635197695550460e+00 2.258052706678626009e-01 2.324319201682261138e-01
4.585300000000000000e+04 1.328283172983020677e+00 2.301437121099567662e-01 3.516947622849651012e-01
4.569300000000000000e+04 1.373018418973387611e+00 1.819390000033180854e-01 3.568349321415009712e-01
4.582300000000000000e+04 1.731345558999919376e-02 4.116312186933157591e-02 8.460637305593401436e-01
4.582200000000000000e+04 -2.770556946666715703e-01 -4.223584972209835087e-01 6.910687057707347591e-01
4.548300000000000000e+04 -4.823938121377722155e-01 -2.481087611223316003e-01 7.672637327836868693e-01
4.580900000000000000e+04 -1.082788711675341631e+00 -2.881509576796759120e-02 4.899897761819946851e-01
4.522200000000000000e+04 -1.082788711675341631e+00 -2.881509576796759120e-02 4.899897761819946851e-01
4.604600000000000000e+04 -1.405871331487141163e+00 -2.540170612147676366e-01 5.726737687343490535e-01
4.559900000000000000e+04 -1.405871331487141163e+00 -2.540170612147676366e-01 5.726737687343490535e-01
4.508900000000000000e+04 -1.222942647038088637e+00 6.640546346974218750e-02 8.999039347667663336e-01
4.535300000000000000e+04 2.590616747626768301e-01 -4.244501766405974763e-01 6.855088458739544421e-01
4.511500000000000000e+04 5.340318892576902954e-01 7.410237635395588995e-02 6.934863658275780551e-01
4.562400000000000000e+04 -8.596615313661999380e-01 2.510577402406966030e-02 5.090367630638370500e-01
4.510100000000000000e+04 1.585387533989376152e+00 6.095642695404990263e-02 6.862075362708681681e-01
4.605000000000000000e+04 -4.533624334248500531e-01 2.926101773973357467e-01 8.166161489778636096e-01
4.528700000000000000e+04 -2.291970286864852824e-01 6.332707944631934538e-01 8.768344719487881633e-01
4.515800000000000000e+04 -9.911257908175485909e-02 3.287205124842671466e-01 9.947954884447982593e-01
4.515900000000000000e+04 1.029133069469338579e+00 5.949638421189504811e-01 7.239936515036120568e-01
4.577000000000000000e+04 8.151662602778770861e-01 4.470989413875656737e-01 1.010296394693119382e+00
4.564400000000000000e+04 6.896777529075421853e-01 2.953273607089954567e-01 1.044346997725665638e+00
4.572800000000000000e+04 1.196662188720551967e-01 3.173134180665542203e-01 7.752099332673525467e-01
4.576900000000000000e+04 2.289097299454567747e-01 1.405110112511422926e-01 9.379031041426211246e-01
4.577600000000000000e+04 -8.778597186628473992e-01 2.392057771471982619e-01 7.478287031278476604e-01
4.508700000000000000e+04 -5.700313285761851034e-01 3.940504781606151141e-01 8.799296638108558000e-01
4.567700000000000000e+04 -7.464151201682298620e-01 1.030602109171638858e-01 9.776190384189469285e-01
4.525800000000000000e+04 -7.464151201682298620e-01 1.030602109171638858e-01 9.776190384189469285e-01
4.574100000000000000e+04 -8.006728803786913318e-01 4.821189224856610167e-01 9.970236483639629554e-01
4.584900000000000000e+04 -1.059563160815336857e+00 2.226642212073599580e-01 9.593646930834349718e-01
4.554500000000000000e+04 6.258112557811301713e-02 6.883434086538926522e-01 -9.376852041317107478e-03
4.568700000000000000e+04 -2.827971894725180846e-01 8.101114063529948339e-01 7.190807448394664902e-02
4.554400000000000000e+04 -2.709626995160547835e-01 1.002092948501335457e+00 2.328277189950425097e-01
4.577500000000000000e+04 -3.094595515921341189e-01 6.701989277810369572e-01 1.299807779322401657e-01
4.580200000000000000e+04 8.129417039666577693e-01 6.835788511273008794e-01 3.522760569717320323e-01
4.508800000000000000e+04 8.107402837811008567e-01 8.411159122111087072e-01 3.923043940197725732e-01
4.543400000000000000e+04 2.557370841191897171e-01 7.086999890411433967e-01 -6.425666366100024618e-02
4.527400000000000000e+04 1.974057604233507845e-01 7.280888757893890784e-01 3.893263671465918563e-01
4.563000000000000000e+04 1.974057604233507845e-01 7.280888757893890784e-01 3.893263671465918563e-01
4.563500000000000000e+04 -3.784406594364142506e-01 -9.691542298487192397e-01 8.940105122236730040e-02
4.542800000000000000e+04 -2.728789503747321987e-01 -8.353634279304813504e-01 2.259836476205805411e-01
4.586800000000000000e+04 -4.080972155896205322e-01 -6.425918687573783927e-01 1.958968802149581023e-01
4.603500000000000000e+04 -3.898274318286851781e-01 -5.522884923870279295e-01 3.166658051079851433e-01
4.516100000000000000e+04 -4.804649512059029348e-01 -6.374052091046422674e-01 2.631041527221897880e-01
4.637000000000000000e+04 7.083787485197348133e-01 -5.102325284975961495e-01 7.378705256498729881e-02
4.511000000000000000e+04 1.818071281246176341e-01 -8.533443865888585833e-01 2.093922185105263623e-01
4.518100000000000000e+04 1.306595918848358906e-01 -9.298964980464674568e-01 2.178981017139243193e-01
4.518200000000000000e+04 1.785452829077911474e-01 -9.377049356183562168e-01 2.877440469600731632e-01
4.505400000000000000e+04 2.534403830445626227e-01 -7.593339568673229678e-01 4.530435411947104640e-01
4.507200000000000000e+04 -9.455565168787885000e-01 -7.190169146487477292e-01 8.277362200241444867e-02
4.576800000000000000e+04 -7.026276776542985658e-01 -8.965857116099940072e-01 1.590179494160182117e-01
4.585000000000000000e+04 -7.026276776542985658e-01 -8.965857116099940072e-01 1.590179494160182117e-01
4.544300000000000000e+04 -7.173083082416624734e-01 -6.684990307123044317e-01 1.324304474715773949e-01
4.521300000000000000e+04 -9.728335865875479271e-01 -7.354125122317469732e-01 2.908189813341151009e-01
4.521400000000000000e+04 -6.440497379390919264e-01 -1.033120509715907076e+00 6.196767162422034403e-02
4.532300000000000000e+04 -5.793438676257025577e-01 -5.247021370637270365e-01 -4.446447070945325208e-03
4.562200000000000000e+04 -7.466901337260480886e-01 -5.455517174238977418e-01 -3.893445916008353436e-02
4.589000000000000000e+04 -7.466901337260480886e-01 -5.455517174238977418e-01 -3.893445916008353436e-02
4.589100000000000000e+04 -7.466901337260480886e-01 -5.455517174238977418e-01 -3.893445916008353436e-02
4.504300000000000000e+04 -2.814908809215594943e-01 7.967480586351953775e-01 6.313726916332855765e-01
6.095000000000000000e+03 -4.676129622044982170e-01 9.420510054804083211e-01 5.287376481493266667e-01
4.530300000000000000e+04 7.492160366237499147e-02 7.422496822337762978e-01 6.046563555285082714e-01
4.611200000000000000e+04 -7.512813194549039508e-02 9.028023648487604191e-01 8.784768010075900690e-01
4.509500000000000000e+04 -5.617606696335286642e-02 7.504088970624778199e-01 8.783159501043007467e-01
4.522300000000000000e+04 7.783380392153986804e-01 7.659205477148702812e-01 6.916247388996161760e-01
4.566900000000000000e+04 7.575114363264106032e-01 9.359006102145812633e-01 7.706232572613025411e-01
4.572400000000000000e+04 6.973036235425240648e-01 6.901369980871265852e-01 7.417312167109146870e-01
4.517100000000000000e+04 8.855992781918331502e-01 8.627807496414590105e-01 1.015313550588577307e+00
4.584600000000000000e+04 8.855992781918331502e-01 8.627807496414590105e-01 1.015313550588577307e+00
4.506500000000000000e+04 1.046477553510882785e-01 1.026899036264893539e+00 8.556495040852576395e-01
4.589200000000000000e+04 1.046477553510882785e-01 1.026899036264893539e+00 8.556495040852576395e-01
4.504000000000000000e+04 6.456334762190323318e-01 8.748610927312441277e-01 8.792095082695272623e-01
4.530600000000000000e+04 6.038969792592610020e-01 7.386915860780050025e-01 9.049633672408159413e-01
4.608400000000000000e+04 -8.960954317775815525e-01 6.699797493060941633e-01 6.997496375710321459e-01
4.559400000000000000e+04 -1.193536987617228817e+00 -3.775959368451040632e-01 -6.740866093215469590e-01
4.604800000000000000e+04 -1.193305271673693824e+00 -2.746915937847518308e-01 -3.791703345194914476e-01
4.574400000000000000e+04 -1.132116321569313300e+00 -2.885239015570775223e-01 -2.027482743912667473e-01
4.543600000000000000e+04 8.804211261838901237e-01 -1.875049822521503984e-01 -3.060280805387947112e-01
4.597200000000000000e+04 7.668440699069805078e-01 -2.972803241168833210e-01 -2.888834474588133361e-01
4.631700000000000000e+04 9.553446988838771858e-01 -8.501318305779648199e-02 -2.534230872384775068e-01
4.589300000000000000e+04 9.553446988838771858e-01 -8.501318305779648199e-02 -2.534230872384775068e-01
4.626500000000000000e+04 7.007363442056089298e-01 9.873357676482896750e-03 -2.263114282703213576e-01
4.503100000000000000e+04 6.811970223551355730e-01 6.781080710502607189e-02 -5.902689398889222616e-01
4.586000000000000000e+04 8.504744549865250747e-01 2.549241875630059440e-02 -1.791341507437458347e-01
4.586100000000000000e+04 7.031283788748936558e-01 -1.835303368770269117e-01 -1.258154959795394490e-01
4.522900000000000000e+04 -5.595586084743544575e-01 -3.979960824080137627e-01 -6.352357757059632348e-01
4.507800000000000000e+04 -5.306244526889187796e-01 -4.202391758884758133e-01 -6.776936124686390173e-01
4.517700000000000000e+04 -9.138188805008553572e-01 -4.672845639459026756e-01 -4.660323631877236750e-01
4.532200000000000000e+04 -1.380836352905411957e+00 6.052074936558113905e-01 -2.244242063411618915e-01
4.572100000000000000e+04 -1.210114422057621653e+00 5.671499641706887473e-01 -1.833141864438836421e-01
4.524800000000000000e+04 -1.207579863228730233e+00 4.910786957192456725e-01 -1.024830692770350993e-01
4.583500000000000000e+04 1.008827782344354773e+00 1.145144031273162000e-01 -3.036074955924963348e-01
4.605100000000000000e+04 8.000875099368869314e-01 3.681058734795286114e-01 -6.519340311798362819e-01
4.543700000000000000e+04 1.125535101459476550e+00 1.966876936314747581e-01 -5.944406292877921771e-01
4.579300000000000000e+04 8.400579160494743292e-01 1.259680448870881264e-01 -5.567989253962544183e-01
4.579400000000000000e+04 8.400579160494743292e-01 1.259680448870881264e-01 -5.567989253962544183e-01
4.579500000000000000e+04 9.934739157234844242e-01 2.717108015807596644e-01 -2.463065768112606690e-01
4.606700000000000000e+04 1.185047469271736986e+00 2.771595420310504210e-01 -1.915180264752933681e-01
4.605200000000000000e+04 1.014660555106075890e+00 4.409864997691030908e-01 -1.836895957498789755e-01
4.583600000000000000e+04 7.068545761747770939e-01 3.986631495687475990e-01 -1.716094242220531640e-01
4.603400000000000000e+04 9.942481479720299831e-01 2.288186169862385100e-01 -1.205141337092250353e-01
4.627600000000000000e+04 1.653668442997968668e-03 -8.693287496086767874e-01 -3.498532860458158922e-01
4.627400000000000000e+04 -5.751583386178538149e-02 -8.786061466908918760e-01 -2.452956492886642081e-01
4.598100000000000000e+04 -4.799979208200966241e-01 -8.150301987936146020e-01 -5.761457506906264570e-01
4.570500000000000000e+04 -3.058033327497540199e-01 -5.192247791099333654e-01 -2.288620120084026155e-01
4.566100000000000000e+04 -2.093104710698696636e-01 -5.353341379273004463e-01 -2.131809197159970637e-01
4.506200000000000000e+04 -3.010242150444000231e-01 -5.500491486715546330e-01 -1.581694181553370271e-01
4.576400000000000000e+04 4.697874284881464746e-02 -6.584149229271645254e-01 -1.500661838876062859e-01
4.504500000000000000e+04 -8.677441007534696382e-01 3.409323336171823371e-01 -3.584909258788524511e-01
4.510000000000000000e+04 -7.932279143043601266e-01 2.469210463547355516e-01 -2.496883898231505583e-01
4.627500000000000000e+04 -9.504731933963412871e-01 5.176385912463672412e-01 -1.219962951546236241e-01
4.510400000000000000e+04 1.429116259757819307e+00 1.185621543355352969e-01 -1.463019552265443224e-01
4.513700000000000000e+04 3.882994330044482467e-01 -1.059674271230583997e+00 -3.498222513472040163e-01
4.579800000000000000e+04 2.916785799153132075e-01 -9.822589858229946458e-01 -5.411532434392363200e-01
4.550100000000000000e+04 6.543064994968688097e-01 -8.422569333518268309e-01 -1.443893141606427122e-01
4.514800000000000000e+04 5.230637086939822211e-01 -6.058749924845301393e-01 -1.242166476599404490e-01
4.557800000000000000e+04 1.030853957235038365e+00 -1.368556142391511798e+00 -6.495071530288036854e-01
4.544400000000000000e+04 7.951541725476971578e-01 -1.322273568569286795e+00 -5.826489284445592887e-01
4.544500000000000000e+04 1.115128629014719763e+00 1.073424943034353873e+00 -6.039241586063948120e-01
4.620200000000000000e+04 8.866192078771746310e-01 8.274612740614699646e-01 -6.342797369863930612e-01
4.524600000000000000e+04 6.964611142040979530e-01 8.003022717897962934e-01 -6.426963393980145156e-01
4.510300000000000000e+04 -1.086089278803690661e+00 -7.686240742741432541e-01 -2.027992266808507082e-01
4.571800000000000000e+04 7.789751843126850872e-01 -1.032930343498314585e+00 -3.421061305146846365e-01
4.525500000000000000e+04 8.749439427500362854e-01 -7.439358296801472648e-01 -2.415331779276463919e-01
4.582400000000000000e+04 -4.887374722238533309e-01 -8.675985609257708120e-01 -2.940531157545649421e-01
4.623800000000000000e+04 -9.093025228493587520e-01 -8.160069018558360199e-01 -1.352758501811219816e-01
4.611000000000000000e+04 -1.161787766137365452e-01 1.356732090383829359e+00 9.590285284420287937e-01
4.530500000000000000e+04 -4.751905798272986203e-01 -1.668089444707661073e-01 -1.219903474732394244e+00
4.535100000000000000e+04 -1.264317395551302070e-01 -1.640263624379585394e-01 -1.101985863950840638e+00
4.537900000000000000e+04 1.502529254653239832e-02 -4.783611248806209915e-01 -1.080689347198106276e+00
4.537800000000000000e+04 5.674493845461086039e-01 -2.655779816380814395e-01 -1.057147394666781537e+00
4.619700000000000000e+04 2.811004917263630887e-01 -3.146676446003482397e-02 -9.819947789478860045e-01
4.619600000000000000e+04 4.414380961435426798e-01 -4.217099464800284636e-01 -9.482842257091625982e-01
4.639200000000000000e+04 1.407309605219495552e-01 -4.336399878449128664e-01 -1.082385623889290827e+00
4.576300000000000000e+04 3.053403483737469060e-01 -4.460354034041742466e-01 -9.676478966135260151e-01
4.519500000000000000e+04 8.669899356592338791e-01 -2.059559158159061099e-01 -9.628839750493867200e-01
4.626100000000000000e+04 8.356200875252284277e-01 -4.977486821581038612e-01 -1.029730434731682465e+00
4.512600000000000000e+04 -5.493340169875651213e-01 -1.172298900831307833e-01 -1.134051270803668743e+00
4.516700000000000000e+04 -6.288124527813181430e-01 -3.578848424782847815e-01 -8.586203987237297497e-01
4.574500000000000000e+04 -6.200562052792477630e-01 -4.430769671323915304e-01 -7.320220099560525995e-01
4.574200000000000000e+04 9.798555476013888210e-01 5.072148437489047978e-01 -8.419980572672471908e-01
4.608000000000000000e+04 8.874694323947238672e-01 2.599226680431669934e-01 -7.446469106155184647e-01
4.572500000000000000e+04 -9.545481322373916555e-02 -8.479598000943084912e-01 -1.123844693054085297e+00
4.608800000000000000e+04 -1.542758548960136977e-01 -8.375314462388061543e-01 -7.177993941464428929e-01
4.608900000000000000e+04 5.403598480263838155e-02 -8.276807312943859074e-01 -6.973660758141271288e-01
4.606400000000000000e+04 -4.770680418168922188e-01 -6.827120188840396509e-01 -6.820688327082358171e-01
4.610400000000000000e+04 3.853771118704116816e-01 -8.367714264737031726e-01 -9.213444271895792070e-01
4.610200000000000000e+04 4.600730301815474377e-01 -5.421010849389205077e-01 -7.837149129033615935e-01
4.578600000000000000e+04 5.384933769295656703e-01 -7.464225237969799309e-01 -7.248830157688797016e-01
4.620000000000000000e+04 -5.383551423051855522e-01 -9.904265345832925505e-01 -1.187823382928469229e+00
4.540000000000000000e+04 -8.046568850235971126e-01 -5.147240949076206107e-01 -1.018825327928723823e+00
4.571400000000000000e+04 -4.925319638236018704e-01 -8.210431530280288825e-01 -7.326341298637366606e-01
4.529400000000000000e+04 -4.925319638236018704e-01 -8.210431530280288825e-01 -7.326341298637366606e-01
4.511100000000000000e+04 -9.978652248202095620e-01 -6.859944622926690272e-01 -7.000448558677536681e-01
4.521800000000000000e+04 1.088247568417187949e+00 7.082695274373378425e-01 -8.854226042800608099e-01
4.609300000000000000e+04 1.088247568417187949e+00 7.082695274373378425e-01 -8.854226042800608099e-01
4.638100000000000000e+04 1.078475033829064955e+00 1.011450872681621149e+00 -7.100303894732746812e-01
4.607900000000000000e+04 7.026983198232130690e-01 -5.778853944813349131e-01 -9.443156420107943205e-01
4.506100000000000000e+04 6.847673217294669712e-01 -5.013267962067473604e-01 -1.056104104588248660e+00
4.569100000000000000e+04 6.847673217294669712e-01 -5.013267962067473604e-01 -1.056104104588248660e+00
4.587500000000000000e+04 -1.367547675417171149e-01 -4.312029853868182272e-01 -1.359419875084306284e+00
4.560300000000000000e+04 -4.678491672631039933e-01 -1.256647152694725378e+00 -1.345708771805266935e+00
4.609800000000000000e+04 -7.384837337104883659e-01 -1.673209232841657013e-01 -1.316506760199201764e+00
4.564900000000000000e+04 -9.635478461620294865e-01 -4.147998460689947819e-01 -1.262453114086358852e+00
4.556300000000000000e+04 -3.230288624045130064e-01 -5.769278079394197789e-01 -1.277467912419931295e+00
4.556200000000000000e+04 6.566332900658835570e-01 -7.168100977907201354e-01 -1.276030918022621918e+00
4.556100000000000000e+04 -1.239264444106069618e-01 -9.671914621336696882e-02 6.309586580286090651e-01
4.556000000000000000e+04 -1.239264444106069618e-01 -9.671914621336696882e-02 6.309586580286090651e-01
4.549800000000000000e+04 -1.203332885727377288e-01 -1.812479879473016808e-02 4.972130734438637845e-01
4.533700000000000000e+04 -6.081047833772856848e-02 3.072098631764674792e-02 5.160593532658159788e-01
4.623100000000000000e+04 -1.717061198210245720e-01 2.077872558707127837e-02 5.258054253623081209e-01
4.630700000000000000e+04 -3.485284170679108229e-01 -2.050961825168968744e-01 5.518972385437548311e-01
4.529800000000000000e+04 -4.190320324607412772e-01 4.721053209210168689e-02 5.620965628256406887e-01
4.529700000000000000e+04 3.778647948181088623e-01 -5.607905308732341609e-02 7.054207677705059965e-01
4.512800000000000000e+04 3.778647948181088623e-01 -5.607905308732341609e-02 7.054207677705059965e-01
4.512700000000000000e+04 1.125060402782196434e-01 3.461493249491809365e-02 6.843387650510033282e-01
4.524500000000000000e+04 -4.222378682456451315e-02 3.427270266402189236e-01 7.422929471490604669e-01
4.506800000000000000e+04 -4.222378682456451315e-02 3.427270266402189236e-01 7.422929471490604669e-01
4.623000000000000000e+04 5.450989326350708097e-02 1.579428003347800313e-01 6.131708324265989773e-01
4.519200000000000000e+04 3.548130223416023910e-02 1.315849889346480950e-01 5.427635641347396955e-01
4.597000000000000000e+04 4.365597888310190910e-02 2.059035260528361277e-01 5.747952829944571462e-01
4.565800000000000000e+04 -1.363205634765307650e-02 1.373293803948314462e-01 5.604045816372735800e-01
4.541000000000000000e+04 -3.348005173886647867e-01 3.581096508645558174e-01 5.416199065431541726e-01
4.600500000000000000e+04 -2.374957120970790925e-01 9.396847184515877416e-02 5.601105139453181891e-01
4.549700000000000000e+04 -3.318686847841050280e-01 -4.302641711656463031e-01 2.421630604580053969e-01
4.610900000000000000e+04 -3.762529566785346447e-01 -4.195470427618914755e-01 3.876564510316979906e-01
4.585600000000000000e+04 1.739953752119021146e-01 -4.171729217968263015e-01 3.095802188590566217e-01
4.514600000000000000e+04 1.864340542344109508e-01 -4.145650788502308615e-01 3.562763755996707360e-01
4.509400000000000000e+04 2.239937076759588308e-01 -4.307011381409395767e-01 4.445795925216007305e-01
4.531000000000000000e+04 2.239937076759588308e-01 -4.307011381409395767e-01 4.445795925216007305e-01
4.571700000000000000e+04 -1.847966772949618530e-01 -4.091906642590927845e-01 1.926039771736105521e-01
4.608300000000000000e+04 5.914849028283555299e-01 -2.791495891757307390e-01 3.315608878802267512e-01
4.522800000000000000e+04 4.222375311873349801e-01 -2.769527110797014302e-01 3.983584752600606294e-01
4.599400000000000000e+04 -2.109651493631403696e-01 4.174784161052258469e-02 2.238459473766507557e-01
4.570300000000000000e+04 -2.628527423319582113e-01 -9.049205370658341963e-03 2.060808246929042298e-01
4.518900000000000000e+04 1.567881056121649408e-01 -1.879904337675952775e-01 4.128675328592601446e-01
4.568200000000000000e+04 2.760061111661684663e-01 5.515268231512493458e-02 3.006088659996883905e-01
4.568600000000000000e+04 3.698438538223882688e-01 2.573345595457965373e-03 4.767757043130984584e-01
4.530200000000000000e+04 -1.944718157802043379e-01 -1.594212203949751938e-01 2.313219387378904202e-01
4.519100000000000000e+04 8.361060398414821293e-02 -1.443565972942479902e-01 2.111553064855442585e-01
4.574700000000000000e+04 5.138650715583281681e-02 6.693652868597865790e-02 2.697787431963734051e-01
4.574600000000000000e+04 -2.424955753629376431e-02 4.217602585028146223e-02 3.949665476217170124e-01
4.550000000000000000e+04 1.845994825647068183e-02 -3.203306710516784506e-02 4.565475281056521339e-01
4.504600000000000000e+04 -1.503983584992525380e-01 1.764826067600679949e-01 2.023807642396029394e-01
4.511600000000000000e+04 -7.329946320002989069e-02 3.595036399482864908e-01 2.378763597375872507e-01
4.632600000000000000e+04 4.896590661299171643e-02 1.243579358640971577e-01 3.310285596129851626e-01
4.564600000000000000e+04 -7.850409840533956185e-02 1.208881013467504317e-01 2.412556764960251954e-01
4.564700000000000000e+04 5.286081466665848438e-02 1.610557555826659382e-01 3.472881591136172119e-01
4.561900000000000000e+04 6.649622254880682704e-02 2.495190914460323484e-01 3.897387722571501456e-01
4.566400000000000000e+04 -6.460815485893078858e-02 2.191898212056742068e-01 4.094886444679177728e-01
4.562000000000000000e+04 -1.511999427801313800e-01 2.820841136257783432e-01 4.355261365066889212e-01
4.610600000000000000e+04 -1.820174314796219051e-02 1.765060290016080558e-01 4.705909017308798070e-01
4.610700000000000000e+04 -2.987313603016872321e-02 7.808199057226516970e-02 2.112153776430396590e-01
4.573100000000000000e+04 1.669133640669002716e-01 2.553804596609694499e-01 5.358874827399722207e-01
4.584400000000000000e+04 2.118001353040028789e-01 8.529497125935137092e-02 5.415232902673814408e-01
4.520900000000000000e+04 4.281142235426784737e-01 -7.264616261684864185e-02 4.668769272796895464e-01
4.555900000000000000e+04 -2.785453010407721308e-01 2.455656097718090791e-01 2.091570371766797720e-01
4.577200000000000000e+04 -3.847867964147297926e-01 3.409956717124345005e-01 2.021758407352285403e-01
4.625800000000000000e+04 -4.653957368058740940e-01 3.048211329221643950e-01 1.893604379947060323e-01
4.568000000000000000e+04 -3.569721910760108585e-01 2.129561923038991722e-01 3.274085839075544513e-01
4.546900000000000000e+04 -3.425493457833823641e-01 2.991360752795131361e-01 3.777080092301465797e-01
4.617700000000000000e+04 -3.766555873285994949e-01 9.492902630147170839e-02 2.371645674385973734e-01
4.621600000000000000e+04 -6.636034661541572177e-01 -4.369429571262628542e-03 2.361356380106487407e-01
4.621700000000000000e+04 -6.213359432384066849e-01 -1.531746044139481455e-01 3.577386441934420347e-01
4.558600000000000000e+04 1.897169824803626170e-01 1.316618024422666622e-01 2.434295902972598569e-01
4.554700000000000000e+04 3.717336419205423681e-01 2.863357810168736250e-01 2.179154197915771363e-01
4.554800000000000000e+04 3.717336419205423681e-01 2.863357810168736250e-01 2.179154197915771363e-01
4.577400000000000000e+04 1.663896620319604835e-01 1.746723863037544788e-01 1.889525825030400341e-01
4.575900000000000000e+04 2.027738398604270742e-01 2.772792250547695403e-01 2.128642795687101241e-01
4.628300000000000000e+04 1.407661051783151152e-01 1.508805473195380387e-01 2.603291726591203670e-01
4.527100000000000000e+04 3.624233705544668283e-01 1.179223610529618327e-01 2.853914572902773727e-01
4.564800000000000000e+04 3.245802814223566202e-01 2.849697594910765019e-01 3.668573768462257689e-01
4.561500000000000000e+04 3.222119610264257972e-01 1.279361316601352883e-01 3.972947811397871121e-01
4.561600000000000000e+04 2.950888187008047225e-01 3.403248582521669618e-01 4.039905807599701859e-01
4.602100000000000000e+04 9.696897183361841144e-02 1.578914753416214012e-01 1.966767581428321421e-01
4.527500000000000000e+04 3.027874063309496933e-01 8.308422084584776712e-02 4.014306821215773979e-01
4.549000000000000000e+04 6.348231729971871573e-01 1.520396038073812406e-01 6.926343240439685189e-01
4.617600000000000000e+04 -2.053876933400076155e-01 -3.686321405103782922e-01 -7.950606598745579845e-02
4.565200000000000000e+04 -2.787523593890668394e-01 -2.500089424334390742e-01 -1.737047596246377168e-02
4.529200000000000000e+04 -3.317832947917622732e-01 -2.135759608735128268e-01 -8.405375703040007807e-03
4.512400000000000000e+04 -2.040176444105767928e-01 -2.783165154763693749e-01 8.758872254380811739e-02
4.572700000000000000e+04 -2.664824301117150185e-01 -2.732508919818243953e-01 1.655035307746919315e-01
4.603700000000000000e+04 -1.263788834117889337e-01 -4.170339705898840066e-01 -7.308155504059499208e-02
4.563700000000000000e+04 -1.418233952529561748e-01 -2.538503210033979940e-01 9.852319387084573776e-02
4.563800000000000000e+04 -9.389207439485858231e-02 -2.702369398184600868e-01 1.068366875426880469e-01
4.519000000000000000e+04 -1.052160561842896414e-01 -3.175737941721834545e-01 1.197101368481980899e-01
4.541500000000000000e+04 1.248427406015650831e-02 -3.647864736980608313e-01 1.358942775891245347e-01
4.566500000000000000e+04 -1.941305954390060151e-01 -2.572101894116585186e-01 8.463343327775252334e-02
4.526200000000000000e+04 -2.897517545494423530e-01 -7.170232173773172235e-02 -6.114597313858638472e-02
4.603600000000000000e+04 -2.897517545494423530e-01 -7.170232173773172235e-02 -6.114597313858638472e-02
4.581000000000000000e+04 -3.595831312807433733e-01 -9.346971207936149995e-02 2.004848994675967333e-02
4.547300000000000000e+04 -3.214723331506377235e-01 -2.476061895433190330e-02 8.014251224188306821e-02
4.547400000000000000e+04 -3.214723331506377235e-01 -2.476061895433190330e-02 8.014251224188306821e-02
4.580500000000000000e+04 -2.406504875902513163e-01 6.523226226275369299e-02 9.210446171173636287e-02
4.613600000000000000e+04 -4.094631295530604120e-01 -1.206261083839805792e-01 1.344878828006841331e-01
4.576500000000000000e+04 -1.020830335648454934e-01 -1.819462372392237626e-01 3.878466544199277166e-02
4.587300000000000000e+04 -1.020830335648454934e-01 -1.819462372392237626e-01 3.878466544199277166e-02
4.626900000000000000e+04 7.071405109058304106e-02 -1.529423958347990720e-01 -9.050331904344233180e-02
4.624300000000000000e+04 7.071405109058304106e-02 -1.529423958347990720e-01 -9.050331904344233180e-02
4.611100000000000000e+04 -1.754321250241019925e-02 1.023760873223267254e-02 -8.008593359062210482e-02
4.581600000000000000e+04 -3.731061092399556856e-02 6.513762540329537387e-02 -6.679694104272293487e-02
4.538000000000000000e+04 2.045440932000275325e-02 4.173130245391121207e-03 -9.467363325754973857e-02
4.582000000000000000e+04 -5.374288996056719725e-02 -8.393913427745758327e-03 -7.528597218238886057e-02
4.572200000000000000e+04 8.071287805918103686e-02 6.497937885362858879e-02 -4.029005359077331150e-02
4.572300000000000000e+04 -5.170112108908142545e-02 -4.474635982241892407e-02 -8.563528679614940131e-02
4.585200000000000000e+04 4.160758659044461183e-02 3.236701310144951549e-02 -8.332951498775287291e-02
4.517600000000000000e+04 9.268757259298610052e-02 -1.217760083570880170e-01 -8.549090745474607900e-02
4.577300000000000000e+04 9.268757259298610052e-02 -1.217760083570880170e-01 -8.549090745474607900e-02
4.527300000000000000e+04 -1.264380376001668083e-01 1.920047035005723046e-02 -5.333407044529714369e-02
4.579900000000000000e+04 -1.264380376001668083e-01 1.920047035005723046e-02 -5.333407044529714369e-02
4.503800000000000000e+04 2.250733805516347275e-02 -2.928683398863540788e-03 -7.015219152999208063e-02
4.544200000000000000e+04 2.250733805516347275e-02 -2.928683398863540788e-03 -7.015219152999208063e-02
4.602000000000000000e+04 2.250733805516347275e-02 -2.928683398863540788e-03 -7.015219152999208063e-02
4.642800000000000000e+04 6.303083788625940542e-02 -4.603357981928724030e-02 -5.920169583157885995e-02
4.503000000000000000e+04 -4.501801194495413938e-02 5.155974079526259857e-02 -3.345456999507412377e-02
4.583800000000000000e+04 -5.295084242736436408e-02 -1.145799862204697206e-01 -5.884054230286928089e-02
4.514700000000000000e+04 -3.520795342108584691e-02 4.251943400986135657e-02 -5.128277746471709975e-02
4.506400000000000000e+04 6.306629501127503090e-02 1.262807110872898875e-02 -7.447502890062906999e-02
4.544100000000000000e+04 -6.492750373890032733e-02 6.225711106924336491e-02 -4.500455186426499665e-02
4.533000000000000000e+04 -6.492750373890032733e-02 6.225711106924336491e-02 -4.500455186426499665e-02
4.515600000000000000e+04 -5.520432010574438664e-02 -1.910840117557910389e-02 -8.408686451729074918e-02
4.559500000000000000e+04 -4.177690286864788050e-02 -1.251219193040498112e-02 -5.616405386530587407e-02
4.529300000000000000e+04 -4.177690286864788050e-02 -1.251219193040498112e-02 -5.616405386530587407e-02
4.567500000000000000e+04 -1.205519673224841881e-02 -3.649651304911571970e-03 -5.351756941004737200e-02
4.567600000000000000e+04 -1.205519673224841881e-02 -3.649651304911571970e-03 -5.351756941004737200e-02
4.510900000000000000e+04 -9.810910321050414495e-02 -2.933885884453957260e-02 -3.464882223139831297e-02
4.603100000000000000e+04 -6.201463195812806362e-02 -6.287965178975696290e-02 -2.171095087096119869e-02
4.603200000000000000e+04 3.630814323261688514e-02 -7.150627992626112928e-02 -1.291671577776654090e-03
4.583200000000000000e+04 -6.912854384964361998e-03 -3.393430064505764676e-02 -2.786834575732122232e-02
4.575800000000000000e+04 -4.437873361717947773e-02 -2.247903173569198998e-02 -5.940704710361899288e-03
4.515500000000000000e+04 -6.939847572181179203e-02 -4.752853984091132133e-02 2.913278758584780803e-02
4.623500000000000000e+04 3.448760163011854729e-02 4.950668083402121056e-02 1.748551421817268192e-02
4.569900000000000000e+04 6.536007290790735169e-03 6.277173914354960971e-02 2.729835941386049569e-02
4.522000000000000000e+04 -1.424946575171617269e-01 -6.078082619590219338e-02 3.026488437505925333e-02
4.573000000000000000e+04 -1.424946575171617269e-01 -6.078082619590219338e-02 3.026488437505925333e-02
4.530400000000000000e+04 -1.887644717545171602e-01 -6.505443281251643839e-02 6.050638776384786865e-02
4.523100000000000000e+04 -1.887644717545171602e-01 -6.505443281251643839e-02 6.050638776384786865e-02
4.516000000000000000e+04 7.193780579971331690e-02 -1.767087828757567536e-01 -4.291581481298933909e-02
4.524900000000000000e+04 3.786915918140465465e-02 -9.798557907693350444e-03 8.030407386346194443e-02
4.611600000000000000e+04 5.771252002344340326e-02 -1.605958438452574910e-01 7.918615540663598296e-02
4.582500000000000000e+04 -1.696785542901793065e-01 -1.174223609235980348e-02 9.571286021153291301e-02
4.608500000000000000e+04 -1.531900701562065592e-01 -7.614296463110292734e-02 1.245717645637149928e-01
4.534600000000000000e+04 -8.923199729704123229e-02 4.918099922015528591e-02 1.326549067205471388e-01
4.523900000000000000e+04 -1.487110197023113756e-01 -2.004980314894524440e-01 9.538452019395204928e-02
4.630600000000000000e+04 -7.146913843399715915e-03 5.833927771212898961e-02 1.508631957361643572e-01
4.565000000000000000e+04 5.762859072794412896e-02 -1.522397544035243300e-01 1.544005202558311751e-01
4.606600000000000000e+04 -1.217116267953883835e-01 2.267212240236915477e-02 1.723584334098262616e-01
4.606500000000000000e+04 -1.703327464079720244e-01 8.891745099930403740e-04 1.731017417489857380e-01
4.539500000000000000e+04 -1.570863829742918938e-01 6.299535295237745913e-02 1.753021677894386343e-01
4.605400000000000000e+04 -6.342304597076022787e-01 -3.201007160735684920e-01 3.689409563440015916e-02
4.587000000000000000e+04 -5.941238987405057514e-01 -2.717449439273948997e-01 5.113501291053257347e-02
4.625400000000000000e+04 -5.173133692525766492e-01 -2.846095002459421153e-01 6.961684403089840600e-02
4.512500000000000000e+04 -1.282650558012292663e-01 8.097010929621006881e-02 -6.218983652449594501e-02
4.512200000000000000e+04 -1.282650558012292663e-01 8.097010929621006881e-02 -6.218983652449594501e-02
4.609700000000000000e+04 -1.282650558012292663e-01 8.097010929621006881e-02 -6.218983652449594501e-02
4.505000000000000000e+04 -7.424830303980201052e-02 9.364486510919078910e-02 -3.639738068292608375e-02
4.505100000000000000e+04 6.437996378556931631e-02 1.738430813205482650e-01 -4.316236844617549195e-02
4.515100000000000000e+04 -5.049675906661121871e-02 1.939716464472311941e-01 -9.837844500916581580e-02
4.553900000000000000e+04 4.360426263185956941e-02 2.478631568244082928e-01 -7.799343373911327149e-02
4.554000000000000000e+04 -6.645790797805517514e-02 3.377986664303023190e-01 -8.800287361679082210e-02
4.562500000000000000e+04 4.196905366342917887e-02 1.290051218820735812e-01 -3.284335543192185014e-03
4.530900000000000000e+04 -3.883548968475025731e-02 2.408693669819328420e-01 -2.473383387538774514e-03
4.604400000000000000e+04 -3.883548968475025731e-02 2.408693669819328420e-01 -2.473383387538774514e-03
4.627900000000000000e+04 -4.126602495600195653e-02 1.167906418076327668e-01 -6.879098073071432395e-02
4.586600000000000000e+04 3.268692259091210417e-03 1.372850577112600945e-01 -2.660720748132483493e-02
4.626700000000000000e+04 -5.308847007947292695e-02 2.823415052422788563e-01 1.150931054614545701e-02
4.574900000000000000e+04 4.942546356607380176e-02 1.311914887154514986e-01 1.583682177019696269e-02
4.525900000000000000e+04 4.942546356607380176e-02 1.311914887154514986e-01 1.583682177019696269e-02
4.576700000000000000e+04 1.405717242276693923e-02 1.183413602739591397e-01 -7.842885961470535960e-02
4.577800000000000000e+04 1.405717242276693923e-02 1.183413602739591397e-01 -7.842885961470535960e-02
4.578100000000000000e+04 1.405717242276693923e-02 1.183413602739591397e-01 -7.842885961470535960e-02
4.633200000000000000e+04 -7.142538646679241765e-02 1.566756600791308074e-01 3.882877784115024156e-02
4.578000000000000000e+04 -7.142538646679241765e-02 1.566756600791308074e-01 3.882877784115024156e-02
4.543500000000000000e+04 2.337807659696267137e-02 1.570355438341906051e-01 5.658247874687116763e-02
4.553200000000000000e+04 2.337807659696267137e-02 1.570355438341906051e-01 5.658247874687116763e-02
4.553300000000000000e+04 -3.149417822916689147e-02 1.272172800435029671e-01 4.226865409019353592e-02
4.597300000000000000e+04 3.790316690362516283e-02 2.173985150524160304e-01 7.212194529427051748e-02
4.571600000000000000e+04 9.071830344070974661e-02 2.236260691010443225e-01 5.523434161454954250e-02
4.533200000000000000e+04 4.713973438988716680e-02 2.268092808551358530e-01 8.161704697819960330e-02
4.505800000000000000e+04 -1.391759741984586185e-01 2.364392340066814313e-01 8.026991420940721156e-02
4.504700000000000000e+04 -3.647161322768965874e-02 1.202746119013298198e-01 9.635364763920861719e-02
4.510600000000000000e+04 9.267028768874752132e-03 1.828433364547592532e-01 1.019825596126704426e-01
4.566300000000000000e+04 9.267028768874752132e-03 1.828433364547592532e-01 1.019825596126704426e-01
4.563900000000000000e+04 7.550282440001865325e-02 3.241013362424567390e-01 1.057733494538233288e-01
4.620900000000000000e+04 2.279433173768552479e-03 1.132593090491909038e-01 9.591707703120633255e-02
4.517500000000000000e+04 -2.903561560486878079e-03 1.030762180785629312e-01 -2.285317250504981246e-02
4.557700000000000000e+04 -1.592890019423478520e-01 9.841304614275969698e-02 2.553956989962635760e-02
4.566600000000000000e+04 7.467378563365656419e-02 1.313703060285149604e-01 1.228444663503065470e-01
4.502700000000000000e+04 8.449549907695796946e-02 1.115214656909842006e-01 1.366592013910956638e-01
4.566200000000000000e+04 -1.491965443601657171e-01 1.880656422733579802e-01 1.452715304564682341e-01
4.570100000000000000e+04 3.152203612516046860e-02 8.404303897678033763e-02 -6.624425283430745992e-02
4.598700000000000000e+04 3.152203612516046860e-02 8.404303897678033763e-02 -6.624425283430745992e-02
4.516900000000000000e+04 3.915758118763790208e-02 2.368206840147735193e-01 1.736907274133461243e-01
4.571500000000000000e+04 4.047491299807859377e-02 7.986893776090653319e-02 1.236940149000531619e-02
4.613000000000000000e+04 4.047491299807859377e-02 7.986893776090653319e-02 1.236940149000531619e-02
4.542700000000000000e+04 3.167523746236611260e-02 9.682346163135235884e-02 1.869095336394845930e-01
4.510800000000000000e+04 -2.158167049365999901e-03 7.725909603676939241e-02 -8.420335428346703566e-02
4.636400000000000000e+04 -2.158167049365999901e-03 7.725909603676939241e-02 -8.420335428346703566e-02
4.516500000000000000e+04 -2.158167049365999901e-03 7.725909603676939241e-02 -8.420335428346703566e-02
4.520300000000000000e+04 2.406997192026523180e-01 -1.488707926734136322e-01 -1.284237061899773380e-02
4.527600000000000000e+04 1.607682815748887606e-01 1.616732502821349726e-02 -6.491983427782699323e-02
4.620300000000000000e+04 1.607682815748887606e-01 1.616732502821349726e-02 -6.491983427782699323e-02
4.542900000000000000e+04 1.343203797073329042e-01 -6.464603950905001284e-02 -8.693606933089981226e-02
4.543000000000000000e+04 2.432893510351021860e-01 -1.173109775810914357e-01 -6.851062616394187899e-02
4.530100000000000000e+04 2.221673187146961936e-01 4.632964100810710306e-02 -2.217018029665851486e-02
4.597100000000000000e+04 1.449853067536110984e-01 -9.519127345433986420e-02 -9.863418877032792409e-02
4.525600000000000000e+04 2.909857137512545933e-01 5.919884778526807168e-02 2.017752766886005134e-02
4.525700000000000000e+04 1.232150272870029539e-01 -5.726495821566146560e-02 -4.350056407220748156e-03
4.597900000000000000e+04 1.640663949369240981e-01 4.424097252783809608e-02 -5.588899964108051677e-03
4.608100000000000000e+04 1.640663949369240981e-01 4.424097252783809608e-02 -5.588899964108051677e-03
4.542000000000000000e+04 1.286562964558299882e-01 3.853662088698683874e-02 2.377395904947121608e-02
4.510200000000000000e+04 1.286562964558299882e-01 3.853662088698683874e-02 2.377395904947121608e-02
4.559300000000000000e+04 2.543281234306817851e-01 6.596249854838731608e-02 2.371257428666417866e-02
4.555200000000000000e+04 1.148664787733650883e-01 -1.280374044819012624e-01 -4.224908361316614958e-02
4.605300000000000000e+04 2.099052651532957725e-01 -1.011885631134674668e-01 6.002874204880903619e-02
4.504900000000000000e+04 2.099052651532957725e-01 -1.011885631134674668e-01 6.002874204880903619e-02
4.631500000000000000e+04 2.527307038081119117e-01 -6.442770055832625076e-02 6.072196316866040888e-02
4.631400000000000000e+04 2.261663178213950687e-01 9.040066970058546758e-03 6.238963768398697596e-02
4.578700000000000000e+04 1.320601968603796195e-01 -1.765664832525644101e-01 1.160290697562942341e-01
4.547700000000000000e+04 1.320601968603796195e-01 -1.765664832525644101e-01 1.160290697562942341e-01
4.624500000000000000e+04 1.064507712805777828e-01 7.324327498380256429e-02 6.722123425770298866e-02
4.540700000000000000e+04 2.117348024648038063e-01 1.676586841490745883e-02 1.611734251465337664e-01
4.529500000000000000e+04 4.866228826111864691e-01 3.763136020597812603e-02 -2.525378177670312141e-02
4.574300000000000000e+04 4.227799840305408452e-01 1.328338187505551105e-02 1.790985256577393159e-02
4.560200000000000000e+04 5.481516560906243285e-01 -3.587523625846955611e-02 1.022888326744375576e-01
4.520700000000000000e+04 4.705594136609647649e-01 -5.221318446757550191e-04 1.332161343046642799e-01
4.520800000000000000e+04 -5.101293206888826148e-01 1.270336420544069256e-01 2.139370368933750655e-01
4.503700000000000000e+04 3.324002795277181121e-01 2.042661021065228510e-01 -7.841713800660521372e-02
4.508400000000000000e+04 2.396774906407728167e-01 1.505072742019990528e-01 3.513822832055879530e-02
4.579600000000000000e+04 2.444586294428603424e-01 2.297105582202974006e-01 9.883598709392416026e-02
4.620400000000000000e+04 1.390561016477391831e-01 1.722928277925248608e-01 1.244047261357081879e-01
4.551000000000000000e+04 1.699113397241376333e-01 3.630335948329133089e-01 1.764794778785550022e-01
4.541800000000000000e+04 4.938793236006375764e-01 2.309212360355985538e-01 2.401484959895245908e-01
4.634900000000000000e+04 4.916242295288952846e-01 3.514895869771521575e-01 2.378848248952607491e-01
4.524100000000000000e+04 4.918918882414970994e-01 9.355613073419988268e-02 2.300567666045161275e-01
4.581200000000000000e+04 4.446963264583843056e-01 8.924518250004354059e-02 1.968512291298631922e-01
4.542200000000000000e+04 -3.370535887502299488e-01 1.757441061894624568e-01 -1.414103471308258975e-02
4.523000000000000000e+04 -2.837845815441895070e-01 1.501946990616005451e-01 7.205219681292618361e-03
4.597500000000000000e+04 -3.285928276876362020e-01 3.295183619311288226e-01 7.993319675909660305e-03
4.509100000000000000e+04 -3.896287552772292884e-01 1.062877652538603002e-01 -9.741355175618160445e-02
4.528000000000000000e+04 -3.212355655408956068e-01 1.909997213177874187e-01 1.096375371598776738e-01
4.567800000000000000e+04 -2.516792155438025702e-01 1.046039254604664848e-01 -7.964733516324251639e-02
4.568800000000000000e+04 -3.966477467115723243e-01 8.513023789270590669e-02 7.264584981534571995e-02
4.596500000000000000e+04 -2.926589841466622488e-01 2.195346790369541168e-01 1.866123947732667432e-01
4.533800000000000000e+04 -5.842258141397849158e-01 -6.992420810784238938e-02 -4.817674331683541311e-02
4.526400000000000000e+04 -5.244548588864859084e-01 -7.149075787110348301e-02 1.370595681224049400e-01
4.502800000000000000e+04 -5.421199950968400572e-01 -1.197802183606029303e-01 1.448226805295327324e-01
4.571300000000000000e+04 5.932087213994492458e-01 1.870387441605600998e-01 -4.788641234124213497e-02
4.548500000000000000e+04 4.659825774595418579e-01 2.925346387725795694e-01 6.031186365727325693e-02
4.529100000000000000e+04 5.725716415051493868e-01 3.372161094992449648e-01 9.419749077005246107e-02
4.622600000000000000e+04 -3.619282902738589769e-01 -2.454846695368360088e-01 -3.781228134755565407e-01
4.622500000000000000e+04 -2.194313579214153265e-01 -3.639925518907531909e-01 -3.153146932950470216e-01
4.540900000000000000e+04 -3.513762684781340795e-01 -2.749183309355842653e-01 -3.365479192799654129e-01
4.633400000000000000e+04 -3.513762684781340795e-01 -2.749183309355842653e-01 -3.365479192799654129e-01
4.606800000000000000e+04 -2.932481171714513835e-01 -4.031684013092018404e-01 -2.105520087989951605e-01
4.536300000000000000e+04 -3.790351910160225657e-01 -3.444545877461564487e-01 -1.369392902352704056e-01
4.564300000000000000e+04 -3.099002606619123412e-01 -3.383642641756310354e-01 -1.414834678153624736e-01
4.553100000000000000e+04 1.749517678116347952e-01 -4.378138658688897067e-01 -3.086822503246224869e-01
4.632100000000000000e+04 3.110553839148479938e-01 -2.204733495649335850e-01 -1.138234605110834963e-01
4.521900000000000000e+04 6.624012087389274939e-02 -2.125749906674201384e-01 -3.474845784253908221e-01
4.638300000000000000e+04 6.624012087389274939e-02 -2.125749906674201384e-01 -3.474845784253908221e-01
4.609200000000000000e+04 -1.922892620324603286e-01 -2.987776047964132431e-01 -2.846495751844297928e-01
4.568100000000000000e+04 -7.694971690287388810e-02 -4.465719510738637155e-01 -3.136574415723316633e-01
4.571000000000000000e+04 5.502292633956784584e-01 -3.955533189099540436e-01 -3.509147318438756713e-01
4.636100000000000000e+04 5.502292633956784584e-01 -3.955533189099540436e-01 -3.509147318438756713e-01
4.583400000000000000e+04 5.502292633956784584e-01 -3.955533189099540436e-01 -3.509147318438756713e-01
4.599600000000000000e+04 5.502292633956784584e-01 -3.955533189099540436e-01 -3.509147318438756713e-01
4.560900000000000000e+04 4.585347499575505026e-01 -3.983857746507908359e-01 -2.427767413208563596e-01
4.609400000000000000e+04 -6.610984377642807885e-01 -3.351104955474539793e-01 -2.828829328112512087e-01
4.628500000000000000e+04 -5.300003887879540798e-01 -2.423605727108650854e-01 -1.337741379323968971e-01
4.542300000000000000e+04 -8.685651674375804987e-02 2.073651051718883309e-01 -2.822558184417793825e-01
4.541900000000000000e+04 9.027875120410300269e-02 1.526767704171376749e-01 -2.808558862687888791e-01
4.527700000000000000e+04 -1.444087471791419830e-01 1.231621742589723567e-01 -1.928411368045797047e-01
4.519300000000000000e+04 -5.108075760218611094e-02 1.341270671791718883e-01 -1.692563204041803715e-01
4.637500000000000000e+04 7.105567102594534390e-02 9.260021598024792411e-02 -1.738088198151039876e-01
4.610800000000000000e+04 -1.004170316441985733e-01 1.243491036498767244e-01 -1.587767348658690736e-01
4.587600000000000000e+04 -3.403803427416605132e-01 6.807191785966892894e-03 -1.840911897677059983e-01
4.583700000000000000e+04 -4.765871939704169336e-01 -1.062088560651304192e-01 -1.842531603951567121e-01
4.567300000000000000e+04 -2.185899427610920043e-01 -8.415755944762537410e-02 -1.687672270961506626e-01
4.622300000000000000e+04 -2.438251839012579580e-01 -1.244768809125886833e-01 -1.559402017048991951e-01
4.563300000000000000e+04 3.707213548097314515e-01 5.877027658992517445e-02 -3.432054850528309942e-01
4.622800000000000000e+04 2.635173142690803161e-01 -7.883045427786328219e-02 -3.482821191682798911e-01
4.622900000000000000e+04 1.251940752022733250e-01 2.616137488352876517e-02 -3.667018185052519641e-01
4.571100000000000000e+04 1.133656506872426917e-01 -1.337492782274409819e-01 -3.730797899083189151e-01
4.571200000000000000e+04 1.133656506872426917e-01 -1.337492782274409819e-01 -3.730797899083189151e-01
4.611400000000000000e+04 3.130172328777689472e-01 -1.446226998484192450e-01 -3.262131659205902423e-01
4.528300000000000000e+04 3.130172328777689472e-01 -1.446226998484192450e-01 -3.262131659205902423e-01
4.563200000000000000e+04 3.130172328777689472e-01 -1.446226998484192450e-01 -3.262131659205902423e-01
4.521700000000000000e+04 3.273352823150048607e-01 -1.135488869908272136e-01 -2.962694373604701781e-01
4.518800000000000000e+04 1.856107810794043189e-01 1.852363151532898655e-02 -2.838008258846365095e-01
4.542400000000000000e+04 1.856107810794043189e-01 1.852363151532898655e-02 -2.838008258846365095e-01
4.526900000000000000e+04 2.248478633288328865e-01 -1.325149034480688215e-02 -2.577983142007216344e-01
4.527000000000000000e+04 2.428661786634762620e-01 -1.181668349698128395e-02 -2.439248081624540987e-01
4.506700000000000000e+04 2.171701411829474182e-01 -4.246225645129442228e-02 -2.415527591173383115e-01
4.514500000000000000e+04 9.957438629105297423e-02 -1.283176934356333732e-01 -1.710487236934969957e-01
4.579700000000000000e+04 3.284594536406899579e-01 1.592125166096280964e-02 -1.706497875415671217e-01
4.581100000000000000e+04 3.170815613278961109e-01 -9.174735716307935718e-02 -1.545391320599591722e-01
4.607800000000000000e+04 3.170815613278961109e-01 -9.174735716307935718e-02 -1.545391320599591722e-01
4.563100000000000000e+04 1.612119980882340542e-01 -4.242816456152809224e-02 -1.541648919568103793e-01
4.519900000000000000e+04 2.651433016475550630e-01 5.675655218346520314e-02 -1.335240844889451495e-01
4.607700000000000000e+04 1.455605400325197252e-01 -7.312457336917077555e-02 -1.415655427357869200e-01
4.527200000000000000e+04 1.455605400325197252e-01 -7.312457336917077555e-02 -1.415655427357869200e-01
4.553500000000000000e+04 1.455605400325197252e-01 -7.312457336917077555e-02 -1.415655427357869200e-01
4.553600000000000000e+04 8.826980014625007698e-02 -2.043011826658371888e-01 -2.084194416997551258e-01
4.553700000000000000e+04 -1.221981124248827655e-02 -1.764539157478210996e-01 -3.505594366990631983e-01
4.622200000000000000e+04 5.759808819410494607e-02 -4.919441403124835688e-02 -3.161214212079457297e-01
4.630200000000000000e+04 -1.806854067489140903e-01 -1.301426571956341149e-01 -3.341767931198926789e-01
4.517300000000000000e+04 -1.806854067489140903e-01 -1.301426571956341149e-01 -3.341767931198926789e-01
4.513100000000000000e+04 -7.721385311910466953e-03 -1.447639932257374085e-01 -2.886210899570880173e-01
4.525200000000000000e+04 -1.506770890453168477e-02 8.826836155769512970e-03 -2.805286124630939071e-01
4.507900000000000000e+04 1.976579402037259570e-02 -1.080965251847985087e-01 -2.420831612116316478e-01
4.518500000000000000e+04 1.976579402037259570e-02 -1.080965251847985087e-01 -2.420831612116316478e-01
4.518600000000000000e+04 -1.086864543283923012e-01 -8.203822171185493062e-02 -2.512028834381201392e-01
4.543300000000000000e+04 2.471869512037727645e-02 -4.012223732551944977e-02 -2.115981307255410115e-01
4.627200000000000000e+04 -6.339159472710775844e-02 -9.039897693982368310e-02 -2.073320954233963676e-01
4.529900000000000000e+04 -6.339159472710775844e-02 -9.039897693982368310e-02 -2.073320954233963676e-01
4.562100000000000000e+04 -7.599893959611137007e-02 -1.126438828460436525e-01 -1.881119067903611608e-01
4.539300000000000000e+04 -7.599893959611137007e-02 -1.126438828460436525e-01 -1.881119067903611608e-01
4.625000000000000000e+04 -7.599893959611137007e-02 -1.126438828460436525e-01 -1.881119067903611608e-01
4.549900000000000000e+04 -1.121857595876534219e-01 -5.608282745050985341e-02 -1.644900260143966619e-01
4.503200000000000000e+04 4.575114655002465724e-02 -1.136918026774296209e-01 -1.632436149077243215e-01
4.503300000000000000e+04 4.575114655002465724e-02 -1.136918026774296209e-01 -1.632436149077243215e-01
4.520400000000000000e+04 1.165327174292229984e-02 1.951886854833162488e-03 -1.513374007566650192e-01
4.509800000000000000e+04 -8.804390139234641310e-02 -2.159661434183135498e-02 -1.360761886209740368e-01
4.575000000000000000e+04 -9.635692824355146513e-02 -4.253261433501620559e-02 -1.338398929538602289e-01
4.575100000000000000e+04 7.025791488943156082e-02 -1.680221621022752743e-01 -1.229702075114325055e-01
4.578400000000000000e+04 -1.372349591597554763e-02 -2.270620182502369744e-02 -1.174650758808564177e-01
4.573600000000000000e+04 6.683981598455090989e-02 -8.179886651994650038e-03 -1.121414309921959784e-01
4.573400000000000000e+04 5.592541579375165384e-02 -2.413904673542077717e-02 -1.031773012141581347e-01
4.508100000000000000e+04 5.592541579375165384e-02 -2.413904673542077717e-02 -1.031773012141581347e-01
4.528800000000000000e+04 6.184436761571987518e-03 -2.621974860954878750e-02 -1.003349489295519703e-01
4.544700000000000000e+04 6.184436761571987518e-03 -2.621974860954878750e-02 -1.003349489295519703e-01
4.526800000000000000e+04 4.791506352267731472e-01 -6.696705532390723192e-02 -2.411312824663074394e-01
4.510700000000000000e+04 4.471519549524174408e-01 -8.510343244861928724e-02 -2.466885363960287236e-01
4.520500000000000000e+04 4.471519549524174408e-01 -8.510343244861928724e-02 -2.466885363960287236e-01
4.573200000000000000e+04 4.913615877936337029e-01 6.642174115047794203e-02 -2.148707302959547150e-01
4.508000000000000000e+04 1.573639689376022943e-01 1.332444351983994579e-01 -2.914810725190939422e-01
4.619900000000000000e+04 3.403060769001768904e-01 3.094750743941148130e-01 -2.959338952362173814e-01
4.573500000000000000e+04 1.570729904366032770e-01 1.709964440204529978e-01 -2.237397518224959470e-01
4.627800000000000000e+04 2.674595298617958861e-01 2.158950374364749791e-01 -2.191277854856306107e-01
4.559100000000000000e+04 1.056512882303906053e-01 9.769446316312269118e-02 -1.351651437740972739e-01
4.559200000000000000e+04 1.056512882303906053e-01 9.769446316312269118e-02 -1.351651437740972739e-01
4.510500000000000000e+04 -4.623006291113540556e-01 6.220368294609883719e-01 6.726174893179681646e-01
4.621200000000000000e+04 -1.357076049493457504e-01 5.761080228602608599e-01 -4.687065553762082004e-02
4.621300000000000000e+04 -9.074003071670944109e-02 5.202238990719862954e-01 1.791363886222026025e-01
4.516200000000000000e+04 4.164661209672715358e-02 5.797851437581087453e-01 5.549593420728653470e-01
4.555300000000000000e+04 4.164661209672715358e-02 5.797851437581087453e-01 5.549593420728653470e-01
4.543100000000000000e+04 -3.031144410276382928e-01 5.102976436204684774e-01 2.746258862956860725e-01
4.555400000000000000e+04 -2.218223734373410139e-01 5.385001088771730338e-01 2.659275388048936151e-01
4.577700000000000000e+04 -2.998983676282662714e-01 5.890246826545464387e-01 3.509703876100944697e-01
4.537300000000000000e+04 -2.103492284705836823e-01 4.387905437513950346e-01 4.089452870252632266e-01
4.537400000000000000e+04 -4.644423578345424630e-01 4.286078308624610145e-01 4.553494477249619976e-01
4.605600000000000000e+04 -2.803734438062903678e-01 4.624325809067713067e-01 4.557317969543763780e-01
4.517400000000000000e+04 1.450750436097933971e-01 6.208364262711469905e-01 2.128492477290029328e-01
4.516400000000000000e+04 3.128308170907416752e-01 5.860920643069533753e-01 3.205697467863997119e-01
4.525100000000000000e+04 2.263420612711399826e-01 4.471013819774967146e-01 7.330408390531317764e-01
4.555500000000000000e+04 2.263420612711399826e-01 4.471013819774967146e-01 7.330408390531317764e-01
4.576000000000000000e+04 1.280097584755139906e-01 4.023084231343574402e-01 6.763716146466238754e-01
4.520000000000000000e+04 1.280097584755139906e-01 4.023084231343574402e-01 6.763716146466238754e-01
4.518000000000000000e+04 1.125295025867387722e-01 4.130910489477273018e-01 5.373379630369798932e-01
4.503600000000000000e+04 9.791938020149615340e-02 4.407492809352646645e-01 6.216791395477629933e-01
4.523500000000000000e+04 9.791938020149615340e-02 4.407492809352646645e-01 6.216791395477629933e-01
4.578800000000000000e+04 -3.842487442165420930e-01 1.236625793625094616e-01 -3.144105031284176732e-01
4.542500000000000000e+04 -2.405804588473472450e-01 1.028149668557034602e-01 -2.037732974232326910e-01
4.542600000000000000e+04 -3.054431427108781349e-01 2.333725824721142317e-01 -1.685226907950134745e-01
4.575500000000000000e+04 -1.970027053881153734e-01 2.245851112305885522e-01 -1.676955107062170214e-01
4.575600000000000000e+04 -4.670366269492163269e-01 2.085627466981492262e-01 -1.390483528077641751e-01
4.566700000000000000e+04 -3.416341355841439054e-01 2.235263544915113698e-01 -1.299652074304482596e-01
4.628400000000000000e+04 -3.711297088012628365e-01 1.572196045433642553e-01 -1.168812626214474903e-01
4.516800000000000000e+04 -4.242338398516309894e-01 2.552954439856378599e-01 -1.084275684058582101e-01
4.528900000000000000e+04 -2.512228486213885503e-01 4.898508595563910717e-01 1.103977239155478074e-01
4.624100000000000000e+04 -3.432893998233623734e-01 4.900370005215961555e-01 1.688700242175640298e-01
4.626600000000000000e+04 2.430065198450108710e-01 5.362342687879291248e-01 1.811982146468142929e-01
4.519800000000000000e+04 2.430065198450108710e-01 5.362342687879291248e-01 1.811982146468142929e-01
4.628100000000000000e+04 5.889819111317677880e-01 4.221228050633740736e-01 3.792786950350315323e-01
4.503500000000000000e+04 4.426291865843126061e-01 4.308823332173972176e-01 4.450202015583810677e-01
4.630400000000000000e+04 -5.282469351734562224e-01 1.674124836886861090e-01 -1.189789286930711398e-01
4.612200000000000000e+04 5.998533038577420484e-01 5.927029351084129871e-01 -9.242872305001981204e-04
4.612100000000000000e+04 2.758470183696317690e-01 -4.302182226770199236e-01 -6.275318263611122660e-01
4.626400000000000000e+04 3.245410808583386597e-01 -2.655387402003626107e-01 -5.243794711219820215e-01
4.544000000000000000e+04 3.245410808583386597e-01 -2.655387402003626107e-01 -5.243794711219820215e-01
4.570000000000000000e+04 2.485059313093245237e-01 -4.941409102090474903e-01 -5.869952668461646539e-01
4.509700000000000000e+04 2.300350269112243495e-01 2.197785500649018786e-01 -5.719283131380201723e-01
4.540400000000000000e+04 -2.820554675801645317e-02 -2.926828553037097436e-01 -5.628120463523238470e-01
4.551600000000000000e+04 -5.063630240434235930e-02 -4.836420228742710492e-01 -4.130140061273213092e-01
4.582600000000000000e+04 -1.501618869549048441e-01 3.027557998268335382e-01 -5.096092510388672281e-01
4.628200000000000000e+04 4.202845605195904000e-02 2.177284461862001308e-01 -4.364637489438276674e-01
4.549100000000000000e+04 6.618994582011623606e-01 1.356883469246454865e-01 -4.761763280812623123e-01
4.613900000000000000e+04 5.970676748521981381e-01 3.292644881415824898e-01 -4.485865676025717619e-01
4.528400000000000000e+04 4.511428965627857224e-01 2.230539441054020244e-01 -4.489615660203529757e-01
4.520600000000000000e+04 5.808209430365991466e-01 1.507697400728034154e-01 -4.196939300810882401e-01
4.586500000000000000e+04 -2.540327014769587777e-01 -1.628125647764235850e-01 -6.472812314823350732e-01
4.522700000000000000e+04 -2.540327014769587777e-01 -1.628125647764235850e-01 -6.472812314823350732e-01
4.517800000000000000e+04 -3.124756429019157622e-01 -8.887677675072325201e-02 -4.966032402683655533e-01
4.575700000000000000e+04 -3.124756429019157622e-01 -8.887677675072325201e-02 -4.966032402683655533e-01
4.527800000000000000e+04 -2.088194225470516585e-01 -8.829690807193202318e-02 -4.015586014204775012e-01
4.525300000000000000e+04 2.348944358841720259e-01 -1.841192405250851039e-01 -5.029058091130593766e-01
4.551400000000000000e+04 2.041252533422124316e-01 -9.958203036930513008e-03 -6.327179406726894939e-01
4.511800000000000000e+04 3.642799936814782313e-01 2.657948769133611222e-03 -5.833645384005841095e-01
4.541700000000000000e+04 3.662395421544317742e-01 -1.684274484669927574e-01 -6.250759940364005729e-01
4.516600000000000000e+04 1.712712277752928003e-01 6.626588302300007172e-02 -5.222834287041706602e-01
4.515000000000000000e+04 1.726559707986297099e-01 -6.843675997248510612e-02 -4.535682220035432977e-01
4.548800000000000000e+04 1.726559707986297099e-01 -6.843675997248510612e-02 -4.535682220035432977e-01
4.507300000000000000e+04 3.277478167693033129e-01 -1.678284689149265319e-01 -4.488856571121750960e-01
4.507400000000000000e+04 1.877140014023552794e-01 1.549146232189713146e-02 -4.250861742089000472e-01
4.624800000000000000e+04 1.032220918416086874e-01 -1.536851246817505512e-01 -4.129921516071668464e-01
4.540500000000000000e+04 6.288411207199118280e-02 -9.122971788052325337e-02 -6.629150423195735442e-01
4.548600000000000000e+04 -7.539529909811193420e-02 -1.271294630779919999e-01 -5.884802383581995144e-01
4.503400000000000000e+04 -5.321948291540223863e-02 -8.748455168967694817e-02 -5.328148904927321183e-01
4.572600000000000000e+04 -5.321948291540223863e-02 -8.748455168967694817e-02 -5.328148904927321183e-01
4.548900000000000000e+04 -1.006382650980199855e-01 -1.029010588638996637e-01 -4.290866829533079851e-01
4.620800000000000000e+04 -1.006382650980199855e-01 -1.029010588638996637e-01 -4.290866829533079851e-01
4.543800000000000000e+04 -1.256898265686743343e-01 -8.523343554289652957e-02 -4.037895477425585966e-01
4.515300000000000000e+04 -2.573023946143848661e-02 -9.528231557975175292e-02 -3.903919449091102223e-01
4.525400000000000000e+04 -2.573023946143848661e-02 -9.528231557975175292e-02 -3.903919449091102223e-01
4.565100000000000000e+04 4.250282680604016150e-01 -2.086458522374385893e-01 -4.375529170576459848e-01
4.628000000000000000e+04 4.464128571418086722e-01 -2.404738720206722746e-02 -5.870454906696700448e-01
4.619400000000000000e+04 -2.422442777899007638e-01 -2.672199210522379076e-01 -6.520077942189494991e-01
4.624700000000000000e+04 -2.753498008249479767e-01 -4.073108028221739119e-01 -5.764877161700674435e-01
4.567900000000000000e+04 -4.183864187100070353e-01 -3.947200534806825090e-01 -5.000148308437957212e-01
4.511900000000000000e+04 -3.975783082107327004e-01 2.281003012990652223e-01 -5.350984262035041183e-01
4.512000000000000000e+04 -7.222044277100181375e-01 -7.716924103345945696e-02 -6.070002393262790008e-01
4.562900000000000000e+04 -1.067820151612934865e-01 4.712276836976840855e-01 -5.726347273190484088e-01
4.620100000000000000e+04 2.926933966239175788e-01 5.978609923163915596e-01 -4.258374975572607468e-01
4.622700000000000000e+04 5.889072405352493433e-01 4.482687309854256341e-01 -1.694353434302566797e-01
4.561300000000000000e+04 -6.901196375822422624e-01 4.103832189899208061e-01 2.619929187281808680e-01
4.622000000000000000e+04 -7.185700684970015573e-01 4.162266570973827129e-01 -3.284207246899910615e-01
4.622100000000000000e+04 -5.006179499292144897e-01 3.399915160470712294e-01 -6.424615030704341478e-01
4.518700000000000000e+04 -5.006179499292144897e-01 3.399915160470712294e-01 -6.424615030704341478e-01
4.518300000000000000e+04 -4.429805594160356463e-01 4.779844429404533912e-01 -5.060473057640724193e-01
4.518400000000000000e+04 -2.504081979340142539e-01 2.096737682565006367e-01 -7.460931750058552581e-01
4.548100000000000000e+04 -4.683485394010489244e-02 -3.252403696307766268e-01 -9.456995957953164833e-01
4.548200000000000000e+04 -2.685634670425969261e-01 -8.086453781877622760e-02 -7.405195976813985226e-01
4.542100000000000000e+04 1.432515945967196558e-01 -4.054890359148544121e-02 -7.730930151032850972e-01
4.574800000000000000e+04 7.009630674713918097e-02 -3.586898231399970882e-02 -9.228195761069670766e-01
