# star id 	 star_x_coords [pc] 	 star_y_coords [pc] 	 star_z_coords [pc] 
4.684600000000000000e+04 6.868295073611108137e-02 2.691179280778284166e-01 -2.580796096579511811e-01
4.685300000000000000e+04 -2.501168961795201540e-01 5.011198301883901252e-03 -2.014703931079075971e-01
4.685100000000000000e+04 9.048979532724388264e-02 2.093531655153491045e-01 -1.318260191131344072e-01
4.688700000000000000e+04 3.819824170888352910e-02 1.082605276863910504e-01 -7.520728717508617933e-02
4.690200000000000000e+04 -1.636877941525725078e-01 -5.762088480564742099e-02 6.924627353902579330e-02
4.688200000000000000e+04 -1.060612792944510829e-01 4.840184670138647505e-02 4.895770691980061429e-02
4.687400000000000000e+04 -1.011016776547677409e-01 -1.375988576810867059e-01 4.415297202220358486e-02
4.686300000000000000e+04 -1.020109603791041764e-02 -1.772693689202506917e-01 3.634164804694357542e-01
4.686400000000000000e+04 -1.383969057977836314e-01 -5.358266602192607309e-02 5.185351216708014022e-01
4.689400000000000000e+04 -1.293866367374505444e-01 -1.247523533854701938e-01 5.463028374413845256e-01
4.684500000000000000e+04 2.378051888118406509e-01 -6.232100049160838040e-02 -4.041117349291880601e-01
4.684000000000000000e+04 2.378051888118406509e-01 -6.232100049160838040e-02 -4.041117349291880601e-01
4.690000000000000000e+04 2.359117476148995252e-01 2.373110107610809649e-02 -1.043622745671690666e-01
