# star id 	 star_x_coords [pc] 	 star_y_coords [pc] 	 star_z_coords [pc] 
4.258100000000000000e+04 2.331687274050693759e+00 -2.848257295307433878e+00 1.431830000009838955e+00
4.249400000000000000e+04 1.848350649814705093e+00 6.604868187359471676e-01 1.362477413731511433e+00
4.249000000000000000e+04 2.018325495533559888e+00 -1.980987591949627813e-01 1.730966152469150643e+00
4.277400000000000000e+04 2.127351635695305276e+00 6.423048667637232256e-01 2.177937037670503173e-01
4.258000000000000000e+04 1.700554334502101028e+00 -3.156192318570845146e-01 2.364788608001973103e-01
4.264500000000000000e+04 1.700554334502101028e+00 -3.156192318570845146e-01 2.364788608001973103e-01
4.262600000000000000e+04 1.700554334502101028e+00 -3.156192318570845146e-01 2.364788608001973103e-01
4.245800000000000000e+04 1.739823790109994661e+00 -1.947615282769717737e+00 -1.438703712756343123e+00
4.263000000000000000e+04 1.761371883318702203e+00 -1.513116795311262308e+00 -5.515972563677991047e-01
4.255400000000000000e+04 2.050827533122259183e+00 -1.715821254847455180e+00 -4.157775226122026879e-01
4.264100000000000000e+04 2.357399383179568986e+00 -1.427759386774383188e+00 -6.766114723041738443e-01
4.273800000000000000e+04 2.033226329585176018e+00 -2.187917576591900115e-01 -5.158769866283776651e-01
4.356400000000000000e+04 2.857816704810801411e+00 1.400570390827482470e-01 1.853488220635590267e+00
4.256500000000000000e+04 -6.322572087037769961e-02 -2.964819330625076077e+00 -1.287444559001919231e+00
4.260700000000000000e+04 -6.322572087037769961e-02 -2.964819330625076077e+00 -1.287444559001919231e+00
4.257200000000000000e+04 5.199577619993078770e-01 -3.045679852298789569e+00 -1.441979828418809007e+00
4.266200000000000000e+04 1.018132383640903527e+00 -1.926667871947287836e+00 2.144442554248300326e-01
4.253800000000000000e+04 1.518847686288125942e+00 -2.418907105834790627e+00 1.352070811064656652e+00
4.266100000000000000e+04 1.518847686288125942e+00 -2.418907105834790627e+00 1.352070811064656652e+00
4.264600000000000000e+04 6.480605527394232013e-01 -2.066816665438551581e+00 1.986780017951318200e+00
4.259200000000000000e+04 3.014261859684950196e-01 -1.891619285566278563e+00 -1.706718303775090817e+00
4.271500000000000000e+04 -2.065289721901251596e+00 -1.784120174987990026e+00 -6.686943663946607330e-01
4.249600000000000000e+04 -2.065289721901251596e+00 -1.784120174987990026e+00 -6.686943663946607330e-01
4.356300000000000000e+04 3.713923582931215606e-01 -1.623428520275112419e+00 -1.447470049252153501e+00
4.253700000000000000e+04 5.154694673420294748e-01 -2.100386029499645701e+00 -5.709446108345517246e-01
4.255600000000000000e+04 -1.744763945827770613e+00 -1.941703957602086916e+00 -1.256326714505405562e+00
4.262500000000000000e+04 -1.079845301950967951e+00 -1.724938623871665300e+00 -6.288397978660711374e-01
4.264000000000000000e+04 -3.165209394009167454e+00 2.611850983581376795e+00 -6.456236161823198927e-01
4.272200000000000000e+04 -5.198197261471477759e-01 1.288260952688460748e+00 2.449889813317547294e+00
4.252300000000000000e+04 -5.326714399506045083e-01 -3.283323098156785136e-01 -2.177281580685210827e+00
4.256700000000000000e+04 5.243717144261381691e-01 1.627705694889826304e+00 -2.257078017780735024e+00
4.256900000000000000e+04 1.004030832954811103e+00 1.597592246996043741e+00 -2.651965136273602752e+00
4.251800000000000000e+04 1.547090305555258283e+00 -9.902100934868656168e-01 2.610318659961706089e+00
4.280400000000000000e+04 -4.350182244553479904e-01 -9.737983995023569150e-02 -2.139614474343972006e+00
4.250100000000000000e+04 -2.318152005008869310e+00 2.287782632424153917e+00 -3.155364013559918135e-01
4.266500000000000000e+04 -4.652210584759473022e-01 2.177504337906896126e+00 6.918010568830297302e-01
4.266600000000000000e+04 -8.770028217343508459e-01 -3.928063352428523558e-02 2.413266849509071221e+00
4.252200000000000000e+04 1.112198504457552417e+00 1.878753052485109265e-01 -2.475314730205496971e+00
4.266700000000000000e+04 1.285964930367669012e+00 -2.061442106216730963e-01 -2.273010255939837521e+00
4.262300000000000000e+04 5.423181711836946306e-01 6.362612619851546469e-01 3.222769811646749361e+00
4.280900000000000000e+04 6.793301686834922748e-01 3.530707559807666485e-01 2.597907138453024345e+00
4.258500000000000000e+04 6.793301686834922748e-01 3.530707559807666485e-01 2.597907138453024345e+00
4.268700000000000000e+04 6.794288124208947011e-01 2.258165673301988363e+00 -1.641400374644632620e-01
4.274500000000000000e+04 7.999890176732833424e-01 2.477683260501748919e+00 3.875894171768834440e-01
4.272500000000000000e+04 -3.176889501449977615e-01 9.900085417073682947e-01 1.652638318012876084e+00
4.254600000000000000e+04 4.842009424495756775e-01 1.524808956523031611e+00 1.854708143054516256e+00
4.265700000000000000e+04 -2.196284532082955820e+00 8.232178200069739660e-01 4.739473024574820670e-01
4.256800000000000000e+04 3.242583411403074933e-01 3.329886810139726094e-02 1.508643757666533247e+00
4.275000000000000000e+04 1.699284702137902059e-01 5.642758822013433928e-01 1.573336271040446377e+00
4.268100000000000000e+04 -6.257002062261562969e-02 4.154080805204074522e-01 1.535392464074099905e+00
4.245100000000000000e+04 2.236590122050756690e-01 8.066735476682680428e-01 2.068740209958207288e+00
4.250000000000000000e+04 -3.925066708847566588e-01 4.566475681133539410e-01 2.092359990515618051e+00
4.248900000000000000e+04 -9.458731511984979079e-01 7.548731117042990491e-01 1.933871377782836021e+00
4.254000000000000000e+04 2.670389898270855156e-01 2.214786275583549013e-01 -3.211900866251987452e+00
4.267900000000000000e+04 -1.354593427821498608e+00 1.411718473732719303e-01 -2.782347712710091514e+00
4.259100000000000000e+04 -1.354593427821498608e+00 1.411718473732719303e-01 -2.782347712710091514e+00
4.245200000000000000e+04 2.257917373481177492e-02 -5.463866508283530266e-01 4.412234904369341848e+00
4.261400000000000000e+04 1.127988664195527235e+00 -1.047693882142368693e-01 3.883333020194342566e+00
4.265400000000000000e+04 -6.666754101110825559e-01 -6.256620032741011528e-02 5.411280839345593563e-01
4.272100000000000000e+04 -5.651239648970829421e-01 2.195811707411223779e-01 6.781216853942950706e-01
4.247300000000000000e+04 -7.361939986779475475e-01 1.483404525223335213e-01 3.031003322108318798e-01
4.267200000000000000e+04 -9.243678981337666301e-02 -1.058804393684624756e-01 3.703664967801216790e-01
4.260600000000000000e+04 3.590017635395383877e-01 2.748088501811878359e-01 1.646907411381590691e-01
4.246900000000000000e+04 3.590017635395383877e-01 2.748088501811878359e-01 1.646907411381590691e-01
4.246800000000000000e+04 -4.678985680716323259e-01 6.999913595419116064e-01 1.782586252386906267e-01
4.263800000000000000e+04 -2.266115750029769060e-01 3.489367164873158345e-01 5.759508360293850160e-01
4.279700000000000000e+04 -2.266115750029769060e-01 3.489367164873158345e-01 5.759508360293850160e-01
4.261600000000000000e+04 -6.326922248829305317e-01 4.084159681113703755e-01 7.653905365284359164e-01
4.261700000000000000e+04 4.315176629129950925e-01 4.386376455897220694e-01 4.101703678329826630e-01
4.264900000000000000e+04 3.848729297952502293e-01 1.860485518692485130e-01 2.188503631096239133e-01
4.258400000000000000e+04 2.414848551468082860e-01 4.958875343462239016e-01 6.437223883210592135e-01
4.256400000000000000e+04 2.414848551468082860e-01 4.958875343462239016e-01 6.437223883210592135e-01
4.263900000000000000e+04 8.571528258644889320e-02 7.444686378301383911e-01 7.046310576708805229e-01
4.262200000000000000e+04 2.734270104880067720e-01 5.926812272528394487e-01 7.850298576903682601e-01
4.278100000000000000e+04 -8.999227101274698271e-01 6.130201980301137610e-01 5.622975317146554630e-01
4.253000000000000000e+04 -1.177549273535618113e+00 5.400449952349930527e-01 6.194718615883587631e-01
4.269000000000000000e+04 -4.066968434870261717e-01 1.664414210561062646e-01 -6.306267385313901741e-02
4.273200000000000000e+04 -6.663298269793642703e-01 9.042239666943885368e-02 2.022515010683392234e-01
4.253900000000000000e+04 -5.580083060348783874e-01 1.325028790697473369e-01 2.180596842309228123e-01
4.258900000000000000e+04 -8.326448217075892444e-01 -3.130631396427503432e-01 -8.831518649202507731e-02
4.267400000000000000e+04 -8.326448217075892444e-01 -3.130631396427503432e-01 -8.831518649202507731e-02
4.263300000000000000e+04 4.910828865571090773e-01 1.664617513473132249e-01 4.834570898032808373e-02
4.278200000000000000e+04 6.431715582830577205e-01 1.503716333588300813e-01 6.446229550689253074e-02
4.265300000000000000e+04 -9.488799884012451002e-01 1.330110185644031162e-01 -7.320084098066814704e-02
4.260500000000000000e+04 -1.208145833444945083e+00 -2.879326875536492025e-02 3.162691616026336305e-01
4.269200000000000000e+04 -5.207246681900130625e-01 -6.460124019497612835e-01 -2.079814174357466072e-01
4.263200000000000000e+04 -5.158492721052425622e-01 7.090246422315971131e-01 -6.265328722896157387e-02
4.269700000000000000e+04 -7.734256852727696696e-01 -7.833805556501118872e-01 -7.198395949480129730e-02
4.276300000000000000e+04 -9.491794297349827048e-01 -7.894268103248265334e-01 1.999416878676143483e-01
4.244800000000000000e+04 1.070493248105606199e-01 6.702919946228860226e-01 -5.141029009055841925e-02
4.244900000000000000e+04 7.786947155178438607e-01 2.688170109500731542e-02 6.713562633101588517e-01
4.245000000000000000e+04 8.069865362165273837e-01 -6.846365372327056775e-01 5.137537723288474467e-01
4.271000000000000000e+04 8.069865362165273837e-01 -6.846365372327056775e-01 5.137537723288474467e-01
4.256600000000000000e+04 1.112216682789721744e+00 -7.252135164604993633e-01 2.718662802509612675e-01
4.249100000000000000e+04 8.969198140959520060e-01 3.597167261953160278e-01 -1.565386743909868983e-02
4.274300000000000000e+04 -7.922061405982958604e-01 1.011512902326359153e-01 -5.858597789988877480e-01
4.259000000000000000e+04 -7.922061405982958604e-01 1.011512902326359153e-01 -5.858597789988877480e-01
4.248400000000000000e+04 -2.121990573025982485e-01 6.486772448315036854e-01 -7.438890093211227850e-01
4.260900000000000000e+04 -5.292013331345231109e-01 6.879141779464674755e-01 -3.494867872113900376e-01
4.259500000000000000e+04 3.083034144666498833e-01 -1.045544787254726771e+00 -5.592044656602936925e-01
4.245700000000000000e+04 4.261557544123206753e-02 -7.400986386990524579e-01 -9.040623986090778885e-01
4.263700000000000000e+04 1.478895567336451222e-01 -4.147023839486507768e-01 -4.786653517702887939e-01
4.276000000000000000e+04 -1.022498740271970519e+00 -9.222096880258590090e-01 -8.370775891485706666e-01
4.262100000000000000e+04 -1.315664599699005066e+00 -4.515713029999801620e-01 -4.126444583577892899e-01
4.261300000000000000e+04 -1.315664599699005066e+00 -4.515713029999801620e-01 -4.126444583577892899e-01
4.249500000000000000e+04 1.116199245050211175e-01 5.931511029059919338e-01 -8.278649307636030130e-01
4.267000000000000000e+04 -1.286713389719778888e+00 8.895280251944939209e-01 -4.225072729746273126e-01
4.277800000000000000e+04 6.929985858354257289e-01 -9.280907948686945019e-02 -4.441908511247447677e-01
4.266900000000000000e+04 -5.059734952147039166e-01 9.202912901981932237e-01 -2.621072879809958067e-01
4.253400000000000000e+04 -2.837016047418217113e-01 1.180063133942027775e+00 -5.870151152932763239e-01
4.286000000000000000e+04 -3.772773909431350603e-01 1.030677160897141675e+00 -4.745388430170578431e-01
4.250900000000000000e+04 -1.822785859877171788e-01 1.205669298861266725e+00 -3.722268134157502573e-01
4.261100000000000000e+04 -1.461612365999371832e+00 1.768773568599542045e+00 -2.887555506532351046e-01
4.276200000000000000e+04 -8.047374323950862163e-03 -4.987831381739198378e-01 -1.559477525762325456e+00
4.285900000000000000e+04 -8.047374323950862163e-03 -4.987831381739198378e-01 -1.559477525762325456e+00
4.249800000000000000e+04 1.508602789836572811e-01 1.653189379845613871e+00 6.803923128441979884e-01
4.256200000000000000e+04 -1.304438814604537811e+00 -7.833310329598219823e-01 -2.062322728623009027e+00
4.272400000000000000e+04 1.100255969628022967e+00 -9.177508107325138553e-01 -1.860424859065076930e+00
4.262000000000000000e+04 -7.302629511266331974e-01 5.663178581876593398e-02 -1.272559079778197599e+00
4.262900000000000000e+04 5.080869870789683773e-02 9.392992472292718276e-01 1.218855272367299847e+00
4.258700000000000000e+04 3.071717988456441617e-01 1.850215390421539041e-01 -1.337110765714193406e+00
4.254800000000000000e+04 -1.968145214732373915e+00 1.654154826268651846e+00 1.104404215932888178e+00
4.273400000000000000e+04 3.249953628320270127e-01 -5.595567725120389468e-01 -1.360703930082891588e+00
4.266000000000000000e+04 -5.774521718178959873e-01 -1.424044717487902290e+00 -5.383430653754714967e-01
4.262800000000000000e+04 8.474111910744568377e-01 7.216833881086586189e-01 -2.001776511140178627e+00
4.272300000000000000e+04 7.276783158290243136e-01 6.430187056322722583e-01 -1.550105467221001732e+00
4.249900000000000000e+04 -7.640180473960356267e-01 7.702435297362910660e-01 -1.817653076148140201e+00
4.254200000000000000e+04 2.205354846740021912e-01 1.930701659156156325e+00 -5.523958673508175821e-01
4.254300000000000000e+04 2.875954937992162286e-01 1.448324210238681076e+00 -5.303868236763165100e-01
4.287900000000000000e+04 -8.621660127906807247e-01 1.855497022877955260e+00 -5.729425242262848883e-01
4.257900000000000000e+04 1.122250854193481473e+00 -4.520414608360852071e-01 -4.641416746391584525e-01
4.288000000000000000e+04 -4.706454639723460787e-01 -1.504813265380803955e+00 2.662538479605984776e-01
4.247700000000000000e+04 4.191648469030155866e-01 2.151062176717317698e-01 1.069605575548365550e+00
4.252400000000000000e+04 -8.920572286270100903e-01 -1.115386036821419680e+00 -2.400644864606817919e-01
4.262700000000000000e+04 -9.597230937718563837e-01 -1.545470257013903392e+00 1.285861071941482692e+00
4.258300000000000000e+04 2.541865935930331943e-01 1.510791076200916905e-01 1.092961704279304058e+00
4.258200000000000000e+04 -4.026645070854613095e-01 7.175538448419729320e-01 1.105389261930042721e+00
4.253600000000000000e+04 -5.904636927240289879e-01 -9.837705226608903786e-01 6.110661708211537757e-01
4.256300000000000000e+04 -1.487757104584858325e+00 -3.953179031174158808e-02 2.124305023863968245e-01
4.257800000000000000e+04 -2.996719626904109646e-02 -1.581920264533209775e-01 -5.235122343920295407e-02
4.273000000000000000e+04 1.580037405427106023e-01 3.918483404578267937e-01 -1.790085502634397585e-01
4.261500000000000000e+04 1.217838286162020722e-01 4.491520473565913107e-02 -1.658116376664864333e-01
4.257100000000000000e+04 1.907049730625374195e-01 4.139636886764748169e-01 -2.514124193744748936e-01
4.266800000000000000e+04 3.906991616193522532e-02 1.703543004713026221e-02 -3.266654454244459771e-01
4.264700000000000000e+04 -1.138385542725188770e-01 1.250521724644926280e-01 -2.981920945594040973e-01
4.264800000000000000e+04 3.661815488572983668e-02 9.362345473556388242e-02 -7.386251284502520775e-02
4.261900000000000000e+04 7.001155177604800883e-02 1.053982762229566106e-02 -1.914187752935490039e-01
4.268900000000000000e+04 1.004215756620396860e-02 2.180992102327650173e-02 -6.415666536128128428e-04
4.260800000000000000e+04 1.004215756620396860e-02 2.180992102327650173e-02 -6.415666536128128428e-04
4.263400000000000000e+04 1.004215756620396860e-02 2.180992102327650173e-02 -6.415666536128128428e-04
4.255800000000000000e+04 1.282554773382571511e-02 9.963020044692427746e-02 -7.435972172745408670e-02
4.251900000000000000e+04 1.282554773382571511e-02 9.963020044692427746e-02 -7.435972172745408670e-02
4.259800000000000000e+04 -2.985328143753918084e-02 1.661364507785378919e-01 -1.833924439252996308e-01
4.259700000000000000e+04 -2.985328143753918084e-02 1.661364507785378919e-01 -1.833924439252996308e-01
4.272000000000000000e+04 2.918983035897326772e-03 1.062539574758858407e-01 2.311800806644015438e-02
4.251500000000000000e+04 2.918983035897326772e-03 1.062539574758858407e-01 2.311800806644015438e-02
4.268800000000000000e+04 2.918983035897326772e-03 1.062539574758858407e-01 2.311800806644015438e-02
4.252800000000000000e+04 -4.069952096785698359e-01 -5.948789659254316575e-02 -1.976920228513421307e-01
4.287800000000000000e+04 -4.091479254028627111e-01 1.750702018732539500e-01 -1.010194176939407384e-01
4.251400000000000000e+04 1.355512375590706142e-01 2.733419919037771706e-02 -1.218932250972670772e-01
4.249300000000000000e+04 1.355512375590706142e-01 2.733419919037771706e-02 -1.218932250972670772e-01
4.267500000000000000e+04 -1.791921603519028849e-01 -2.348751219572449145e-01 4.994124817578438069e-02
4.271700000000000000e+04 -1.791921603519028849e-01 -2.348751219572449145e-01 4.994124817578438069e-02
4.251100000000000000e+04 3.074418700151682060e-02 -2.193006398727845863e-01 1.187678431891683317e-01
4.264200000000000000e+04 1.519363857839266529e-01 -3.270556901140651007e-01 2.474219476954857555e-01
4.255700000000000000e+04 -3.878909126765961446e-02 3.684464581747164402e-01 9.658623026209767204e-02
4.251200000000000000e+04 9.360245672729661237e-02 2.752030162306766670e-01 3.527770598738300123e-02
4.255100000000000000e+04 1.081769415836788539e-01 3.376802273192680559e-01 1.029130733229592920e-01
4.266300000000000000e+04 1.081769415836788539e-01 3.376802273192680559e-01 1.029130733229592920e-01
4.255000000000000000e+04 7.079915427436844766e-02 3.640754988752803456e-01 1.021969231220012375e-01
4.251000000000000000e+04 7.079915427436844766e-02 3.640754988752803456e-01 1.021969231220012375e-01
4.247200000000000000e+04 -4.904693054351696446e-01 -1.609361596963623242e-01 5.197905486907217210e-02
4.275700000000000000e+04 -4.904693054351696446e-01 -1.609361596963623242e-01 5.197905486907217210e-02
4.255500000000000000e+04 6.397013303796938999e-03 -9.165088731116100007e-02 3.475298719731512165e-02
4.252000000000000000e+04 4.988722336443345284e-01 -2.961926576651450205e-01 6.675130615769120368e-02
4.247800000000000000e+04 -1.304819400953363129e-01 -4.036696952651652737e-02 1.707190424455617972e-01
4.259900000000000000e+04 -1.304819400953363129e-01 -4.036696952651652737e-02 1.707190424455617972e-01
4.252900000000000000e+04 1.732105675409059131e-01 1.812587448618501185e-01 5.879298144031963602e-02
4.253100000000000000e+04 -1.467709180796532564e-01 1.852051695317129543e-01 -5.314395267993177185e-02
4.259300000000000000e+04 -1.467709180796532564e-01 1.852051695317129543e-01 -5.314395267993177185e-02
4.253300000000000000e+04 -8.611942039635778201e-02 1.779829666466667959e-01 2.735102201035957137e-01
4.255200000000000000e+04 2.428604766874400411e-01 1.006954754408440067e-01 2.097823099531979096e-01
4.252600000000000000e+04 2.428604766874400411e-01 1.006954754408440067e-01 2.097823099531979096e-01
4.255300000000000000e+04 -3.046718508920776003e-01 4.349301235425855339e-01 -1.954425060918012491e-01
4.250300000000000000e+04 -3.046718508920776003e-01 4.349301235425855339e-01 -1.954425060918012491e-01
4.253200000000000000e+04 -3.046718508920776003e-01 4.349301235425855339e-01 -1.954425060918012491e-01
4.260200000000000000e+04 -8.398392564760115420e-02 2.446310104253228701e-01 2.510331170383039989e-02
4.252700000000000000e+04 -4.734880117715078995e-02 2.737977079823110671e-01 9.080387805706635618e-02
4.257600000000000000e+04 -2.970869566613316692e-01 -3.122799585689790547e-01 -5.020132687259746262e-01
4.249700000000000000e+04 -2.436519347492094312e-01 2.245357765030320252e-01 -5.640990021787715136e-01
4.257700000000000000e+04 -2.436519347492094312e-01 2.245357765030320252e-01 -5.640990021787715136e-01
4.257000000000000000e+04 3.218407873605144687e-01 2.445464158265338028e-01 -5.780735789075350795e-01
4.263100000000000000e+04 -4.892583101275249646e-02 2.526811852765575850e-01 -3.127983089494819069e-01
4.250500000000000000e+04 6.858587276514072073e-02 2.380911482595706730e-01 -3.180945255109079994e-01
4.250400000000000000e+04 -2.607231836207688502e-01 -1.740572309484633706e-01 -3.564770094691027680e-01
4.248500000000000000e+04 -3.471193034360453566e-01 -5.031405608784211836e-02 -5.248493362207611312e-01
4.264300000000000000e+04 1.607451546696836431e-01 1.994871871511350037e-02 -2.349071949048990859e-01
