# star id 	 star_x_coords [pc] 	 star_y_coords [pc] 	 star_z_coords [pc] 
1.781600000000000000e+04 7.114227918610929180e-01 -1.693857926339568110e-01 8.528893121668126298e-01
3.880600000000000000e+04 -9.787327983678686394e-01 -6.748962520601828885e-01 -7.748228434310222568e-01
4.116000000000000000e+03 3.345918812008541465e-01 -5.441167147747840716e-01 -7.223120702660761339e-01
1.765400000000000000e+04 2.236645802300927244e-01 3.254594600793296877e-01 -3.977618738615058547e-01
4.027800000000000000e+04 -1.052527321962024587e+00 -8.815199825645407827e-01 -2.361836110899071528e-01
1.758800000000000000e+04 -1.788106814602844707e+00 -1.097281039874609121e+00 7.465145836111064526e-01
1.768000000000000000e+04 3.220393096346541029e-02 4.112119166898544620e-01 -3.524859606041985671e-02
7.980000000000000000e+02 9.750632430814398788e-01 5.907942061325144323e-02 -2.660353614050459115e-01
1.436700000000000000e+04 4.404667232698926682e-01 7.320538251580082090e-01 2.867072212792765029e-01
1.781800000000000000e+04 1.101953776902544035e+00 1.839395153676282035e+00 5.462532372812196613e-01
