# star id 	 star_x_coords [pc] 	 star_y_coords [pc] 	 star_z_coords [pc] 
1.429300000000000000e+04 1.944915875409186867e+00 -2.118051716463490664e+00 1.357502614289813891e+00
1.460800000000000000e+04 1.954591560491984126e+00 -3.376602377502265995e+00 2.086592088137980028e+00
1.210300000000000000e+04 1.601734594665526146e+00 7.484239443041005302e-01 3.469704928345782591e+00
1.210200000000000000e+04 -8.470638742632310425e-01 -2.023820988020545997e+00 -1.817875856284689284e+00
1.430400000000000000e+04 -1.693251493906316796e+00 -2.797734219151664092e-01 -2.793738247360439964e+00
1.475300000000000000e+04 -1.553959821173094724e+00 -3.667816735058195832e-01 -1.596938775688498069e+00
1.455100000000000000e+04 2.081590663773411620e-01 -8.764691118309642093e-01 -1.698994441240922804e+00
1.421700000000000000e+04 -8.218801305030147830e-01 1.567644547502169416e-01 -1.953108418711805960e+00
1.421600000000000000e+04 6.013842948072181116e-01 -1.729566672820197937e+00 -2.519674445127417783e-01
1.415300000000000000e+04 -2.421811168958651450e+00 7.428195964309836086e-01 7.525912211692951104e-01
1.421800000000000000e+04 3.331216098470548559e-01 -2.319450156905240590e+00 1.823272405934222462e+00
1.414500000000000000e+04 -9.467028661932666012e-01 6.885669580954498770e-01 1.794345682968110367e+00
1.458800000000000000e+04 -9.684744761710355476e-01 -2.223019446813331967e+00 1.850530416721436922e+00
1.426300000000000000e+04 -9.684744761710355476e-01 -2.223019446813331967e+00 1.850530416721436922e+00
1.412300000000000000e+04 -2.222708014772976526e+00 -1.756191616923828747e+00 1.899910919640429796e+00
1.456500000000000000e+04 1.326979621926536623e+00 5.104314965280991601e-01 1.394657166746393173e+00
1.456600000000000000e+04 -3.182525268396148022e-01 -3.213478094844816724e+00 2.561318481197076835e+00
1.472800000000000000e+04 7.336516039706104664e-01 1.316887306579417327e-01 2.447406045078350800e+00
1.424700000000000000e+04 9.732937981545504158e-01 -3.005615045934959539e-01 3.046355969407118280e+00
1.221100000000000000e+04 -1.637553505775809271e+00 -4.341312046786782730e-02 -3.398368421469010414e+00
1.476000000000000000e+04 -2.432419793776457340e+00 6.046612674936540088e-01 -3.846713444356676170e+00
1.467800000000000000e+04 -1.618613958738102099e-01 -1.035835616651638702e+00 -8.305765163173557397e-01
1.467900000000000000e+04 3.045047998914185428e-01 -3.985494310572477161e-01 -8.440192413604652444e-01
1.468800000000000000e+04 2.737582491773409288e-01 -2.773764569816492553e-01 -7.404010211781439921e-01
1.424400000000000000e+04 -5.147213687489831102e-01 -5.680520612246269252e-01 -7.879561444505229773e-01
1.210600000000000000e+04 -6.285697016645386270e-01 -2.960327856261386614e-01 -7.025669545065431620e-01
1.477100000000000000e+04 3.468926315584255349e-01 -5.069029873036825506e-01 -3.129216166516961550e-01
1.425300000000000000e+04 -2.627116516059651019e-01 -1.516361469091265235e-01 -8.370075946892363561e-01
1.482800000000000000e+04 1.138289438329316283e-01 4.106601845865043288e-02 -8.278788125137310772e-01
1.422700000000000000e+04 5.294055127472141464e-01 -1.710004788559871258e-01 -7.732362863065915803e-01
1.430800000000000000e+04 2.901169601266886389e-01 -1.039949611674515495e-01 -6.584909629348940641e-01
1.428900000000000000e+04 -3.785346913587233075e-01 -1.588347389054042935e+00 -9.361290684817440422e-01
1.432500000000000000e+04 -1.327897949546539280e-01 4.004923032793641369e-01 -7.043426627163222875e-01
1.430600000000000000e+04 2.553387295283116032e-02 4.361528581411917571e-01 -6.192154678068595430e-01
1.430700000000000000e+04 1.445698468657646174e+00 -6.709816364688379053e-01 -7.329667709101261863e-01
1.429600000000000000e+04 4.033642214488644129e-01 -1.642897482397088993e+00 -9.637835222311004202e-01
1.419700000000000000e+04 9.467372794558883697e-01 -2.440876165636751693e-02 -4.465932214697456715e-01
1.419600000000000000e+04 5.822540302458136807e-01 4.171939271392233195e-02 -1.746939305607639881e-01
1.492200000000000000e+04 6.169940696066014141e-01 -4.224605286284415229e-01 -2.607996161353600684e-01
1.426200000000000000e+04 6.676037867315720575e-01 -4.093402063002784530e-01 -1.270172446449020498e-01
1.481400000000000000e+04 -1.880262130530709896e-01 3.887784993868663719e-01 -4.139742398706642845e-01
1.426600000000000000e+04 3.025794579322749200e-02 3.978956537713287389e-01 -4.142114321517365028e-01
1.428800000000000000e+04 4.339275549130974241e-01 7.134774571509794328e-01 -1.448972378488146973e-01
1.423300000000000000e+04 -3.112218323870088454e-01 4.327311664631849908e-03 -8.085621396616815559e-02
1.477900000000000000e+04 -2.864932736727965334e-02 8.495976634819157880e-03 2.926260160597262683e-01
1.425100000000000000e+04 2.257770976265689455e-01 1.533948561197888694e-01 1.289439228794737602e-01
1.433600000000000000e+04 6.373301306088272611e-01 -1.473837273632881306e+00 9.809665013980168879e-01
1.432900000000000000e+04 -2.261863827865013832e-01 5.774645839602854380e-01 2.734502191756025269e-01
1.430100000000000000e+04 -2.261863827865013832e-01 5.774645839602854380e-01 2.734502191756025269e-01
1.434100000000000000e+04 -9.128222132100916042e-02 7.241418221865103533e-02 5.141656198566924019e-01
1.424200000000000000e+04 -3.011264388819760995e-01 -4.485074887848128355e-02 5.459946541233300366e-01
1.431500000000000000e+04 -8.233058391471104187e-01 1.651436639889780622e-01 6.654402032216015783e-01
1.432000000000000000e+04 7.638402038023137663e-01 -8.515561122517567583e-02 -1.117004223201973900e-01
1.432700000000000000e+04 -1.053763440993620293e-01 -6.396501635422424670e-02 9.600004002872157827e-01
1.480700000000000000e+04 6.489403693545199303e-01 1.295180106482476390e-01 1.132357246204776402e+00
1.431900000000000000e+04 6.807259220183610182e-01 5.753284273222760703e-01 -1.660466106678448739e-02
1.426700000000000000e+04 1.055888319263956987e+00 1.321184234467338570e-01 6.538754690023811378e-01
1.427500000000000000e+04 -9.158148856392998027e-01 5.131769871369584735e-01 -1.126605048608064763e+00
1.435000000000000000e+04 1.017282788386914660e+00 -3.573718825032301538e-02 -1.305350372274988402e+00
1.427600000000000000e+04 1.093171155772601821e+00 -1.560633778675253325e-01 -1.165302061533723510e+00
1.427700000000000000e+04 2.305805974433603467e-01 -1.708892525117278183e-01 -1.164421037395104719e-01
1.426100000000000000e+04 2.000617212072768325e-01 -9.326152223423633814e-02 -1.109459034889628271e-01
1.428200000000000000e+04 2.040669901798146668e-01 -1.004391738452312666e-01 -3.691197362658371617e-02
1.475100000000000000e+04 9.418590062811205144e-03 -2.018126236530548567e-02 7.940568268177372602e-02
1.425800000000000000e+04 3.977040426280531449e-01 2.321650344983439140e-01 -6.240478249683434342e-02
1.424600000000000000e+04 2.016656520464223945e-01 -2.616518021245042291e-01 -3.098574827130828879e-01
1.431100000000000000e+04 1.399330781259244816e-01 -2.874625102579813074e-01 -3.042861788365440745e-01
1.426000000000000000e+04 2.522604673957609123e-01 -2.742905900521535045e-01 -3.098496641567054510e-01
1.425000000000000000e+04 2.899834616362184647e-01 -3.509157110203915408e-01 -3.159115610244267458e-01
1.428500000000000000e+04 2.460843226626430180e-01 -4.186190395174449463e-01 -1.980232083122590581e-01
1.434600000000000000e+04 1.731422995108253815e-01 -3.093120671193432258e-01 -1.432656088519443927e-01
1.422100000000000000e+04 -7.713391308693573478e-02 -3.160027109957752600e-01 -2.004279332232812294e-01
1.422000000000000000e+04 2.222845231086765239e-01 -1.482496116338936076e-01 -3.532233504272390689e-01
1.433000000000000000e+04 2.294627687783368231e-01 -8.572047900875645610e-02 -3.405906043932622751e-01
1.428400000000000000e+04 1.745732120261607179e-01 -1.565632966149834715e-01 -2.998337332348341988e-01
1.422800000000000000e+04 2.117360424812453346e-01 -2.169440989938209441e-01 -3.054504571004956759e-01
1.424900000000000000e+04 2.329670439088467049e-01 -7.658573097724996614e-02 -3.022302846704363333e-01
1.424800000000000000e+04 1.295105122075135284e-01 -1.646971380297586052e-01 -3.086581437313418164e-01
1.434400000000000000e+04 2.255611221531488297e-01 -1.760743383106415649e-01 -2.999154767184286641e-01
1.434300000000000000e+04 1.386337179042165246e-01 -1.124091132770885793e-01 -2.905880914951666227e-01
1.431000000000000000e+04 2.488161641648254374e-01 -1.453743453941100938e-01 -2.778601538768512569e-01
1.426800000000000000e+04 1.416624929471019811e-01 -2.124517028317711720e-01 -2.712872280321860785e-01
1.430900000000000000e+04 1.416624929471019811e-01 -2.124517028317711720e-01 -2.712872280321860785e-01
1.429800000000000000e+04 1.926548860806320818e-01 -1.257978168853171042e-01 -2.600281790370040369e-01
1.435200000000000000e+04 1.752390883908390151e-01 -7.822866225041735788e-02 -2.423795647929445352e-01
1.433400000000000000e+04 1.752390883908390151e-01 -7.822866225041735788e-02 -2.423795647929445352e-01
1.425600000000000000e+04 2.806508771361393428e-01 -1.006896759349658055e-01 -2.244159588651495341e-01
1.425500000000000000e+04 2.021868404373741157e-01 -9.299477794646549000e-02 -1.996554106929018246e-01
1.434500000000000000e+04 2.403395483712387204e-01 -8.809928242475706384e-02 -2.004426195205564198e-01
1.429200000000000000e+04 7.433569886599045162e-02 3.467982598429841801e-03 -2.497768639685471470e-01
1.422300000000000000e+04 1.387988308370893265e-01 -1.372528356357136659e-01 -1.841032660165780044e-01
1.422900000000000000e+04 1.950911622607627294e-01 -2.324309002029494309e-01 -1.835262753930635427e-01
1.434900000000000000e+04 1.927503124398981527e-01 -1.081600585695312589e-01 -1.722272434468763436e-01
1.427800000000000000e+04 2.017971430045264469e-01 -1.555075360542303997e-01 -1.722780232878395879e-01
1.415400000000000000e+04 2.211227733844651766e-01 -2.264708651003530804e-01 -1.643215194123026635e-01
1.432600000000000000e+04 2.939561377843489254e-01 -8.565658875701132047e-02 -1.607611934910391227e-01
1.428600000000000000e+04 1.861057166099691074e-01 -1.245532563934546033e-01 -1.523010983174160060e-01
1.436800000000000000e+04 1.722673958160001462e-01 -2.020499829413324733e-02 -1.445116046410106492e-01
1.429900000000000000e+04 2.439612927456131786e-01 -1.642458372183455140e-01 -1.385268274313293801e-01
1.476400000000000000e+04 -3.680374512738637804e-02 -1.399796384361025048e-01 -2.505664869348507295e-01
1.423700000000000000e+04 3.173524986806448567e-01 -1.213365993848185553e-01 -3.233657455674023851e-01
1.422400000000000000e+04 3.173524986806448567e-01 -1.213365993848185553e-01 -3.233657455674023851e-01
1.424300000000000000e+04 3.191676713609901128e-01 -8.213777228321816892e-02 -3.015904026223577006e-01
1.430000000000000000e+04 4.202692743266709385e-01 -1.663951488330255302e-01 -2.946530270679890151e-01
1.423400000000000000e+04 3.886439674955397550e-01 -2.336359500503206732e-01 -1.778656125499722407e-01
1.427000000000000000e+04 3.036004218356112005e-01 -5.924158443558980025e-02 -3.053682144330309711e-01
1.423600000000000000e+04 1.463379554322514764e-01 5.079029873510876314e-02 -3.048803996883835410e-01
1.463800000000000000e+04 2.259809300445994040e-01 2.246528414915616167e-02 -2.791925190425565972e-01
1.428300000000000000e+04 2.259809300445994040e-01 2.246528414915616167e-02 -2.791925190425565972e-01
1.468100000000000000e+04 2.192984077266224574e-01 8.434816777723597170e-02 -2.580804701677212876e-01
1.461800000000000000e+04 2.086627580635322943e-01 6.724146460177138351e-02 -1.930393443812228327e-01
1.477200000000000000e+04 3.006359606501156634e-01 1.050143485239374286e-02 -2.508217336834235311e-01
1.414600000000000000e+04 3.923505166163927527e-01 1.093529776764512462e-02 -2.544084414607183930e-01
1.453900000000000000e+04 7.953037505983218125e-02 -2.615516630376291118e-01 -5.447387492173332291e-01
1.458000000000000000e+04 3.311808773767310754e-01 -4.195430911148037012e-01 -5.053675093366392090e-01
1.414400000000000000e+04 1.893329150587383936e-01 -1.729602342978111551e-01 -5.323525869209246864e-01
1.501800000000000000e+04 1.893329150587383936e-01 -1.729602342978111551e-01 -5.323525869209246864e-01
1.487600000000000000e+04 1.104495034927239772e-01 -3.092193751199801000e-02 -4.603037737057187329e-01
1.425400000000000000e+04 2.717052120520939695e-01 -1.326768873961441386e-01 -4.584666766768474844e-01
1.458700000000000000e+04 2.599140165118178913e-01 -7.335381980087163356e-02 -4.415294453914286876e-01
1.475900000000000000e+04 2.254022801458503977e-01 -1.204247386248269436e-01 -4.239930002668677034e-01
1.423900000000000000e+04 2.446519661207062768e-01 -1.195048684102602010e-01 -3.917271559934683012e-01
1.457200000000000000e+04 1.671574184672230956e-01 -1.433357508320867169e-01 -3.883761479994998211e-01
1.475600000000000000e+04 2.316936249381704727e-01 -2.071954326779277267e-01 -3.774472674397992833e-01
1.479100000000000000e+04 3.033221172947904165e-01 -1.278427273982458701e-01 -3.792854285366340505e-01
1.458100000000000000e+04 1.820608421181333370e-01 3.924952511192003612e-02 -3.910583759545556148e-01
1.424500000000000000e+04 4.089215828649308548e-01 2.205238916077760791e-01 -4.847473509175488360e-01
1.431200000000000000e+04 3.471709089921617419e-01 1.665571953492488433e-01 -4.747369562732943749e-01
1.426500000000000000e+04 -4.210110054804786728e+00 1.497892836478186496e+00 3.687887225412467274e-01
1.481800000000000000e+04 -1.317701598577329491e+00 2.211859145384636349e+00 -4.930075773937725891e+00
1.427900000000000000e+04 -3.060276567672460146e+00 2.016052315242504278e+00 5.914934492865135951e-01
1.425900000000000000e+04 -2.210294980855231017e+00 8.412998394830495386e-01 -2.899897704654878616e+00
1.431800000000000000e+04 -1.120813620251173148e+00 8.702068335448345238e-01 -3.083014216989128364e+00
1.431600000000000000e+04 -1.120813620251173148e+00 8.702068335448345238e-01 -3.083014216989128364e+00
1.432200000000000000e+04 -3.637479055911505554e-01 1.049804874676048883e+00 -1.821784780473151955e+00
1.432100000000000000e+04 -8.129037087550159413e-01 1.517453255797434508e+00 -1.631945538432441722e+00
1.429500000000000000e+04 -1.653788226159761621e+00 1.957377480055946251e+00 -3.724763335885121762e-01
1.432800000000000000e+04 4.045888168831517362e-01 1.643395106131222860e+00 -7.274212465754814616e-02
1.433200000000000000e+04 -1.382587549623575995e+00 1.389056337870847813e+00 7.074158461556478983e-01
1.425200000000000000e+04 -2.543541321705262703e-01 2.619021167758212698e+00 -7.856051949576148274e-02
1.040000000000000000e+03 -1.693885935240739826e+00 2.492348000420548715e+00 1.026968580492507499e+00
1.425700000000000000e+04 2.192794180646764346e-01 1.876973205246585508e+00 1.912336621526192104e+00
1.430300000000000000e+04 2.192794180646764346e-01 1.876973205246585508e+00 1.912336621526192104e+00
1.423000000000000000e+04 1.431611861893031801e+00 1.666118308275422066e+00 2.920362438955525164e+00
1.428700000000000000e+04 -7.357564690255244955e-01 1.685087330014702900e+00 -3.643264466384559697e+00
1.434200000000000000e+04 1.465036373841996920e-01 9.611712087324306708e-01 1.122980546287006831e-01
1.434700000000000000e+04 -8.622494495936017245e-01 8.605875417668897853e-01 4.729902045023788304e-01
1.422200000000000000e+04 -8.622494495936017245e-01 8.605875417668897853e-01 4.729902045023788304e-01
1.434800000000000000e+04 -2.967473831871281220e-01 1.006418362619129425e+00 1.326420421346766076e+00
1.431400000000000000e+04 1.580436708461263606e-01 1.080077783516173895e+00 -1.416072721842104976e+00
1.426900000000000000e+04 2.910404206517540615e-01 -9.740522387694667827e-01 3.968073105717655480e+00
1.431300000000000000e+04 8.326567396657722497e-01 -5.898737483266245363e-01 5.139149529435407260e+00
1.428100000000000000e+04 4.336584867670509880e-01 5.906742340129298441e-01 5.752995571136677810e+00
1.427200000000000000e+04 1.388159565304480481e+00 2.593430968423504623e-01 5.785383840196708150e+00
1.422500000000000000e+04 1.388159565304480481e+00 2.593430968423504623e-01 5.785383840196708150e+00
1.423500000000000000e+04 3.029631321897277019e-01 3.364366227334656401e-01 6.082084116617204828e+00
