# star id 	 star_x_coords [pc] 	 star_y_coords [pc] 	 star_z_coords [pc] 
1.335800000000000000e+04 -1.094815330780512852e+00 1.188680848276973734e+00 -1.006597659171795556e+00
1.335600000000000000e+04 -3.175623995542196099e-01 -3.960106905004794342e-01 -4.693006976436251421e-01
1.335200000000000000e+04 6.852205189249076511e-01 -4.950842461542368511e-01 -2.349424472272545472e-01
1.336800000000000000e+04 1.401179927977388218e+00 3.566233710978750082e-04 2.753899733532847449e-01
1.335700000000000000e+04 1.369402129289390757e+00 -1.381182015711078126e+00 4.839199150660959958e-01
1.336900000000000000e+04 1.300910726441024678e+00 -6.816291168282964108e-01 6.272807671037554655e-01
1.337000000000000000e+04 -7.707275363006758084e-01 1.082134893453261526e-01 -4.252032532760736672e-01
1.335500000000000000e+04 -7.707275363006758084e-01 1.082134893453261526e-01 -4.252032532760736672e-01
1.336600000000000000e+04 -9.014402513396433392e-01 7.742208059697972544e-01 5.873283278999039680e-01
1.335300000000000000e+04 -9.014402513396433392e-01 7.742208059697972544e-01 5.873283278999039680e-01
