# star id 	 star_x_coords [pc] 	 star_y_coords [pc] 	 star_z_coords [pc] 
4.150600000000000000e+04 -2.904064390519209837e-01 -4.870612805545420088e-01 -1.455603078573979303e+00
4.178100000000000000e+04 -1.114078733298299539e+00 -1.620178399974321337e+00 -1.169251956414957050e+00
4.179300000000000000e+04 1.503475613622626383e+00 -1.509763103045713706e-01 -6.732780114639993485e-01
4.146900000000000000e+04 8.521543182307738107e-01 -4.717987314206055771e-01 -6.889348181410284155e-01
4.150500000000000000e+04 6.693389315621516289e-01 8.994250304802164919e-01 -6.271599084596459761e-01
4.153100000000000000e+04 -6.225307759298743804e-01 -8.500823125317822360e-01 -4.524532235516787182e-01
4.150900000000000000e+04 -4.246639174364617020e-01 -6.254497159788172667e-01 -4.486507453913120003e-01
4.148700000000000000e+04 1.621033804874230100e-01 4.728053765897755056e-02 -3.915120958626374659e-01
4.150800000000000000e+04 -1.103559246495905199e+00 7.958953526373306886e-01 5.410070412155931763e-02
4.149200000000000000e+04 1.079090381767457529e+00 -1.627148988050919343e-01 -1.693396327243661403e-01
2.176000000000000000e+04 1.063689635328074701e+00 4.774038475085120581e-01 -1.920167833730488383e-01
4.152300000000000000e+04 1.259357828154008985e+00 4.994695741947765555e-01 -1.084475138285192486e-01
4.151800000000000000e+04 5.891281493867666086e-01 -3.818835741934378802e-02 -2.169569132064452788e-03
4.152700000000000000e+04 1.765303494676132345e+00 3.712425297498214150e-01 2.964166393571687763e-02
4.152600000000000000e+04 1.765303494676132345e+00 3.712425297498214150e-01 2.964166393571687763e-02
4.151700000000000000e+04 -1.355386541697399139e+00 -5.365720822342012752e-01 2.521063728998882425e-01
4.177500000000000000e+04 1.001077147521343136e+00 5.699724589911596695e-01 4.938809814358471328e-01
4.177600000000000000e+04 -1.439602053251689995e+00 1.031241571200368412e+00 5.770189079083856143e-01
4.151100000000000000e+04 -1.325395406587261959e+00 -1.206745880057482623e+00 9.016971532145383605e-01
4.149300000000000000e+04 -1.686544812359571210e+00 1.182633232653103050e-01 1.274045250634131321e+00
4.150200000000000000e+04 -2.148088297432352078e+00 8.477792793649854275e-01 2.367868455964831753e+00
