# star id 	 star_x_coords [pc] 	 star_y_coords [pc] 	 star_z_coords [pc] 
3.158600000000000000e+04 -1.767358473951695430e+00 -8.353014143420800508e-01 9.861957069525715269e-01
3.171100000000000000e+04 -3.607130689876996144e-01 -1.408146832762117384e+00 1.002291099352333958e+00
3.156700000000000000e+04 -4.430409615400527912e-01 -6.819344139484755374e-01 5.837900147009520424e-01
3.158700000000000000e+04 1.325544094457658417e+00 3.895709305104197995e-01 7.469437090852579786e-01
3.172500000000000000e+04 -1.204358966864724323e+00 -1.745987755323490376e-01 7.486624899453602211e-01
3.160900000000000000e+04 2.380093898626292059e-01 2.264818577232858843e-01 1.121723542967728804e+00
3.169300000000000000e+04 -1.762956872102702022e+00 6.915422085990243772e-01 1.478191551600275488e+00
3.170600000000000000e+04 -4.351901684484786870e-01 5.535588620107567692e-01 1.018576584278818586e+00
3.171600000000000000e+04 -2.547098771291679498e+00 2.549981780718617586e-01 7.897249368575387507e-01
3.160700000000000000e+04 2.410876923651130710e+00 -4.938070326107180108e-02 8.576815019702053178e-01
3.157300000000000000e+04 7.366139418861230581e-01 -5.981650329177163883e-01 6.171856488835629762e-01
3.159100000000000000e+04 -2.444726096174072438e-01 -4.376014697038961287e-01 4.024202636151699153e-01
3.166100000000000000e+04 -9.182440738881680886e-02 -1.153459232107216792e-01 3.830489266846797136e-01
3.156100000000000000e+04 7.244421892763952542e-01 -1.457011257541296345e-02 3.761678115055957505e-01
3.156200000000000000e+04 6.477245229332062593e-01 3.361398878220072106e-01 3.942869648329150323e-01
3.160600000000000000e+04 2.699245769245735005e-01 -5.472276641412676668e-02 3.997714372197975763e-01
3.164700000000000000e+04 3.673548321588562260e-01 -1.497715589373171952e-02 5.540397496006050915e-01
3.170800000000000000e+04 2.522434999503246900e-01 4.083467833856708751e-01 4.660997791528984635e-01
3.156800000000000000e+04 -4.722125194231097112e-02 5.465947857568309587e-01 6.452245992679479514e-01
3.165300000000000000e+04 -1.517994141363491423e+00 -7.222852215363460004e-01 -1.109449962098963738e+00
3.172200000000000000e+04 4.779735103858335776e-01 1.899561998566561272e-01 -1.282615368726283123e+00
3.156500000000000000e+04 1.237677304078417251e-01 4.976699775286661520e-01 -1.379640941426870882e+00
3.157200000000000000e+04 -1.108261801742333574e+00 1.553010960718559375e+00 -7.153560419407085647e-01
3.167000000000000000e+04 -1.105749194844310779e+00 6.161723172943744942e-01 -7.832210230390757033e-01
3.173600000000000000e+04 8.347264021232447817e-02 -8.851824892514699172e-01 -3.286352517103523496e-01
3.174000000000000000e+04 -1.308259727015983032e+00 -6.304825710215382628e-01 -2.694972682145930776e-01
3.170000000000000000e+04 2.101627337319662558e+00 -7.754528026669085250e-01 -1.698539507775194579e+00
3.159600000000000000e+04 -2.384602092438083076e+00 -1.877078730151353625e-01 -6.294813674751793542e-01
3.155500000000000000e+04 1.939753083511288168e+00 -3.352018406618206825e-01 -6.421918517346796307e-01
3.159700000000000000e+04 4.133929942327654317e-01 -1.240888425481116997e-01 -4.432830111460361877e-01
2.278100000000000000e+04 4.133929942327654317e-01 -1.240888425481116997e-01 -4.432830111460361877e-01
3.166900000000000000e+04 5.966737408922995201e-02 -3.882698034074039128e-01 -2.447386589968516546e-01
3.166800000000000000e+04 -1.825370136073978244e-01 -1.009803943940497106e-01 -2.947439164939993361e-01
3.158100000000000000e+04 -1.997047733556911453e-02 -2.329646465672254863e-01 -2.244550334070254394e-01
3.161500000000000000e+04 7.170975620799495687e-01 3.356280149795622947e-01 -4.914774185385795136e-01
3.160800000000000000e+04 7.843502027302307056e-01 3.016302383200724080e-01 -4.487265584742203828e-01
3.159400000000000000e+04 5.605857595013752359e-01 2.434250224798617523e-02 -3.053370251137437208e-01
3.158200000000000000e+04 -3.922446600095774727e-01 2.353249903421783529e-03 -5.045123118735261869e-01
3.169200000000000000e+04 -4.081452250230874768e-01 2.356025910227579345e-01 -5.499170147293739319e-01
3.156400000000000000e+04 -4.102750182946124369e-02 9.470600853291699650e-02 -3.254041431015508579e-01
3.155800000000000000e+04 1.767808800413952497e-01 2.008734598834784890e-01 -3.260417117230929307e-01
3.155400000000000000e+04 -3.076762843848399598e-01 -2.415236812867398442e-01 -3.518124436864411564e-02
3.157600000000000000e+04 5.561966861150224872e-02 -1.498561458213352182e-01 -1.175381517344220583e-01
3.165800000000000000e+04 2.334792169268702366e-01 -2.592808439303162515e-01 -1.470133743047057351e-01
3.155600000000000000e+04 2.334792169268702366e-01 -2.592808439303162515e-01 -1.470133743047057351e-01
3.166000000000000000e+04 8.355170073066631176e-02 -9.398144394820917569e-02 -1.480476513022779272e-01
3.169700000000000000e+04 6.713687062741868772e-02 -1.017956367410839391e-01 -1.708408964645400374e-01
3.167400000000000000e+04 4.931541593094124210e-02 -1.142858034328391170e-01 -1.205191910305529746e-01
4.190000000000000000e+03 2.604807562527291509e-01 -8.328863882929482543e-02 -5.320819880360261322e-02
3.165600000000000000e+04 1.022970784909738029e-01 -4.901914080076537061e-01 1.306836221185108116e-01
3.166700000000000000e+04 2.404071082195358144e-02 -1.042547302605285608e-01 2.796512276604374847e-01
3.166300000000000000e+04 -4.636888500927582868e-02 -2.575874819182573106e-01 3.575015563752685921e-01
3.170400000000000000e+04 4.952234908360253485e-01 4.239276834625371748e-02 -1.813412092149917498e-01
3.157800000000000000e+04 5.732008888379418465e-01 1.106973959473052105e-01 -2.168380678421328867e-01
3.165500000000000000e+04 4.751388519422370393e-01 4.292525964233604441e-01 7.843774558921268181e-03
3.156900000000000000e+04 -3.040672435577320698e-01 4.112306817677335857e-02 1.345016447329356879e-01
3.160100000000000000e+04 -2.374916341163171296e-01 9.451672589853288287e-02 -1.265490005990130840e-01
3.158900000000000000e+04 -2.374916341163171296e-01 9.451672589853288287e-02 -1.265490005990130840e-01
3.166500000000000000e+04 -3.121705548963156218e-01 -3.621093166038491518e-02 1.398620167146873428e-01
2.290500000000000000e+04 2.425368515847914352e-01 -1.579670916803266323e-02 1.973697519551365076e-02
3.156000000000000000e+04 -9.916815417316371395e-02 3.844104107766099787e-02 -1.385773973827468808e-01
3.155200000000000000e+04 1.415215913704308548e-01 3.810454491508963315e-02 -1.507070675960022754e-01
3.158800000000000000e+04 1.415215913704308548e-01 3.810454491508963315e-02 -1.507070675960022754e-01
3.166400000000000000e+04 3.051474722452240940e-01 1.385944779301979679e-01 1.228742056096621127e-02
3.168300000000000000e+04 8.776418024211807278e-02 3.270473743612640760e-01 -1.275761389005936053e-02
3.167900000000000000e+04 -9.143899058275195557e-02 1.269724862609429294e-01 1.392552619741707076e-01
3.159500000000000000e+04 -6.816380379259356914e-03 5.365335545947402807e-02 -1.354117381646062768e-01
3.158400000000000000e+04 1.072157511158522425e-02 -1.746660268846511599e-03 -8.477535212752229654e-02
3.157700000000000000e+04 1.072157511158522425e-02 -1.746660268846511599e-03 -8.477535212752229654e-02
2.290800000000000000e+04 2.858955583610445217e-01 2.022826722807238298e-01 2.789428303465513181e-01
3.170700000000000000e+04 -1.568920333700631886e-01 1.906493057739346852e-01 2.846946916995278798e-01
3.172700000000000000e+04 5.545059617287257936e-01 8.706317867344814942e-01 1.134320088646063596e-01
3.155900000000000000e+04 -8.528708011564845037e-02 8.061176996543188977e-01 3.184800237801965750e-01
