# star id 	 star_x_coords [pc] 	 star_y_coords [pc] 	 star_z_coords [pc] 
6.554000000000000000e+03 -1.317269996469355497e+00 5.775290446502845398e-01 5.010871339946234571e-01
3.473200000000000000e+04 -1.576498918576525021e+00 1.444804534960315134e+00 2.828658783128581433e-01
3.473100000000000000e+04 -4.992183113025800978e-01 7.030934910164730045e-01 -5.009312327524639841e-02
3.859300000000000000e+04 -4.992183113025800978e-01 7.030934910164730045e-01 -5.009312327524639841e-02
3.815800000000000000e+04 3.047598148262693485e-01 -1.098233364597387851e+00 -9.107675665454770808e-01
6.082000000000000000e+03 -3.131118483837438404e-01 -1.303780145062051421e+00 4.888621958813637036e-01
3.291300000000000000e+04 4.816943167936100778e-01 -2.100647950190772661e-01 1.130710864335497945e-01
3.359900000000000000e+04 1.210849715072949806e+00 -2.633263126177050051e-01 -2.533390411616238680e-01
3.419800000000000000e+04 2.208013537808159121e+00 -5.531159427523697492e-01 -1.215934411903809576e-01
