# star id 	 star_x_coords [pc] 	 star_y_coords [pc] 	 star_z_coords [pc] 
1.539000000000000000e+03 -2.161498682969524410e+00 -7.221138013024130942e-02 8.661972396826858045e-01
1.538000000000000000e+03 -2.161498682969524410e+00 -7.221138013024130942e-02 8.661972396826858045e-01
1.627000000000000000e+03 -2.161498682969524410e+00 -7.221138013024130942e-02 8.661972396826858045e-01
1.676000000000000000e+03 -1.061863531673012062e+00 1.948491923839544171e+00 6.171833069984291598e-01
1.541000000000000000e+03 -2.232237308302671863e+00 -2.132525332751953329e-01 7.136298833710785772e-02
1.675000000000000000e+03 -5.016027977502535151e-01 2.676475422034460649e+00 -2.119512783612771400e-01
1.540000000000000000e+03 -7.884914877525055488e-01 2.996471903132160719e+00 -1.017352065812478834e+00
1.485000000000000000e+03 -1.111490205724845026e+00 -2.441367355014634200e-02 1.913023472780358780e+00
1.549000000000000000e+03 -1.111490205724845026e+00 -2.441367355014634200e-02 1.913023472780358780e+00
1.396000000000000000e+03 -9.203958642591398842e-01 1.223250683436550190e+00 6.798859602181925865e-01
1.397000000000000000e+03 3.244392848320298839e-01 -1.499895243648339260e-01 6.400687625241081591e-01
1.754000000000000000e+03 3.244392848320298839e-01 -1.499895243648339260e-01 6.400687625241081591e-01
1.628000000000000000e+03 7.544371896950252676e-01 5.997790284746429279e-02 1.693789569678916251e-01
1.755000000000000000e+03 9.018558261618263572e-01 -1.675322537921353216e-01 3.318353701529170863e-01
1.550000000000000000e+03 3.088199342339343900e-01 4.690139814760279080e-01 3.605666052945331046e-01
1.601000000000000000e+03 3.088199342339343900e-01 4.690139814760279080e-01 3.605666052945331046e-01
1.565000000000000000e+03 -9.128064890562779254e-01 5.848227112192923016e-01 5.492000473982550091e-01
1.691000000000000000e+03 7.702489454363892207e-01 4.705592842654304775e-01 2.038000242060338252e-01
1.593000000000000000e+03 -7.489450156562860172e-01 4.606092314693981393e-01 -2.175305720139162347e-01
1.591000000000000000e+03 -8.889011882933957054e-01 1.604388808993153503e+00 -3.119817457585423170e-01
1.590000000000000000e+03 -7.375109644946675758e-02 5.444941706380070912e-01 -2.032676683861911471e-01
1.592000000000000000e+03 1.666394241434403511e-01 4.799436467138207263e-02 2.151244533077276699e-01
1.425000000000000000e+03 -3.798967740467187326e-01 -3.125320184783362265e-01 3.097227201228154314e-01
1.424000000000000000e+03 -6.606022766440844407e-02 -2.510018614625764144e-01 1.948782484414648408e-01
1.692000000000000000e+03 -6.606022766440844407e-02 -2.510018614625764144e-01 1.948782484414648408e-01
1.566000000000000000e+03 -1.269443868734931868e-02 -6.118173920219405204e-02 1.260292498682478168e-01
1.430000000000000000e+03 3.268549378161651475e-01 -8.619162400323432394e-02 3.429830875083723640e-01
1.429000000000000000e+03 3.268549378161651475e-01 -8.619162400323432394e-02 3.429830875083723640e-01
1.555000000000000000e+03 2.512531506176021168e-01 -3.145779789721920849e-01 -1.224378967275310259e-01
1.556000000000000000e+03 2.548006300057590323e-01 -1.913741412108862505e-01 -9.924650721086969440e-02
1.594000000000000000e+03 2.548006300057590323e-01 -1.913741412108862505e-01 -9.924650721086969440e-02
1.595000000000000000e+03 2.548006300057590323e-01 -1.913741412108862505e-01 -9.924650721086969440e-02
1.616000000000000000e+03 2.599144094219614232e-01 -1.273088048752626378e-01 -1.002769963148457677e-01
1.615000000000000000e+03 2.599144094219614232e-01 -1.273088048752626378e-01 -1.002769963148457677e-01
1.561000000000000000e+03 2.599144094219614232e-01 -1.273088048752626378e-01 -1.002769963148457677e-01
1.626000000000000000e+03 2.677496495557818434e-01 -1.428261560912851280e-01 -6.108429697220518761e-02
1.444000000000000000e+03 2.677496495557818434e-01 -1.428261560912851280e-01 -6.108429697220518761e-02
2.088800000000000000e+04 2.677496495557818434e-01 -1.428261560912851280e-01 -6.108429697220518761e-02
2.088900000000000000e+04 2.133542829923289474e-01 -1.122770520770117741e-01 -5.410317986453083705e-02
1.407000000000000000e+03 2.133542829923289474e-01 -1.122770520770117741e-01 -5.410317986453083705e-02
1.495000000000000000e+03 2.347635006357187137e-01 -2.014041170592939523e-01 -3.568077176241857273e-03
1.613000000000000000e+03 2.347635006357187137e-01 -2.014041170592939523e-01 -3.568077176241857273e-03
1.638000000000000000e+03 1.488742705684238388e-01 -1.869587015388205486e-01 -1.057377513657584700e-01
1.612000000000000000e+03 1.488742705684238388e-01 -1.869587015388205486e-01 -1.057377513657584700e-01
1.688000000000000000e+03 2.736767544009151010e-01 -1.409531524660572188e-01 9.579050424660007224e-02
1.578000000000000000e+03 2.736767544009151010e-01 -1.409531524660572188e-01 9.579050424660007224e-02
1.579000000000000000e+03 8.003738245065861179e-02 -2.946730332525575591e-01 1.906646696767388960e-02
1.521000000000000000e+03 8.003738245065861179e-02 -2.946730332525575591e-01 1.906646696767388960e-02
1.560000000000000000e+03 7.829172902981795801e-03 -2.240780520044225455e-01 3.358518908279783943e-02
1.523000000000000000e+03 7.829172902981795801e-03 -2.240780520044225455e-01 3.358518908279783943e-02
1.399000000000000000e+03 4.351245488486199520e-03 2.280339353467688568e-01 2.985023969017674972e-04
1.617000000000000000e+03 4.351245488486199520e-03 2.280339353467688568e-01 2.985023969017674972e-04
1.637000000000000000e+03 2.642125905175571887e-01 -2.897252814472395244e-02 -8.916995414841455414e-02
2.013800000000000000e+04 2.281842511519158734e-01 -5.704886407849230068e-02 -1.122047661412537423e-01
1.624000000000000000e+03 2.281842511519158734e-01 -5.704886407849230068e-02 -1.122047661412537423e-01
1.625000000000000000e+03 3.373833346609060868e-01 1.296859315524621081e-01 -6.487869292393622089e-02
1.516000000000000000e+03 3.373833346609060868e-01 1.296859315524621081e-01 -6.487869292393622089e-02
1.514000000000000000e+03 1.852710888639119702e-01 -2.037718242907970989e-02 -8.600690909711694587e-02
1.515000000000000000e+03 1.852710888639119702e-01 -2.037718242907970989e-02 -8.600690909711694587e-02
1.687000000000000000e+03 1.562047339750627373e-01 1.839010347358538411e-01 1.124951456072595946e-01
1.643000000000000000e+03 1.562047339750627373e-01 1.839010347358538411e-01 1.124951456072595946e-01
1.583000000000000000e+03 -1.845231485382754499e-01 1.805200325375615478e-01 5.048508382255256777e-02
1.572000000000000000e+03 -1.845231485382754499e-01 1.805200325375615478e-01 5.048508382255256777e-02
3.361000000000000000e+03 4.610188206590848381e-02 -8.025741281099740831e-02 -1.403813412940584371e-01
3.362000000000000000e+03 4.610188206590848381e-02 -8.025741281099740831e-02 -1.403813412940584371e-01
3.363000000000000000e+03 9.406111613115797354e-02 -2.559400259513466835e-02 -1.550864713210584611e-01
1.821800000000000000e+04 9.406111613115797354e-02 -2.559400259513466835e-02 -1.550864713210584611e-01
1.815200000000000000e+04 9.406111613115797354e-02 -2.559400259513466835e-02 -1.550864713210584611e-01
1.562000000000000000e+03 9.406111613115797354e-02 -2.559400259513466835e-02 -1.550864713210584611e-01
1.584000000000000000e+03 7.187665791608033317e-02 -4.273143722589622939e-02 -1.430162771289706924e-01
1.483000000000000000e+03 7.187665791608033317e-02 -4.273143722589622939e-02 -1.430162771289706924e-01
1.715000000000000000e+03 7.187665791608033317e-02 -4.273143722589622939e-02 -1.430162771289706924e-01
1.585000000000000000e+03 -2.152725782917563890e-02 -2.765189057371486570e-02 -1.371612404258248930e-01
1.618000000000000000e+03 1.162706752103446206e-01 4.449541076346008595e-02 -1.017180619875697190e-01
1.619000000000000000e+03 1.162706752103446206e-01 4.449541076346008595e-02 -1.017180619875697190e-01
1.436000000000000000e+03 1.270555336345609021e-01 -7.728947486485893137e-02 -1.078350647893788761e-01
1.434000000000000000e+03 1.270555336345609021e-01 -7.728947486485893137e-02 -1.078350647893788761e-01
1.435000000000000000e+03 7.275087590163842322e-02 4.895310923237516931e-02 -1.009279163583833849e-01
1.500000000000000000e+03 -4.973315834002178804e-02 1.418012966758439575e-01 -6.615294959591810908e-02
1.502000000000000000e+03 1.089204673979082827e-02 9.140986989356392201e-02 -5.742277318486355142e-02
1.501000000000000000e+03 1.000165557775005709e-01 -2.526235031005796827e-02 4.834111465887591663e-02
1.472000000000000000e+03 1.000165557775005709e-01 -2.526235031005796827e-02 4.834111465887591663e-02
1.473000000000000000e+03 1.000165557775005709e-01 -2.526235031005796827e-02 4.834111465887591663e-02
1.392000000000000000e+03 5.959794304224352857e-02 -3.320026165957301600e-02 9.455844683541148044e-02
1.391000000000000000e+03 5.959794304224352857e-02 -3.320026165957301600e-02 9.455844683541148044e-02
1.479000000000000000e+03 2.709635815132109826e-01 -1.159057127300151535e-01 -2.415686299750054999e-01
1.496000000000000000e+03 1.660583758232565543e-01 -1.108632400614695257e-01 -1.796649734973083667e-01
1.432000000000000000e+03 1.660583758232565543e-01 -1.108632400614695257e-01 -1.796649734973083667e-01
1.597000000000000000e+03 5.885153075383620092e-02 -1.143702092678680060e-01 -3.600988999883769637e-01
1.758000000000000000e+03 5.885153075383620092e-02 -1.143702092678680060e-01 -3.600988999883769637e-01
1.412000000000000000e+03 4.232990965200933431e-02 -2.249470590451494445e-01 -3.244721313361793591e-01
1.413000000000000000e+03 4.232990965200933431e-02 -2.249470590451494445e-01 -3.244721313361793591e-01
1.535000000000000000e+03 -1.411199659876594126e-02 -1.005811089895978228e-01 -2.585302471835086990e-01
1.536000000000000000e+03 -1.411199659876594126e-02 -1.005811089895978228e-01 -2.585302471835086990e-01
1.750000000000000000e+03 1.020269811997849274e-01 -3.314677554048621744e-01 -2.285169936129269885e-01
1.678000000000000000e+03 -5.730631688633636145e-03 -2.628119918870375216e-01 -1.580200579880246536e-01
1.454000000000000000e+03 -5.730631688633636145e-03 -2.628119918870375216e-01 -1.580200579880246536e-01
1.403000000000000000e+03 1.571225657160404410e-01 9.387925160413246317e-02 -3.013346304207979998e-01
1.404000000000000000e+03 1.571225657160404410e-01 9.387925160413246317e-02 -3.013346304207979998e-01
1.442000000000000000e+03 1.738206609331154340e-01 5.173983917676849842e-02 -2.091193928828500859e-01
1.443000000000000000e+03 1.738206609331154340e-01 5.173983917676849842e-02 -2.091193928828500859e-01
1.511000000000000000e+03 2.297674437666508140e-01 -7.622974252154079977e-02 -1.916739856643490114e-01
1.598000000000000000e+03 2.297674437666508140e-01 -7.622974252154079977e-02 -1.916739856643490114e-01
1.497000000000000000e+03 1.423232635022912973e-01 7.321006254662165702e-02 -1.969418990597722185e-01
1.486000000000000000e+03 1.421629529136403391e-01 -2.726310291921052453e-02 -1.986824960310000776e-01
1.491000000000000000e+03 1.421629529136403391e-01 -2.726310291921052453e-02 -1.986824960310000776e-01
1.558000000000000000e+03 1.421629529136403391e-01 -2.726310291921052453e-02 -1.986824960310000776e-01
1.557000000000000000e+03 1.743816212226523277e-01 -5.310980140729526511e-02 -1.645148088680743470e-01
1.694000000000000000e+03 1.743816212226523277e-01 -5.310980140729526511e-02 -1.645148088680743470e-01
1.693000000000000000e+03 -1.567322425823007848e-01 8.427707133300188502e-02 -2.695350931396056637e-01
1.398000000000000000e+03 -1.567322425823007848e-01 8.427707133300188502e-02 -2.695350931396056637e-01
1.440000000000000000e+03 -3.909922379895292011e-01 3.781003825568163279e-02 -3.683668712900303177e-01
1.631000000000000000e+03 1.146499543491881212e-01 -5.431315858905350069e-02 -2.875140976699377404e-01
1.589000000000000000e+03 1.146499543491881212e-01 -5.431315858905350069e-02 -2.875140976699377404e-01
1.588000000000000000e+03 5.155598088285273661e-02 -7.291685162694960809e-02 -2.068917504083662706e-01
1.587000000000000000e+03 5.155598088285273661e-02 -7.291685162694960809e-02 -2.068917504083662706e-01
1.650000000000000000e+03 5.155598088285273661e-02 -7.291685162694960809e-02 -2.068917504083662706e-01
1.651000000000000000e+03 1.328293949751397918e-01 -9.567075583714057530e-03 -1.998763513091725841e-01
1.498000000000000000e+03 1.328293949751397918e-01 -9.567075583714057530e-03 -1.998763513091725841e-01
1.569000000000000000e+03 3.269387107053134400e-02 1.493569313573708257e-01 -1.924129392651039439e-01
1.568000000000000000e+03 3.269387107053134400e-02 1.493569313573708257e-01 -1.924129392651039439e-01
1.503000000000000000e+03 3.657592501379109962e-01 2.212934575978273699e-01 -2.466596019484486035e-01
1.460000000000000000e+03 2.440304708290472746e-01 3.339476939260350719e-01 -1.715680741834706424e-01
1.582000000000000000e+03 5.246108871507804139e-01 5.692637445818604647e-03 3.493167802629679741e-01
1.581000000000000000e+03 5.246108871507804139e-01 5.692637445818604647e-03 3.493167802629679741e-01
1.517000000000000000e+03 3.046808558122204857e-01 3.553468748677985900e-01 -5.074803256488582548e-01
1.518000000000000000e+03 -2.793900138202491945e-01 -1.744133031244743393e-02 -4.563647371534882424e-01
1.456000000000000000e+03 -2.793900138202491945e-01 -1.744133031244743393e-02 -4.563647371534882424e-01
1.457000000000000000e+03 -1.130421492844254416e+00 -4.708860518325685973e-01 8.417424629306227146e-01
1.417000000000000000e+03 -1.130421492844254416e+00 -4.708860518325685973e-01 8.417424629306227146e-01
1.461000000000000000e+03 8.040516011151908060e-01 -3.789597140441571810e-01 2.042577104772842489e-01
1.416000000000000000e+03 9.337084944992817270e-01 -8.536225278330320521e-01 3.370829055360298199e-01
1.768000000000000000e+03 -6.736165715797781672e-02 -1.924185152763683959e+00 5.652055250571930145e-02
1.767000000000000000e+03 7.314117972304483573e-01 -6.872550914073194406e-01 -2.418870144441864767e-01
1.762000000000000000e+03 7.314117972304483573e-01 -6.872550914073194406e-01 -2.418870144441864767e-01
1.761000000000000000e+03 -3.322405608115293063e-01 -7.836184499190821384e-01 -3.836610133026319147e-02
1.405000000000000000e+03 -3.322405608115293063e-01 -7.836184499190821384e-01 -3.836610133026319147e-02
1.611000000000000000e+03 4.815914470963740257e-01 -4.123837442577169554e-01 5.132109890523128826e-02
