# star id 	 star_x_coords [pc] 	 star_y_coords [pc] 	 star_z_coords [pc] 
2.421800000000000000e+04 -1.082651257393877131e+00 1.981977987595513468e-01 -1.621782884622717802e-01
2.442300000000000000e+04 8.861307922869343656e-02 2.436631066338748042e-01 -6.954464724275126741e-01
2.416400000000000000e+04 8.861307922869343656e-02 2.436631066338748042e-01 -6.954464724275126741e-01
2.416500000000000000e+04 -1.562167209479383700e-01 7.194584673301775979e-01 -5.079421019026444384e-01
2.452100000000000000e+04 2.377111410321077756e-01 7.598361219534410793e-02 7.032576966067871638e-02
2.609900000000000000e+04 2.377111410321077756e-01 7.598361219534410793e-02 7.032576966067871638e-02
2.610000000000000000e+04 2.377111410321077756e-01 7.598361219534410793e-02 7.032576966067871638e-02
2.610100000000000000e+04 2.377111410321077756e-01 7.598361219534410793e-02 7.032576966067871638e-02
2.610200000000000000e+04 3.088954550663345344e-01 -9.449538553181753286e-01 6.837155770903322605e-01
2.690200000000000000e+04 -1.583473458969990588e-01 -8.340921488311110465e-01 1.094821589838069542e+00
