# star id 	 star_x_coords [pc] 	 star_y_coords [pc] 	 star_z_coords [pc] 
3.857100000000000000e+04 1.507943415309043189e-02 -4.452737140928668680e-01 -8.184414663409960156e-01
7.028000000000000000e+03 -8.301319568300513652e-01 -6.907755420841628080e-01 -5.411386853017425835e-01
3.857200000000000000e+04 -1.204846445940777500e+00 -2.930789866828575896e-01 1.020913769378353209e-01
3.857000000000000000e+04 -3.967393802435630334e-01 -2.908163225417634834e-01 8.604487335397870140e-01
3.856900000000000000e+04 -1.879611364538263274e+00 -4.042108088632119234e-01 1.102400400091987365e+00
2.169600000000000000e+04 9.134521181160089043e-01 -5.033760952976145120e-01 -6.610498641742168502e-02
1.004000000000000000e+04 -2.322155915722586172e+00 -6.987898285936893217e-01 1.735843519562873638e+00
2.818300000000000000e+04 -1.987944585624674687e-01 -5.357446479590102228e-01 -1.784366865752577525e+00
6.601000000000000000e+03 9.024006200083825036e-01 -4.565915251543213316e-01 -1.326599760869910938e+00
3.793700000000000000e+04 -9.982120318612750509e-01 1.803556886009616278e-02 -1.328919800719479127e+00
3.440000000000000000e+04 1.015840656431169720e+00 5.976123824641259574e-01 -1.909943520890564628e-01
3.793800000000000000e+04 1.015840656431169720e+00 5.976123824641259574e-01 -1.909943520890564628e-01
1.526800000000000000e+04 1.015840656431169720e+00 5.976123824641259574e-01 -1.909943520890564628e-01
2.826300000000000000e+04 1.015840656431169720e+00 5.976123824641259574e-01 -1.909943520890564628e-01
9.947000000000000000e+03 1.015840656431169720e+00 5.976123824641259574e-01 -1.909943520890564628e-01
3.291800000000000000e+04 1.015840656431169720e+00 5.976123824641259574e-01 -1.909943520890564628e-01
3.416000000000000000e+04 1.454700715434977809e+00 1.658294810849856304e-01 8.321913029985203991e-01
3.856700000000000000e+04 1.454700715434977809e+00 1.658294810849856304e-01 8.321913029985203991e-01
3.856800000000000000e+04 -3.004885971862751859e+00 3.832886560272950049e-01 1.546371040471480995e+00
