# star id 	 star_x_coords [pc] 	 star_y_coords [pc] 	 star_z_coords [pc] 
3.197600000000000000e+04 -2.696834608546438972e-02 -2.970760846390909649e-01 3.611297793270011880e-01
3.200800000000000000e+04 -8.560685554163516287e-02 -2.931729640474074472e-01 5.435124551635652779e-01
3.208800000000000000e+04 3.695074010050163338e-01 -1.017495887869337423e-01 2.223903926966386280e-01
3.210600000000000000e+04 -2.608661569932522184e-01 3.626733574559395379e-01 4.962834160362206148e-02
3.210700000000000000e+04 4.769342438652302008e-02 1.224732564676020985e-01 3.550293085066300591e-01
3.188700000000000000e+04 2.083438005657587411e-01 6.297342966795298480e-01 1.451405709986772763e-01
3.208700000000000000e+04 2.440729692021923469e-01 3.559987410946092723e-01 1.614905260972818724e-01
3.192300000000000000e+04 1.825493182202233555e-01 3.636210836708073657e-01 4.545676999721735001e-01
3.192200000000000000e+04 7.646615257066446958e-02 5.093963992086152359e-01 7.710163261609181973e-02
3.197800000000000000e+04 1.312278082326594486e-01 1.925876696519601694e-01 3.950697398182683173e-01
3.202700000000000000e+04 6.405098209079174154e-02 2.565781298081688533e-01 3.462608744404036543e-01
3.207800000000000000e+04 4.624949521875718617e-01 -8.644632944381847039e-02 -4.698237055396106143e-01
3.191500000000000000e+04 5.123679128657459003e-01 -9.943399301007183055e-02 -3.143269831445536511e-01
3.194500000000000000e+04 3.424380030198372893e-01 -5.214322832103590599e-02 -3.883523669270516621e-02
3.191400000000000000e+04 3.424380030198372893e-01 -5.214322832103590599e-02 -3.883523669270516621e-02
3.194100000000000000e+04 3.496429011265957953e-01 2.833274077717131689e-01 -3.326672084304505006e-02
3.200900000000000000e+04 -1.760520807700318713e-01 -8.672387397977487922e-02 -6.143306955370775313e-01
3.194200000000000000e+04 -1.760520807700318713e-01 -8.672387397977487922e-02 -6.143306955370775313e-01
3.201500000000000000e+04 -2.555404289200993162e-01 5.140159777314678990e-02 -5.763953136259800658e-01
3.201600000000000000e+04 -2.240061191679494357e-01 -1.608331227973458510e-01 -5.297998668557397650e-01
3.193900000000000000e+04 -2.413275860993131516e-01 -2.271241899025504551e-01 1.089796789499644092e-01
3.211200000000000000e+04 -1.064817232038981487e-01 -3.308085247046914645e-01 1.655236831644515405e-01
3.205400000000000000e+04 -1.572297899108336949e-01 -4.232726267543718279e-02 4.848301442314095766e-02
3.193800000000000000e+04 -1.572297899108336949e-01 -4.232726267543718279e-02 4.848301442314095766e-02
3.200500000000000000e+04 -1.372056839536304196e-01 -8.459091978775212795e-02 1.213661708636948333e-01
3.203700000000000000e+04 -9.968977941235301898e-02 5.879341044673758176e-02 1.544019644738341412e-01
3.204600000000000000e+04 -7.044398831895026802e-02 -2.002622218984306812e-01 1.297522137941342635e-01
3.191300000000000000e+04 -3.318663941512234317e-02 -9.310173289847867295e-02 1.491307731860587182e-01
3.206900000000000000e+04 -1.167958732750982165e-01 -2.508416599886231779e-02 1.694869596758508123e-01
3.201700000000000000e+04 -1.261162271666194101e-02 -1.696020855964590623e-01 1.828021881171792984e-01
3.189300000000000000e+04 -1.510541367452660211e-01 6.628373649408736412e-02 4.853452630956667235e-02
3.204500000000000000e+04 -3.441092389946183161e-01 1.118889864690189029e-01 3.959325811445069121e-02
3.192700000000000000e+04 -3.266875128981823195e-01 2.012481743769125586e-01 1.038968106934987645e-01
3.208200000000000000e+04 3.067218694499365128e-01 1.079575501413145844e-01 5.803264356559623138e-02
3.194400000000000000e+04 -1.371387481061097091e-01 8.228704421944854630e-02 1.189434347696050054e-01
3.198700000000000000e+04 -1.371387481061097091e-01 8.228704421944854630e-02 1.189434347696050054e-01
3.207900000000000000e+04 -1.371387481061097091e-01 8.228704421944854630e-02 1.189434347696050054e-01
3.210000000000000000e+04 1.719868598333320620e-01 -1.867946606454218283e-02 1.803795482519490179e-01
3.204300000000000000e+04 8.194627353733263675e-02 5.084622790226767108e-02 1.434843719067941947e-01
3.207600000000000000e+04 8.380169712817941985e-02 4.032255648064975162e-03 2.360932712071814876e-01
3.212200000000000000e+04 1.984610620832745198e-01 3.603923997607694218e-02 2.924097328204027235e-01
3.198900000000000000e+04 1.984610620832745198e-01 3.603923997607694218e-02 2.924097328204027235e-01
3.199100000000000000e+04 1.841207733415011205e-01 -2.308549677635483022e-01 -2.041118812415732009e-01
3.206700000000000000e+04 -7.553666166509920288e-02 -2.714898441727449097e-01 -1.022899768583727109e-01
3.199200000000000000e+04 -1.913443639761007731e-01 -4.304837557105116730e-01 -2.209862228848749055e-01
3.209400000000000000e+04 -2.622922231923014991e-01 -6.386969517008367347e-02 -4.676691324492310287e-02
3.209500000000000000e+04 -3.908244883275209247e-01 -6.489436319332142489e-02 -3.923744071947510292e-02
3.192800000000000000e+04 1.473804463196453085e-01 -1.548394005428335163e-01 -4.231427775626173116e-02
3.208100000000000000e+04 1.473804463196453085e-01 -1.548394005428335163e-01 -4.231427775626173116e-02
3.204100000000000000e+04 8.382388287557152040e-02 -1.749392785756427315e-01 -1.299758826417587443e-01
3.209600000000000000e+04 2.643500915903080895e-01 -9.493075349906021643e-02 -2.819948188849252801e-02
3.210200000000000000e+04 2.133665121137493514e-01 -6.755684323468535979e-02 -2.615144808665093024e-02
3.189800000000000000e+04 1.922598922320375436e-01 4.423752620570553518e-02 6.265921035719657084e-03
3.204700000000000000e+04 8.628624054487943340e-02 -1.353077610188364588e-01 3.583024701114823074e-03
3.208500000000000000e+04 6.466484727627541673e-02 -1.113043214768669742e-01 -6.474290836460738774e-02
3.208600000000000000e+04 6.466484727627541673e-02 -1.113043214768669742e-01 -6.474290836460738774e-02
3.208400000000000000e+04 5.664839388840103851e-02 5.120099494488883352e-03 -1.351253207605793705e-01
3.209300000000000000e+04 5.664839388840103851e-02 5.120099494488883352e-03 -1.351253207605793705e-01
3.199700000000000000e+04 5.664839388840103851e-02 5.120099494488883352e-03 -1.351253207605793705e-01
3.194300000000000000e+04 3.115675361991883108e-01 -1.071003661291314302e-03 3.087421837392412272e-02
3.206000000000000000e+04 5.455587316972909662e-02 -9.545404945002644581e-02 -1.482706876508359528e-01
3.190400000000000000e+04 -1.989457257690032677e-01 -6.575546976360158169e-02 -7.291189159219868543e-02
3.212000000000000000e+04 -2.546975908421078572e-02 2.784965141549378131e-02 -1.386782172101845845e-01
3.193500000000000000e+04 -9.583482740717741422e-03 -1.502812801843411705e-02 -1.211809614507330934e-01
3.191200000000000000e+04 -1.428941482867527313e-01 2.817315864036729067e-02 -1.030545540520648728e-01
3.193200000000000000e+04 1.064392718804185733e-02 -9.870591163188890960e-03 -1.694051770853377548e-02
3.206300000000000000e+04 -1.723133477271376890e-01 -3.611507840144412285e-03 3.025630869160522707e-03
3.195900000000000000e+04 -1.723133477271376890e-01 -3.611507840144412285e-03 3.025630869160522707e-03
3.202100000000000000e+04 -2.258115274151641927e-01 -6.159211715413270838e-02 -3.653638342262865990e-02
3.203500000000000000e+04 7.625732648239491596e-02 1.726711725360949856e-01 -1.822123113764178015e-01
3.191600000000000000e+04 7.664566619175872120e-02 2.788154632298862623e-01 1.405632074043694502e-02
3.204800000000000000e+04 -1.373206579791563797e-02 1.078497293861513384e-01 -1.419469267033974802e-01
3.206100000000000000e+04 -1.743627892046877292e-01 1.109519626910842049e-01 -4.995934216722730525e-03
3.201300000000000000e+04 -1.743627892046877292e-01 1.109519626910842049e-01 -4.995934216722730525e-03
3.202000000000000000e+04 -1.481158776782871556e-01 1.843590915767450156e-01 2.470163085996546215e-02
3.199600000000000000e+04 -3.205430536580200496e-01 -3.382541776875829242e-01 -3.419602775084911173e-01
3.193000000000000000e+04 -2.535786416788283759e-01 8.221542286785954445e-02 -2.660888839920119153e-01
