# star id 	 star_x_coords [pc] 	 star_y_coords [pc] 	 star_z_coords [pc] 
3.218600000000000000e+04 1.034787679852172460e+00 5.072856438042503413e-01 1.947397239843709826e+00
3.239900000000000000e+04 -2.864108210655729181e-01 -3.415181644769216263e-01 -4.404897103644174194e-01
3.241400000000000000e+04 -2.864108210655729181e-01 -3.415181644769216263e-01 -4.404897103644174194e-01
3.235100000000000000e+04 -1.095939528350228898e+00 -1.394991092974239955e+00 3.648979823673528244e-01
3.235200000000000000e+04 -1.676915405676879800e-01 -8.635773875769707786e-01 -2.883140783409032792e-01
3.244700000000000000e+04 -1.598704108645563338e-01 -1.302501856849529460e+00 -2.574984850347021847e-01
3.239800000000000000e+04 -1.654934407123960227e-01 -6.304639243439069674e-02 -5.638049741677662041e-01
3.218400000000000000e+04 -8.716791770517460236e-01 -8.028600702537733724e-01 5.299051518539812378e-01
3.241000000000000000e+04 -1.676471316007877022e-01 -8.727135230877705041e-01 5.944398801606212146e-01
3.240600000000000000e+04 -2.658606329880939256e-01 4.989369307771660544e-01 -5.715492864283646668e-01
3.218500000000000000e+04 3.273358258827556710e-01 -1.505239396376123473e+00 9.245161498393201782e-01
3.246400000000000000e+04 3.273358258827556710e-01 -1.505239396376123473e+00 9.245161498393201782e-01
3.233700000000000000e+04 -7.253243056209726092e-01 -6.592387125014376181e-02 8.293872380926927690e-01
3.245900000000000000e+04 -7.969693875916590287e-01 2.623572769665329929e-01 4.317190483542105994e-01
3.245800000000000000e+04 -5.061071738329872005e-01 -1.291153550756796164e-02 3.497207088045968248e-01
3.253700000000000000e+04 -5.061071738329872005e-01 -1.291153550756796164e-02 3.497207088045968248e-01
3.218700000000000000e+04 -4.781315967998267524e-01 1.320615643333471922e+00 -2.556689054569147856e-01
3.257400000000000000e+04 5.305857179578339355e-01 1.592594401123603731e+00 -7.218514358975056666e-01
3.235800000000000000e+04 5.305857179578339355e-01 1.592594401123603731e+00 -7.218514358975056666e-01
3.252900000000000000e+04 1.242689243017451872e-01 1.088015518461999065e+00 -2.506269827289884233e-01
3.246200000000000000e+04 8.227375866505468593e-01 1.160650313993883742e+00 -4.350000188868676787e-01
3.229600000000000000e+04 4.075040848249358305e-01 4.326015819384050332e-01 8.775229684159313592e-01
3.225500000000000000e+04 2.923986204471162864e-01 -1.517370091557701528e-02 1.144667438677117843e+00
3.225600000000000000e+04 -4.852075962307793588e-01 -7.400726371108863333e-01 -1.018483840105787408e+00
3.239700000000000000e+04 7.924715169220917232e-01 -1.060839265039236423e+00 -1.060149316403183661e+00
3.248000000000000000e+04 6.679998323805165228e-01 -1.512119369496694787e+00 -1.094468283958775601e+00
3.255900000000000000e+04 -7.972692126713809557e-03 2.357454882851559574e-01 2.195790607491971969e-01
3.238300000000000000e+04 8.242900415538656489e-03 8.588533828387490132e-02 2.746910322068458754e-01
3.235400000000000000e+04 5.432131491772906884e-03 -2.947595847569495220e-02 5.185236259440699769e-01
3.242800000000000000e+04 2.739191988760580898e-02 -5.273268759925286986e-02 -2.780735307149484470e-02
3.222100000000000000e+04 2.739191988760580898e-02 -5.273268759925286986e-02 -2.780735307149484470e-02
3.222200000000000000e+04 -2.003271983048193761e-02 -2.401671726572001120e-01 -2.914126494188451488e-02
3.222300000000000000e+04 7.838433323301785549e-02 -1.668840687133723577e-01 -1.143034319794367093e-02
3.249900000000000000e+04 7.838433323301785549e-02 -1.668840687133723577e-01 -1.143034319794367093e-02
3.250000000000000000e+04 2.867090058526855501e-02 -1.270073151722961313e-01 1.298239638565235055e-02
3.230700000000000000e+04 -2.668617941085926759e-02 -2.222214638185651125e-01 9.614503232555193790e-03
3.230800000000000000e+04 -1.133500175736656956e-01 -1.626260463796906919e-01 -3.252592989402103285e-02
3.230900000000000000e+04 -1.133500175736656956e-01 -1.626260463796906919e-01 -3.252592989402103285e-02
3.228600000000000000e+04 -1.133500175736656956e-01 -1.626260463796906919e-01 -3.252592989402103285e-02
3.228700000000000000e+04 -1.133500175736656956e-01 -1.626260463796906919e-01 -3.252592989402103285e-02
3.228800000000000000e+04 -1.123162560086825579e-01 -9.397528350932837782e-02 2.716528546042695780e-02
3.233200000000000000e+04 -1.762492142123051053e-02 -6.378929564882618308e-02 6.423654474959050731e-02
3.233300000000000000e+04 -1.762492142123051053e-02 -6.378929564882618308e-02 6.423654474959050731e-02
3.242700000000000000e+04 5.277020251099884263e-02 -2.958609238458755897e-01 1.815994073129019171e-01
3.225800000000000000e+04 5.124777889925269392e-02 1.849528007571894506e-01 -7.174968600445197353e-02
3.238700000000000000e+04 5.124777889925269392e-02 1.849528007571894506e-01 -7.174968600445197353e-02
3.238800000000000000e+04 4.760902918707188292e-02 5.211620682945827809e-02 -6.163411723171918766e-02
3.247600000000000000e+04 4.760902918707188292e-02 5.211620682945827809e-02 -6.163411723171918766e-02
3.247700000000000000e+04 4.760902918707188292e-02 5.211620682945827809e-02 -6.163411723171918766e-02
3.243300000000000000e+04 3.883293788641140054e-02 8.352240259868892736e-02 -6.018283807645730121e-02
3.243200000000000000e+04 3.883293788641140054e-02 8.352240259868892736e-02 -6.018283807645730121e-02
3.232200000000000000e+04 3.883293788641140054e-02 8.352240259868892736e-02 -6.018283807645730121e-02
3.232300000000000000e+04 8.391746284137013845e-02 1.592121850031915642e-01 1.290141138042599778e-02
3.259400000000000000e+04 8.391746284137013845e-02 1.592121850031915642e-01 1.290141138042599778e-02
3.237900000000000000e+04 -8.084149242340288311e-02 -1.531549113337327128e-02 3.837149185291366393e-02
3.238000000000000000e+04 -8.084149242340288311e-02 -1.531549113337327128e-02 3.837149185291366393e-02
3.243500000000000000e+04 -8.084149242340288311e-02 -1.531549113337327128e-02 3.837149185291366393e-02
3.238400000000000000e+04 -1.530562875316832105e-03 -2.187302527928380869e-02 7.341379824757154893e-02
3.243600000000000000e+04 -1.530562875316832105e-03 -2.187302527928380869e-02 7.341379824757154893e-02
3.225900000000000000e+04 -1.530562875316832105e-03 -2.187302527928380869e-02 7.341379824757154893e-02
3.247500000000000000e+04 -5.993917126814096719e-02 -3.341712727916856807e-02 -1.793343961382731777e-02
3.242600000000000000e+04 -5.993917126814096719e-02 -3.341712727916856807e-02 -1.793343961382731777e-02
3.255300000000000000e+04 7.329114586545415477e-02 1.162952808442589969e-01 1.497810835965367460e-01
3.225300000000000000e+04 7.329114586545415477e-02 1.162952808442589969e-01 1.497810835965367460e-01
3.252000000000000000e+04 7.114766728570032228e-02 2.001515795870290049e-02 1.553992954477507737e-01
3.241300000000000000e+04 7.114766728570032228e-02 2.001515795870290049e-02 1.553992954477507737e-01
3.247400000000000000e+04 -5.935663109261213322e-02 9.797285579383441245e-02 1.936400611901376578e-01
3.236000000000000000e+04 -5.935663109261213322e-02 9.797285579383441245e-02 1.936400611901376578e-01
3.254700000000000000e+04 1.368261187165273896e-01 8.600808237244272902e-02 3.683560901541227395e-02
3.245600000000000000e+04 1.368261187165273896e-01 8.600808237244272902e-02 3.683560901541227395e-02
3.237800000000000000e+04 1.501622677182439247e-01 7.736818796638722517e-02 5.745128198638838057e-02
3.254800000000000000e+04 1.501622677182439247e-01 7.736818796638722517e-02 5.745128198638838057e-02
3.237700000000000000e+04 3.003795418344452628e-01 2.338911356081272430e-01 -9.777141118711085710e-02
3.265200000000000000e+04 2.273686834427337544e-01 3.902125646758491939e-02 -2.373269112098341793e-03
3.239100000000000000e+04 2.273686834427337544e-01 3.902125646758491939e-02 -2.373269112098341793e-03
3.239000000000000000e+04 -2.854331240449283769e-01 4.695035728757819271e-01 -1.753525587277238174e-02
3.229700000000000000e+04 -2.854331240449283769e-01 4.695035728757819271e-01 -1.753525587277238174e-02
3.255400000000000000e+04 -3.995247419830576519e-01 2.808231584427804961e-01 -7.744102979776812390e-02
3.247200000000000000e+04 2.471889898236412364e-01 3.691959263811526171e-01 4.866540820624720709e-02
3.234800000000000000e+04 -2.076407292199178301e-01 -5.868513669534358712e-02 -1.230037331119575583e-01
3.226000000000000000e+04 -2.076407292199178301e-01 -5.868513669534358712e-02 -1.230037331119575583e-01
3.236300000000000000e+04 -3.018657607940156140e-02 -9.470164603448516516e-02 -1.497698961129145800e-01
3.227900000000000000e+04 2.602696201342524773e-01 -7.153698088640858543e-02 -1.540913936772767556e-01
3.226100000000000000e+04 2.602696201342524773e-01 -7.153698088640858543e-02 -1.540913936772767556e-01
3.248500000000000000e+04 -4.342781979782728285e-02 1.947061610001767917e-01 -2.915594850694702700e-01
3.237100000000000000e+04 1.081109204026802217e-01 2.433452069548387442e-01 -2.105672769203295047e-01
3.234700000000000000e+04 1.081109204026802217e-01 2.433452069548387442e-01 -2.105672769203295047e-01
3.251100000000000000e+04 -4.643029397971076833e-02 5.471278894257913805e-02 -1.087608690105668074e-01
3.254300000000000000e+04 3.850568296166869686e-01 -2.826986577093748565e-02 -2.052907561875230158e-01
3.235000000000000000e+04 3.850568296166869686e-01 -2.826986577093748565e-02 -2.052907561875230158e-01
3.234900000000000000e+04 -5.929879791659686816e-02 4.735465723767440238e-01 -2.476034997356890699e-01
3.239200000000000000e+04 -1.489923208098531404e-01 5.321365065146377304e-01 -3.995127552862385301e-01
3.240300000000000000e+04 -1.489923208098531404e-01 5.321365065146377304e-01 -3.995127552862385301e-01
3.240400000000000000e+04 -9.715472563144089690e-02 3.865307493732323962e-01 -1.366389276443555900e-01
