# star id 	 star_x_coords [pc] 	 star_y_coords [pc] 	 star_z_coords [pc] 
1.969000000000000000e+03 -7.702266907466537305e-01 2.139575921750136445e-01 5.711697367958663563e-01
2.033000000000000000e+03 -2.698137726802656289e-01 -5.367141845362191077e-01 -6.661047442426593079e-02
2.148000000000000000e+03 -3.777482525136832692e-01 -3.966311880790414079e-01 4.991307055693994243e-02
1.938000000000000000e+03 -3.392119773626234291e-01 -5.467780578271188574e-01 1.781635404241015408e-01
2.273000000000000000e+03 -3.788205207807067154e-01 -1.668904279388527812e-01 -4.793411446884476845e-02
2.010000000000000000e+03 -3.903940855084329087e-01 -2.237160991251840869e-02 1.745021736649121635e-01
2.288000000000000000e+03 5.581995781229949216e-01 -1.975027558607322931e-01 -2.124944286159120566e-01
2.069000000000000000e+03 -6.331548488771261418e-01 -4.956545013730178084e-01 4.460720069791079823e-01
2.019000000000000000e+03 -4.640770372366915808e-01 2.280100044829183048e-01 2.867632368819670319e-01
2.172000000000000000e+03 -5.194274538509517924e-01 3.830922114707888682e-01 3.127252692334252515e-01
1.926000000000000000e+03 -3.956129929306655413e-01 5.207479405610477841e-01 4.202373338501459443e-01
1.961000000000000000e+03 -1.437836211565581834e-01 -4.613738275130501165e-01 7.030593989124866994e-01
2.076000000000000000e+03 -1.981471617141465913e-01 3.337593540179355500e-01 4.396234225591371114e-01
2.035000000000000000e+03 3.176918116352567267e-02 2.725985937481709698e-01 4.915988026263349298e-01
2.002000000000000000e+03 -5.149419095115774780e-01 -1.605755782512794383e-01 2.739841897522410363e-01
2.054000000000000000e+03 -2.831501649630041584e-01 -3.050281462312085523e-01 2.227868272387709681e-01
1.965000000000000000e+03 -2.689933603891603298e-01 -3.035069801833003567e-01 2.455392955501665142e-01
2.180000000000000000e+03 -5.223106719153349786e-01 -3.472089747817044270e-01 7.153929271275671908e-01
2.062000000000000000e+03 -5.380472219971039749e-01 -2.583566082029307154e-01 7.202625769208523820e-01
2.082000000000000000e+03 2.308298247852746954e-02 -2.874870045943005437e-01 5.910703306941869073e-01
1.948000000000000000e+03 9.888857251409888249e-02 -2.398298552507363013e-01 3.491225435440625802e-01
1.989000000000000000e+03 1.970555365683424043e-02 -9.494920848626620113e-02 3.042865967685983719e-01
1.959000000000000000e+03 -1.559818334791884809e-01 7.141734507020451872e-01 3.675543909573093515e-01
1.939000000000000000e+03 -4.670047790975644375e-01 2.980615043189231983e-01 -1.487735475988856138e-01
2.170000000000000000e+03 -2.473201747590962896e-01 2.060847026949126359e-01 -7.786435220296539228e-02
1.990000000000000000e+03 -4.440507845163210732e-01 3.210025280673711734e-01 2.099331066984504446e-01
2.047000000000000000e+03 5.661009585859204662e-01 3.507915165919186506e-01 -2.295656063609996522e-01
2.005000000000000000e+03 -5.518826198536856964e-01 2.067064042824782177e-01 7.293701736624598198e-01
1.935000000000000000e+03 3.199364708831353710e-02 5.666458656957580331e-01 5.171488574809757210e-02
2.181000000000000000e+03 -1.715500954876461037e-01 3.769048267119501361e-01 -1.192287819293369466e-02
2.039000000000000000e+03 -2.604654872556864120e-01 -3.707392118987975493e-01 8.767679163995936165e-01
2.051000000000000000e+03 -5.110202557118270761e-01 -2.028464913892982224e-01 8.009392987372336847e-01
1.956000000000000000e+03 9.702873836269532148e-02 -1.237515361002010650e-01 8.206283616081080368e-01
1.991000000000000000e+03 1.693196564702930118e-01 -3.248324480420237137e-01 -2.004139189120692777e-01
1.968000000000000000e+03 2.451640371970285059e-01 -1.739609321259401042e-01 -1.502378051854904584e-01
2.049000000000000000e+03 1.670316158934923578e-01 -2.255092848707000996e-01 -1.281962143955155398e-01
2.160000000000000000e+03 1.670316158934923578e-01 -2.255092848707000996e-01 -1.281962143955155398e-01
2.074000000000000000e+03 -2.992700885741328420e-03 8.344869838035506859e-02 -2.749760287679521298e-01
1.940000000000000000e+03 -1.103243947155050364e-01 2.001683410081511738e-02 -7.511989843470701089e-02
1.997000000000000000e+03 -6.066103864169747339e-02 2.858086623669819915e-02 -6.616969898979618847e-02
2.048000000000000000e+03 4.182150517226546071e-02 6.409341472160434705e-03 -1.221081886053312360e-01
1.928000000000000000e+03 4.736851100702210715e-02 -8.239508137480910932e-02 -2.238887661908890436e-01
1.929000000000000000e+03 5.036791120039652014e-02 -7.790812178517825259e-02 -7.741060383558107105e-02
1.937000000000000000e+03 5.036791120039652014e-02 -7.790812178517825259e-02 -7.741060383558107105e-02
2.001000000000000000e+03 5.142950197009099611e-02 -4.498967495202776945e-02 -2.400385978165218148e-01
2.031000000000000000e+03 1.358735002679054560e-01 -1.118040554870773917e-01 -1.757077682061236601e-01
2.147000000000000000e+03 9.046730844416117634e-02 -9.980541098787654164e-03 -2.567875152605907374e-01
2.014000000000000000e+03 1.023964468072335876e-01 1.791947148643657783e-02 -1.693293584977055843e-01
2.070000000000000000e+03 1.023964468072335876e-01 1.791947148643657783e-02 -1.693293584977055843e-01
2.078000000000000000e+03 1.113884534214975019e-01 5.732746608980932024e-03 -2.207558634455040192e-01
2.159000000000000000e+03 1.194617869075216277e-01 4.379227629836890401e-03 -2.434754421809302016e-01
1.964000000000000000e+03 1.106008266335294365e-01 -5.093554521243959243e-02 -1.852886531025745853e-01
1.995000000000000000e+03 1.975094586386489937e-01 9.080391238125429254e-03 -2.643377678174232415e-01
2.006000000000000000e+03 1.694423559842164195e-01 -2.552787933806044407e-02 -2.103814296446344656e-01
2.158000000000000000e+03 9.200932335684797181e-02 3.766748670600961191e-02 -2.164084816000553246e-01
1.932000000000000000e+03 2.275850804932417759e-01 -2.889483931067360345e-03 -1.403839022965200911e-01
2.021000000000000000e+03 9.320282921811440247e-02 5.248255925796030397e-03 -2.143825407042072584e-01
1.993000000000000000e+03 8.234196818635552972e-02 4.516069125995869626e-02 -1.124551334128014446e-01
1.994000000000000000e+03 8.234196818635552972e-02 4.516069125995869626e-02 -1.124551334128014446e-01
2.060000000000000000e+03 6.735136163051436142e-02 8.509058092247556715e-03 -1.478947971286856955e-01
2.058000000000000000e+03 5.878836298902001545e-02 1.113380962386187889e-01 -1.246890487775758061e-01
2.231000000000000000e+03 5.878836298902001545e-02 1.113380962386187889e-01 -1.246890487775758061e-01
2.232000000000000000e+03 1.574187414409067287e-01 -9.148209690078346057e-02 -9.627715055774643815e-02
1.982000000000000000e+03 5.139576021045400012e-02 -8.341460362638031256e-02 -2.443391571630613157e-01
2.068000000000000000e+03 4.824562361382334075e-02 2.229785232951186913e-02 -9.262481153177759552e-02
2.052000000000000000e+03 1.710013139976496177e-01 -1.236526998290869983e-01 -7.133929129923188839e-02
1.992000000000000000e+03 2.409220338832085417e-02 -8.073619432571987886e-02 -9.190199340507376746e-02
2.071000000000000000e+03 -4.315603556520386519e-03 -1.479368460092693738e-01 4.094862690401868122e-02
2.080000000000000000e+03 -4.699565268623473457e-03 -2.869156710176667957e-02 -2.633810489719934367e-02
1.942000000000000000e+03 -9.622285770603866695e-02 2.212208151424732705e-02 9.924090847997746323e-02
2.008000000000000000e+03 -1.980247805782653359e-02 1.924023226404258935e-02 1.874801601783602223e-01
2.011000000000000000e+03 5.936840324918080114e-02 1.002394640269343995e-02 -3.318991536374937823e-03
2.012000000000000000e+03 7.716559574311077085e-02 -2.799789519659512393e-02 4.508612001902179145e-02
2.072000000000000000e+03 1.533212671229478019e-01 -4.480216957699312275e-02 2.852831712983316947e-02
2.075000000000000000e+03 1.533212671229478019e-01 -4.480216957699312275e-02 2.852831712983316947e-02
1.930000000000000000e+03 1.567025965750303840e-01 8.617060078327298811e-02 1.613139038310507090e-01
2.000000000000000000e+03 -1.201674162543042712e-02 1.891754664482583337e-01 -1.645476236304617146e-01
2.004000000000000000e+03 4.822249074747730901e-02 1.676041230668587900e-01 -1.913582741056742975e-01
2.281000000000000000e+03 1.564518963673862118e-01 2.933947899787199276e-01 -2.697941836348007882e-01
1.980000000000000000e+03 9.519919500043272365e-02 1.361460303897530366e-01 -1.701168504110341928e-01
2.077000000000000000e+03 1.269225499119670530e-01 1.436762505633701892e-01 -9.634478201907370476e-02
2.099000000000000000e+03 1.269225499119670530e-01 1.436762505633701892e-01 -9.634478201907370476e-02
2.100000000000000000e+03 1.344157525991391822e-01 3.111760443979285640e-01 -5.644113127043937084e-02
2.038000000000000000e+03 2.163100813003353551e-01 2.993204563457858569e-01 -3.667884150773659258e-02
1.952000000000000000e+03 -1.213350487281559253e-01 3.538038094467950145e-01 8.628725890399380205e-02
1.953000000000000000e+03 5.105572305944861000e-02 2.448221207265000032e-01 4.284962745357745462e-02
1.933000000000000000e+03 4.124114098889606339e-01 -2.412045000776785741e-01 -2.383401154954043477e-01
2.030000000000000000e+03 3.758501361916728456e-01 -2.301301794045507165e-01 -8.048211085461787206e-02
2.175000000000000000e+03 3.348516035070048247e-01 8.303191799388542904e-03 -6.818365727788489039e-02
2.063000000000000000e+03 3.181718650823484040e-01 -2.518781675221148930e-02 -3.204448914566881967e-02
1.999000000000000000e+03 3.181718650823484040e-01 -2.518781675221148930e-02 -3.204448914566881967e-02
1.934000000000000000e+03 2.814568676720057283e-01 -6.413655886827740460e-03 2.877602489406427821e-02
2.029000000000000000e+03 2.873974267187122678e-01 1.668714362239320792e-01 4.307976067976682089e-02
2.009000000000000000e+03 1.217133429626926500e-01 -2.995099627321806679e-01 -4.836636989707940870e-01
1.998000000000000000e+03 1.217133429626926500e-01 -2.995099627321806679e-01 -4.836636989707940870e-01
1.963000000000000000e+03 4.565478178534476683e-02 -1.722960165541103095e-01 -3.079791453688045522e-01
2.163000000000000000e+03 -9.343224577811781728e-02 1.128031257374786378e-01 -3.451836238237433463e-01
2.018000000000000000e+03 1.077346130401792834e-01 1.082477228719049833e-01 -4.073061139648928020e-01
2.025000000000000000e+03 8.894853723769813314e-02 -5.806864896364771766e-02 -3.029263059553954918e-01
2.174000000000000000e+03 1.887984094191779150e-01 3.746752316179779996e-02 -2.909341839388517315e-01
1.984000000000000000e+03 -6.247141076414663985e-03 2.224228974795785518e-01 -2.810912782327719128e-01
1.945000000000000000e+03 1.509030314561528030e-01 2.186567370974010771e-01 -4.483299494107484406e-01
2.055000000000000000e+03 2.411114021608540270e-01 3.376863381658594676e-01 -3.093782424066873205e-01
2.007000000000000000e+03 3.760543226186428001e-01 -1.600892569599672299e-01 -3.270285830267809501e-01
2.036000000000000000e+03 2.997087265208762119e-01 -2.184361795633087411e-01 -4.063651932892682339e-01
