# star id 	 star_x_coords [pc] 	 star_y_coords [pc] 	 star_z_coords [pc] 
1.437300000000000000e+04 9.505052898071824075e-01 1.530455158066331478e+00 -3.445574261120643911e+00
1.439100000000000000e+04 -2.475069471488673400e+00 -1.478918195971969496e+00 4.040613426975436795e-02
1.440500000000000000e+04 1.192205573756695003e+00 -1.483225292911214410e+00 8.122018970058260123e-01
1.441200000000000000e+04 1.672883842237880003e-01 -7.585960296353153609e-01 4.171138525145936526e-01
1.439400000000000000e+04 -1.015184811222212602e+00 -1.038105679340508125e+00 3.193227958579294423e-01
1.439500000000000000e+04 -1.018862822108012267e+00 -7.976383736011660730e-01 1.588045062316588485e+00
1.444000000000000000e+04 1.590525291810564568e+00 -3.556645742356847606e-01 4.055488646512976914e-01
1.443600000000000000e+04 7.607356319907268016e-01 -4.230076167091212369e-01 1.380326993733401508e+00
1.439700000000000000e+04 6.225637318169461309e-01 1.127983615066002088e+00 8.032373341678322731e-02
1.444100000000000000e+04 -6.216509257375619768e-01 -4.965437174582643109e-01 5.466731849739270288e-01
1.438300000000000000e+04 3.474609915235049584e-02 -4.941929679853256374e-01 3.504130206133471148e-01
1.439600000000000000e+04 -1.214861676597607243e-01 -4.613080870094918851e-01 4.600480717460531110e-02
1.443900000000000000e+04 -5.010944411130111575e-01 -3.886871451978679559e-01 3.008661628721345238e-01
1.442400000000000000e+04 -4.905780645799424633e-01 -1.275405588044051797e-01 4.473784868365795475e-01
1.438600000000000000e+04 1.373204147663926733e-01 -1.175075217464627286e-02 8.558236286512865831e-03
1.445000000000000000e+04 2.911712330938485138e-01 3.293304084964621126e-02 2.523083003809105662e-01
1.441500000000000000e+04 -2.938649103635526671e-02 1.152194433785789229e-01 3.577992874744673202e-02
1.438100000000000000e+04 -3.887726881319508720e-01 6.137173016716861440e-01 1.532410102519303763e-01
1.438000000000000000e+04 7.026849773105681152e-02 6.726622730048426035e-03 5.204370509076738927e-03
1.440200000000000000e+04 -1.109716161470686302e-01 -7.722797891193700082e-02 -1.765659566041311024e-02
1.441400000000000000e+04 -9.336426379684326093e-02 -1.058013144769978098e-01 -1.221097974324090174e-01
1.442600000000000000e+04 4.800743743885362846e-01 1.061911978163426085e+00 1.079794540791866098e+00
1.443400000000000000e+04 -7.605629919051892784e-02 6.666245118141720383e-01 1.190723112233165182e+00
1.437600000000000000e+04 -1.460811118160805222e-01 2.147013266008102050e-02 1.481210612669427107e+00
1.438800000000000000e+04 -1.146544454785342282e+00 1.412155406189556928e+00 1.791601308287789962e+00
1.440300000000000000e+04 -9.330183919496946032e-01 -9.471739248487276441e-01 -3.617408759274720609e-01
1.444400000000000000e+04 -1.618427884065503974e+00 -4.758193369866159372e-01 -4.565267341081042929e-01
1.438200000000000000e+04 -6.372042608501615746e-01 -5.934456475766927142e-01 -8.373534259307362504e-01
1.441800000000000000e+04 4.288745723704820989e-01 1.092234322399857405e+00 -9.193134831586231570e-01
1.439000000000000000e+04 -4.090327451883979393e-02 9.136999566416541541e-01 -6.035855894404598132e-01
1.439300000000000000e+04 4.976428633467264717e-01 8.549391688125531630e-01 -5.402364128555685596e-01
1.439900000000000000e+04 -3.541780508237692970e-01 -4.430778837790647628e-01 -3.418157131300567642e-01
1.440600000000000000e+04 4.855626111451059046e-01 -5.278432417722482839e-01 -3.053762309148266851e-01
1.443800000000000000e+04 4.855626111451059046e-01 -5.278432417722482839e-01 -3.053762309148266851e-01
1.437900000000000000e+04 -1.704731603895695002e-01 8.320978285621247750e-01 -2.508995691117794635e-01
1.438700000000000000e+04 8.991351240022993352e-01 1.362346720510489106e+00 -2.065324145082137797e+00
1.442700000000000000e+04 9.606650848568634160e-01 2.859465870777206931e-01 -9.377137478841772733e-01
1.438400000000000000e+04 1.038702535390562787e+00 6.618893335158997360e-01 -4.643574079420451639e-01
1.444200000000000000e+04 8.957587381195111220e-01 -5.789396069345409401e-01 -7.580862134503156824e-01
