# star id 	 star_x_coords [pc] 	 star_y_coords [pc] 	 star_z_coords [pc] 
1.805200000000000000e+04 -1.170597077269102115e+00 3.046444084046768808e-01 -4.085948647312740434e-01
1.761300000000000000e+04 -3.101687230728238376e-01 -7.812683673994840206e-01 -2.357710986934968389e+00
1.761200000000000000e+04 9.500909198631291019e-02 -1.108164547353460705e+00 -1.869189246297136009e+00
1.768400000000000000e+04 -4.528217254981861117e-01 -7.614269444113048735e-01 -9.196292132910066641e-01
1.832000000000000000e+04 1.387507743016932693e+00 2.260093735176482710e-01 1.175286156691157657e-03
1.805300000000000000e+04 7.040346355947413315e-01 1.500842649878180168e-01 7.654255455364022964e-02
1.758200000000000000e+04 7.040346355947413315e-01 1.500842649878180168e-01 7.654255455364022964e-02
1.759300000000000000e+04 -8.179134715172722281e-01 6.507467797808104137e-01 4.549170734054506227e-01
1.765500000000000000e+04 8.012084940005479439e-01 7.202355618041167418e-03 1.417371974380355226e+00
1.766900000000000000e+04 -4.701468020185455288e-01 5.810442033428842024e-01 1.764287433785984405e+00
1.758900000000000000e+04 -4.701468020185455288e-01 5.810442033428842024e-01 1.764287433785984405e+00
