# star id 	 star_x_coords [pc] 	 star_y_coords [pc] 	 star_z_coords [pc] 
3.745100000000000000e+04 -1.035460252570352679e-01 2.617997319802072287e-01 -5.539818293995857346e-02
3.533900000000000000e+04 -1.035460252570352679e-01 2.617997319802072287e-01 -5.539818293995857346e-02
3.325500000000000000e+04 1.060595046040653244e-01 9.106595815573939046e-01 9.588001020867409352e-02
3.531800000000000000e+04 -8.117402441289556236e-02 -9.967209919315545008e-02 3.320641208634746988e-01
3.524800000000000000e+04 -2.127415765955795734e-01 -2.056979365553082140e-01 2.637259866197947389e-01
3.535500000000000000e+04 -2.127415765955795734e-01 -2.056979365553082140e-01 2.637259866197947389e-01
3.769700000000000000e+04 -2.127415765955795734e-01 -2.056979365553082140e-01 2.637259866197947389e-01
3.438400000000000000e+04 -2.127415765955795734e-01 -2.056979365553082140e-01 2.637259866197947389e-01
3.397400000000000000e+04 -2.127415765955795734e-01 -2.056979365553082140e-01 2.637259866197947389e-01
3.374100000000000000e+04 1.342762699400026349e-01 -2.492209057541980854e-01 -2.627747511688482973e-03
3.325600000000000000e+04 1.342762699400026349e-01 -2.492209057541980854e-01 -2.627747511688482973e-03
3.374000000000000000e+04 2.448081613898906994e-01 -2.301289161923274484e-01 1.428298129096461366e-02
3.441000000000000000e+04 4.887823278300373886e-02 -2.710069471033915711e-01 2.309370837466548920e-01
3.522800000000000000e+04 5.235665235904463088e-02 -1.201570809031737852e-02 -2.523088209921322544e-01
3.744700000000000000e+04 5.235665235904463088e-02 -1.201570809031737852e-02 -2.523088209921322544e-01
3.744800000000000000e+04 -2.737170241286754901e-01 2.751035571043076722e-01 -3.281322289586174890e-01
3.744900000000000000e+04 -2.737170241286754901e-01 2.751035571043076722e-01 -3.281322289586174890e-01
3.745000000000000000e+04 -1.767252743738119136e-01 -2.507940418340037780e-01 -1.701090873123405345e-01
3.522700000000000000e+04 -3.166944125087027828e-01 2.311441534490339400e-01 -1.905591781302096166e-01
3.570800000000000000e+04 -4.949939519989854375e-02 3.401211706954065939e-01 -3.773457570890350610e-01
3.570900000000000000e+04 7.383807772554717985e-02 4.881322962953802413e-01 -2.223848150660447942e-01
3.441100000000000000e+04 1.086969602303859972e-01 8.020322144649429941e-01 -9.868786489322545208e-02
3.302500000000000000e+04 5.768760072805108052e-01 -4.769453346490721835e-01 1.444215520120408769e-01
3.635000000000000000e+04 5.768760072805108052e-01 -4.769453346490721835e-01 1.444215520120408769e-01
3.578400000000000000e+04 3.330282747823538614e-01 -4.894404144526394163e-01 5.538343180570848290e-02
