# star id 	 star_x_coords [pc] 	 star_y_coords [pc] 	 star_z_coords [pc] 
2.111900000000000000e+04 -3.239252928687790245e-01 -5.291972640347752943e-01 -3.440821710566694946e-01
2.130600000000000000e+04 3.810620423188186834e-01 -7.378240957857684634e-02 -7.809666398527710385e-01
2.124300000000000000e+04 -1.040765455605914269e-01 -8.845966912516711744e-02 -6.899974528036949550e-01
2.130700000000000000e+04 1.509851251363567570e-01 -1.696442239208248992e-01 -5.219923472046872348e-01
2.130000000000000000e+04 -1.787761652207819907e-02 -2.589160695924519473e-03 -4.657818498969774623e-01
2.119500000000000000e+04 -1.787761652207819907e-02 -2.589160695924519473e-03 -4.657818498969774623e-01
2.118800000000000000e+04 4.443843934417746055e-01 2.158327543296225670e-01 -4.360039497499101913e-01
2.122300000000000000e+04 -1.965411570503743377e-01 2.356000305936989392e-01 -3.438267972132464934e-01
2.130500000000000000e+04 -1.965411570503743377e-01 2.356000305936989392e-01 -3.438267972132464934e-01
2.118400000000000000e+04 8.267416030376573133e-02 -1.517134723688409181e-01 -3.048086109177816638e-01
2.122200000000000000e+04 -2.155017705064992128e-01 -4.001945085857148143e-01 -1.703288386591808035e-01
2.118900000000000000e+04 -2.155017705064992128e-01 -4.001945085857148143e-01 -1.703288386591808035e-01
2.118300000000000000e+04 1.436809232682101367e-02 -5.116751233219183348e-01 -2.063586934841623588e-01
2.139600000000000000e+04 2.415115610529987578e-01 -4.266456499175736994e-01 3.057912978954462346e-01
2.139500000000000000e+04 2.415115610529987578e-01 -4.266456499175736994e-01 3.057912978954462346e-01
2.136900000000000000e+04 1.183974258504960630e-01 -3.452549568576390726e-01 3.729417503284935265e-01
2.145500000000000000e+04 1.183974258504960630e-01 -3.452549568576390726e-01 3.729417503284935265e-01
2.145400000000000000e+04 -3.173777430109776532e-01 -2.867225764443981362e-01 -2.522234623629984185e-01
2.114800000000000000e+04 -3.173777430109776532e-01 -2.867225764443981362e-01 -2.522234623629984185e-01
2.122100000000000000e+04 -2.181161594669411841e-02 -1.706149957861908817e-01 -8.449737277874902475e-02
2.122400000000000000e+04 -2.963274373788031824e-01 -7.605270006963138485e-02 3.597090764274568642e-01
2.121500000000000000e+04 -2.963274373788031824e-01 -7.605270006963138485e-02 3.597090764274568642e-01
2.114700000000000000e+04 -3.281449225866843733e-01 3.106544845781931130e-01 9.703937981996091366e-03
2.128200000000000000e+04 1.283492742360810013e-01 2.736738141203183261e-01 5.238265225519000978e-02
2.146400000000000000e+04 -1.800535569432888394e-01 2.909822527264251946e-01 -1.322103986277838317e-01
2.116000000000000000e+04 -1.800535569432888394e-01 2.909822527264251946e-01 -1.322103986277838317e-01
2.121100000000000000e+04 -2.903615947039028811e-03 1.185862149394569798e-01 1.475289678682543126e-01
2.123200000000000000e+04 -7.705983157609708201e-02 2.169142987557712843e-01 1.728303724749267190e-01
2.121600000000000000e+04 5.160780420749233599e-02 2.588256422429733306e-01 2.012949819441587351e-01
2.123000000000000000e+04 1.068661337594036809e-01 7.152305370037570498e-02 1.936309978674657373e-01
2.127500000000000000e+04 2.131040320676724775e-01 3.736375127909994376e-01 2.605447413149946101e-01
2.117200000000000000e+04 -1.087595001164594066e-01 1.620959112112441147e-02 2.559486061171014626e-01
2.129500000000000000e+04 -5.638804522892115756e-03 5.066443578895185595e-02 3.780193992253089164e-01
2.135600000000000000e+04 -4.095169329692058824e-01 4.103693321564900742e-01 1.258174339493223215e-02
2.127300000000000000e+04 1.343855015928081542e-01 -3.083366491408678911e-02 4.641304448650416248e-01
2.128300000000000000e+04 -1.243870401706281825e-01 -9.469134573944160138e-02 1.794723427921525172e-01
2.119800000000000000e+04 -4.187778163124900033e-01 -1.828067559063182301e-01 1.649522948022195123e-01
2.128400000000000000e+04 2.148276601872591840e-01 4.338450355141096892e-01 6.394626569535120097e-01
2.115800000000000000e+04 3.393020985277317436e-01 5.326714678774582268e-01 7.921861221580570600e-01
2.117300000000000000e+04 1.657707507997550067e-01 5.451338056638670437e-01 1.054500189154246925e+00
2.144200000000000000e+04 5.526098378986308290e-01 5.424303559450827095e-02 -6.012537007563594216e-01
2.120100000000000000e+04 6.722456118253745672e-01 1.423889859734668306e-01 -3.573510631140095484e-01
