# star id 	 star_x_coords [pc] 	 star_y_coords [pc] 	 star_z_coords [pc] 
3.561100000000000000e+04 -3.115264669986288482e-01 3.015117567974821000e-01 -3.061421156747456962e-01
3.562900000000000000e+04 1.893073714862225643e-01 -2.301566066669558097e-01 -3.014245596217790535e-01
3.562100000000000000e+04 -1.304350456985332585e-01 -2.691971264270129893e-01 -2.279889635052469998e-01
3.562500000000000000e+04 3.762671764818037445e-02 7.463387359841178181e-02 -2.063272420964317178e-01
3.562600000000000000e+04 -4.918007958725638673e-01 2.097406580495873030e-01 -1.696388701850963798e-01
3.560800000000000000e+04 -3.920409064221530571e-03 2.920980482363075836e-01 -7.837296185184783326e-02
3.562400000000000000e+04 -1.210299331218038787e-01 3.718892551266881341e-01 3.405346529251929155e-02
3.566300000000000000e+04 2.710638183515357014e-02 3.670733145395495001e-01 8.209135607763329290e-02
3.561600000000000000e+04 -2.071888395735470567e-01 2.900655368588731520e-01 1.697772043157712574e-01
3.562000000000000000e+04 -3.151652930181114698e-02 1.309994214878731356e-01 1.884607768989461363e-01
3.559400000000000000e+04 9.813572635366085706e-02 -1.679085181926822656e-01 1.879559023327033174e-01
3.559500000000000000e+04 1.950173984184004894e-01 -4.550691225286236374e-01 2.152604211408650769e-01
3.559300000000000000e+04 2.069667397931169717e-01 2.462147499089031299e-01 2.367118355380739558e-01
3.560500000000000000e+04 2.709556184199186646e-01 -5.763351181398812528e-01 8.062035587189697594e-02
3.560600000000000000e+04 2.709556184199186646e-01 -5.763351181398812528e-01 8.062035587189697594e-02
