# star id 	 star_x_coords [pc] 	 star_y_coords [pc] 	 star_z_coords [pc] 
1.446600000000000000e+04 -6.320606952254408384e-01 3.935800303913481457e-01 -4.082579552164844472e-01
1.448500000000000000e+04 -4.940899475320499334e-01 5.168154983257196022e-01 -3.046192901896205285e-01
1.448400000000000000e+04 -8.064623695985169149e-01 4.896897223691922818e-01 -1.374181868283130825e-01
1.449800000000000000e+04 -3.706112033174377984e-01 3.691367130512404060e-01 -1.888695467268064476e-02
1.449700000000000000e+04 2.844338713050476031e-02 5.836355705421567563e-01 -2.230030488658201193e-01
1.459500000000000000e+04 -2.445650391556100089e-01 4.921532604942342459e-01 -1.833846850971951881e-01
1.461500000000000000e+04 -1.440980661588184830e-01 4.654031103584586049e-01 -4.782720012009633592e-02
1.451600000000000000e+04 7.379575132358695555e-02 3.421727017171249940e-01 -7.599779327699707210e-02
1.462000000000000000e+04 7.379575132358695555e-02 3.421727017171249940e-01 -7.599779327699707210e-02
1.447000000000000000e+04 5.667240783624727385e-01 1.436425888904793169e-01 1.216210325648461321e-01
1.446900000000000000e+04 2.780049204591357181e-01 -4.875615438497220566e-01 -1.468111733817067943e-02
1.459600000000000000e+04 -1.231317834372909203e-01 -4.633192127272849348e-01 -2.397300962810646752e-01
1.450800000000000000e+04 -9.671563902530522228e-02 -4.767422294697354346e-01 -9.415114572675520321e-02
1.473400000000000000e+04 -3.708790449210823681e-01 -1.581774501875798933e-01 -4.573343885554379540e-01
1.480200000000000000e+04 -3.708790449210823681e-01 -1.581774501875798933e-01 -4.573343885554379540e-01
1.480100000000000000e+04 -8.296212699717244732e-01 3.468451023644050224e-01 -5.002059862285364034e-01
1.450200000000000000e+04 -1.476718274658530561e-01 1.357205959300245013e-01 -5.770700356099496275e-01
1.453800000000000000e+04 -8.543265023419976956e-02 -2.567753201645786021e-01 3.753758291746009945e-01
1.474800000000000000e+04 -8.543265023419976956e-02 -2.567753201645786021e-01 3.753758291746009945e-01
1.461200000000000000e+04 -1.736287705088805922e-01 -7.562645648803822951e-02 3.798536599181687734e-01
1.447800000000000000e+04 1.620436409096726038e-02 3.867031977960522227e-02 3.728056040404652549e-01
1.447700000000000000e+04 3.145275449984765714e-01 -1.025212367207686270e-01 1.266585179102577285e-01
1.461100000000000000e+04 2.874483949337580668e-01 -2.529646249511330325e-02 1.291117063668281162e-01
1.474300000000000000e+04 3.187593745221697361e-01 -1.634719093283862890e-01 2.557807738475759152e-01
1.478600000000000000e+04 2.025017381803309036e-01 2.023998249118363901e-02 2.555275251105513235e-01
1.472300000000000000e+04 1.885043469112552827e-01 -1.567199798547136425e-02 2.662684284979803806e-01
1.472200000000000000e+04 -1.000064165150398310e-01 -3.079351308464879367e-01 9.853212539439937245e-02
1.454300000000000000e+04 1.544968187877771015e-02 -2.970234786101073610e-01 1.343330421660766660e-01
1.460900000000000000e+04 -6.799533821264347466e-02 1.715393427034825891e-01 2.922870742598036031e-01
1.454200000000000000e+04 1.416713329458438864e-01 9.434082369971719118e-02 1.548864014246049692e-01
1.449500000000000000e+04 1.416713329458438864e-01 9.434082369971719118e-02 1.548864014246049692e-01
1.476000000000000000e+04 1.424592021092117022e-01 3.105056496445968151e-01 3.369017805499936458e-01
1.450300000000000000e+04 -1.662552408761790446e-01 -7.148658499978921554e-03 1.009520694387759931e-01
1.474700000000000000e+04 -1.594765891947638181e-01 -4.763731231116707932e-02 1.805799243893915218e-01
1.476900000000000000e+04 -1.396416114051000079e-01 -6.649147009668610053e-02 2.771371846067722799e-01
1.458200000000000000e+04 -4.853666109099208370e-04 -1.879580680595154263e-01 2.065764112551420340e-01
1.468100000000000000e+04 -4.853666109099208370e-04 -1.879580680595154263e-01 2.065764112551420340e-01
1.468000000000000000e+04 7.515033610535226671e-02 -1.690589685841104028e-01 1.241545975766911170e-01
1.453000000000000000e+04 2.437873594768902308e-02 -6.091803231935699614e-02 1.224155738922689807e-01
1.470900000000000000e+04 5.200946626857216870e-03 2.564604056644270713e-02 1.789719945243319899e-01
1.453100000000000000e+04 8.478202336446472032e-02 -1.220431560480292887e-01 1.998443403883527481e-01
1.459200000000000000e+04 1.344517386257066960e-01 -8.829050645813651954e-02 2.605069475947345836e-01
1.458000000000000000e+04 8.015666594431536396e-02 1.360475893143586745e-02 3.039170277177873913e-01
1.457500000000000000e+04 -4.044643847372597634e-02 1.164205515149063785e-02 3.408107817540866336e-01
1.459800000000000000e+04 3.734051111704204118e-01 -2.869269243763099553e-01 1.297577838147390139e-02
1.450500000000000000e+04 2.278389610460607173e-01 -4.697689562353701831e-02 -1.989175523542030533e-02
1.459700000000000000e+04 2.278389610460607173e-01 -4.697689562353701831e-02 -1.989175523542030533e-02
1.450700000000000000e+04 2.935591708944471634e-01 -1.216518247967002253e-01 -8.444909201017480882e-03
1.450600000000000000e+04 2.059370878106570046e-01 7.662594257003974008e-02 5.394110245069327902e-02
1.453500000000000000e+04 2.454606089678890157e-01 9.632772104026088300e-02 6.098362671578172467e-02
1.450000000000000000e+04 1.881858890956387143e-01 1.609767675690036981e-01 1.304878110444462891e-02
1.454900000000000000e+04 -1.373538199982071717e-01 1.210298080799034892e-01 2.568699913223326803e-02
1.454800000000000000e+04 -4.186123471255953632e-02 7.609970600179138955e-02 -5.039292744437773308e-02
1.466800000000000000e+04 5.807413233165448219e-02 1.258670626217366362e-01 -5.858628446725333561e-02
1.451300000000000000e+04 5.807413233165448219e-02 1.258670626217366362e-01 -5.858628446725333561e-02
1.455300000000000000e+04 1.194785143239087688e-01 2.772503448820273775e-01 -4.848831624687477415e-02
1.446200000000000000e+04 1.464663117903626244e-01 1.921934003948848613e-01 -5.019321626662076596e-02
1.446100000000000000e+04 6.211447181206253276e-02 9.157846852558293449e-02 -1.501980613400633047e-02
1.472900000000000000e+04 6.211447181206253276e-02 9.157846852558293449e-02 -1.501980613400633047e-02
1.463500000000000000e+04 1.694585514671089754e-01 2.209772320284599800e-01 1.881940895786726742e-02
1.472500000000000000e+04 -3.870405406345156507e-02 2.299912246107567171e-01 8.921121896226225090e-02
1.461700000000000000e+04 -1.302467571154970472e-01 -7.268857824785612820e-02 -3.699973816563328910e-02
1.464000000000000000e+04 -9.629296750066274058e-02 -1.671771481060773112e-01 -7.668525304040940682e-03
1.452300000000000000e+04 -9.629296750066274058e-02 -1.671771481060773112e-01 -7.668525304040940682e-03
1.451400000000000000e+04 -1.006035153837672169e-01 -6.331870092041924636e-02 4.817636385510581931e-02
1.448700000000000000e+04 -2.770182396169573735e-02 6.143108101056782289e-02 -1.587246813100335885e-01
1.459300000000000000e+04 4.130746852440125849e-02 -3.748575303333012698e-02 -1.253952553162633876e-01
1.446500000000000000e+04 2.678966447472674872e-03 -1.500290871143761251e-01 -7.133466639038488211e-02
1.457900000000000000e+04 2.678966447472674872e-03 -1.500290871143761251e-01 -7.133466639038488211e-02
1.447900000000000000e+04 8.036819551369589476e-02 -1.137714714996604926e-01 -6.391123335940562811e-02
1.449300000000000000e+04 8.036819551369589476e-02 -1.137714714996604926e-01 -6.391123335940562811e-02
1.481000000000000000e+04 1.501550279683172562e-02 -1.398704653339279957e-01 -5.884390841413278395e-02
1.456000000000000000e+04 1.501550279683172562e-02 -1.398704653339279957e-01 -5.884390841413278395e-02
1.449200000000000000e+04 -3.634818052763577612e-02 -1.781197344258842463e-01 -3.199460955892163838e-02
1.477200000000000000e+04 1.345119748504473023e-01 -3.159387576846484080e-02 -4.063285396816240791e-02
1.456600000000000000e+04 -3.173292262244586937e-02 -1.571224792310275120e-01 -1.911668105312003263e-02
1.456500000000000000e+04 8.905451398071662084e-02 -1.189820752175165808e-01 -1.249687462821214012e-02
1.457400000000000000e+04 8.905451398071662084e-02 -1.189820752175165808e-01 -1.249687462821214012e-02
1.457300000000000000e+04 1.674895775024793920e-01 4.875591332637441155e-02 2.296331026798270614e-03
1.453900000000000000e+04 3.909381122789667984e-02 3.413580152381001653e-02 1.691889631527487836e-02
1.475400000000000000e+04 2.208829885772090051e-02 4.877965190477340229e-02 2.178236521233145595e-02
1.447200000000000000e+04 2.208829885772090051e-02 4.877965190477340229e-02 2.178236521233145595e-02
1.460300000000000000e+04 -6.953423982356810029e-02 -4.413780697148439458e-02 2.370358412683515326e-02
1.458800000000000000e+04 -3.839577378097303040e-02 -1.188708555913819964e-02 3.468488975346417647e-02
1.463200000000000000e+04 1.747093835862365552e-01 -8.776623570027908272e-02 7.513865012063547510e-02
1.448200000000000000e+04 -6.618150376495179898e-02 -1.910982432227470440e-01 7.923532466925564677e-02
1.456300000000000000e+04 1.724585824547482105e-01 -6.024291725481134563e-02 8.805592628918645914e-02
1.460700000000000000e+04 1.724585824547482105e-01 -6.024291725481134563e-02 8.805592628918645914e-02
1.453600000000000000e+04 -2.199513216954187556e-01 -2.350564753438675325e-01 -2.368542548756238375e-01
1.473500000000000000e+04 -2.199513216954187556e-01 -2.350564753438675325e-01 -2.368542548756238375e-01
1.455200000000000000e+04 2.834268897843656987e-01 1.527685251732648908e-01 -2.142964419575719148e-01
1.455100000000000000e+04 -2.261295312031563753e-02 -2.755739617012409326e-01 -3.964140003751310815e-01
1.449400000000000000e+04 -5.115311243852005418e-02 1.705179022257681254e-01 -3.522627579708199619e-01
1.451100000000000000e+04 -8.048217794265966063e-02 -2.343267585682440313e-02 -3.343377045403599368e-01
1.448300000000000000e+04 -8.048217794265966063e-02 -2.343267585682440313e-02 -3.343377045403599368e-01
