# star id 	 star_x_coords [pc] 	 star_y_coords [pc] 	 star_z_coords [pc] 
1.874500000000000000e+04 1.016045132928899974e-01 5.385323684512197673e-01 5.131629033579372390e-01
1.866100000000000000e+04 1.147904503797807507e-01 4.523599584559292452e-01 -5.990397555787723149e-01
1.873000000000000000e+04 8.362991881524983739e-02 5.199356426630910022e-01 -5.138718472003773741e-01
1.863900000000000000e+04 -8.941543562565712477e-03 5.757815685971330311e-01 -3.685252321150045418e-02
1.851700000000000000e+04 -2.159175111932034596e-01 -5.247588690588536053e-01 3.220374987043754800e-01
1.866000000000000000e+04 4.316749595362878722e-02 -1.928554218292948264e-01 -5.381386698385384193e-01
1.862500000000000000e+04 5.281083673324769023e-01 -5.940175807040226630e-01 -3.482397649245854154e-01
1.842800000000000000e+04 1.610747793467499633e-01 -3.963559833160026358e-01 -1.573451093087712138e-01
1.860300000000000000e+04 -2.111268969084258984e-01 -4.287623883911155787e-01 -2.181614105905538281e-01
1.875800000000000000e+04 -1.184512597068376749e-01 -5.969016665255484355e-01 2.031377614346610017e-01
1.860100000000000000e+04 -1.184512597068376749e-01 -5.969016665255484355e-01 2.031377614346610017e-01
1.866400000000000000e+04 -1.184512597068376749e-01 -5.969016665255484355e-01 2.031377614346610017e-01
1.867300000000000000e+04 2.860008588289852938e-01 -4.526908125105908454e-01 1.022512648847637706e-01
1.849800000000000000e+04 3.989661701967346374e-01 -4.878454876305688970e-01 -1.438129436503174929e-01
1.854900000000000000e+04 5.984668908196431047e-01 2.701298742185365143e-02 -1.347038937208822063e-01
1.854200000000000000e+04 -4.377012206274901729e-01 -1.473828293960099955e-01 -4.858721230156461957e-01
1.852900000000000000e+04 1.490093721893259726e-02 -5.853560296646342920e-01 -3.989844894916672047e-02
1.870300000000000000e+04 -1.579988032800310194e-01 -8.618476671321992910e-01 -6.684160763440871733e-02
1.860200000000000000e+04 -1.098398815380345894e-01 -6.096586799835179704e-01 6.239252983653642559e-02
1.852000000000000000e+04 -3.367788513196972033e-01 -7.887330061481030441e-01 9.192601411047007787e-02
1.858400000000000000e+04 -3.210065683141767323e-01 -6.675379654355744208e-01 3.423768328025715846e-01
1.839400000000000000e+04 -2.426015697781220837e-01 -1.149302251761383786e-01 3.568871893764296033e-01
1.864600000000000000e+04 2.745872886617188868e-01 -1.584491921731867592e-01 4.235676531420935476e-01
1.869100000000000000e+04 -2.950518692225330142e-01 -1.231947778724062914e-01 3.986765860153838048e-01
1.864700000000000000e+04 -1.060139949557230565e-01 2.248132933720370374e-02 6.349939625548728372e-02
1.864500000000000000e+04 -9.378355564941731615e-02 7.775927476767208191e-02 6.881050001713617803e-02
1.868000000000000000e+04 -7.945095024166892728e-02 -4.365651758943656091e-03 8.525310077459380409e-03
1.852600000000000000e+04 3.936382770980895174e-02 -5.510023835959287908e-02 3.619139534766446786e-02
1.855600000000000000e+04 -1.092324020412291929e-01 1.809466493897815553e-02 1.023554937020705324e-01
1.856200000000000000e+04 -2.716836684436518823e-02 1.102081251986728461e-01 6.598258109129773175e-02
1.867200000000000000e+04 -2.716836684436518823e-02 1.102081251986728461e-01 6.598258109129773175e-02
1.867100000000000000e+04 -8.568252806191889448e-02 8.921934500695272163e-02 1.676378442396355695e-01
1.868200000000000000e+04 -4.873115500112135123e-02 1.063182206152770704e-01 1.223482621406333237e-01
1.850700000000000000e+04 -8.056569971632399074e-02 1.966287392508849763e-01 1.062689870194262198e-01
1.865300000000000000e+04 -5.242664150665543588e-02 -1.320081189739141792e-03 1.576097946713019837e-01
1.858900000000000000e+04 -2.063804523050922768e-01 1.249652010073223352e-01 9.213761451540136704e-02
1.853900000000000000e+04 -2.190591434387787473e-01 7.723372451170718023e-02 2.731389071812273528e-01
1.870600000000000000e+04 -1.701200956517441298e-01 3.872416845242909744e-02 2.541599856988057127e-01
1.855800000000000000e+04 -6.556969732657247363e-02 1.747353462198315555e-01 2.828916709734201618e-01
1.869800000000000000e+04 5.969630933527092509e-02 -6.520522078562152046e-02 9.894036960307772688e-02
1.855100000000000000e+04 5.969630933527092509e-02 -6.520522078562152046e-02 9.894036960307772688e-02
1.839300000000000000e+04 5.447099609504402196e-02 -3.647536955736008224e-02 5.115229327281411997e-02
1.852700000000000000e+04 1.842204896944714676e-01 1.349397692389988634e-01 1.491351573518286955e-01
1.862100000000000000e+04 1.842204896944714676e-01 1.349397692389988634e-01 1.491351573518286955e-01
1.862000000000000000e+04 8.592042005349753708e-02 5.837358780936874325e-02 1.735539324024770735e-01
1.858200000000000000e+04 6.224489148400014216e-02 3.115223909038533634e-02 2.560506680510670208e-01
1.863000000000000000e+04 6.224489148400014216e-02 3.115223909038533634e-02 2.560506680510670208e-01
1.852400000000000000e+04 1.370045018344043797e-01 2.152049202523436122e-01 2.892012516149478074e-01
1.860400000000000000e+04 -5.978399759970010052e-02 -7.596561980099281186e-02 5.776055523656964397e-02
1.859500000000000000e+04 -5.321114053244624387e-02 -5.949726951599743074e-02 5.322029533828498415e-02
1.864800000000000000e+04 -5.321114053244624387e-02 -5.949726951599743074e-02 5.322029533828498415e-02
1.863700000000000000e+04 -1.407979054065942037e-01 -1.359567270327115551e-01 1.084568705776476349e-01
1.860800000000000000e+04 1.807486347398281623e-01 -2.603896184465721575e-01 9.318164930492400799e-02
1.850900000000000000e+04 8.019807108653687067e-02 -1.803128456657869805e-01 1.165409934837171591e-01
1.853200000000000000e+04 6.260364234452175936e-02 -3.725119865840653688e-02 1.463188841869254020e-01
1.850600000000000000e+04 6.260364234452175936e-02 -3.725119865840653688e-02 1.463188841869254020e-01
1.873100000000000000e+04 2.912330503003230930e-01 -3.311197799110789930e-01 2.620561833730903345e-01
1.874600000000000000e+04 6.440662557830467705e-02 -5.693717758087402103e-02 2.703904090260706994e-01
1.854000000000000000e+04 6.440662557830467705e-02 -5.693717758087402103e-02 2.703904090260706994e-01
1.878200000000000000e+04 2.186263044920178089e-01 4.372924371746265138e-01 1.166779235580932550e-01
1.869300000000000000e+04 1.086488931522167078e-01 2.288859668838600925e-01 6.839800429190034947e-02
1.876800000000000000e+04 1.086488931522167078e-01 2.288859668838600925e-01 6.839800429190034947e-02
1.861600000000000000e+04 1.701988523573261247e-01 1.910402380211042583e-01 1.575079039225428801e-01
1.864400000000000000e+04 -4.838849046597717418e-01 -2.425211135816827124e-01 1.663931105374700792e-01
1.849900000000000000e+04 -2.526500209759605653e-01 2.727653260952713765e-01 2.470355703350932686e-01
1.864900000000000000e+04 -8.795288872195783370e-02 1.723719727842514260e-01 -8.111830769312433631e-02
1.862600000000000000e+04 -8.795288872195783370e-02 1.723719727842514260e-01 -8.111830769312433631e-02
1.876400000000000000e+04 -8.795288872195783370e-02 1.723719727842514260e-01 -8.111830769312433631e-02
1.876300000000000000e+04 -8.795288872195783370e-02 1.723719727842514260e-01 -8.111830769312433631e-02
1.866600000000000000e+04 -1.144343157725282722e-01 2.045446093153557854e-02 -1.335672067731721313e-01
1.859800000000000000e+04 -6.005140775044104373e-02 1.373586418337389148e-01 -6.963943878827905110e-02
1.873700000000000000e+04 -6.005140775044104373e-02 1.373586418337389148e-01 -6.963943878827905110e-02
1.869500000000000000e+04 -6.671382795141855837e-02 1.524207536070782965e-01 -9.306986396612870749e-02
1.868800000000000000e+04 -1.748539444061218973e-01 1.211599379728891535e-01 -1.417442836903148873e-03
1.856600000000000000e+04 -5.081162139919470633e-02 5.714997077949846016e-02 -1.312845742869939158e-02
1.855200000000000000e+04 -1.046602072706814823e-02 1.284939435970038346e-01 2.224442704111595503e-03
1.868700000000000000e+04 -1.046602072706814823e-02 1.284939435970038346e-01 2.224442704111595503e-03
1.867000000000000000e+04 1.814716459573162410e-02 -2.939536692496247383e-03 -4.520181083086782792e-02
1.856800000000000000e+04 1.814716459573162410e-02 -2.939536692496247383e-03 -4.520181083086782792e-02
1.856000000000000000e+04 -2.968091004410311484e-02 1.854216631369300927e-01 7.714503074630840729e-03
1.850800000000000000e+04 -2.968091004410311484e-02 1.854216631369300927e-01 7.714503074630840729e-03
1.850400000000000000e+04 -1.699863110721357984e-01 2.546562121021267444e-02 6.407577547776099891e-02
1.842000000000000000e+04 -8.098180136741284230e-02 -1.986048082603097953e-02 8.580990319252634890e-02
1.841900000000000000e+04 -1.471931623905531339e-01 6.383116933654342517e-02 1.550461708040984377e-02
1.841800000000000000e+04 -6.892880833713732613e-02 1.284260819003879561e-01 3.485758891174839391e-02
1.851400000000000000e+04 -1.015783581761340315e-01 1.766724231338088202e-01 3.849265343497876302e-02
1.850300000000000000e+04 5.279732984759721859e-02 2.025674330396931566e-02 -1.578404412671190471e-01
1.861300000000000000e+04 1.027064197371894139e-01 6.876485063028248135e-02 -2.197479248374705207e-01
1.864200000000000000e+04 1.702075507648954655e-01 4.412768776198561227e-03 -1.054333817256178918e-01
1.860700000000000000e+04 1.162992203799539936e-01 1.627711311879718181e-01 -8.619382826215371551e-02
1.860600000000000000e+04 6.693234443827744684e-02 1.317024862127862406e-01 -1.724373076773133562e-02
1.861400000000000000e+04 1.463382005231590455e-01 2.068293702284620394e-01 7.228007609797515443e-02
1.873300000000000000e+04 3.775537177933596666e-02 1.788157815944462214e-01 3.769661805975488278e-03
1.873200000000000000e+04 -1.342252079161010414e-02 -6.112225373820834307e-03 -1.679388600115174768e-01
1.842100000000000000e+04 -1.828065251979040795e-01 -1.036747921575535969e-01 -6.006353105841100160e-02
1.876700000000000000e+04 -6.210673693948720597e-02 -2.829516024888185655e-01 -1.326614023609806736e-01
1.871300000000000000e+04 -2.025490858746188394e-01 -1.085487751804592449e-01 -6.541193642514286921e-02
1.839100000000000000e+04 -9.245289768038755795e-02 -7.431532259823114828e-02 -2.822926175976192553e-02
1.849300000000000000e+04 -1.704097699611759609e-01 -5.825621604270736498e-02 -2.537526519625998844e-02
1.849600000000000000e+04 -1.795300346939958658e-01 -1.974858147655140783e-01 7.871814177961766745e-02
1.867900000000000000e+04 -5.185603092364221567e-02 1.851433319274384814e-01 -7.550008649135264704e-02
1.867800000000000000e+04 -6.616699062155273481e-02 2.898929076869585231e-01 -2.939434658095052555e-02
1.857800000000000000e+04 -4.904283340865323026e-02 2.541435552338668913e-01 4.000935825528983969e-02
1.854100000000000000e+04 -4.904283340865323026e-02 2.541435552338668913e-01 4.000935825528983969e-02
1.857400000000000000e+04 1.981212104247820349e-02 -1.853299469667426536e-01 -1.506617700815482408e-01
1.857300000000000000e+04 6.306969395711803372e-02 -1.254886259666196935e-01 -2.071731157736351747e-01
1.863600000000000000e+04 6.306969395711803372e-02 -1.254886259666196935e-01 -2.071731157736351747e-01
1.858500000000000000e+04 4.114848979881102764e-02 -2.490708785858330998e-02 -4.069584276975746207e-02
1.871400000000000000e+04 2.101532835110386799e-01 -1.583587931304215601e-01 -7.523019932540364607e-02
1.854700000000000000e+04 2.063054292391104383e-01 -9.422719634175891201e-02 2.479228058641780308e-02
1.853300000000000000e+04 7.402977715347436316e-02 -1.218239336071533785e-01 2.309318908187663055e-02
1.853400000000000000e+04 8.035712463920496873e-02 3.203956343152185582e-01 -1.259824873835952985e-01
1.854300000000000000e+04 2.154722406071734042e-01 4.495714238489867398e-01 -6.052543953428113355e-02
1.858300000000000000e+04 1.255245609116428795e-02 2.756438490969230770e-01 -1.744220257101147808e-02
1.851800000000000000e+04 1.255245609116428795e-02 2.756438490969230770e-01 -1.744220257101147808e-02
1.870200000000000000e+04 -3.638443472126926537e-01 1.114898050897750181e-01 -2.087889195303418433e-01
1.858700000000000000e+04 -3.189346267022692416e-01 -3.790996012229896905e-02 -5.469467799430560717e-02
1.870500000000000000e+04 -3.228986245293885560e-01 1.021744832730711039e-01 -2.200097680194090799e-02
1.862400000000000000e+04 -4.786376455254819362e-01 -1.232100107357521068e-01 -1.626938165934603830e-01
1.857500000000000000e+04 -4.201550630939498987e-01 -1.768163629731986930e-01 -1.587927814167784391e-01
1.872400000000000000e+04 3.410343792544328068e-01 -9.952621644997350359e-02 5.036588746416228446e-01
1.854600000000000000e+04 4.247765624095904968e-01 9.089784516159049588e-02 -1.605572667667658493e-01
1.858800000000000000e+04 4.870389831138179915e-01 1.112674716127468599e-01 -7.381932826775283729e-02
1.851000000000000000e+04 3.279821767164463608e-01 1.384671636451351162e-02 7.244164158827004485e-02
1.853100000000000000e+04 3.279821767164463608e-01 1.384671636451351162e-02 7.244164158827004485e-02
1.857100000000000000e+04 5.023835385214585614e-01 -8.445334584615693529e-02 2.131943091855603711e-01
1.864000000000000000e+04 2.873350984515425921e-01 1.346915825194514582e-01 8.517129295694303437e-02
1.855500000000000000e+04 5.482342981866494824e-01 4.166869532737216275e-02 2.655755122647462940e-01
1.877200000000000000e+04 4.437473831284517445e-01 3.734714381798198701e-01 1.308823602089361771e-01
1.870000000000000000e+04 -2.172897114886795933e-01 -8.513620947792333027e-02 -4.326438694036482957e-01
1.869900000000000000e+04 -2.385460323567896168e-01 -4.979553018603866121e-03 -4.252962029205420436e-01
1.872700000000000000e+04 -1.371690523686570629e-01 1.110805543463833089e-02 -2.871533037847413539e-01
1.872600000000000000e+04 1.336098692715834702e-01 -3.400763108225923759e-02 -2.271201727429712491e-01
1.852300000000000000e+04 -4.134732994114820315e-02 -9.654454375862897564e-02 -4.767481743388017890e-01
1.852200000000000000e+04 -1.622444898227080046e-01 -8.286722292851145255e-02 -3.326227953050846509e-01
1.865500000000000000e+04 -4.036082922299311093e-02 3.469167468596179305e-01 -3.784953356639420008e-01
1.868100000000000000e+04 -1.383655812397153184e-01 3.602831602999376770e-01 -2.178724411691632667e-01
1.865900000000000000e+04 2.005812026346847077e-01 4.829453311015523553e-01 -4.882633420055526585e-01
1.873500000000000000e+04 3.460571736532340736e-01 7.217128474271028438e-02 -3.011191670415342969e-01
1.856500000000000000e+04 -2.505296048129643793e-01 2.262937324504239456e-01 -3.313884452031174987e-01
