# star id 	 star_x_coords [pc] 	 star_y_coords [pc] 	 star_z_coords [pc] 
2.681000000000000000e+03 9.390654179502178067e-02 7.037272122683155828e-01 -4.126612054706058075e-01
2.695000000000000000e+03 5.947466841321755737e-01 4.497446955386728007e-01 -6.377041344634335474e-01
2.711000000000000000e+03 -4.810550470930792244e-01 3.970885140569500038e-01 -2.919454424876448684e-01
2.691000000000000000e+03 -6.184366416904509833e-01 -1.210154172613968626e+00 -5.508568294438234147e-01
2.777000000000000000e+03 -3.743279050544572328e-01 -1.171249739148478852e-01 -9.283564457946553716e-01
2.688000000000000000e+03 7.465281141777779794e-02 -3.488005342323248215e-01 -8.553685900979104417e-01
2.718000000000000000e+03 5.929507239970774890e-01 -1.333662013808307734e-01 -6.001311144427461386e-01
2.666000000000000000e+03 -4.056593057016328885e-01 -6.260475292702167849e-01 -5.658330673948270828e-01
2.761000000000000000e+03 6.328961992886377175e-01 -4.187371267261852381e-02 -3.920861082846798240e-01
2.740000000000000000e+03 6.263614365372376369e-01 -2.618108574536179844e-01 -2.042438718200543235e-01
2.760000000000000000e+03 3.663873070411653998e-01 1.019705452537351675e-01 -2.022290134411903750e-01
2.685000000000000000e+03 -5.255702056532101096e-01 -1.958867055592072859e-01 -2.159892620336236746e-01
2.707000000000000000e+03 4.737599690648579553e-01 -8.965098362772003782e-01 1.471509343935863967e-01
2.701000000000000000e+03 -2.241971931309194588e-01 5.980595855679489148e-01 1.636651830628608195e-01
2.637000000000000000e+03 -2.241971931309194588e-01 5.980595855679489148e-01 1.636651830628608195e-01
2.729000000000000000e+03 -3.606141713918589176e-01 5.212105609399060313e-01 -2.935506487632721928e-02
2.720000000000000000e+03 -3.606141713918589176e-01 5.212105609399060313e-01 -2.935506487632721928e-02
2.727000000000000000e+03 1.054289966686837943e+00 -8.508339008850320795e-01 7.826249939149931834e-01
2.716000000000000000e+03 4.307634565066109644e-02 2.833561487790348110e-02 -1.373122848873080670e-01
2.702000000000000000e+03 -1.942611047399367408e-01 -1.373561767949667001e-01 -8.696560610214731923e-02
2.682000000000000000e+03 1.925056179024267067e-01 3.096875274069184059e-01 7.395448287724804004e-02
2.741000000000000000e+03 -4.194716379362120051e-01 -4.101759737881494061e-02 1.043419489076029549e-01
2.689000000000000000e+03 -4.194716379362120051e-01 -4.101759737881494061e-02 1.043419489076029549e-01
2.652000000000000000e+03 2.603030557666272671e-01 3.357237758722000365e-01 1.175872286418950807e-01
2.722000000000000000e+03 2.871713142484395576e-01 8.206119829292291001e-02 1.419649210632272229e-01
2.715000000000000000e+03 1.008621070728565883e-02 2.836800714180505167e-01 2.111509875590442675e-01
2.640000000000000000e+03 -1.611048278187325877e-01 3.214754990240642485e-01 2.275582152365700495e-01
2.719000000000000000e+03 4.141283760293532623e-01 3.646513104133397576e-01 2.287354319412457926e-01
2.743000000000000000e+03 -1.114113285743911774e-01 3.316284191086857902e-01 2.704313631841444021e-01
2.693000000000000000e+03 -3.718458176746111121e-01 3.702682681025599720e-01 3.208144040397726826e-01
2.706000000000000000e+03 -4.511149399489653433e-01 -5.163084733883778199e-01 1.602809283582260491e-01
2.736000000000000000e+03 2.797578154331290534e-01 -1.690000965632449947e-01 3.755597082523109975e-01
2.697000000000000000e+03 1.876948943944682924e-01 1.954763916795059231e-01 4.425087939875709253e-01
2.712000000000000000e+03 1.876948943944682924e-01 1.954763916795059231e-01 4.425087939875709253e-01
2.690000000000000000e+03 3.909541983714177604e-01 4.383514801769550218e-02 4.926306465269192358e-01
2.790000000000000000e+03 1.128851228039877697e-01 2.561918480918023988e-02 7.258202175656336408e-01
2.653000000000000000e+03 -9.773244597651427057e-01 -3.428578032516504948e-01 -1.412206394226060979e-01
2.684000000000000000e+03 -5.591569267128306819e-01 -1.889585698496460964e-01 -2.269487380111456787e-02
2.663000000000000000e+03 -5.591569267128306819e-01 -1.889585698496460964e-01 -2.269487380111456787e-02
2.735000000000000000e+03 9.227819475953538131e-01 -4.711067572713787399e-01 6.297071960651550171e-01
