# star id 	 star_x_coords [pc] 	 star_y_coords [pc] 	 star_z_coords [pc] 
6.835800000000000000e+04 -5.546051805117571121e-01 -2.840837816801951021e-01 -1.005939333720426987e+00
6.835200000000000000e+04 2.212046039210591175e-01 1.463166012445995534e-01 1.704895436091291572e-01
6.841100000000000000e+04 1.483941202011109795e-01 2.584080509030748374e-01 5.170125694730955956e-01
6.834100000000000000e+04 -1.938805228456672580e-01 2.939500535431740502e-01 -5.750406446595235366e-01
6.837800000000000000e+04 1.336240692304855315e-01 5.285313015196280162e-02 -4.009664211080021801e-01
6.837200000000000000e+04 -1.044290374680237221e+00 1.653769077304847457e+00 1.381790624743167939e+00
6.838600000000000000e+04 4.278231458715708868e-02 -4.021263639893462027e-01 -5.441997340973330211e-01
6.840400000000000000e+04 -7.124273154677496223e-02 1.418735348659438955e-01 -4.732570192613820836e-01
6.840200000000000000e+04 -7.124273154677496223e-02 1.418735348659438955e-01 -4.732570192613820836e-01
6.835400000000000000e+04 -4.814307940534945374e-03 -1.126015536204043599e-01 -7.612615849107129407e-02
6.838700000000000000e+04 -8.843044165998747985e-02 -4.079903054964759690e-01 1.401551656803619039e-01
6.834200000000000000e+04 -4.473571025331324336e-02 1.438248609909038578e-01 4.360921442253840041e-02
6.836200000000000000e+04 1.456382928397914611e-01 -2.973328923413447455e-01 1.555630720926828303e-01
6.836700000000000000e+04 3.085393543271095496e-01 -6.081798920253937979e-01 -3.810481043877445018e-02
6.839600000000000000e+04 1.572241020625355645e-01 -1.132671042458461841e-01 -3.539683751821343094e-02
6.837700000000000000e+04 6.415454467356127566e-01 -1.110193879221448299e-01 -1.367121355659861592e-02
6.834900000000000000e+04 2.375282895155237384e-01 -2.492255784439798560e-01 1.893305025545544140e-01
6.835100000000000000e+04 4.988639464933726231e-01 4.528847141068688131e-01 4.049090357298865683e-01
6.840000000000000000e+04 -3.955169097243285137e-01 6.969992076299647010e-01 8.876319992063059772e-01
6.837600000000000000e+04 4.988639464933726231e-01 4.528847141068688131e-01 4.049090357298865683e-01
6.837500000000000000e+04 -5.195132901268806336e-02 1.903803429539294712e-01 -5.838624230577238450e-02
6.838400000000000000e+04 -5.911904317583420720e-01 2.897396614166005691e-01 -9.700130332610967798e-02
6.841000000000000000e+04 -7.017370754282126200e-02 -9.853218265177083879e-01 -5.266531479551233019e-01
6.841400000000000000e+04 -7.017370754282126200e-02 -9.853218265177083879e-01 -5.266531479551233019e-01
6.836900000000000000e+04 1.038843338378399039e-01 -3.913388208495760523e-02 4.318414283955505084e-01
6.834400000000000000e+04 -1.687511712812934661e-01 -1.492074205010958110e-01 -2.743471077913568479e-01
6.837000000000000000e+04 3.116189148799008990e-01 -4.135866223730282343e-01 6.125538104675740669e-01
6.836400000000000000e+04 2.653008270688701487e-01 -2.591515168629641153e-01 6.155105818631980696e-01
6.836100000000000000e+04 -1.679438011744665005e-01 2.353182815871726064e-01 -2.085293581675671248e-01
6.837400000000000000e+04 -1.938805228456672580e-01 2.939500535431740502e-01 -5.750406446595235366e-01
