# star id 	 star_x_coords [pc] 	 star_y_coords [pc] 	 star_z_coords [pc] 
5.299900000000000000e+04 -1.684894935341901601e+00 1.170648792264458393e+00 -8.862716978342177754e-03
5.300600000000000000e+04 -5.270959670015429310e-01 -1.543434503486096787e+00 -2.429331071617497173e+00
5.297800000000000000e+04 -2.403088162185156307e+00 -2.461251171208346022e+00 -6.163253178836498591e-01
5.292300000000000000e+04 -1.805541515081301895e+00 -1.455836295858020435e+00 -1.384985478819174887e+00
5.287700000000000000e+04 3.365949066485427466e-01 1.083936073475797457e-01 -2.007094898271390093e+00
5.288500000000000000e+04 -3.310416574066437079e-01 -4.386955406788501932e-01 -1.980702757922813362e+00
5.294100000000000000e+04 7.503799735596317078e-02 7.769107530012604457e-01 2.320346417078752665e+00
5.286100000000000000e+04 3.529063256195001941e-01 1.312168205579055780e+00 3.477967246771640930e+00
5.295500000000000000e+04 -2.845600078021703894e+00 2.093853211652543678e+00 -5.388016630685967812e-01
5.289900000000000000e+04 -1.520522971632289000e+00 6.689640836470118757e-01 -3.942793579596752807e-01
5.300400000000000000e+04 -2.693934514906715094e+00 1.124740932663499393e+00 -1.313984807929927001e+00
5.153800000000000000e+04 -2.431813451260580905e+00 2.212083952253891539e-01 -1.268537331262336920e+00
5.302300000000000000e+04 -4.656661658617338162e-01 -8.153565308774091136e-01 7.939040822606102665e-02
5.287500000000000000e+04 2.054250367553436263e-01 -4.304292278891068690e-01 1.252239394895013902e-01
5.288700000000000000e+04 -8.130367747622813113e-02 -4.864874139958317301e-01 2.611563429610441744e-03
5.289800000000000000e+04 1.943156434917341358e-01 -1.026935343181875737e+00 3.165140978919964709e-01
5.290400000000000000e+04 -1.277362583038495814e+00 3.844527689580985452e-01 3.116930404048900982e-01
5.285600000000000000e+04 -3.432339548122058659e-01 -1.488642557256554255e-01 3.963194674887517976e-01
5.299100000000000000e+04 -1.237620547006969218e+00 -8.191598836927340699e-01 1.439750367661048358e+00
5.290900000000000000e+04 -1.508200620780542067e-01 2.773025672570668121e-01 1.345057443214727755e+00
5.291700000000000000e+04 -1.402545195212638873e+00 -1.137033779557654611e+00 -1.284642179345439672e+00
5.298300000000000000e+04 6.365634437713652005e-03 8.729218775238223316e-02 1.810512542549105319e+00
5.148700000000000000e+04 -5.142690776387439655e-01 1.655858426056582289e+00 7.178612796846266519e-01
5.295900000000000000e+04 -1.141015688604397837e+00 -1.545254780339121226e+00 1.024540791127265038e+00
5.299400000000000000e+04 -2.673881179802037877e-01 -4.778023417557193397e-01 -1.172433067839818932e+00
5.297700000000000000e+04 3.107986251923193777e-01 -5.198029209772130343e-01 -1.294540396184515885e+00
5.291500000000000000e+04 -5.187678469258401037e-01 -1.679444692316565124e-01 -1.284529174084696024e+00
5.288900000000000000e+04 2.827276943234551254e-01 -3.234039349421067300e-01 -8.963279232881120606e-01
5.288600000000000000e+04 -1.250413519791209183e+00 1.305126117287329635e-01 -4.788047756759397089e-01
5.288300000000000000e+04 2.877289878752549157e-01 1.201251025117500149e-01 -3.072288151201973960e-01
5.289000000000000000e+04 1.084750656451092254e-01 -1.911302156828185161e-01 -2.591251509234382411e-01
5.295700000000000000e+04 4.097631687395164590e-02 -8.500076960177693763e-02 -2.596311773164075021e-01
5.296700000000000000e+04 2.197677780522155899e-01 8.265366672341798449e-01 -9.448212485974067931e-01
5.298700000000000000e+04 1.410066099425648645e-01 4.564972743668533894e-01 -5.395269863765292939e-01
5.295300000000000000e+04 3.568681148695134198e-01 6.724964000395061703e-01 -2.453389983070053404e-01
5.287000000000000000e+04 -8.119300076199635896e-01 1.375977500676071941e+00 -5.369531732784764699e-01
5.293300000000000000e+04 -1.562380705882162601e-01 2.771110256662012716e-01 5.634489488628560139e-01
5.293700000000000000e+04 1.121330870089991549e-01 1.986934477141772959e-01 4.164660470326282393e-01
5.296000000000000000e+04 2.861120800812670950e-01 1.827541695650864995e-01 5.822797311270448972e-01
5.285700000000000000e+04 2.861120800812670950e-01 1.827541695650864995e-01 5.822797311270448972e-01
5.293400000000000000e+04 -8.159554420825543275e-02 -1.989519222220508254e-01 1.674193559925640784e-01
5.301300000000000000e+04 1.379325621067835073e-01 -2.003141372483270288e-01 3.017883058703034749e-01
5.296400000000000000e+04 1.230735991505014226e-01 -1.847749458929257571e-01 3.474280033842944704e-01
5.299800000000000000e+04 1.292656043231943386e-01 -1.423409431372277822e-01 3.569633538863001831e-01
5.297000000000000000e+04 1.466568422766272306e-01 -1.682889547317500956e-01 2.233235905642914076e-01
5.289100000000000000e+04 1.466568422766272306e-01 -1.682889547317500956e-01 2.233235905642914076e-01
5.291200000000000000e+04 1.403818819575235466e-01 -2.046643571728736788e-01 3.744575258134830165e-01
5.299000000000000000e+04 7.107181706814458266e-02 6.707538347528441136e-02 1.580227774326488088e-01
5.296300000000000000e+04 9.467218223005602340e-02 7.117351303183738764e-02 1.662942798168387526e-01
5.299600000000000000e+04 9.467218223005602340e-02 7.117351303183738764e-02 1.662942798168387526e-01
5.299500000000000000e+04 5.631085025146376211e-02 -3.000970803009295196e-02 1.839831206006294906e-01
5.300700000000000000e+04 9.303876849648418101e-02 1.146674632550173101e-01 2.546609105860113687e-01
5.290500000000000000e+04 3.463801619230366668e-02 -8.086721027353860336e-02 2.948969876439093696e-01
5.298000000000000000e+04 8.175771873538906220e-03 2.043817532654657043e-02 3.036246450853354872e-01
5.300200000000000000e+04 -5.667834607004351710e-02 -8.552113814127437763e-02 1.418696764725666526e-01
5.287900000000000000e+04 1.426214261674374484e-01 1.396819200887478019e-01 1.423829740873259198e-01
5.295600000000000000e+04 1.774886917662570340e-01 7.268832488324505903e-02 2.397032467953579271e-01
5.291100000000000000e+04 3.226537337587842558e-01 2.451792755495318943e-02 1.046962189143698652e-01
5.286800000000000000e+04 3.226537337587842558e-01 2.451792755495318943e-02 1.046962189143698652e-01
5.286900000000000000e+04 4.215391496061613452e-01 -1.770177021478502866e-02 2.597169019016121183e-01
5.288400000000000000e+04 2.554113696075717144e-01 1.060111510407608648e-01 2.957117150786814364e-01
5.290700000000000000e+04 1.648494091074610424e-01 -1.148364601333184964e-02 2.613168002355337194e-01
5.291900000000000000e+04 1.648494091074610424e-01 -1.148364601333184964e-02 2.613168002355337194e-01
5.297600000000000000e+04 1.498296450415921299e-01 1.672916054310746858e-01 2.433931782584011216e-01
5.300000000000000000e+04 1.414548923020220172e-01 1.460637355255016701e-01 1.190961249915289955e-01
5.300100000000000000e+04 4.841485631138198187e-02 -1.721460175685933791e-01 -1.850816963760735234e-01
5.287300000000000000e+04 4.841485631138198187e-02 -1.721460175685933791e-01 -1.850816963760735234e-01
5.297900000000000000e+04 3.686914207770541907e-02 -2.018504095405546650e-01 -8.182258344973547537e-02
5.296500000000000000e+04 -2.691441943625250133e-04 -1.631276963471322006e-01 -4.268663549589746253e-02
5.292400000000000000e+04 -1.450803190542160337e-02 -2.311326346729316583e-01 -5.124234678135053400e-03
5.296600000000000000e+04 4.458914457126184061e-01 3.162135494505804445e-01 -1.688989999905743389e-01
5.287200000000000000e+04 1.589379812228060018e-01 -3.751312749668471724e-01 -9.539849404023925672e-02
5.295800000000000000e+04 2.186961444758139805e-02 1.000276591988011887e-01 -1.043039643905103731e-01
5.295200000000000000e+04 -2.199413080091972006e-03 6.795434573785996690e-02 2.041121994952277419e-02
5.300500000000000000e+04 -1.390062740636039962e-01 -9.046963718991207770e-02 -4.456855618079202941e-02
5.297400000000000000e+04 4.413067388813374237e-02 -9.968495217586337276e-02 7.409952518818840872e-02
5.297300000000000000e+04 5.616555067211947971e-02 1.076667056403408651e-01 8.329947314996388741e-02
5.291400000000000000e+04 5.616555067211947971e-02 1.076667056403408651e-01 8.329947314996388741e-02
5.292800000000000000e+04 1.420319106975398427e-01 -4.494303762885465403e-02 7.345559880326391067e-02
5.302400000000000000e+04 3.065918647458261148e-01 1.034815769836683330e-01 -9.334469801152067703e-02
5.286500000000000000e+04 2.906791377992306025e-01 2.210228217187193422e-02 2.879997593888106167e-02
5.298900000000000000e+04 2.925803756002096634e-01 -1.365985746322451178e-02 4.436657962793333354e-02
5.296900000000000000e+04 1.441100681117291060e-01 -2.063784495749132475e-02 -1.234489492865122884e-01
5.291300000000000000e+04 3.134269758165260100e-01 2.525450386542615888e-03 8.908810461039706752e-02
5.290300000000000000e+04 3.134269758165260100e-01 2.525450386542615888e-03 8.908810461039706752e-02
5.289400000000000000e+04 6.433536743211050180e-01 4.558410482805470565e-01 2.317470084954067033e+00
5.288800000000000000e+04 9.758972954062130611e-01 -6.681436865628995747e-01 2.815616349893730330e-01
5.300300000000000000e+04 7.849040164254574847e-01 2.575702029057822529e-01 1.660192009022978255e-01
5.293000000000000000e+04 7.326106550446809251e-01 -9.149179297035203717e-01 1.229373705547715190e+00
5.287400000000000000e+04 7.960129626026457572e-01 2.001443042764492475e-01 3.447138528106847843e-01
5.290200000000000000e+04 1.214663128833421979e+00 -6.114105482031959582e-01 -9.179204689295943353e-01
5.287800000000000000e+04 1.217987852676827742e+00 4.542196816108798885e-01 -9.566054917724500228e-01
5.286300000000000000e+04 9.795806126802801828e-01 -3.109523174681925184e-01 -9.405577871241064258e-01
5.288100000000000000e+04 7.318553111552432711e-01 7.287722154785427620e-01 -3.544226297860575414e-01
5.288000000000000000e+04 5.268138872052929855e-01 2.515400038367943125e-01 -3.375875910303420824e-01
5.288200000000000000e+04 1.243654133447648746e+00 -6.232723396736759014e-01 -4.589617061174351420e-01
5.299300000000000000e+04 1.111803548886712179e+00 5.372982723907995251e-01 -4.631687852848074272e-01
5.287600000000000000e+04 1.134495630051219450e+00 9.282881760791497072e-01 -4.424055530899693167e-01
5.289600000000000000e+04 7.541604315624397259e-01 -1.153995204185633838e-01 -8.704950944402867208e-02
5.289500000000000000e+04 5.656357144005994542e-01 -1.118530782588322836e-01 -1.027411528843344968e-01
5.297500000000000000e+04 6.110719109811668659e-01 1.511319955476011501e-01 4.829534120392509067e-01
5.296100000000000000e+04 5.951356788093562500e-01 2.929436399301863503e-01 2.932209337369897639e-01
5.292200000000000000e+04 5.033009433755637474e-01 -1.179620145398132536e-01 1.523411279933952756e-01
5.289300000000000000e+04 6.224560656080768695e-01 1.323933633805580712e-01 1.419014520656389777e-01
5.287100000000000000e+04 4.666124976863272877e-01 1.881534700376192859e-01 2.972854309321348865e-01
