# halo_id 	 x_coord [pc] 	 y_coord [pc] 	 z_coord [pc] 	 vir_rad [pc]
0.000000000000000000e+00 -1.047986883190460503e+02 -9.452143004490062594e+01 -1.013999714516103268e+02 2.155002127694695790e+00
1.000000000000000000e+00 -9.752307750890031457e+01 -4.009647001232951880e+01 -8.191243173833936453e+01 2.889556651536648868e+00
2.000000000000000000e+00 -5.046776688471436501e+01 -3.226596943521872163e+01 -6.243775021238252521e+01 2.484697979142878932e+00
3.000000000000000000e+00 -8.479596801288425922e+01 -4.407010667864233255e+01 -1.909845049493014812e+01 4.540048365543286835e+00
4.000000000000000000e+00 -4.634130384586751461e+01 -6.756538796238601208e+00 -5.616138722933828831e+01 1.787783688197422505e+00
5.000000000000000000e+00 -1.386939806444570422e+01 -7.036614087410271168e+00 -2.027104825014248490e+01 1.099468767238799716e+00
6.000000000000000000e+00 -8.943825231865048409e+00 -2.974283164693042636e+01 -3.367501209862530231e+01 3.230481214635100962e+00
7.000000000000000000e+00 1.786751671694219112e+00 -1.655985803855583072e+01 -3.026451942883431911e+01 1.599149866957843225e+00
8.000000000000000000e+00 5.558519549667835236e-01 -1.629597868770360947e+00 -2.618279353156685829e+01 1.014774322050909028e+01
9.000000000000000000e+00 5.536770263221114874e+00 -8.251436177641153336e+00 -3.136468774871900678e+01 2.625915482435509762e+00
1.000000000000000000e+01 2.536813998129218817e+00 -1.073120406363159418e+00 -3.144626574404537678e+01 2.325088686710284680e+00
1.100000000000000000e+01 5.301592645701020956e+00 7.958362274803221226e-01 -3.194964750530198216e+01 2.190582573657575693e+00
1.200000000000000000e+01 6.195175115019083023e+00 -8.576330835931003094e+00 -1.981495554046705365e+01 1.945797130102523198e+00
1.300000000000000000e+01 -1.119706483697518706e+01 -7.545951597392559052e+00 -1.034973947983235121e+01 2.347743997393542781e+00
1.400000000000000000e+01 5.242862168233841658e+00 -7.185664369259029627e+00 -3.613005460239946842e+00 2.457705401291812031e+00
1.500000000000000000e+01 -1.104131746571511030e+01 -2.976376465521752834e-01 -1.653535792464390397e+01 1.848995615823301852e+00
1.600000000000000000e+01 8.264837601222097874e+00 4.054106763098388910e+00 -6.453129314817488194e+00 1.193816905146988105e+01
1.700000000000000000e+01 2.932996901683509350e+00 -1.583660757169127464e-01 -2.675557480659335852e+00 1.649907444228832398e+00
1.800000000000000000e+01 -1.145185452876612544e+02 3.241345802787691355e+01 -4.032960351230576634e+01 3.739756230629343481e+00
1.900000000000000000e+01 -8.290032224589958787e+01 3.648382409987971187e+01 -1.392521358747035265e+01 5.581889040712460393e+00
2.000000000000000000e+01 6.879009059630334377e-01 3.572344258893281221e+00 -3.332362116267904639e+01 4.031773558859425677e+00
2.100000000000000000e+01 6.292710586916655302e+00 3.589315919671207666e+00 -2.232896223105490208e+01 2.514177791064757805e+00
2.200000000000000000e+01 2.923035732936114073e+00 7.618173531256616116e+00 -1.943574941530823708e+01 2.839286439762077396e+00
2.300000000000000000e+01 2.639912415761500597e+00 7.256333152763545513e+00 -1.478510206844657660e+01 2.378737301836279183e+00
2.400000000000000000e+01 -4.092957749497145414e+00 2.114355197409167886e+01 -1.398112693335860968e+01 3.459849328836690940e+00
2.500000000000000000e+01 -3.334228374529629946e+00 7.343269187025725842e+00 -7.619145841803401709e+00 2.882031398250603615e+00
2.600000000000000000e+01 -9.238422546535730362e+00 6.822330042254179716e+00 -4.936981409322470427e+00 1.656853432059379294e+00
2.700000000000000000e+01 -3.560702571179717779e+00 4.827696762047708035e+00 -5.299090522341430187e+00 1.188748687642043445e+00
2.800000000000000000e+01 -2.705141847021877766e+00 8.182308173272758722e+00 5.645626825280487537e-01 4.226829275627930649e+00
2.900000000000000000e+01 -3.842541314661502838e-01 3.104526428971439600e+00 -1.205785497138276696e+01 1.796185419659020788e+00
3.000000000000000000e+01 -1.793472215533256531e+00 4.477641292847692966e+00 -1.224475836195051670e+01 2.204427457610066643e+00
3.100000000000000000e+01 -9.632888673804700375e-01 8.683717363048344851e+00 -1.129072805913165212e+01 2.149115864943609289e+00
3.200000000000000000e+01 -7.710314183495938778e-01 9.421978128142654896e+00 -4.301142673473805189e+00 3.171442635848835234e+00
3.300000000000000000e+01 2.303916864562779665e+00 8.294855876360088587e+00 -2.424916743300855160e+00 1.513820388559510510e+00
3.400000000000000000e+01 1.063683669082820415e+00 1.189543529041111469e+01 -1.128981350501999259e+01 1.700635957779071950e+00
3.500000000000000000e+01 -1.641374948434531689e+00 1.248312485450878739e+01 -8.473789175972342491e+00 2.466903415690064438e+00
3.600000000000000000e+01 3.726675393059849739e+00 1.364669572236016393e+01 -4.183876009192317724e+00 3.129177305367996098e+00
3.700000000000000000e+01 -9.195660779019817710e+01 1.687317043589428067e+01 2.314615899790078402e+01 4.649401597368593819e+00
3.800000000000000000e+01 -7.530550597747787833e+01 3.459969490440562367e+01 3.435225764289498329e+00 2.741059554076208826e+00
3.900000000000000000e+01 -8.331134498864412308e+01 3.703487348789349198e+01 3.653222524886950850e+01 7.734863508303295276e+00
4.000000000000000000e+01 -2.248434175923466682e+01 -1.175995583273470402e+01 -9.324986999854445457e-02 1.894400249962894689e+00
4.100000000000000000e+01 -1.636659117881208658e+00 1.857977247331291437e+00 1.223679671064019203e+00 1.358177587213194260e+00
4.200000000000000000e+01 -1.081914809951558709e+01 -6.660765274893492460e+00 1.758983380626887083e+01 3.451218767175513236e+00
4.300000000000000000e+01 9.150146553292870522e-02 6.817237189970910549e+00 -1.471506943926215172e+00 1.140569979827836145e+00
4.400000000000000000e+01 -1.245110471732914448e+00 9.207468221429735422e+00 1.995800094772130251e+01 2.017698598218527817e+00
4.500000000000000000e+01 -1.506561440182849765e+01 2.291343864006921649e+01 3.738202426163479686e+01 2.614378912623309237e+00
4.600000000000000000e+01 -1.270360821532085538e+02 5.641224093968048692e+01 7.770921066310256720e+01 5.624202498969331998e+00
4.700000000000000000e+01 -8.300950501440092921e+01 4.417655327450484037e+01 1.914014403149485588e+01 3.822495624469579134e+00
4.800000000000000000e+01 -1.306289616534486413e+02 1.448097672695294023e+02 1.731794032547622919e+01 3.248235930397384230e+00
4.900000000000000000e+01 -1.285597032164223492e+02 5.267744747549295425e+01 8.024107231292873621e+01 2.343134602276073508e+00
5.000000000000000000e+01 -1.102548818509094417e+02 4.757965266378596425e+01 1.583295032395981252e+02 4.608337676926375970e+00
5.100000000000000000e+01 -1.391360033419914544e+02 6.243622308876365423e+01 1.148402985362336040e+02 4.479438207619661050e+00
5.200000000000000000e+01 -5.353876592079177499e+01 4.453770760307088494e+01 1.011840146686881781e+01 3.000804983783873059e+00
5.300000000000000000e+01 -3.302203099709004164e+01 4.044453587243333459e+01 1.009875518269836903e+00 1.456817825515232423e+00
5.400000000000000000e+01 -7.043441214691847563e+01 5.334840393299236894e+01 1.150901627913117409e+01 3.094163549166415006e+00
5.500000000000000000e+01 -5.903587867785245180e+01 6.334433628665283322e+01 2.608368433592841029e+01 4.196705638629040003e+00
5.600000000000000000e+01 -1.596471781516447663e+01 5.473802692163735628e+01 3.265889273071661592e+01 2.209791037049570583e+00
5.700000000000000000e+01 -8.192424039635807276e+01 3.761642886372283101e+01 5.041290320083498955e+01 1.600418238858081210e+00
5.800000000000000000e+01 1.601608248334378004e+01 -2.023777675768360496e+01 -3.878840475110337138e+01 2.041750726349379264e+00
5.900000000000000000e+01 7.374043566174805164e+00 -1.788980640238150954e+01 -3.691444278648123145e+01 2.063282424305033835e+00
6.000000000000000000e+01 3.960766564169898629e+01 -4.223376331757754087e+01 -2.951503435894846916e+01 3.584639845932160451e+00
6.100000000000000000e+01 1.840611937223002315e+01 -1.410275383433327079e+01 -3.682329635787755251e+01 3.035740788541763546e+00
6.200000000000000000e+01 7.419301004614681005e+00 -1.031939242640510201e+01 -3.345176169648766518e+01 1.455638770478104860e+00
6.300000000000000000e+01 9.670967356767505407e+00 -7.832170280627906322e+00 -2.725574016198515892e+01 1.874021570185002483e+00
6.400000000000000000e+01 1.572748711006715894e+01 -1.268163849599659443e+00 -2.898346236487850547e+01 1.102504411964748066e+01
6.500000000000000000e+01 2.042960482323542237e+01 -1.534496803628280759e+01 -3.105097385263070464e+01 3.907695532667116556e+00
6.600000000000000000e+01 2.619683458562940359e+01 -1.174702921230345964e+01 -3.129609140334650874e+01 2.143003041305494794e+00
6.700000000000000000e+01 2.546816204348579049e+01 -1.120469962479546666e+01 -2.886822389345616102e+01 2.023127467613422326e+00
6.800000000000000000e+01 2.696050583990290761e+01 -9.994412869680672884e+00 -3.468615631107240915e+01 2.026291434536895864e+00
6.900000000000000000e+01 2.292063133744522929e+01 -2.370681668538600206e+01 -1.239463897561654449e+01 4.847611592953334103e+00
7.000000000000000000e+01 8.464252213016152382e+00 -6.035653649829328060e+00 -2.420760487020015717e+01 3.133668335138438454e+00
7.100000000000000000e+01 2.395567208807915449e+01 -6.714614184107631445e+00 -2.199424253450706601e+01 2.100582228448526934e+00
7.200000000000000000e+01 3.352142044110223651e+01 -6.277051505167037249e+00 -1.799403456365689635e+01 7.812312252681074654e+00
7.300000000000000000e+01 2.984357520192861557e+01 -6.798483309336006641e+00 -1.654168289154767990e+01 2.353783011151602267e+00
7.400000000000000000e+01 5.966170564712956548e+01 -1.445362363103777170e+01 -2.447426824923604727e+01 2.686829891543254245e+00
7.500000000000000000e+01 4.463076356006786227e+01 -9.172476706560701132e+00 -2.986373517010360956e+01 2.359395102523655918e+00
7.600000000000000000e+01 5.483831592788919806e+01 -2.572783366777002811e+00 -2.641997407423332334e+01 9.072602142159075456e+00
7.700000000000000000e+01 5.747972544189542532e+01 -8.432115892879664898e+00 -2.233695624489337206e+01 3.072723448353982256e+00
7.800000000000000000e+01 6.205909652868285775e+01 -2.101120524108409882e+01 -8.620844081044197083e+00 5.376658607408087320e+00
7.900000000000000000e+01 6.749552445160225034e+01 -2.143781048431992531e+01 -9.778512167278677225e+00 3.125601334732337033e+00
8.000000000000000000e+01 8.682172835478559136e+01 -8.925626763794571161e+01 -4.153752420563250780e+01 1.830702686246489685e+00
8.100000000000000000e+01 7.574275089008733630e+01 -1.055426867725327611e+01 -3.394576424686238170e+01 2.661216492549588697e+00
8.200000000000000000e+01 7.727849847916513681e+01 -1.704815860884264112e+01 -2.156743813073262572e+01 2.424542361247206124e+00
8.300000000000000000e+01 1.543986585265956819e+02 -5.100950362021103501e+01 -1.863468763092532754e+01 3.386631013367165544e+00
8.400000000000000000e+01 7.358702077064663172e+00 -4.683840880170464516e-02 -3.147544325422495604e+01 1.857105243311656162e+00
8.500000000000000000e+01 1.138869124371558428e+01 -1.435592259280383587e+00 -3.363223147625103593e+01 1.553259058927161540e+00
8.600000000000000000e+01 2.405538785178214312e+01 -3.684341282583773136e+00 -2.835780736943706870e+01 4.774339201728177606e+00
8.700000000000000000e+01 1.273094524862244725e+01 -5.415395465679466724e+00 -2.398838836373761296e+01 2.428346929703834700e+00
8.800000000000000000e+01 1.792085046879947186e+01 -4.274193480610847473e+00 -2.312647765362635255e+01 1.307578832085064979e+00
8.900000000000000000e+01 1.975047901412472129e+01 -6.684848433360457420e-01 -2.668011997127905488e+01 1.064726057213651655e+00
9.000000000000000000e+01 8.573006990365684032e+00 -2.405619530007243156e+00 -1.896828711405396461e+01 3.643658278503913994e+00
9.100000000000000000e+01 1.254877941915765405e+01 1.550807478837668896e+00 -2.012819410441443324e+01 2.747118572063841135e+00
9.200000000000000000e+01 1.202972116228193045e+01 2.350622368045151234e+00 -1.511186072742566466e+01 2.598451386172992095e+00
9.300000000000000000e+01 7.796597642824053764e+00 -3.428781539201736450e+00 -9.703052355907857418e+00 3.047333211621614968e+00
9.400000000000000000e+01 1.291204507276415825e+01 6.685200138017535210e-01 -1.196875575790181756e+01 2.202154058039189621e+00
9.500000000000000000e+01 1.582206910243257880e+01 -5.022687803488224745e+00 -1.872180954879149795e+01 2.504676591347180459e+00
9.600000000000000000e+01 2.114837800525128841e+01 -2.869147382210940123e+00 -2.237309680646285415e+01 1.700207441287708843e+00
9.700000000000000000e+01 2.301163572724908590e+01 -3.042117398697882891e+00 -1.679443235136568546e+01 1.764717600189734226e+00
9.800000000000000000e+01 2.136472359672188759e+01 -4.691387070342898369e-01 -1.951956672687083483e+01 2.251884954480422696e+00
9.900000000000000000e+01 1.295360555034130812e+01 -1.354883395601063967e+00 -1.594362689973786473e+01 5.643619837220636981e-01
1.000000000000000000e+02 1.130316068138927221e+01 4.364856508560478687e+00 -2.753080666810274124e+01 1.163000922148803573e+00
1.010000000000000000e+02 8.872940154280513525e+00 5.932670759502798319e+00 -2.326876932103186846e+01 1.729139597390650929e+00
1.020000000000000000e+02 1.229614213155582547e+01 6.944959596730768681e+00 -2.131057921005412936e+01 1.454758315044201833e+00
1.030000000000000000e+02 2.110276514757424593e+01 1.530095295095816255e+01 -2.858816795563325286e+01 2.286131188669658254e+00
1.040000000000000000e+02 1.901468045217916369e+01 3.451952678151428699e+00 -1.121467961790040135e+01 1.923452276796244753e+00
1.050000000000000000e+02 1.134932979894801974e+01 7.662002981174737215e+00 -1.651084601134061813e+01 1.531360097106432061e+00
1.060000000000000000e+02 1.268604201544076204e+01 8.504987193737179041e+00 -1.430129515565931797e+01 1.737316554514666045e+00
1.070000000000000000e+02 2.516437810612842441e+01 -8.644421179778873920e-01 -2.238837750814855099e+01 2.234821356135622050e+00
1.080000000000000000e+02 4.770938615035265684e+01 -4.392295261844992638e+00 -3.011384950717911124e+01 1.931246889088131802e+00
1.090000000000000000e+02 1.073661241503432393e+02 -1.942858260171487927e+01 1.429555452661588788e+01 7.589423241401190623e+00
1.100000000000000000e+02 1.008262365921400487e+02 -1.529067484289407730e+01 1.636997724883258343e+01 2.217291342720076219e+00
1.110000000000000000e+02 1.061831957101821899e+02 -6.389609555713832378e+01 4.509013681579381227e+01 7.522568533930535040e+00
1.120000000000000000e+02 1.230481653660535812e+01 -4.351600110903382301e+01 3.045495234057307243e+01 1.775323593870891781e+00
1.130000000000000000e+02 9.313489345461130142e+01 -1.150849606981500983e+01 4.553228131774812937e+01 4.003028335993340292e+00
1.140000000000000000e+02 1.766645727450959384e+02 -1.018035038146190345e+02 1.979514085827395320e+01 2.508724683331297278e+00
1.150000000000000000e+02 1.179393825214356184e+02 -8.823536124778911471e+01 4.145381396682932973e+01 3.465624664884276118e+00
1.160000000000000000e+02 1.423981654411181808e+01 -1.992139411158859730e+00 -6.994041281286627054e+00 2.656153013435995192e+00
1.170000000000000000e+02 8.790701424703001976e+00 1.214395674876868725e+01 -5.080623899120837450e+00 1.945232718312603470e+00
1.180000000000000000e+02 8.397733361460268497e+00 -8.535091749858111143e+00 9.580954238772392273e+00 3.128764821535791718e+00
1.190000000000000000e+02 1.624821610329672694e+01 4.021312869153916836e+00 -7.912937114480882883e+00 1.240285093856848375e+00
1.200000000000000000e+02 1.471502324519678950e+01 -2.980248170904815197e+00 5.003475523553788662e-01 1.551398013456533498e+00
1.210000000000000000e+02 1.476062048459425569e+01 8.044455693569034338e+00 -7.040292953141033649e+00 2.130064153491001200e+00
1.220000000000000000e+02 3.022078994149342179e+01 7.884603721089661121e+01 1.125223892438225448e+02 2.487868595776822733e+00
1.230000000000000000e+02 7.716640364192426205e+01 -1.095280725788325071e+01 6.191002929117530584e+00 1.988700589599856183e+00
1.240000000000000000e+02 8.015987350512295961e+01 -9.400441725272685289e+00 6.022880614269524813e+00 1.957072654637579623e+00
