# star id 	 star_x_coords [pc] 	 star_y_coords [pc] 	 star_z_coords [pc] 
5.659900000000000000e+04 4.195206908291879699e-01 2.741714305262838991e-01 -1.280145575882677633e+00
5.655900000000000000e+04 1.321207333856122546e+00 1.892220736464444997e-01 2.781467265471277983e-01
5.649000000000000000e+04 6.935442978733306063e-01 8.071354687181884202e-01 -1.062036943933623689e+00
5.651700000000000000e+04 6.935442978733306063e-01 8.071354687181884202e-01 -1.062036943933623689e+00
5.654000000000000000e+04 6.254880566859526425e-01 -9.245278130743486145e-01 1.761694027517460626e+00
5.652700000000000000e+04 4.034386662081033137e-01 4.062265799406272748e-01 1.919151387933634823e+00
5.649900000000000000e+04 -7.059746786034821753e-01 7.351357518508905287e-03 5.637637734191827121e-01
5.658600000000000000e+04 -2.642488905531479304e-01 -4.133716883638349771e-02 -2.173726654327552410e-01
5.650100000000000000e+04 -3.986474387363188043e-01 -1.849570388338062088e-01 -1.602508513747871177e-01
5.657500000000000000e+04 -4.193966313208647989e-01 -2.717904041597467568e-01 -1.765144715124016273e-01
5.654200000000000000e+04 -7.119536391500389527e-01 6.578056804685772363e-02 -1.925596027114551134e-01
5.653300000000000000e+04 -5.173156883103331438e-01 -6.155643449632997033e-02 -2.338380965287747415e-01
5.660200000000000000e+04 -5.039188356370658539e-01 -2.631930374208391044e-01 -6.509377033552254943e-02
5.661100000000000000e+04 -5.065263422247170411e-01 9.315862736365154717e-02 -1.275852852783287972e-01
5.661200000000000000e+04 -2.287338836976289258e-01 2.635134006019352881e-01 -5.012236914694767620e-02
5.658000000000000000e+04 -3.929297523098540523e-01 7.626377812848339488e-02 1.572761724607509848e-01
5.658700000000000000e+04 -4.658567676162448379e-01 2.900351502699098916e-01 6.726241580857461599e-02
5.659300000000000000e+04 -1.199272710969978561e-01 -3.830933618622545112e-02 -3.811072627491540743e-02
5.649300000000000000e+04 -1.199272710969978561e-01 -3.830933618622545112e-02 -3.811072627491540743e-02
5.659200000000000000e+04 -1.673986784363563629e-01 9.902926284414270697e-02 -5.243891274064438335e-02
5.655700000000000000e+04 -7.368700810815198565e-02 7.973770599568652528e-02 -4.527123994057546952e-02
5.652500000000000000e+04 8.424260134322025806e-02 -2.364404113824409848e-01 -1.370216379683135699e-01
5.660600000000000000e+04 3.377156360340904939e-02 -1.544004318092397909e-01 -4.408015684786192878e-02
5.651200000000000000e+04 3.377156360340904939e-02 -1.544004318092397909e-01 -4.408015684786192878e-02
5.655200000000000000e+04 1.269335772819033537e-01 -1.085345692341643797e-01 2.576283390544524821e-01
5.657400000000000000e+04 1.269335772819033537e-01 -1.085345692341643797e-01 2.576283390544524821e-01
5.653100000000000000e+04 -2.078399213490769171e-01 -2.388324097986771477e-01 -1.136447401964382209e-01
5.658400000000000000e+04 -1.088089073864324519e-01 4.200499244364586104e-02 -4.133993469327990056e-02
5.655600000000000000e+04 6.906054223362900757e-02 1.284865081480095483e-01 1.821975683684691205e-01
5.652600000000000000e+04 -2.303055170100378746e-01 8.327392291789692536e-03 -3.490262352855566519e-02
5.654400000000000000e+04 -2.303055170100378746e-01 8.327392291789692536e-03 -3.490262352855566519e-02
5.653000000000000000e+04 -3.288443353691548054e-01 1.076701858963549086e-01 -2.807612324886896715e-01
5.658200000000000000e+04 -2.958698482920425477e-01 -3.380868113715855827e-01 -8.287732457339913594e-02
5.649400000000000000e+04 -2.315034046488761987e-01 2.119730148289722393e-01 2.055254418291099228e-01
5.654600000000000000e+04 -1.589276112916735428e-01 4.612345762552063633e-01 -5.578235633053907350e-02
5.654700000000000000e+04 7.176596116835298744e-03 4.021776795045912678e-01 8.920193900076611726e-02
5.654900000000000000e+04 -3.870311512725947978e-01 2.032934142854365689e-01 6.638015200566904639e-01
5.651600000000000000e+04 1.499625779336497544e-01 7.403861695627647066e-01 7.115460800732229529e-01
5.652100000000000000e+04 -2.001668194942425316e-01 2.921966657011960677e-01 2.923820280258588866e-01
5.651400000000000000e+04 -6.262223062351779390e-01 -6.465101756354485474e-02 -2.925977048395083102e-01
5.652300000000000000e+04 3.194759101706949878e-01 -2.853800403767614569e-01 -5.155642687365400434e-01
5.656600000000000000e+04 2.602888515163215288e-02 -3.346263957540376310e-01 -5.638979373341506118e-01
5.660100000000000000e+04 1.891026307235676995e-01 2.492905927210262718e-01 -4.691391052518483207e-01
5.660000000000000000e+04 -3.286377105857241077e-02 -4.594098324369664255e-01 -5.795649808825125149e-01
5.657200000000000000e+04 3.904205595347605140e-01 -1.607812172709266463e-01 -3.035972986184667377e-01
5.653700000000000000e+04 8.745032144441893251e-01 -3.634559025045440706e-01 3.281248757475374589e-01
5.657300000000000000e+04 6.590717829735552868e-01 -1.004061824023546379e+00 -1.302386456346589227e-01
5.656400000000000000e+04 9.106583812700677072e-01 -8.400889956513868384e-01 -1.691046055922207358e-01
5.651800000000000000e+04 3.556546680948429184e-01 3.139905559670683743e-01 9.170086195850721822e-01
