# star id 	 star_x_coords [pc] 	 star_y_coords [pc] 	 star_z_coords [pc] 
2.352000000000000000e+03 -2.090835283600785743e+00 -3.921639330905009047e-01 -4.281130975783540293e-01
2.383000000000000000e+03 1.529192406422373196e+00 1.070173531098816966e-02 -7.015397113100458881e-01
2.346000000000000000e+03 1.812196871741264204e+00 1.922800107706734707e-01 -1.393564164990532817e-01
2.343000000000000000e+03 3.814973621952653104e-01 -8.485919260715490964e-01 1.003852405719591445e+00
2.337000000000000000e+03 6.085841275938363992e-02 -8.460264688102370201e-01 -3.446995073978520452e-01
2.316000000000000000e+03 2.141888842962060835e-01 3.010809294687533111e-01 -4.161783993663092929e-01
2.332000000000000000e+03 1.595953840204700214e-01 -1.201586880928573464e-01 -1.132779322679041911e+00
2.327000000000000000e+03 -2.909364020041422805e-01 -2.290721998749205568e-01 -5.500704278732158059e-01
2.331000000000000000e+03 -2.909364020041422805e-01 -2.290721998749205568e-01 -5.500704278732158059e-01
2.335000000000000000e+03 -4.574837662875879118e-01 1.774573862731472218e-01 -5.316999101389221494e-01
2.322000000000000000e+03 1.906493550282455374e-01 2.605938696414966671e-02 -3.093557077842223890e-01
2.399000000000000000e+03 -4.267308688810977912e-01 1.381206741532139404e-01 -2.260540664565144908e-01
2.400000000000000000e+03 -1.617141404358058310e+00 -5.394205909233136254e-01 -8.141075189416469016e-02
2.372000000000000000e+03 1.623789506438662045e-01 -4.982086352526948758e-01 3.578650653134189952e-01
2.336000000000000000e+03 5.621224191952833849e-01 5.728922903547868373e-01 -1.638058915233440160e-01
2.362000000000000000e+03 6.789675829371013549e-01 3.483146324049357645e-02 1.276371214825804401e-01
2.365000000000000000e+03 3.893269395662102283e-01 -2.088871984329472298e-01 1.610557356809891871e-01
2.324000000000000000e+03 3.879480382465203547e-01 4.513271789521979827e-01 1.838267784653488945e-01
2.325000000000000000e+03 2.228458168804827721e-01 -3.392687096703639327e-02 2.042375047767617247e-01
2.348000000000000000e+03 -1.539058716165392582e+00 -2.654343134565380069e-01 5.093396639206790866e-01
2.417000000000000000e+03 -6.661004951291005227e-02 6.077393614092585494e-01 -1.796116893883947796e-01
2.418000000000000000e+03 1.618229286045114179e-01 -3.057173438148765854e-01 -1.775001874726243045e-01
2.353000000000000000e+03 2.702868037848560334e-02 2.401411880694155343e-01 -1.148750212407136928e-01
2.359000000000000000e+03 -2.628153848571557205e-02 -6.950380174022541269e-02 -9.364526866725064735e-02
2.375000000000000000e+03 -9.483329325345124516e-03 5.959639627468504841e-02 -3.076710116496705893e-02
2.364000000000000000e+03 -3.927717500612715185e-03 -4.612782216064488239e-01 -4.652625542912858236e-02
2.363000000000000000e+03 -8.668294472862214661e-02 -2.943077566510226006e-01 -6.114809901493245547e-02
2.391000000000000000e+03 -2.169971093009053220e-01 -1.512783106794302057e-01 5.114354977120427748e-02
2.395000000000000000e+03 1.000092765516740201e-01 -3.639762016201899542e-01 1.027119688372799544e-01
2.351000000000000000e+03 -4.726761910637975461e-01 -1.381308093683628613e-01 2.086212790265591366e-01
2.386000000000000000e+03 1.781195232595784717e-01 3.751432821384526051e-02 2.267082868806422624e-01
2.341000000000000000e+03 1.781195232595784717e-01 3.751432821384526051e-02 2.267082868806422624e-01
2.401000000000000000e+03 1.781195232595784717e-01 3.751432821384526051e-02 2.267082868806422624e-01
2.403000000000000000e+03 1.858082763781574442e-01 6.056154985708133154e-01 3.153939555838629616e-01
2.413000000000000000e+03 1.203208717897119584e-01 5.881393982001981158e-01 5.124117305842972314e-01
2.339000000000000000e+03 -9.279694156321482978e-02 -1.876482492488094067e-01 5.516995516628533380e-01
2.318000000000000000e+03 -5.471452052262222310e-01 5.745508116931148379e-01 6.642590021939387412e-01
2.369000000000000000e+03 3.042181189755659432e-01 8.345844662431431971e-01 6.468787564854139305e-02
2.394000000000000000e+03 5.038876468202246883e-02 6.551425821815257677e-01 5.803392413094030644e-01
