# star id 	 star_x_coords [pc] 	 star_y_coords [pc] 	 star_z_coords [pc] 
1.016000000000000000e+04 3.823724922614024635e-01 8.737518683673783926e-01 -3.775949538789724613e-01
1.024600000000000000e+04 -7.063812466003738244e-01 -1.983372388922514773e+00 -1.561011300637744625e-01
1.022400000000000000e+04 7.343148542449995375e-03 -2.140379176916439974e+00 -1.186159954522736371e-01
1.019700000000000000e+04 5.157676322719106921e-02 4.576666434246376980e-01 -5.182660387508164490e-02
1.019800000000000000e+04 5.157676322719106921e-02 4.576666434246376980e-01 -5.182660387508164490e-02
1.019900000000000000e+04 5.157676322719106921e-02 4.576666434246376980e-01 -5.182660387508164490e-02
1.018700000000000000e+04 -3.103248537166423127e-01 8.385688148453596114e-02 1.327619062259906002e-01
1.025400000000000000e+04 1.553576900995889964e-01 -1.265764829754381537e+00 2.271934300283113828e-01
1.023600000000000000e+04 1.241359664388061113e+00 8.013068342946745304e-01 -1.038081012661141500e+00
1.020200000000000000e+04 -5.030012328460626847e-01 2.842679353011163812e-01 3.458402822456250192e-01
1.018800000000000000e+04 -5.030012328460626847e-01 2.842679353011163812e-01 3.458402822456250192e-01
1.018600000000000000e+04 -1.385177725056068176e-01 1.815370142130134923e-01 4.130234716897298597e-01
1.023900000000000000e+04 1.067007896824390123e-01 1.060923520760617578e+00 4.471648852098368820e-01
