# star id 	 star_x_coords [pc] 	 star_y_coords [pc] 	 star_z_coords [pc] 
6.830000000000000000e+02 1.903711439574584219e+00 -4.512449948648935560e-01 7.577832677367002390e-02
7.210000000000000000e+02 5.562229112021332966e-01 -6.548553545001709608e-01 2.831322375235778566e-02
6.700000000000000000e+02 1.189777455800283157e+00 5.806820874257141440e-01 7.301531788600668094e-02
7.250000000000000000e+02 2.282860543362996708e-02 -5.710650111164881082e-01 2.181021339324895614e-01
6.820000000000000000e+02 8.245870843668292594e-01 -2.631145089094815148e-01 3.105957244621073698e-01
6.730000000000000000e+02 -4.210308773734201537e-01 -6.179552267321639647e-01 3.062865953546354270e-01
7.480000000000000000e+02 -4.678194348473718733e-01 5.633388135963173227e-01 4.467633615544990278e-01
7.110000000000000000e+02 -4.678194348473718733e-01 5.633388135963173227e-01 4.467633615544990278e-01
6.920000000000000000e+02 1.649789964919046170e-01 -1.791277829411797029e-02 5.226102589133523324e-01
6.150000000000000000e+02 1.078584352608363162e+00 4.554354844474346464e-01 9.344416850436614297e-01
7.330000000000000000e+02 1.078584352608363162e+00 4.554354844474346464e-01 9.344416850436614297e-01
7.270000000000000000e+02 -1.339578927783051654e-01 1.960706506609994904e-01 1.764329273729225989e+00
6.710000000000000000e+02 -1.062039753298688716e+00 2.840160295757669928e-01 -2.109514656097887020e+00
6.690000000000000000e+02 -8.473249472500619106e-01 -3.994098446901404031e-01 -1.454154857363628484e+00
6.680000000000000000e+02 -2.326524834253335783e+00 -4.123778067642263068e-01 -1.834612698239107775e+00
7.260000000000000000e+02 -1.092758027780685204e+00 2.896181660307348693e-01 -6.631587334252855293e-01
