# star id 	 star_x_coords [pc] 	 star_y_coords [pc] 	 star_z_coords [pc] 
3.318500000000000000e+04 5.095532189888274388e-01 9.766501403608245369e-01 -2.045343484926021915e+00
3.330000000000000000e+04 2.800037821947984895e-01 1.159350784655192257e+00 -1.596938079580532133e+00
3.326500000000000000e+04 -6.539884066062082724e-01 -8.829400460270200313e-01 -1.708422560249363897e+00
3.318800000000000000e+04 2.383593393976095598e-01 -6.483723394095832759e-01 2.971093294315949151e+00
3.320100000000000000e+04 1.025485733243261421e+00 2.006076280535481260e+00 -4.300647351246560390e-01
3.318900000000000000e+04 4.737812003176209430e-01 1.350405893785691092e-01 -4.774798406057101374e-03
3.183900000000000000e+04 2.787907811706542560e-01 8.232545432037063904e-01 -3.098402233483916746e-01
3.317100000000000000e+04 2.076422287905579367e-01 2.904810374375834670e-01 6.503081580381877558e-01
3.330200000000000000e+04 -3.401065120097968020e-03 -6.761896985783621972e-02 6.687678520531292747e-02
1.000000000000000000e+01 1.944256225457223763e-01 -2.655749736937416117e-01 -7.853089777050286102e-01
3.191300000000000000e+04 -2.197983756223358398e-01 1.114080690130094808e+00 5.173278502613616325e-01
3.317900000000000000e+04 6.882546844584727097e-01 1.388845423193817652e+00 2.028883888378492983e+00
3.317800000000000000e+04 -3.870907426728322775e-01 7.272861074676981730e-01 1.341614289026619389e+00
3.330500000000000000e+04 8.832564399514311049e-01 2.979924751608749034e-01 2.542075560767017350e+00
3.318300000000000000e+04 -3.416587089215550321e-01 -1.271822779074991416e+00 -1.075488265409820343e+00
3.318400000000000000e+04 9.078321294915099315e-01 -1.274442192634523963e+00 2.355541874149253090e+00
3.319000000000000000e+04 -7.113014394298176057e-01 -1.071647163948611592e+00 -8.692155548426150347e-01
3.318000000000000000e+04 -8.851224303293232509e-01 -1.487915082645983489e+00 -1.846486915676219809e+00
3.319400000000000000e+04 -8.786979298056287746e-01 1.849021494561320367e-01 -1.151820232449338732e+00
3.319200000000000000e+04 -1.395076009780586546e+00 -1.864077754121744590e+00 -1.386315700180063004e-01
