# star id 	 star_x_coords [pc] 	 star_y_coords [pc] 	 star_z_coords [pc] 
2.497100000000000000e+04 4.678078527493916283e-01 -1.211134996596761937e+00 3.294245784779509023e+00
2.489000000000000000e+04 -9.725771919349064376e-01 -1.812597326475703596e+00 2.764062797757571133e+00
2.495000000000000000e+04 -3.145534223678332353e-01 -1.022785444941639810e+00 2.303143319802710920e+00
2.488600000000000000e+04 -7.083712993267639035e-01 -1.435863156257980222e+00 1.993236984336803630e+00
2.490300000000000000e+04 -6.465100393500549103e-01 -1.936097890428349899e+00 1.691009167898631205e+00
2.492200000000000000e+04 2.273018660013818248e+00 -2.627428267985791877e-01 -2.206083096866002791e-01
2.491100000000000000e+04 1.708029675760029065e+00 8.157903942957247523e-01 -1.124173632839909232e+00
2.484300000000000000e+04 2.340373952359518839e+00 5.301752127946457449e-01 -7.443884131265576798e-01
2.501200000000000000e+04 3.158263722505783022e+00 -4.979094919470696823e-01 -2.236824863303787936e-01
2.496100000000000000e+04 -5.245340442224168953e-01 -2.842231508051114020e-01 1.379678210361934276e+00
2.491000000000000000e+04 -2.476627754998794728e-01 2.122616836960631304e-01 1.750253410880361571e+00
2.494900000000000000e+04 -8.077488339399963024e-02 1.568292795344149226e+00 1.101497990351251843e+00
2.493500000000000000e+04 -2.421422833936262009e-01 -9.445766537045940936e-01 1.060880151715526409e+00
2.494400000000000000e+04 1.417470445546626934e-01 -1.781799956770413473e-02 4.627014424564244166e-01
2.492100000000000000e+04 2.925040917154504427e-01 -1.813824430838124613e-01 4.263151138920804328e-01
2.493400000000000000e+04 -2.463328688892936214e-01 -1.470155045483778622e-01 3.383302670374774834e-01
2.482800000000000000e+04 -7.341033115830697398e-02 1.896589645964965598e-01 2.752891378173245585e-01
2.491700000000000000e+04 -3.832456528964911513e-01 2.363243955563731902e-01 4.432756418628471806e-01
2.485400000000000000e+04 -2.480117803033010659e-02 8.857279067578005538e-01 2.518390386615365628e-02
2.500000000000000000e+04 -9.279535090335961911e-01 -1.064301935696434498e-01 -1.949397410358137961e-01
1.836700000000000000e+04 -1.032980315341692545e+00 -3.194505134009020253e-01 6.483313194187445561e-02
2.499500000000000000e+04 3.995768016408938195e-01 5.839346170143429049e-01 -1.703772990116654285e-01
2.501900000000000000e+04 -2.127851036394972084e-01 -1.223714315438073186e+00 7.150949421814445373e-02
2.496000000000000000e+04 -3.982385928365346217e-01 -9.979637517557478077e-01 2.335886225525065640e-01
2.480300000000000000e+04 3.086420591872940378e-01 -7.388033387803432106e-01 -6.226638092077401154e-01
2.497600000000000000e+04 3.021879644621705552e-02 4.330049137968927653e-02 -5.748555083704083302e-01
2.481700000000000000e+04 -1.058413997525313732e+00 4.485263898071210065e-01 -5.780412595001003240e-01
2.499200000000000000e+04 -2.555378642074117579e-01 2.467554028469507443e-01 -5.741299526508711892e-01
2.497400000000000000e+04 -6.785067533634006054e-01 1.647201009277786454e+00 -5.429632813581406481e-01
2.493700000000000000e+04 9.876699357215823483e-01 2.760095166011637957e-01 -8.045554873323013112e-02
2.498200000000000000e+04 1.081060419912619253e+00 2.823601578420849023e-01 -2.780723149443424802e-01
2.484500000000000000e+04 9.459656717449131946e-01 9.429617778503498471e-01 -7.953130228411176006e-01
2.492600000000000000e+04 -1.368399002185682889e-02 -1.235509467350844659e+00 -9.256451087405430656e-01
2.495700000000000000e+04 -3.362356135670978574e-01 5.756713630954166661e-01 -1.012835612855411682e+00
2.489300000000000000e+04 -6.859635464437019436e-02 -2.803244510575453319e-01 1.005707323802482733e-01
2.480500000000000000e+04 -7.364439977095571521e-03 -3.195992619470544582e-01 1.479177695422251304e-01
2.495800000000000000e+04 -1.892402419623451237e-01 -3.708055929356035563e-01 1.755113260776610673e-01
2.491500000000000000e+04 -4.246960781031461352e-02 -1.694950433315369764e-01 -4.962625154917077452e-03
2.493300000000000000e+04 -4.246960781031461352e-02 -1.694950433315369764e-01 -4.962625154917077452e-03
2.482600000000000000e+04 -9.943744558472644712e-02 -2.046272818165633112e-01 -5.867851333402285263e-03
2.487600000000000000e+04 8.301081245032548850e-02 -4.364366343944681148e-02 6.503792796872431836e-02
2.484600000000000000e+04 -1.598519841527696883e-01 -1.523293792212214726e-01 5.436096431563797182e-02
2.495500000000000000e+04 -1.720812324661586956e-01 -3.678710584849653742e-02 2.880196133371981659e-03
2.496900000000000000e+04 -1.558268410301266726e-02 1.329613092574746247e-01 1.170520981541045558e-02
2.496800000000000000e+04 -1.558268410301266726e-02 1.329613092574746247e-01 1.170520981541045558e-02
2.494200000000000000e+04 -4.470088109325232040e-02 7.398391689500272150e-02 2.213136843875673776e-02
2.494800000000000000e+04 -2.836375625082965257e-02 5.797910766702329965e-02 5.982626489148046289e-02
2.494700000000000000e+04 -1.157322704562915305e-01 1.807409267419544108e-01 6.053996201494982188e-02
2.495200000000000000e+04 -9.084468249644572779e-02 1.175272111980945056e-01 1.306670439283053042e-02
2.495100000000000000e+04 -9.084468249644572779e-02 1.175272111980945056e-01 1.306670439283053042e-02
2.499400000000000000e+04 -1.132679024817235813e-01 3.515495262059076254e-01 2.604802310545650812e-01
2.497700000000000000e+04 -5.756751786606173482e-02 -7.468694158766453484e-02 -2.607094416392889968e-01
2.490200000000000000e+04 -6.314555910211439027e-02 -1.636631631058733660e-01 -1.677104328322442939e-01
2.490100000000000000e+04 6.332192025578819994e-02 -2.087297581903158061e-02 -1.379824176393356083e-01
2.483000000000000000e+04 -2.546308809995778688e-02 -5.473194212624576949e-02 -1.400834280165810242e-01
2.482900000000000000e+04 -2.546308809995778688e-02 -5.473194212624576949e-02 -1.400834280165810242e-01
2.486400000000000000e+04 -1.388755414886233552e-01 -2.829163586240213135e-02 -1.354272475618820692e-01
2.489200000000000000e+04 -1.388755414886233552e-01 -2.829163586240213135e-02 -1.354272475618820692e-01
2.488500000000000000e+04 -3.298903385965701318e-02 -1.754634728792510145e-01 -1.113466249031063171e-01
2.482200000000000000e+04 7.797894067510213745e-02 -2.252785035656259538e-01 -1.017829810025645543e-01
2.494000000000000000e+04 -2.462744537223571228e-02 -6.979761027120190420e-02 -9.241184475402874909e-02
2.493900000000000000e+04 -2.462744537223571228e-02 -6.979761027120190420e-02 -9.241184475402874909e-02
2.498500000000000000e+04 -3.088104782250411517e-02 -4.875818981480506409e-02 -9.766851659363595672e-02
2.489800000000000000e+04 -3.088104782250411517e-02 -4.875818981480506409e-02 -9.766851659363595672e-02
2.480700000000000000e+04 -1.562869968006559418e-01 -1.203333132256290128e-01 -1.207121572796197029e-01
2.486200000000000000e+04 -1.626755335529921354e-01 -7.001187843669498534e-02 -1.516336841000800462e-01
2.486100000000000000e+04 -1.626755335529921354e-01 -7.001187843669498534e-02 -1.516336841000800462e-01
2.498700000000000000e+04 1.899166675044128283e-02 -1.072113328866208803e-02 -4.845344419128139180e-02
2.500400000000000000e+04 1.028554513055013331e-02 6.201252785790245525e-02 -2.598138648703063325e-01
2.485800000000000000e+04 -9.144519449424493018e-02 1.997026080018216021e-01 -2.836077477891620902e-01
2.491600000000000000e+04 -1.056697837768574288e-01 1.027639547739269688e-01 -2.367774691001116594e-01
2.490400000000000000e+04 -1.056697837768574288e-01 1.027639547739269688e-01 -2.367774691001116594e-01
2.495600000000000000e+04 -9.093758299161081027e-02 2.548227848324273737e-01 -2.010424810879847257e-01
2.493200000000000000e+04 3.664830415326747470e-02 4.558491500152683784e-02 -1.527072972410934426e-01
2.478300000000000000e+04 3.664830415326747470e-02 4.558491500152683784e-02 -1.527072972410934426e-01
2.492700000000000000e+04 -8.271689572281459846e-02 1.354028353147782582e-01 -1.429370776482379313e-01
2.490500000000000000e+04 -8.271689572281459846e-02 1.354028353147782582e-01 -1.429370776482379313e-01
2.495400000000000000e+04 -8.271689572281459846e-02 1.354028353147782582e-01 -1.429370776482379313e-01
2.490600000000000000e+04 -1.041028229959728435e-01 5.576062159088479575e-02 -1.464466884692434689e-01
2.489500000000000000e+04 -4.266016007197137583e-02 1.364384540025085357e-01 -1.268154569717765412e-01
2.493100000000000000e+04 -7.576600349482376373e-02 2.841321746299030337e-01 -1.154284658051025758e-01
2.484700000000000000e+04 3.260061984195417040e-02 1.764687245051987929e-01 -1.160996215292371403e-01
2.477300000000000000e+04 -1.363766860864714658e-01 2.660204692713747932e-01 -9.411601421181359228e-02
2.477200000000000000e+04 -1.546218555326319688e-01 2.681598565642673293e-02 -1.323650995705243361e-01
2.491400000000000000e+04 -1.089180187624023688e-01 1.219825301114738636e-01 -8.334516425205862333e-02
2.491300000000000000e+04 -1.089180187624023688e-01 1.219825301114738636e-01 -8.334516425205862333e-02
2.497900000000000000e+04 -1.162769691873606348e-01 6.087761352564768913e-02 -7.077341188763952573e-02
2.477900000000000000e+04 -9.502018064436157374e-02 1.461788405585195960e-01 -6.927644784597930538e-02
2.501500000000000000e+04 -1.660279087277238830e-01 1.026727362906498797e-01 -1.399507345934090097e-01
2.483200000000000000e+04 -1.660279087277238830e-01 1.026727362906498797e-01 -1.399507345934090097e-01
2.501300000000000000e+04 -1.776678803570987952e-01 1.450735040141637455e-02 -1.385049845672234881e-01
2.492000000000000000e+04 -1.776678803570987952e-01 1.450735040141637455e-02 -1.385049845672234881e-01
2.480900000000000000e+04 3.802972572753660074e-02 1.926262273289651716e-01 -3.172410087015720137e-02
2.483800000000000000e+04 -6.901520571290120643e-03 2.358130776915601245e-02 -2.035606480253449035e-02
2.480100000000000000e+04 -4.996821495062064855e-02 1.441331520882229711e-01 -2.008499163260069054e-02
2.490000000000000000e+04 -3.680194871152977498e-01 6.366884552036822242e-02 -2.305100601355896117e-01
2.493000000000000000e+04 -3.750381908584259349e-01 3.148300153483063468e-02 -1.715117513575066255e-01
2.492900000000000000e+04 -3.140927938271751430e-01 1.308558413425942035e-01 -1.235054794214640594e-01
2.492800000000000000e+04 -2.076129191436777433e-01 1.295994122155050832e-01 -4.308371992149062635e-02
2.485700000000000000e+04 -2.076129191436777433e-01 1.295994122155050832e-01 -4.308371992149062635e-02
2.485600000000000000e+04 -1.192503351391351885e-01 3.034297705149384683e-01 -1.772021101741856342e-01
2.499300000000000000e+04 -2.731765877198384374e-01 -1.244679331768310249e-01 -1.264736236126786650e-01
2.478400000000000000e+04 -2.895700880455862603e-01 3.744531041025993545e-01 -3.308619141778379458e-02
2.483100000000000000e+04 -1.317067802427374090e-02 -3.978963776175064027e-01 -2.084787360372750697e-01
2.494500000000000000e+04 -4.967618748889179869e-02 -3.378551160851515078e-01 -1.791871490782526166e-01
2.496400000000000000e+04 9.984912942586987583e-02 -8.392382633613948428e-02 -2.469746249483044664e-01
2.498900000000000000e+04 1.131349587062704387e-01 -1.838784046937647076e-01 -7.264544860544219773e-02
2.498400000000000000e+04 1.042829429102827277e-01 6.543391534187037450e-03 -6.947539316144002441e-02
2.501100000000000000e+04 1.191503745655584368e-01 -9.582088889630568929e-02 2.051246600735368020e-02
2.489700000000000000e+04 1.209545108751299836e-01 1.195921859552129263e-02 5.926690292288938622e-02
2.500200000000000000e+04 2.088213311513413828e-01 2.295327804238240788e-01 -2.078876299592025134e-01
2.496500000000000000e+04 9.918996937352986265e-02 6.432384176876126958e-02 -1.426048354672246887e-01
1.809000000000000000e+04 1.328885202384064712e-01 1.722111700463102579e-01 -1.194286739593763969e-03
2.486300000000000000e+04 1.540071663405537805e-01 3.644078325365711635e-01 3.772303555791722829e-02
2.498600000000000000e+04 2.996955214346197494e-01 4.355077638840683107e-01 1.864548327026085417e-01
2.495300000000000000e+04 -5.299280548197415897e-02 -2.745352163263277134e-01 -3.485366583684275099e-01
2.484200000000000000e+04 1.983557380066258702e-01 1.769018101011852195e-01 -3.391475061956796822e-01
1.837600000000000000e+04 -1.524215371431196786e-01 -5.647379211282554934e-03 -2.930385972633686720e-01
2.486900000000000000e+04 1.719856616653370196e-01 -7.424654279568443371e-02 -4.004644469761728942e-01
2.496600000000000000e+04 2.547151425069653641e-01 3.770338228275420533e-01 -3.523597747680398129e-01
2.501000000000000000e+04 -2.684804514952929821e-01 5.016496794440428175e-01 -4.989809242360578878e-01
2.503600000000000000e+04 -3.597284130083195919e-01 2.718860159553806000e+00 -3.346039419508635149e-01
2.492500000000000000e+04 5.209296278541586389e-01 -1.047407362370229578e+00 -1.856337418995845923e+00
