# star id 	 star_x_coords [pc] 	 star_y_coords [pc] 	 star_z_coords [pc] 
5.404100000000000000e+04 -1.666234891214020575e+00 4.112986869548160840e-01 1.129685093591261236e+00
3.507100000000000000e+04 2.989978271637301344e-01 -6.238040270343407911e-01 -3.974265137367112288e-01
2.299800000000000000e+04 -7.079432855521660128e-01 -1.514507700490645981e-01 -8.219490862501288575e-03
2.299900000000000000e+04 2.776528297154492453e-01 9.158920642304879678e-01 -4.597045739874090486e-01
2.300000000000000000e+04 2.776528297154492453e-01 9.158920642304879678e-01 -4.597045739874090486e-01
3.782600000000000000e+04 1.121420433489880519e+00 -1.100130738667557395e-01 -1.892496049033454142e-01
3.272900000000000000e+04 1.121420433489880519e+00 -1.100130738667557395e-01 -1.892496049033454142e-01
3.507000000000000000e+04 1.121420433489880519e+00 -1.100130738667557395e-01 -1.892496049033454142e-01
2.828300000000000000e+04 -9.111118304111270882e-01 -5.611861932031469991e-01 5.688296280552540551e-01
3.584200000000000000e+04 -9.332747810282331358e-01 -5.766025988082765785e-01 1.942892443763000188e-01
