# star id 	 star_x_coords [pc] 	 star_y_coords [pc] 	 star_z_coords [pc] 
1.348200000000000000e+04 -2.852542252733483608e+00 9.437303798689384848e-01 1.565783701940191008e+00
1.344500000000000000e+04 -1.626198940368846380e+00 9.119423990037844874e-01 1.617559193311823407e+00
1.343300000000000000e+04 -3.546747026405654424e-01 -4.728725739436328013e-01 -2.604950726444865694e-01
1.348400000000000000e+04 -6.396262682258431198e-01 -2.605216408204285017e-01 -1.727404952863960119e-01
1.331800000000000000e+04 1.617406658684217291e-02 -3.604345650858462591e-01 -1.889163608311186238e-01
1.342000000000000000e+04 1.617406658684217291e-02 -3.604345650858462591e-01 -1.889163608311186238e-01
1.344600000000000000e+04 2.160676187561527684e-01 -4.621569060337478163e-01 -1.028036797189386675e-01
1.347000000000000000e+04 2.160676187561527684e-01 -4.621569060337478163e-01 -1.028036797189386675e-01
1.342700000000000000e+04 2.160676187561527684e-01 -4.621569060337478163e-01 -1.028036797189386675e-01
1.347300000000000000e+04 1.270917797036201335e+00 -1.422714208620107001e+00 -5.312091027681642430e-01
1.341600000000000000e+04 6.049811140694458800e-01 -3.025297983413892666e-01 -3.349435318302820264e-01
1.341700000000000000e+04 3.347734567406348560e-01 -2.596997018321971495e-01 2.716361332199568324e-02
1.335500000000000000e+04 3.347734567406348560e-01 -2.596997018321971495e-01 2.716361332199568324e-02
1.338300000000000000e+04 3.065296627468931945e-01 -4.822432816000556954e-01 1.743669485066341451e-01
1.331900000000000000e+04 3.065296627468931945e-01 -4.822432816000556954e-01 1.743669485066341451e-01
1.335400000000000000e+04 4.886108224400587119e-01 -7.359881847263380905e-01 5.494509472539466088e-01
1.341500000000000000e+04 4.886108224400587119e-01 -7.359881847263380905e-01 5.494509472539466088e-01
1.342800000000000000e+04 -5.757824526029367007e-01 9.333867497687364789e-01 -3.620436793624577376e-01
1.346500000000000000e+04 -3.617780516072635066e-01 2.930413916425678167e-01 -5.582933538542729224e-01
1.344700000000000000e+04 -3.617780516072635066e-01 2.930413916425678167e-01 -5.582933538542729224e-01
1.338000000000000000e+04 1.328183388861035041e-01 1.319396783389237271e-02 -6.805329585358421696e-01
1.340300000000000000e+04 2.028819997118489482e-01 -1.157528296226928433e-02 -2.437129706752347857e-01
1.338400000000000000e+04 2.028819997118489482e-01 -1.157528296226928433e-02 -2.437129706752347857e-01
1.342600000000000000e+04 -3.657782202072397126e-01 1.965394770605257690e-01 -4.692452017537362963e-02
1.340600000000000000e+04 -5.893306546308707539e-03 -1.026421620562487647e-01 -1.143768816280097411e-01
1.340400000000000000e+04 -5.893306546308707539e-03 -1.026421620562487647e-01 -1.143768816280097411e-01
1.348500000000000000e+04 1.301112889033184672e-01 3.799874565969929563e-02 -7.418590878658193333e-02
1.336000000000000000e+04 -9.012549719787834590e-01 -1.419545955818648508e-01 -5.541309166000836228e-01
1.345700000000000000e+04 -3.277797202677845689e-01 -2.465897139528721027e-01 -6.952817421093175909e-01
1.345800000000000000e+04 7.370457345873511201e-01 8.360379218059676987e-02 -5.523665823993813007e-01
1.334900000000000000e+04 7.370457345873511201e-01 8.360379218059676987e-02 -5.523665823993813007e-01
1.347400000000000000e+04 2.965061058494598001e-01 -1.126243110879983078e-01 -1.472047499501094592e-02
2.378300000000000000e+04 -1.265295694457044817e-01 2.126750712233132390e+00 5.405862349157786184e-02
1.339400000000000000e+04 1.050671318534060816e+00 1.135918498038684277e+00 1.189416925786872525e-01
1.339000000000000000e+04 -3.932365011063083671e-01 -2.644865330402978998e-02 1.093823815193069038e-01
1.340900000000000000e+04 -2.194357425522213134e-01 2.428113524978599003e-01 3.816646170614035327e-01
1.344100000000000000e+04 2.156610413075057409e-01 -6.011350613179899938e-02 1.585331461527363928e-01
1.344000000000000000e+04 2.492664292265978077e-01 -8.361170141648699428e-02 1.598278797035774801e-01
1.345100000000000000e+04 8.220724579793170506e-02 -1.164979846089408966e-01 1.368119205271796091e-01
1.339300000000000000e+04 8.220724579793170506e-02 -1.164979846089408966e-01 1.368119205271796091e-01
1.348300000000000000e+04 -1.140902876336443938e+00 2.915742514611281422e-01 7.668998470342085483e-01
1.337800000000000000e+04 3.664975176556453107e-01 -1.610829265135294008e-02 3.990215740765439278e-01
1.334100000000000000e+04 5.669920520500077998e-01 -1.596218842299421681e-01 2.378542248487001132e-01
1.335000000000000000e+04 5.669920520500077998e-01 -1.596218842299421681e-01 2.378542248487001132e-01
1.339500000000000000e+04 -1.769789262488075110e-01 1.402828966328769411e+00 -2.320161715035293781e-01
