# star id 	 star_x_coords [pc] 	 star_y_coords [pc] 	 star_z_coords [pc] 
1.693000000000000000e+03 9.942325535932454716e-01 9.418105924055826250e-01 -7.014688438396063930e-01
3.517300000000000000e+04 9.942325535932454716e-01 9.418105924055826250e-01 -7.014688438396063930e-01
1.694000000000000000e+03 9.942325535932454716e-01 9.418105924055826250e-01 -7.014688438396063930e-01
9.413000000000000000e+03 5.275705847949341276e-03 3.109096369276969085e-01 -2.912831803020061727e-01
3.517400000000000000e+04 5.275705847949341276e-03 3.109096369276969085e-01 -2.912831803020061727e-01
3.108000000000000000e+03 3.007543281903357624e-02 -9.219611119034798463e-01 2.694026632668524712e-01
1.929600000000000000e+04 -1.403760246722553617e+00 -1.022818465802942445e+00 8.640052697922158131e-01
1.929500000000000000e+04 -8.097821295767668737e-01 -7.512357370098872167e-01 7.767824809823959953e-01
3.517500000000000000e+04 -8.097821295767668737e-01 -7.512357370098872167e-01 7.767824809823959953e-01
