# star id 	 star_x_coords [pc] 	 star_y_coords [pc] 	 star_z_coords [pc] 
7.340000000000000000e+02 -2.683263183650968386e+00 -2.089631093887277302e+00 3.378067227077467205e+00
7.350000000000000000e+02 -1.873668993141446748e+00 -6.701409482954559849e+00 -2.905299744613122126e+00
7.740000000000000000e+02 1.374725409061675840e+00 -1.338293308030962692e+00 -1.260378075317448499e+00
7.470000000000000000e+02 -1.168116299544436743e+00 -4.878878040068585165e+00 -8.292654829417056561e-01
7.180000000000000000e+02 4.075166723338616848e-01 -6.874527642023235074e+00 1.422030413390659165e-01
7.390000000000000000e+02 -5.566345626790969447e-01 -1.643100715289449454e+00 -1.074528400878217660e+00
8.720000000000000000e+02 -2.438299867434833956e+00 -1.145166545536099534e+00 7.881654251834997460e-01
7.200000000000000000e+02 6.334335488744224918e-01 2.858084910521512256e+00 -1.965954967087295557e+00
7.500000000000000000e+02 1.320551996571546205e+00 1.502491739336029752e+00 -2.008679722702963577e+00
7.400000000000000000e+02 2.773205158665583703e+00 3.849189164287324161e+00 3.131878738080373203e+00
7.450000000000000000e+02 9.019010560863272019e-02 2.696993211891438591e+00 -4.552236646953731203e-01
8.390000000000000000e+02 1.088182409912803905e+00 6.023236958176433120e+00 6.757828095180850037e-01
4.800000000000000000e+01 -2.916974563691054456e+00 3.222739103254497195e+00 2.250001847174342151e-01
6.930000000000000000e+02 4.339244750313115517e+00 5.135618886053457288e+00 1.824077035820857118e+00
