# star id 	 star_x_coords [pc] 	 star_y_coords [pc] 	 star_z_coords [pc] 
1.057000000000000000e+04 1.756447138457417623e-02 1.798941794879382883e-01 -2.737647828315914467e-01
1.056900000000000000e+04 1.756447138457417623e-02 1.798941794879382883e-01 -2.737647828315914467e-01
1.056800000000000000e+04 1.756447138457417623e-02 1.798941794879382883e-01 -2.737647828315914467e-01
9.341000000000000000e+03 -6.098474605593846576e-01 -1.853364557738572671e-01 -4.023706346486193297e-01
9.434000000000000000e+03 -6.098474605593846576e-01 -1.853364557738572671e-01 -4.023706346486193297e-01
1.044400000000000000e+04 2.716153546474711078e-01 -3.689183768044728140e-01 3.706375688244349931e-01
1.044300000000000000e+04 2.716153546474711078e-01 -3.689183768044728140e-01 3.706375688244349931e-01
9.331000000000000000e+03 -2.401121770847769454e-01 6.923284731922123569e-01 1.086283269806159524e+00
9.340000000000000000e+03 8.638829833978807216e-01 -1.235013473118513616e-01 -2.015227841244779938e-01
