# star id 	 star_x_coords [pc] 	 star_y_coords [pc] 	 star_z_coords [pc] 
2.839000000000000000e+04 1.572163691412499897e+00 2.855559406037979642e-01 -1.670477601488151720e+00
2.742300000000000000e+04 -7.374498480607127870e-01 -1.228233578840963958e+00 1.083537685619511137e+00
2.829200000000000000e+04 -6.855969835467590201e-01 -6.859813568623103208e-01 4.632416007564899019e-02
2.802500000000000000e+04 -7.772473229127339067e-01 2.887769532462662880e-01 1.404684813226992901e-01
2.867700000000000000e+04 -7.745663026416058639e-01 -4.918788784944991832e-01 -1.200582270451562295e-01
2.813500000000000000e+04 8.202533114594992014e-01 4.002323376717100700e-01 -5.706184120713544417e-01
2.814800000000000000e+04 5.797073874543025029e-01 7.877099162713587788e-01 -9.193302995659351495e-01
2.839400000000000000e+04 4.597014294966151327e-01 5.813356312973505524e-01 4.676570563994175700e-01
2.742200000000000000e+04 -4.216824837954247229e-01 -3.419614409623950024e-02 1.474927650279660440e+00
