# star id 	 star_x_coords [pc] 	 star_y_coords [pc] 	 star_z_coords [pc] 
2.814000000000000000e+03 1.859009775824227440e-01 -4.692290725457093359e-01 -1.029799730140812386e+00
8.395000000000000000e+03 1.340077477267582751e-01 -4.621603280756501064e-01 -6.141690656986966701e-01
7.898000000000000000e+03 -1.777713527543451910e-01 -7.302881523097468630e-01 -6.690449213203528700e-01
1.644400000000000000e+04 -1.777713527543451910e-01 -7.302881523097468630e-01 -6.690449213203528700e-01
2.815000000000000000e+03 -4.718333458625982857e-01 1.661756006141578368e+00 1.441593558142244547e-01
8.560000000000000000e+02 -4.314899410822530257e-01 8.865875108485132827e-02 2.450302362144505253e-01
1.540700000000000000e+04 -6.728939948550105576e-01 1.091605620559727985e+00 7.492445723460505747e-02
8.470000000000000000e+03 1.417719453341104163e-01 3.075874913578333647e-01 1.655427759707645663e+00
1.018900000000000000e+04 4.140187172557423523e-01 -7.812883169891584600e-01 -3.659530134560533554e-01
8.510000000000000000e+03 3.883768544602097528e-01 -8.703357143427448150e-02 1.071204142030630635e-01
1.660000000000000000e+03 6.676837420913983578e-01 1.106797288305170213e-01 1.121349426837369379e+00
