# star id 	 star_x_coords [pc] 	 star_y_coords [pc] 	 star_z_coords [pc] 
4.471400000000000000e+04 1.165722524029604301e-01 -1.259377992770112087e+00 -2.941651528517468250e-01
4.466200000000000000e+04 8.045114388641252390e-01 -1.324760992086872591e+00 -9.601640888874243274e-01
4.464100000000000000e+04 6.138291954765406899e-01 -6.880303193709380594e-02 -2.437377090736987384e-01
4.466300000000000000e+04 6.138291954765406899e-01 -6.880303193709380594e-02 -2.437377090736987384e-01
4.467200000000000000e+04 -9.420628638049777237e-02 5.711089238777091737e-01 3.903669644132037320e-01
4.453700000000000000e+04 -9.420628638049777237e-02 5.711089238777091737e-01 3.903669644132037320e-01
4.472700000000000000e+04 -4.175367459614705012e-01 7.893018858424554196e-01 4.489537268570416018e-01
4.468600000000000000e+04 -4.526491147834548201e-01 4.185682148825762283e-01 1.948928739345632266e-01
4.467300000000000000e+04 -1.090143648256216125e+00 3.716570990559517895e-01 3.172241283640460097e-01
