# star id 	 star_x_coords [pc] 	 star_y_coords [pc] 	 star_z_coords [pc] 
1.799300000000000000e+04 1.799189708861895554e+00 -8.704100700548522695e-01 -1.453166307899209642e+00
1.799200000000000000e+04 1.799189708861895554e+00 -8.704100700548522695e-01 -1.453166307899209642e+00
1.963800000000000000e+04 1.775947117717805668e+00 -3.894123979378179001e-01 -1.195401488222522346e+00
1.963500000000000000e+04 2.306291338642797228e+00 1.304894751128358621e+00 -5.164712024210729169e-01
2.008500000000000000e+04 2.286046071998679707e+00 2.253648677899185770e+00 -2.196167261584733410e+00
1.786000000000000000e+04 3.040874382402062537e+00 -4.918890684824219761e-01 1.723796834032512493e+00
1.790600000000000000e+04 1.981260850696198617e+00 -1.108360688436164310e+00 1.341753930526905947e+00
1.965300000000000000e+04 2.345588475454071897e+00 1.275372065437004210e+00 3.985498216191487586e-01
1.796800000000000000e+04 2.345588475454071897e+00 1.275372065437004210e+00 3.985498216191487586e-01
1.966500000000000000e+04 1.637531168798897596e+00 -2.138103816357066478e+00 -7.306434475029490727e-01
1.963200000000000000e+04 -2.147098004540435312e+00 -4.096768557554497647e-01 1.244699647873844128e+00
1.792500000000000000e+04 -1.617844507559421885e+00 -1.365059966834536453e-02 1.167308230692057691e+00
2.009300000000000000e+04 1.556837298135228309e+00 -1.561669777298071438e+00 1.312124754300334928e+00
2.004300000000000000e+04 -1.633589755292845780e-01 1.429334544645328720e-01 1.532829172959523589e+00
1.788800000000000000e+04 -1.647033227861939508e+00 -1.651206861422323868e+00 1.896134960888268495e+00
1.966600000000000000e+04 1.097682851122961267e+00 -7.774639727586389881e-01 1.990504727483155989e+00
1.786700000000000000e+04 5.378180595705188694e-01 -1.236538071406783956e+00 2.191761832620009898e+00
1.965600000000000000e+04 -9.228272660599508015e-01 -7.592636995558237345e-01 2.343338991517697423e+00
2.009200000000000000e+04 -1.491108576965320509e+00 -2.110317652796133814e+00 1.841356394375033290e+00
1.799000000000000000e+04 -1.152126698363293400e+00 -1.400783081595029955e+00 2.767550587481352409e+00
1.965900000000000000e+04 9.919724639864107019e-01 -2.413227210528297917e+00 1.276734311761394736e+00
1.799700000000000000e+04 -1.757435268989450350e+00 -2.248125437321036202e+00 2.899241121492252660e+00
1.804500000000000000e+04 1.221801119048961937e-01 1.094350007912467504e+00 1.076398275249175640e+00
1.802100000000000000e+04 -2.493359579363502831e+00 3.585110054271680724e-01 -1.081523014246208447e+00
1.802600000000000000e+04 -3.290412672420533369e+00 2.749630556703337447e-01 -1.786428067296270683e-01
1.802300000000000000e+04 -5.244107604442689308e-01 -1.133104768651804761e+00 -1.609747368047351301e+00
1.946400000000000000e+04 -1.152766310694570251e+00 -3.572883166528129095e-02 -1.389929577726213950e+00
1.802200000000000000e+04 4.249489406726674190e-01 -2.695118340342261831e-01 -1.375951105001078645e+00
2.037500000000000000e+04 1.048865362197783924e+00 -2.314481187485988301e+00 -1.152005425328944455e+00
1.965400000000000000e+04 7.140200340476354768e-03 -1.448983184699926596e+00 -1.036516756921407989e+00
1.965100000000000000e+04 1.231350654243151155e+00 -1.792958284098837396e+00 -9.271765804350877715e-01
1.791800000000000000e+04 -2.015250892486967871e+00 5.782807219088894612e-01 -1.677303293500600034e+00
1.799100000000000000e+04 1.334160254021899306e+00 4.496965975766897827e-02 -2.898927496772074619e-02
1.790700000000000000e+04 1.334160254021899306e+00 4.496965975766897827e-02 -2.898927496772074619e-02
1.801200000000000000e+04 1.198322295113989355e+00 -1.954453698135630191e+00 5.535914960681225239e-01
1.801300000000000000e+04 1.367686616896214957e+00 -2.534719995843040863e+00 6.266070943938615301e-01
1.956900000000000000e+04 5.639069293268867966e-01 -6.047683608539813349e-01 8.337777462384252658e-01
1.802700000000000000e+04 -2.674535502237915807e+00 1.768263392518640842e+00 -1.262708154808798611e+00
1.801600000000000000e+04 -4.030424831951055609e+00 2.024647224059073380e+00 -7.516010350998953982e-01
1.789900000000000000e+04 -6.574450396641111638e-01 1.210943916475756055e+00 -1.485305410805793258e+00
1.794400000000000000e+04 1.405193418351835533e+00 1.572780216275432963e+00 -2.982998488189480213e+00
1.788400000000000000e+04 -1.811812610708070537e+00 1.914232923597857905e+00 -1.519322391873508593e+00
1.799900000000000000e+04 1.479056233055583647e+00 1.964390198382830022e+00 -8.614342163230546134e-01
1.790500000000000000e+04 -1.494233883741152624e+00 1.934869141568704265e+00 -7.957398849313364053e-01
1.804900000000000000e+04 -1.797603750915531151e+00 3.414898038634511579e+00 -4.353158543924635637e-01
1.965000000000000000e+04 1.378332964267112715e+00 1.456585862276803311e+00 2.814194872463673391e-01
1.916000000000000000e+04 -2.251560747420629838e+00 1.984711550321264895e+00 -1.195961920813289225e+00
1.801100000000000000e+04 -2.100186342150852425e+00 3.864679672615189077e+00 6.172187680122291908e-01
