# star id 	 star_x_coords [pc] 	 star_y_coords [pc] 	 star_z_coords [pc] 
8.303000000000000000e+03 -1.593376883434245883e+00 1.057639178884265618e+00 1.586954925751727918e+00
8.122000000000000000e+03 2.381257818418589522e-01 2.228366978910628404e+00 1.202029146155127570e+00
8.070000000000000000e+03 -2.289862272101601093e+00 1.138633883164523297e+00 5.481289269338165404e-01
8.071000000000000000e+03 2.409159658054221609e+00 1.220816205991525294e+00 7.012720813965549471e-01
7.790000000000000000e+03 9.187657825201540618e-01 1.052335370097495115e+00 1.840010936782265905e+00
7.894000000000000000e+03 -4.321298104242998761e-01 1.169923078237808056e+00 1.071733247548021906e+00
7.842000000000000000e+03 -8.754906758284164425e-01 1.109199338540669544e+00 -5.825807225943713252e-02
7.844000000000000000e+03 1.351258060760272883e+00 1.488384989617941301e+00 -5.404207370995075532e-01
8.248000000000000000e+03 1.351258060760272883e+00 1.488384989617941301e+00 -5.404207370995075532e-01
8.138000000000000000e+03 5.809049766059501962e-01 1.189447941283304999e+00 8.910817979810031764e-02
7.884000000000000000e+03 1.477302090807199875e+00 1.001160140719044023e+00 9.642870964435226178e-01
8.259000000000000000e+03 1.477302090807199875e+00 1.001160140719044023e+00 9.642870964435226178e-01
7.809000000000000000e+03 1.346924279097407862e+00 1.690181245634093443e+00 8.864633000072210667e-01
8.017000000000000000e+03 8.091164091143809856e-01 1.095951422212927184e+00 3.057152881448770287e-01
7.875000000000000000e+03 2.086775603937951473e-01 -1.383772391065676288e+00 -2.307634524927472341e+00
8.069000000000000000e+03 4.010349663480496929e-01 6.338922852802326702e-01 2.099450691588726770e+00
8.110000000000000000e+03 1.938158935543413008e+00 -1.887289944725431212e+00 -1.910907731750116634e-01
7.865000000000000000e+03 -7.070854274884936785e-01 -1.764524632524334891e+00 1.489957717438562312e+00
8.306000000000000000e+03 1.993551939381120519e+00 -5.597027237863230198e-01 5.922993165180756581e-02
8.112000000000000000e+03 2.809764047308021873e+00 -1.703908601723753691e-01 7.680994132657172901e-01
8.307000000000000000e+03 -2.923797544946751259e-01 -1.009940453412717432e+00 -2.990632389255848178e+00
7.868000000000000000e+03 -9.722087602100657477e-01 -1.083874913472513413e-01 1.778456776668802419e+00
7.908000000000000000e+03 -1.722376608444164958e+00 2.309873574865122237e-01 1.536089557101797176e+00
8.129000000000000000e+03 -1.722376608444164958e+00 2.309873574865122237e-01 1.536089557101797176e+00
7.774000000000000000e+03 -3.703181452883086422e-02 3.605679825085417178e-03 1.902685003560370181e+00
7.909000000000000000e+03 6.039463152586677097e-02 2.031254533942004059e-01 -6.943654568391330884e-01
8.090000000000000000e+03 6.039463152586677097e-02 2.031254533942004059e-01 -6.943654568391330884e-01
7.729000000000000000e+03 -9.503177851792372621e-01 4.917806510178550639e-01 -5.348623048353855491e-01
8.091000000000000000e+03 -5.228758785963805167e-02 6.794273999484730098e-01 -4.938190318985075655e-01
7.726000000000000000e+03 5.212351877383127885e-01 7.204159616979453062e-01 -7.705411717130883353e-02
7.796000000000000000e+03 4.487232369424987155e-01 2.499453858521079042e-01 4.650898524950874968e-03
7.795000000000000000e+03 -7.438010381096376022e-01 4.129541448083031696e-01 1.040523294059186310e-01
8.064000000000000000e+03 -2.196924549462835330e-01 5.827522593775427140e-01 6.930173028328268092e-03
8.134000000000000000e+03 -8.530366274875404997e-01 -4.990831302639620048e-01 -1.726437308592228548e-01
7.761000000000000000e+03 -1.060234062441566039e+00 -4.156728562232601121e-01 -1.197214517748761142e-01
7.878000000000000000e+03 -9.631644796483840310e-01 -9.454208234990346682e-01 1.931244657384928454e-01
7.735000000000000000e+03 2.831231987647697679e-02 5.907235777265711363e-01 -2.844096010778677797e-01
7.754000000000000000e+03 9.140835796269755065e-01 -1.899683690561460025e-01 5.999423300186259578e-01
7.755000000000000000e+03 4.981870869619910991e-01 -1.802660869362355811e-01 7.098492470697759238e-01
8.150000000000000000e+03 4.981870869619910991e-01 -1.802660869362355811e-01 7.098492470697759238e-01
7.784000000000000000e+03 -6.882814329833593092e-01 4.156093701055851852e-03 7.058993908002539897e-01
7.785000000000000000e+03 3.337297826651024479e-01 -3.253098099880418204e-01 2.875750760634920855e-01
7.760000000000000000e+03 9.076468670935469163e-01 -9.244073756298689659e-01 4.052871839725069592e-01
8.169000000000000000e+03 -1.200009605924407197e+00 -8.481750329658837018e-01 3.929607835192522325e-01
7.835000000000000000e+03 -1.070478667393331307e+00 -4.158198086484929945e-01 2.397068605364984784e-01
7.825000000000000000e+03 3.280359919431532489e-01 -4.898118975124816643e-01 4.543212521232166123e-01
7.814000000000000000e+03 3.280359919431532489e-01 -4.898118975124816643e-01 4.543212521232166123e-01
7.815000000000000000e+03 -2.336787180209398684e-02 2.720751665982632517e-01 3.794156706213890340e-01
8.076000000000000000e+03 3.093692828510086201e-01 3.509586911169151335e-01 9.733480129033407202e-01
7.883000000000000000e+03 -1.016785425881522542e+00 -1.206707134426139305e-01 -1.162153688291261311e+00
7.980000000000000000e+03 -1.164132737976103726e+00 -6.227863838677691888e-01 -1.090062583505603033e+00
7.758000000000000000e+03 -1.461541325409001502e+00 -1.240284067154320269e-01 -7.662625257978039617e-01
7.759000000000000000e+03 -1.580204277316909156e+00 -5.721237587479564013e-01 -5.398063146302537474e-01
7.911000000000000000e+03 1.112352801527151769e+00 3.092703019380849128e-02 -8.967927553824112108e-01
7.927000000000000000e+03 1.182647070910348930e+00 3.437048892843890258e-01 -3.881682891824931314e-01
8.137000000000000000e+03 -6.938934112022536738e-01 -1.341482972834427301e+00 1.343024818536355580e+00
8.086000000000000000e+03 1.616894649692710573e+00 -1.370581099263432634e+00 2.022153030823553577e-01
7.819000000000000000e+03 2.732209498815620918e-01 -1.348514294158100313e+00 -3.159900087112058609e-01
8.106000000000000000e+03 5.860983750903869804e-02 -1.294106700571475699e+00 -2.707092112750602020e-01
7.885000000000000000e+03 1.866367789098148933e-01 -1.258065354743472142e+00 -5.282273641532947428e-02
8.158000000000000000e+03 -2.219105540418411238e-01 -1.304290210984163423e+00 7.851229106361907739e-01
7.874000000000000000e+03 -2.219105540418411238e-01 -1.304290210984163423e+00 7.851229106361907739e-01
7.742000000000000000e+03 -1.838621894673536872e+00 -3.532795041235914368e-02 7.280524328466855266e-01
8.233000000000000000e+03 -1.372430161981355923e+00 5.144722384081390487e-01 3.232168310250835841e-01
7.889000000000000000e+03 -1.881785264328357243e-01 -1.881105322109632993e-01 -1.978491464876031003e+00
8.108000000000000000e+03 -1.078415630410916037e-01 -1.028855577201568394e-01 -2.931830049316636044e-01
8.107000000000000000e+03 -1.078415630410916037e-01 -1.028855577201568394e-01 -2.931830049316636044e-01
8.105000000000000000e+03 2.769586123756084817e-02 -8.962596294355762438e-02 -2.089897848809988412e-01
8.018000000000000000e+03 -5.183643579673002932e-02 -1.065319246631375449e-01 -1.415510941067401884e-01
7.733000000000000000e+03 -8.761004351387668976e-02 -1.378897195074557658e-01 -1.224055260930103362e-01
8.174000000000000000e+03 2.380428133335499297e-03 -8.436121182079858727e-02 -1.186962627105656309e-01
7.946000000000000000e+03 2.380428133335499297e-03 -8.436121182079858727e-02 -1.186962627105656309e-01
7.857000000000000000e+03 1.228151828119621314e-01 -7.767998245927287826e-02 -6.520328836638195069e-02
8.281000000000000000e+03 -4.347760503920312658e-01 -2.626793345264957225e-01 -2.570085591351187748e-01
7.762000000000000000e+03 -1.778397127147570700e-01 -7.854859126994995222e-02 -2.834418580100022123e-01
8.124000000000000000e+03 -1.778397127147570700e-01 -7.854859126994995222e-02 -2.834418580100022123e-01
8.291000000000000000e+03 -6.073567421438497149e-02 1.344417986763701833e-01 -2.370517955150104328e-01
8.095000000000000000e+03 -6.073567421438497149e-02 1.344417986763701833e-01 -2.370517955150104328e-01
8.074000000000000000e+03 -1.085134101085145630e-01 -6.786554287761958904e-02 -2.403121897789891603e-01
8.117000000000000000e+03 -1.085134101085145630e-01 -6.786554287761958904e-02 -2.403121897789891603e-01
7.872000000000000000e+03 -1.348210986793674238e-02 -5.009306854333317460e-02 -2.018838569884649770e-01
7.987000000000000000e+03 -1.348210986793674238e-02 -5.009306854333317460e-02 -2.018838569884649770e-01
7.793000000000000000e+03 -1.348210986793674238e-02 -5.009306854333317460e-02 -2.018838569884649770e-01
7.836000000000000000e+03 -1.348210986793674238e-02 -5.009306854333317460e-02 -2.018838569884649770e-01
8.132000000000000000e+03 5.425184524116843932e-02 5.323111506830713324e-02 -2.016492567263417635e-01
7.778000000000000000e+03 5.425184524116843932e-02 5.323111506830713324e-02 -2.016492567263417635e-01
8.087000000000000000e+03 -1.081683236722881247e-01 8.200737078583841821e-02 -1.952658066901970246e-01
7.788000000000000000e+03 -1.081683236722881247e-01 8.200737078583841821e-02 -1.952658066901970246e-01
7.859000000000000000e+03 1.833248173406332171e-02 3.744373610012274867e-02 -1.913984284930496382e-01
7.881000000000000000e+03 5.025023296761332858e-02 1.916059418885396326e-02 -1.857176354089065951e-01
8.113000000000000000e+03 5.025023296761332858e-02 1.916059418885396326e-02 -1.857176354089065951e-01
8.165000000000000000e+03 -3.423169771386369575e-02 -6.564553627984537343e-02 -1.456759842687072315e-01
8.005000000000000000e+03 -8.161023180088022855e-02 3.708894930371542387e-02 -1.417256033249175706e-01
8.006000000000000000e+03 -8.161023180088022855e-02 3.708894930371542387e-02 -1.417256033249175706e-01
8.089000000000000000e+03 -8.161023180088022855e-02 3.708894930371542387e-02 -1.417256033249175706e-01
8.088000000000000000e+03 -5.876927481546090348e-02 4.786444874800821481e-02 -1.341799072448495445e-01
7.860000000000000000e+03 -5.876927481546090348e-02 4.786444874800821481e-02 -1.341799072448495445e-01
7.917000000000000000e+03 -2.689574989937568716e-01 9.567976276917988798e-02 -3.158185908471365932e-01
7.789000000000000000e+03 -2.689574989937568716e-01 9.567976276917988798e-02 -3.158185908471365932e-01
7.741000000000000000e+03 -2.015848446454810983e-01 2.156122616109854562e-01 -1.669825119047055884e-01
7.824000000000000000e+03 -1.642906458627066968e-01 4.230685601829264897e-02 -1.337972476837596125e-01
7.786000000000000000e+03 -1.642906458627066968e-01 4.230685601829264897e-02 -1.337972476837596125e-01
7.787000000000000000e+03 -2.163314026969942461e-02 -1.643922120246159579e-01 -4.079255654912694595e-02
8.177000000000000000e+03 -4.656712656628769764e-02 -2.255678743999922631e-01 -3.162209404922167177e-02
7.916000000000000000e+03 -8.731742005804221662e-02 -1.704704175209386108e-01 1.799454609850238418e-01
7.743000000000000000e+03 -1.285268554963181487e-02 -8.430002140640624475e-02 2.151937569328110644e-01
8.056000000000000000e+03 -1.805969432442111611e-01 -1.435044517104557826e-01 8.557900724541706028e-02
7.882000000000000000e+03 -1.805969432442111611e-01 -1.435044517104557826e-01 8.557900724541706028e-02
8.268000000000000000e+03 -1.243991585494086394e-02 -4.243112709977481245e-02 1.236576918793051982e-01
8.160000000000000000e+03 -1.243991585494086394e-02 -4.243112709977481245e-02 1.236576918793051982e-01
8.075000000000000000e+03 -1.420229638782473103e-01 -5.329605071460719046e-02 -4.039967917898934502e-02
7.888000000000000000e+03 -1.420229638782473103e-01 -5.329605071460719046e-02 -4.039967917898934502e-02
7.922000000000000000e+03 1.006703054530078134e-01 2.571944478306633641e-01 -2.369060088782062590e-01
8.316000000000000000e+03 1.006703054530078134e-01 2.571944478306633641e-01 -2.369060088782062590e-01
8.145000000000000000e+03 -9.204819616712711650e-03 3.176627270171366035e-01 9.781535658685125423e-02
7.725000000000000000e+03 -9.204819616712711650e-03 3.176627270171366035e-01 9.781535658685125423e-02
8.168000000000000000e+03 1.424218441876234920e-01 2.606881231678030986e-01 -2.655014281615959981e-01
7.947000000000000000e+03 3.992282013183228173e-01 -3.689533030624403409e-02 -3.326594129224401120e-01
8.234000000000000000e+03 2.560079845183054204e-01 2.357421665777792441e-02 -2.568681765321140786e-01
8.119000000000000000e+03 3.088762207635511459e-01 -5.010301012026729950e-02 -1.154527013754825526e-01
8.235000000000000000e+03 3.088762207635511459e-01 -5.010301012026729950e-02 -1.154527013754825526e-01
8.057000000000000000e+03 2.045465019743915036e-01 5.142391632585017192e-01 -5.016378838105739479e-02
7.822000000000000000e+03 3.212574196646471592e-01 4.399002872133053188e-01 5.496256936044796593e-02
8.003000000000000000e+03 1.254367633720221420e-02 -2.823125050139765335e-01 -5.536967018244232097e-01
7.991000000000000000e+03 1.254367633720221420e-02 -2.823125050139765335e-01 -5.536967018244232097e-01
7.779000000000000000e+03 7.161426329153641746e-02 -1.766266852664841736e-01 -5.073101675415635503e-01
7.802000000000000000e+03 -9.385531274480740649e-02 -9.559664745349749637e-02 -4.848343860697915675e-01
7.801000000000000000e+03 -9.385531274480740649e-02 -9.559664745349749637e-02 -4.848343860697915675e-01
7.818000000000000000e+03 -1.022936684483397585e-01 -2.104385381191704596e-01 -3.610126172193345306e-01
7.776000000000000000e+03 2.862801704992534724e-01 4.303029499513542078e-01 -6.048331208694220917e-01
8.173000000000000000e+03 2.862801704992534724e-01 4.303029499513542078e-01 -6.048331208694220917e-01
7.951000000000000000e+03 4.140523625342211744e-01 4.265801864887990291e-01 -4.024564189334570719e-01
7.813000000000000000e+03 3.244097891104331666e-01 4.629685287563489737e-01 -3.798015645778152760e-01
7.979000000000000000e+03 3.244097891104331666e-01 4.629685287563489737e-01 -3.798015645778152760e-01
8.096000000000000000e+03 -1.343271723295345055e-01 -4.569716524760920606e-01 -2.167955484897464424e-01
8.179000000000000000e+03 -4.894537914731245110e-02 -3.930963617472116312e-01 -2.459083938661079383e-01
8.111000000000000000e+03 -2.807235300991237636e-01 -5.051106538378249411e-01 -1.505723151231789236e-01
8.109000000000000000e+03 -2.089018060883063299e-01 -6.118613414190434696e-01 -1.005756594962446404e-01
8.085000000000000000e+03 3.658467230991391261e-02 -4.000474940567428916e-01 -6.038653664076767402e-01
7.877000000000000000e+03 -4.453086267062644765e-03 -5.461350034857233027e-01 -4.131793217276898411e-01
