# star id 	 star_x_coords [pc] 	 star_y_coords [pc] 	 star_z_coords [pc] 
4.629400000000000000e+04 5.980568064734370637e-02 -5.533240562979635513e-02 -5.905330512052655578e-01
4.628800000000000000e+04 4.227304476611593032e-01 -2.191066939571584271e-02 1.095951237542673873e-01
1.431100000000000000e+04 4.227304476611593032e-01 -2.191066939571584271e-02 1.095951237542673873e-01
4.626300000000000000e+04 4.227304476611593032e-01 -2.191066939571584271e-02 1.095951237542673873e-01
4.395200000000000000e+04 -1.040575726429651127e-01 -1.024238863541091504e+00 -3.058502004231221427e+00
4.626900000000000000e+04 -4.973429889520346592e-01 -1.064558235825967536e+00 -9.265182481361620148e-01
4.629300000000000000e+04 1.473724982549526885e-01 -8.657897666079783505e-01 -1.092859802995514329e+00
4.626500000000000000e+04 -1.260159232348001979e+00 6.799232702692989960e-01 9.298278687450958202e-01
2.706900000000000000e+04 -1.878752723373715128e+00 9.970423046580041415e-01 7.878246825202328552e-01
4.628900000000000000e+04 1.455907900023643009e+00 7.649801728049432370e-01 8.398384531009157605e-01
6.820000000000000000e+02 4.547584037704339721e-01 7.315826495240536076e-01 -9.760620386759111256e-02
4.627500000000000000e+04 5.580327065341208481e-01 8.649618649499473122e-01 7.889436130242368783e-01
4.627000000000000000e+04 -9.959881838685191724e-01 2.420581344502519272e-01 1.887561203011764555e+00
4.630400000000000000e+04 7.061519382100485132e-01 1.097484317647499097e-01 8.456679356736649389e-01
4.626800000000000000e+04 -3.329264475960300729e-01 3.413996233179013018e-01 7.149566492942840412e-01
4.627400000000000000e+04 -3.329264475960300729e-01 3.413996233179013018e-01 7.149566492942840412e-01
4.626700000000000000e+04 1.455907900023643009e+00 7.649801728049432370e-01 8.398384531009157605e-01
4.626600000000000000e+04 -3.444692660140091789e-01 -1.264961352411422268e+00 -1.055365228902823027e+00
4.641600000000000000e+04 -4.112664733003015272e-01 -1.726589215544232836e+00 -2.263912064909464839e+00
