# star id 	 star_x_coords [pc] 	 star_y_coords [pc] 	 star_z_coords [pc] 
2.798900000000000000e+04 -1.714548163162639582e+00 -1.118698769185768382e+00 3.576981167339354784e-01
2.799000000000000000e+04 -1.318981052714843116e+00 -7.870218689446364380e-01 4.264011372731886240e-01
2.798800000000000000e+04 -1.469758730014291359e+00 -5.040880737004038714e-01 -7.204297056616368877e-01
2.708300000000000000e+04 -1.865447913606017138e+00 2.290128593265152723e-01 -6.179183858332706336e-01
2.801700000000000000e+04 4.545712567788005032e-01 7.457168580677242531e-02 -9.735855401241266804e-01
2.799700000000000000e+04 7.210543129350419633e-01 -3.195631466602222304e-02 -8.446935595199889235e-01
2.799200000000000000e+04 -3.464830242620973166e-01 4.527838321162938051e-01 -6.437982659595320456e-01
2.797000000000000000e+04 -5.263226362411135284e-01 -2.201572939198337409e-01 -5.405344160636857964e-01
2.797700000000000000e+04 -5.861440572905074475e-02 5.005086875879256603e-01 -4.430028128057728054e-01
2.796600000000000000e+04 -5.434158425709494367e-01 2.241254544657511616e-02 -4.369366220783348354e-01
2.798400000000000000e+04 -3.932055130184028968e-01 3.624160536912994779e-01 -3.480048819817156414e-01
2.799500000000000000e+04 -2.417211766710813947e-01 6.037436216640990061e-01 -2.664205966454531449e-01
2.795900000000000000e+04 5.314851358821428562e-01 1.366404988142173593e-01 -1.229330716692444980e-01
2.796200000000000000e+04 -1.070693981968844355e-01 5.463445550725429811e-01 -8.974492971461955904e-02
2.797500000000000000e+04 3.313155596426256011e-01 3.720995696798947705e-01 -1.006248226015244995e-01
2.708200000000000000e+04 4.871209076259486181e-01 -4.743526626260967660e-01 -4.194586834721292234e-03
2.799100000000000000e+04 -9.495655601720365269e-02 4.361807949197782364e-01 -2.607880156399744465e-02
2.796400000000000000e+04 4.431519841956870209e-01 -4.251539387334468678e-01 1.147916649950531109e-02
2.796000000000000000e+04 3.604074405752797361e-01 4.928280282226360498e-01 1.102240753382943694e-02
2.798500000000000000e+04 -3.626720098376168266e-02 4.791256493484228329e-01 5.705097380883472624e-02
2.799600000000000000e+04 -4.523863508254368782e-01 -5.752191897046459168e-01 1.226756526931183089e-01
2.798700000000000000e+04 3.197834008559041763e-02 -4.558547258014700176e-02 1.255091507819656726e-01
2.796500000000000000e+04 4.217570250453395175e-01 4.433597009025769253e-02 1.448147575894225270e-01
2.795400000000000000e+04 -1.424395241128113554e-01 -5.008765351655219966e-01 1.927377077662129068e-01
2.794800000000000000e+04 4.960354088601217626e-01 5.352103753940622433e-01 2.344358216771738057e-01
2.796300000000000000e+04 -2.537557753394423798e-01 2.271423939170604811e-01 4.081511662930026318e-01
2.795300000000000000e+04 -1.314795651011451127e-01 -2.275010829745029994e-01 6.461297067936442318e-01
2.799900000000000000e+04 -5.027242480769178457e-01 -5.327698209062954326e-01 6.688080607713544623e-01
2.795100000000000000e+04 -8.464980502472432278e-01 -5.976544175885107890e-01 2.094044570153457130e-01
2.794500000000000000e+04 -9.304787098826015068e-01 -2.804505035775357591e-01 9.580645479924498886e-01
2.800000000000000000e+04 -1.036276955713423931e+00 -3.007604735338400559e-01 4.737996323055924108e-01
2.795800000000000000e+04 -4.074249367073239370e-01 1.322890429507239674e-02 1.517351601645380299e+00
2.799300000000000000e+04 -2.603127727902379007e-01 -5.285384160196979764e-01 1.690114970636827252e+00
2.797100000000000000e+04 1.889446992038331885e+00 3.915009616017739447e-02 -1.152735232228806694e+00
2.799800000000000000e+04 1.204715015034274472e+00 6.728446404913217549e-01 -7.373068521317804880e-01
2.794600000000000000e+04 1.027926368796617140e+00 3.144434626470244964e-01 -8.361552911029050961e-01
2.796700000000000000e+04 2.157396197855163678e+00 2.788522393356780427e-01 -3.309409118898898328e-01
2.798300000000000000e+04 2.107469829885927126e+00 -2.878114029216023440e-01 6.617535230221704978e-02
2.801300000000000000e+04 1.041791900294009920e+00 5.635314938813031915e-01 7.418251806014737326e-01
