# star id 	 star_x_coords [pc] 	 star_y_coords [pc] 	 star_z_coords [pc] 
8.926000000000000000e+03 8.205650884729953631e-01 -1.171995515214605099e+00 -1.660153798969045358e+00
1.355200000000000000e+04 3.149503561272677388e-01 -1.653045748384461611e+00 -2.509395953240228572e+00
8.459000000000000000e+03 3.523341108290498624e-01 -1.138521611946194945e+00 -4.911975813892919263e-01
1.355300000000000000e+04 -2.708347685040344288e-01 -1.090911229922455483e+00 5.864444742336960559e-02
1.908100000000000000e+04 -2.708347685040344288e-01 -1.090911229922455483e+00 5.864444742336960559e-02
9.941000000000000000e+03 3.715939888385397794e-01 -7.178570912998036846e-01 1.101007979748755972e-01
2.895700000000000000e+04 1.046057379474003568e-01 5.589437104627936748e-02 3.741013576106384519e-01
3.294000000000000000e+03 -9.322663047065677944e-01 1.524883700708631551e+00 1.645051222215125009e+00
3.226000000000000000e+03 -3.809014433669193345e-01 1.205840515359311027e+00 3.276859752666743120e-01
9.784000000000000000e+03 1.736330650968409550e-01 1.175566725184117089e+00 9.542483964469283819e-01
2.835900000000000000e+04 -5.006954896297877156e-01 2.538907587284031209e+00 1.004197793486488521e+00
2.876900000000000000e+04 2.178504293762708599e-01 3.621495316092611105e-01 1.280729002697347241e-01
