# star id 	 star_x_coords [pc] 	 star_y_coords [pc] 	 star_z_coords [pc] 
5.832600000000000000e+04 -9.967428828369815363e-01 1.603836366854395123e+00 -3.452420923845934908e+00
5.824600000000000000e+04 -1.326639901814771427e+00 2.385078432216261923e+00 -1.172541524367684218e+00
5.832700000000000000e+04 -1.481653390959550620e+00 3.206125107200383795e-01 5.347263476208858890e-01
5.832000000000000000e+04 -1.481653390959550620e+00 3.206125107200383795e-01 5.347263476208858890e-01
5.789100000000000000e+04 -7.861450134069958295e-02 1.124468428911573170e+00 -1.530670644980453687e+00
5.795900000000000000e+04 -4.488193021895057200e-01 6.845086622968974410e-01 -7.724047402677562957e-01
5.832300000000000000e+04 6.181940866005151136e-01 -1.417384930842997548e+00 1.069106268804169702e-01
5.825200000000000000e+04 -3.927446482040375386e-01 8.188283334954160608e-02 1.949732697807604609e-01
5.802800000000000000e+04 -1.786630243589080180e-01 -6.612529877472228534e-01 3.661075639399804516e-01
5.825000000000000000e+04 7.271902833267782640e-01 -3.363248906040201547e-01 5.820122274729300216e-01
5.823700000000000000e+04 7.271902833267782640e-01 -3.363248906040201547e-01 5.820122274729300216e-01
5.705200000000000000e+04 2.384524899531443864e-01 -2.163606500784378994e+00 3.757756339655315969e-02
5.835800000000000000e+04 -7.436395513611158137e-01 1.642693663972387252e+00 -2.217470537851401247e+00
5.843700000000000000e+04 -1.026351926256312552e-01 -1.191198758706306648e-01 1.331692742819466702e+00
5.799500000000000000e+04 4.099619513600947229e-01 8.669084168916096900e-02 1.690113894193014943e+00
5.802900000000000000e+04 4.099619513600947229e-01 8.669084168916096900e-02 1.690113894193014943e+00
5.825500000000000000e+04 -6.095759472927833045e-01 3.128136054280759915e+00 -1.734107239348016805e+00
5.799800000000000000e+04 5.206936638383634630e-01 -8.153668685889670087e-02 2.315805135047138918e+00
1.820000000000000000e+04 7.271902833267782640e-01 -3.363248906040201547e-01 5.820122274729300216e-01
5.795800000000000000e+04 -1.125281119224259108e+00 2.492687338455876755e+00 -2.343226282744328870e+00
5.796000000000000000e+04 1.558070975087980869e+00 -3.175901497844825450e+00 4.664573618824618961e-01
5.823900000000000000e+04 8.226235150646532546e-01 -2.804899810706120711e+00 9.201381896679912131e-01
5.803500000000000000e+04 2.156097052924794255e+00 -2.641697689676782979e+00 1.211349939377846852e+00
