# star id 	 star_x_coords [pc] 	 star_y_coords [pc] 	 star_z_coords [pc] 
7.475000000000000000e+03 1.228763879214511689e-01 2.603356420031772700e-01 5.061575565604724547e-01
7.449000000000000000e+03 -2.630397491515168440e-03 -6.091837101271835309e-02 4.038301391453007483e-01
7.572000000000000000e+03 -7.914714271014133828e-02 1.695008194668812251e-01 3.889252779779899249e-01
7.573000000000000000e+03 5.635079946557652875e-02 2.617316537181793024e-01 3.920855822173693328e-01
7.498000000000000000e+03 3.152778324934217835e-01 4.067882775830913289e-01 5.460494393310755257e-01
7.499000000000000000e+03 2.039693867460812271e-01 9.161676227273751749e-02 4.329405175009491957e-01
7.625000000000000000e+03 1.378858760283208085e-02 -4.437445629117604540e-01 4.015245376676194189e-01
7.600000000000000000e+03 -3.957251092859763730e-01 -5.802585709925001112e-01 4.790792218949889714e-01
7.593000000000000000e+03 -2.228104507441770465e-01 -1.425401355109698898e-01 3.412533754207870418e-01
7.435000000000000000e+03 2.392829397852977991e-01 -4.435464415729306609e-01 4.781140391106772913e-01
7.445000000000000000e+03 -1.017028993878170695e-01 -7.772066321235726605e-02 -1.832876866729254428e-01
7.448000000000000000e+03 -1.525844875639847942e-02 1.403648247709554653e-01 -1.652590241264567661e-01
7.601000000000000000e+03 3.928490330793010799e-02 1.472310576878967936e-01 -1.288100715013832942e-01
7.389000000000000000e+03 -2.966804386832677665e-02 -5.411002515368501520e-02 -1.413093530928825614e-01
7.489000000000000000e+03 8.319890291990361675e-02 1.951959110397289976e-01 -2.154535557246227140e-01
7.579000000000000000e+03 8.319890291990361675e-02 1.951959110397289976e-01 -2.154535557246227140e-01
7.400000000000000000e+03 -1.485441229958013309e-01 1.095396775237507114e-01 -2.399938238405063817e-03
7.433000000000000000e+03 -1.485441229958013309e-01 1.095396775237507114e-01 -2.399938238405063817e-03
7.412000000000000000e+03 -1.684739521265044004e-02 7.626964499160848732e-02 -6.335158893522646606e-02
7.416000000000000000e+03 -1.070627923881204424e-01 1.533698002897789792e-01 -4.655412103309408689e-02
7.612000000000000000e+03 -7.510844526572668656e-02 -2.215952345505201038e-02 -2.259581690639295148e-02
7.468000000000000000e+03 4.450046551500008718e-02 -1.178108782269049470e-02 -2.867847094507902650e-02
7.602000000000000000e+03 7.658955880214080025e-02 8.776043447481818305e-02 -4.646815187105324263e-02
7.441000000000000000e+03 -1.979217948172617980e-02 4.877473850043756443e-02 1.637870509677880060e-02
7.405000000000000000e+03 -1.979217948172617980e-02 4.877473850043756443e-02 1.637870509677880060e-02
7.406000000000000000e+03 5.061956163243053197e-02 -8.213974308479521369e-02 -7.223145128149144334e-03
7.387000000000000000e+03 5.061956163243053197e-02 -8.213974308479521369e-02 -7.223145128149144334e-03
7.388000000000000000e+03 -4.553637213668082495e-02 9.576737062598539296e-02 4.045706723904018975e-02
7.609000000000000000e+03 1.176318632077908433e-01 1.149470772204370661e-01 1.065510395246485054e-01
7.462000000000000000e+03 1.143285834163236814e-01 -1.419051069889221139e-02 1.476785019648461095e-01
7.386000000000000000e+03 -2.856880692441450265e-01 1.925397437663409761e-01 4.057412970983531597e-02
7.469000000000000000e+03 -2.856880692441450265e-01 1.925397437663409761e-01 4.057412970983531597e-02
7.366000000000000000e+03 -2.620139416148106193e-01 2.276663133406398032e-01 1.089779409241418140e-01
7.399000000000000000e+03 -9.051113300768065528e-02 3.183824400034751534e-01 -6.918608228868183829e-02
7.619000000000000000e+03 1.205448014332972662e-01 1.785558087707528330e-01 6.586451936284543063e-02
7.613000000000000000e+03 -1.653554562537351558e-02 1.796781809484784276e-01 1.906334163159850714e-01
7.446000000000000000e+03 -2.496690839922308669e-01 1.334938729287635795e-01 2.338072931516655961e-01
7.618000000000000000e+03 5.963644015386648789e-02 6.936019352477273969e-02 3.223670511959942919e-01
7.466000000000000000e+03 5.963644015386648789e-02 6.936019352477273969e-02 3.223670511959942919e-01
7.428000000000000000e+03 3.683815508524901361e-01 8.291724720062987330e-02 -1.039758033053582165e-01
7.404000000000000000e+03 3.519523258044756631e-01 5.445487222175415809e-03 3.661769455361418846e-02
7.608000000000000000e+03 4.205592299639420162e-01 1.736931459434298830e-01 2.577435732774069344e-02
7.480000000000000000e+03 2.729414649586203723e-01 -9.244457128663263745e-02 2.314976214383849262e-01
7.478000000000000000e+03 -2.743528843237754700e-01 -5.805502835967750741e-01 -2.119542094860164538e-01
7.424000000000000000e+03 -1.199309896767317696e-01 -5.501161000630396813e-01 -1.592621948606255944e-01
7.420000000000000000e+03 -1.327203841783557436e-01 -1.650033084624364932e-01 2.080123279187345853e-02
7.621000000000000000e+03 -4.031710172739622067e-01 -2.198591972897876445e-01 1.218566305820766305e-01
7.390000000000000000e+03 1.415715559804198165e-02 -1.513344877360935925e-01 -1.055581407713019892e-01
7.588000000000000000e+03 -1.973879847992492387e-01 -4.517455241640959684e-01 1.821437826041425456e-01
7.452000000000000000e+03 -2.230322784516260981e-01 4.943986395710489035e-01 1.636014767624860422e-01
7.447000000000000000e+03 1.585676699719726912e-01 -2.137334635165455410e-01 7.240697651733618567e-02
7.467000000000000000e+03 4.717311298381900997e-01 -1.486338751355731347e-01 -5.262381454981651663e-02
7.401000000000000000e+03 -4.431672427305102246e-01 -4.419749627576941009e-01 2.609349839691299522e-01
7.599000000000000000e+03 -2.703727151951227370e-01 -8.651238882831790988e-02 -5.001406989880712306e-01
7.530000000000000000e+03 -2.703727151951227370e-01 -8.651238882831790988e-02 -5.001406989880712306e-01
7.479000000000000000e+03 -5.622581305118501405e-02 -9.403603154799711206e-02 -4.238180595494543401e-01
7.397000000000000000e+03 -5.622581305118501405e-02 -9.403603154799711206e-02 -4.238180595494543401e-01
7.506000000000000000e+03 1.023369458024205869e-01 3.211577230468165567e-01 -3.476315791131549537e-01
7.614000000000000000e+03 9.383699330679462491e-02 2.868040011022880975e-01 -2.519088922627469307e-01
7.421000000000000000e+03 1.508478113729552206e-01 3.578240944661637002e-01 -4.512463267154280255e-01
7.474000000000000000e+03 2.451191862464128235e-01 6.789575885345300321e-02 -3.770484293551759070e-01
7.377000000000000000e+03 -3.098603204545469225e-01 -3.257953822006225408e-01 -5.428811831887472295e-01
7.408000000000000000e+03 1.184350575162085306e-01 -2.771997232844007897e-01 -5.169229874461918062e-01
7.567000000000000000e+03 -4.016551359925131237e-01 -1.722225923146929460e-01 -7.184887791434093618e-01
7.427000000000000000e+03 -3.224141447956014872e-01 -3.954923981716120807e-01 -2.786947090357385637e-01
7.419000000000000000e+03 7.394815017510865118e-01 2.490177628168410706e-01 8.678211145135017457e-02
7.513000000000000000e+03 7.394815017510865118e-01 2.490177628168410706e-01 8.678211145135017457e-02
