# star id 	 star_x_coords [pc] 	 star_y_coords [pc] 	 star_z_coords [pc] 
2.704000000000000000e+03 -7.849170452747152860e-01 4.502699400519647455e-01 -1.572887968620564347e+00
3.931000000000000000e+03 -1.419746561482824854e+00 -4.073145838015044262e-01 -7.814596520527898882e-01
1.681000000000000000e+03 -1.419746561482824854e+00 -4.073145838015044262e-01 -7.814596520527898882e-01
2.996000000000000000e+03 -1.047382822961003157e+00 2.637950897817153972e-01 -1.461719908615304320e-01
7.180000000000000000e+02 -1.047382822961003157e+00 2.637950897817153972e-01 -1.461719908615304320e-01
1.338500000000000000e+04 -1.166410487376377647e+00 6.572818941606293208e-01 7.270187131983574247e-01
3.708000000000000000e+03 -2.033917546964387313e+00 1.529011419467849464e-01 1.107266531972530110e+00
2.843800000000000000e+04 -2.033917546964387313e+00 1.529011419467849464e-01 1.107266531972530110e+00
3.707000000000000000e+03 5.738382321512485174e-01 -5.074011856335669535e-01 3.157830490276714031e-01
3.706000000000000000e+03 5.738382321512485174e-01 -5.074011856335669535e-01 3.157830490276714031e-01
1.094000000000000000e+03 8.557837881260785817e-01 2.671293407768029482e-01 1.181221651099474634e+00
1.093000000000000000e+03 8.557837881260785817e-01 2.671293407768029482e-01 1.181221651099474634e+00
1.531700000000000000e+04 8.557837881260785817e-01 2.671293407768029482e-01 1.181221651099474634e+00
2.843700000000000000e+04 1.268073867342995431e+00 -9.320612777527834680e-01 -8.079526181319529599e-01
2.723000000000000000e+03 1.268073867342995431e+00 -9.320612777527834680e-01 -8.079526181319529599e-01
2.997000000000000000e+03 5.901784322575345243e-01 -2.024434783990241016e-01 -1.067006030470863731e+00
2.722000000000000000e+03 4.022285449915194988e-01 2.017517735146991953e-01 -1.329318785284093529e+00
1.154000000000000000e+03 1.105356467298406198e+00 8.012963779424708832e-02 -8.642778707818083994e-01
1.153000000000000000e+03 8.081611626683291583e-01 3.314661439027855039e-01 2.144533388935654372e-02
9.760000000000000000e+02 1.796321217383069158e+00 5.403176861540419651e-01 1.166431007435091871e+00
