# (t_myr, z), gc_ages_per_snapshot, gc_masses_per_snapshot, gc_lums_per_snapshot
5.040720566683561401e+02 8.086000000000001364e+01 2.520740304294309340e+02 1.516483160758952253e+34
9.801423914771735468e+00 8.462700000000000955e+01 3.961163335319628800e+02 2.205506169826037736e+34
0.000000000000000000e+00 8.684699999999997999e+01 2.160634546537980043e+02 1.148712221574331409e+34
0.000000000000000000e+00 8.684699999999997999e+01 4.231242653636878117e+02 2.249561433916398711e+34
0.000000000000000000e+00 8.328399999999999181e+01 1.251367508203246643e+03 7.153081355665398247e+34
0.000000000000000000e+00 8.522699999999997544e+01 4.771401290271373341e+02 2.638006550388378693e+34
0.000000000000000000e+00 1.792500000000001137e+01 8.702555812444637695e+01 3.168934657652625209e+34
0.000000000000000000e+00 1.792500000000001137e+01 1.060311397838082286e+02 3.867164845811274874e+34
0.000000000000000000e+00 1.792500000000001137e+01 8.802585189599173532e+01 3.164043964754679191e+34
0.000000000000000000e+00 1.757999999999998408e+01 4.591348411393205424e+02 1.704118470388846008e+35
0.000000000000000000e+00 2.571199999999998909e+01 1.576462983955489563e+03 3.693824866711266881e+35
0.000000000000000000e+00 7.761700000000001864e+01 6.751982957931187457e+02 4.272181959266699123e+34
0.000000000000000000e+00 8.153600000000000136e+01 9.632829019981818419e+02 5.666318623716252972e+34
0.000000000000000000e+00 8.361000000000001364e+01 1.161341068764163992e+03 6.510130738569561416e+34
0.000000000000000000e+00 8.286200000000002319e+01 2.223653054145337592e+03 1.277191270598339638e+35
0.000000000000000000e+00 1.726600000000001955e+01 8.702555812444640537e+01 3.234567886211632630e+34
0.000000000000000000e+00 1.726600000000001955e+01 4.461310221092310258e+02 1.709315874083839378e+35
0.000000000000000000e+00 1.763900000000001000e+01 1.170343712708072417e+02 3.977978894916757839e+34
0.000000000000000000e+00 1.792500000000001137e+01 7.702262040899279327e+01 2.855278844160749349e+34
0.000000000000000000e+00 1.726600000000001955e+01 8.602526435290106122e+01 3.269378385086432291e+34
0.000000000000000000e+00 8.115600000000000591e+01 7.202115155126601849e+02 4.286127083904153345e+34
0.000000000000000000e+00 1.625099999999997635e+01 1.070314335553535727e+02 4.409533893900346976e+34
0.000000000000000000e+00 1.631299999999998818e+01 7.802291418053815164e+01 2.832101529481117983e+34
0.000000000000000000e+00 1.613600000000002410e+01 7.702262040899279327e+01 3.229188785439260794e+34
0.000000000000000000e+00 1.616599999999999682e+01 1.460428906456227196e+02 5.951109853389332427e+34
0.000000000000000000e+00 1.628899999999998727e+01 1.070314335553536012e+02 4.376457380479544489e+34
0.000000000000000000e+00 1.657900000000000773e+01 1.119328730359258770e+03 4.488317325598051686e+35
0.000000000000000000e+00 4.792500000000001137e+01 6.301850760735773065e+02 7.081056179819331544e+34
0.000000000000000000e+00 4.792500000000001137e+01 2.340687425416145118e+02 2.630106581075751703e+34
0.000000000000000000e+00 8.159300000000001774e+01 4.141216214197793875e+02 2.453340519243039111e+34
0.000000000000000000e+00 8.283100000000001728e+01 2.160634546537978622e+02 1.239399286252973077e+34
0.000000000000000000e+00 1.691599999999999682e+01 1.060311397838082854e+02 4.095942380589788020e+34
0.000000000000000000e+00 1.716300000000001091e+01 9.802878961144540426e+01 3.671439173372665040e+34
0.000000000000000000e+00 1.733800000000002228e+01 7.902320795208352422e+01 2.918250182374632429e+34
0.000000000000000000e+00 1.655700000000001637e+01 1.962576379771998290e+03 7.648607430305465186e+35
0.000000000000000000e+00 1.662099999999998090e+01 7.602232663744746333e+01 3.113274517330438365e+34
0.000000000000000000e+00 1.662099999999998090e+01 8.802585189599179216e+01 3.504115413122839077e+34
0.000000000000000000e+00 1.726600000000001955e+01 7.702262040899282169e+01 2.907976222471831250e+34
0.000000000000000000e+00 1.721100000000001273e+01 8.402467680981033027e+01 3.276081953708442382e+34
0.000000000000000000e+00 1.820600000000001728e+01 1.150337837277165534e+02 4.152407870137222495e+34
0.000000000000000000e+00 1.742799999999999727e+01 2.370696238562505869e+02 8.663047674715359214e+34
0.000000000000000000e+00 1.826100000000002410e+01 7.502203286590209075e+01 2.744518245160987579e+34
0.000000000000000000e+00 1.742799999999999727e+01 1.230361339000794203e+02 4.389807279490193736e+34
0.000000000000000000e+00 1.653000000000002956e+01 7.602232663744742069e+01 3.126727166339207534e+34
0.000000000000000000e+00 1.508600000000001273e+01 1.050308460122629128e+02 4.776087769209807680e+34
0.000000000000000000e+00 1.508600000000001273e+01 1.060311397838082854e+02 4.667206840275464219e+34
0.000000000000000000e+00 1.733800000000002228e+01 3.130919504936979934e+02 1.198157580741340723e+35
0.000000000000000000e+00 1.619999999999998863e+01 9.202702698217322563e+01 3.937750126056607230e+34
0.000000000000000000e+00 1.629200000000003001e+01 7.502203286590207654e+01 3.060137565562033981e+34
0.000000000000000000e+00 8.862200000000001410e+01 1.197351644539797462e+03 6.208939160194073571e+34
0.000000000000000000e+00 8.491599999999999682e+01 2.007589599491539730e+03 1.107400876834244494e+35
0.000000000000000000e+00 2.238200000000000500e+01 2.720799058603381013e+02 7.523120150144588356e+34
0.000000000000000000e+00 2.238200000000000500e+01 3.751101643295103258e+02 1.017741688601173820e+35
0.000000000000000000e+00 7.299200000000001864e+01 7.202115155126600143e+01 4.910096041318316945e+33
0.000000000000000000e+00 7.415199999999998681e+01 1.170343712708071990e+02 7.815258587282674530e+33
0.000000000000000000e+00 1.946499999999997499e+01 4.671371913116837504e+02 1.493468544917717984e+35
0.000000000000000000e+00 1.763900000000001000e+01 3.621063452994205250e+02 1.319531885811488320e+35
0.000000000000000000e+00 2.099500000000000455e+01 7.502203286590207654e+01 2.249520664319142540e+34
0.000000000000000000e+00 1.386799999999999500e+01 1.950572854513453365e+02 9.601525628153438835e+34
0.000000000000000000e+00 7.256900000000001683e+01 7.202115155126597301e+01 4.828853668157516274e+33
0.000000000000000000e+00 1.410599999999999454e+01 2.690790245457021115e+02 1.200295194264791199e+35
0.000000000000000000e+00 1.410599999999999454e+01 3.481022324977856783e+02 1.514791031236220248e+35
0.000000000000000000e+00 1.386799999999999500e+01 7.802291418053815164e+01 3.777126254026783536e+34
0.000000000000000000e+00 8.316700000000003001e+01 8.102379549517425517e+01 4.665927399855630024e+33
0.000000000000000000e+00 1.104800000000000182e+01 1.050308460122629128e+02 6.689755847448107560e+34
0.000000000000000000e+00 1.104800000000000182e+01 3.641069328425114691e+02 1.873971399797092618e+35
0.000000000000000000e+00 8.227600000000001046e+01 1.117328142816168338e+03 7.564076790317306410e+34
0.000000000000000000e+00 2.238200000000000500e+01 8.502497058135567443e+01 1.737696054491966892e+34
0.000000000000000000e+00 1.135800000000000409e+01 5.141509985743156221e+02 3.778418479063598366e+35
0.000000000000000000e+00 1.149299999999999500e+01 8.172400113525600318e+02 5.417003806245860789e+35
0.000000000000000000e+00 1.149299999999999500e+01 5.721680373239465780e+02 3.207861476588481350e+35
0.000000000000000000e+00 2.972399999999998954e+01 8.142391300379240420e+02 1.581488628868950890e+35
0.000000000000000000e+00 2.624900000000002365e+01 3.220945944376062471e+02 7.482867313257783015e+34
0.000000000000000000e+00 7.547199999999997999e+01 1.530449470464402282e+02 9.941431430456241016e+33
0.000000000000000000e+00 8.191899999999998272e+01 1.620475909903485103e+02 9.577948666802277402e+33
0.000000000000000000e+00 7.665199999999998681e+01 3.421004698685133576e+02 2.181642556387846699e+34
0.000000000000000000e+00 1.698200000000002774e+01 1.370402467017144659e+02 5.152585565591714994e+34
0.000000000000000000e+00 1.877300000000002456e+01 7.682256165468373865e+02 2.612702657378703789e+35
0.000000000000000000e+00 8.086000000000001364e+01 2.530743242009762923e+02 1.864269121711694537e+34
0.000000000000000000e+00 1.670100000000002183e+01 1.430420093309866445e+02 5.782175364986558265e+34
0.000000000000000000e+00 1.508600000000001273e+01 7.702262040899279327e+01 3.500176841266002946e+34
0.000000000000000000e+00 7.745100000000002183e+01 6.301850760735774202e+02 3.984190628155227293e+34
0.000000000000000000e+00 8.316700000000003001e+01 7.202115155126598722e+01 4.426486457926228055e+33
0.000000000000000000e+00 8.316700000000003001e+01 8.102379549517425517e+01 5.495858464560075468e+33
0.000000000000000000e+00 1.862900000000001910e+01 7.402173909435668975e+01 2.804469259661754984e+34
0.000000000000000000e+00 1.522000000000002728e+01 9.702849583990004589e+01 4.327141577636228511e+34
0.000000000000000000e+00 1.658699999999998909e+01 1.690496473911660189e+02 6.999320460000903671e+34
0.000000000000000000e+00 1.658699999999998909e+01 7.802291418053818006e+01 3.105202927925176865e+34
0.000000000000000000e+00 1.529300000000000637e+01 8.902614566753715053e+01 3.883671691449868884e+34
0.000000000000000000e+00 1.529300000000000637e+01 2.320681549985237950e+02 1.036246087219680399e+35
0.000000000000000000e+00 1.529300000000000637e+01 2.140628671107073160e+02 9.493419690210790914e+34
0.000000000000000000e+00 1.529300000000000637e+01 2.040599293952537039e+02 9.073906670044001792e+34
0.000000000000000000e+00 1.491100000000000136e+01 1.350396591586237776e+02 6.253570290113465015e+34
0.000000000000000000e+00 8.088200000000000500e+01 3.691084017002379483e+02 2.222203650646666731e+34
0.000000000000000000e+00 8.479200000000003001e+01 1.800528788781649610e+02 9.893710178497795280e+33
0.000000000000000000e+00 8.295600000000001728e+01 2.160634546537979190e+02 1.241780759207597479e+34
0.000000000000000000e+00 1.065800000000001546e+01 4.491319034238670724e+02 2.936971342944274226e+35
0.000000000000000000e+00 1.065800000000001546e+01 2.320681549985237666e+02 1.269362795248444434e+35
0.000000000000000000e+00 1.065800000000001546e+01 7.702262040899279327e+01 4.475141593322189834e+34
0.000000000000000000e+00 1.077199999999999136e+01 1.180346650423525944e+03 6.465110998362255950e+35
0.000000000000000000e+00 8.086000000000012733e+00 1.000293771545361636e+02 1.066596121230254512e+35
0.000000000000000000e+00 1.113100000000002865e+01 3.080904816359712868e+02 2.144676009848719882e+35
0.000000000000000000e+00 8.086000000000012733e+00 1.170343712708072985e+02 1.085046134127057523e+35
0.000000000000000000e+00 1.057749999999999773e+02 4.901439480572270213e+02 4.751036759964580284e+34
0.000000000000000000e+00 7.412900000000001910e+01 1.170343712708072133e+02 7.645743850860254926e+33
0.000000000000000000e+00 1.056999999999999318e+01 9.802878961144540426e+01 7.261059574351499621e+34
0.000000000000000000e+00 1.135800000000000409e+01 1.179346356651980841e+03 7.062755330508078129e+35
0.000000000000000000e+00 1.104899999999997817e+01 9.602820206835468753e+01 6.384353646790014913e+34
0.000000000000000000e+00 8.119000000000028194e+00 1.574462396412398220e+03 1.156444157629917563e+36
0.000000000000000000e+00 1.065800000000001546e+01 7.802291418053818006e+01 4.958526147073532675e+34
0.000000000000000000e+00 8.316700000000003001e+01 1.570461221326216616e+02 4.289726712929412634e+34
0.000000000000000000e+00 1.135800000000000409e+01 7.402173909435673238e+01 4.182457576885108197e+34
0.000000000000000000e+00 8.304800000000000182e+01 1.110326086415350488e+02 2.396835972185787604e+34
0.000000000000000000e+00 8.316700000000003001e+01 1.290378965293515989e+02 4.281203014261018243e+34
0.000000000000000000e+00 1.183100000000001728e+01 7.902320795208351001e+01 4.997327940156182538e+34
0.000000000000000000e+00 1.077199999999999136e+01 7.302144532281135980e+01 1.758424470579248547e+34
0.000000000000000000e+00 1.183100000000001728e+01 6.281844885304866466e+02 3.614838700606338006e+35
0.000000000000000000e+00 8.314199999999999591e+01 3.060898940928805132e+02 1.755815655525045345e+34
0.000000000000000000e+00 7.551800000000002910e+01 1.053309341437265175e+03 6.836556247195875041e+34
0.000000000000000000e+00 7.570999999999997954e+01 4.951454169149538416e+02 3.229841804721115226e+34
0.000000000000000000e+00 4.371800000000001774e+01 9.902908338299074842e+01 9.748543671025794692e+33
0.000000000000000000e+00 7.219999999999998863e+01 1.089319917212898190e+03 7.515882563309539920e+34
0.000000000000000000e+00 1.102199999999999136e+01 1.320387778439876740e+02 6.072488701738609697e+34
0.000000000000000000e+00 8.316700000000003001e+01 3.130919504936979365e+02 7.630105521398482254e+34
0.000000000000000000e+00 8.316700000000003001e+01 7.202115155126600143e+01 8.912806103623754655e+33
0.000000000000000000e+00 1.110100000000000087e+01 1.120329024130804356e+02 3.031253566080139667e+34
0.000000000000000000e+00 8.316700000000003001e+01 8.302438303826497190e+01 1.969292320050953649e+34
0.000000000000000000e+00 7.386599999999998545e+01 7.202115155126600143e+01 4.753713760033855929e+33
0.000000000000000000e+00 4.430799999999999272e+01 7.202115155126598722e+01 7.872737838656103865e+33
0.000000000000000000e+00 4.430799999999999272e+01 8.102379549517422674e+01 8.005975464396678190e+33
0.000000000000000000e+00 4.426999999999998181e+01 1.350396591586237491e+02 1.536477909828420277e+34
0.000000000000000000e+00 4.006099999999997863e+01 1.080317273268990022e+02 1.511942792350537571e+34
0.000000000000000000e+00 7.685399999999998499e+01 3.601057577563298082e+02 2.279354140834003935e+34
0.000000000000000000e+00 4.069400000000001683e+01 1.530449470464402566e+02 2.120559910427374389e+34
0.000000000000000000e+00 7.288499999999999091e+01 3.511031138124217819e+02 3.202092220922033007e+34
0.000000000000000000e+00 4.430799999999999272e+01 3.601057577563299219e+02 4.347332964702998741e+34
0.000000000000000000e+00 4.404399999999998272e+01 3.781110456441465431e+02 4.428893723659088426e+34
0.000000000000000000e+00 7.288499999999999091e+01 1.368401879474054113e+03 9.499071094854293342e+34
0.000000000000000000e+00 7.412900000000001910e+01 9.902908338299074842e+01 6.612911112316109927e+33
0.000000000000000000e+00 7.356000000000000227e+01 3.961163335319631642e+02 2.783479020414669575e+34
0.000000000000000000e+00 9.969799999999997908e+01 7.832300231200175631e+02 3.631974830388714270e+34
0.000000000000000000e+00 8.171499999999997499e+01 5.941745002979444052e+02 3.505321097675929637e+34
0.000000000000000000e+00 4.179200000000003001e+01 7.202115155126600143e+01 7.849857430468640872e+33
0.000000000000000000e+00 1.460600000000000023e+02 3.240951819806969070e+02 8.939279179064116071e+33
0.000000000000000000e+00 7.707499999999998863e+01 3.150925380367885396e+02 2.004786108450414961e+34
0.000000000000000000e+00 1.308699999999998909e+01 8.212411864387415790e+02 4.573822283876308819e+35
0.000000000000000000e+00 1.308699999999998909e+01 8.802585189599179216e+01 4.900523875581758131e+34
0.000000000000000000e+00 8.009300000000001774e+01 5.221533487466781480e+02 3.180006396540931108e+34
0.000000000000000000e+00 1.476009999999999991e+02 5.761692124101277841e+02 1.576109917257027637e+34
0.000000000000000000e+00 4.430799999999999272e+01 7.202115155126600143e+01 6.991011949426869854e+33
0.000000000000000000e+00 4.360300000000000864e+01 9.002643943908248048e+01 8.399319256800954608e+33
0.000000000000000000e+00 7.477600000000001046e+01 2.340687425416145118e+02 1.556630841369587133e+34
0.000000000000000000e+00 8.520699999999999363e+01 3.330978259246051607e+02 1.841627214422074660e+34
0.000000000000000000e+00 8.088200000000000500e+01 3.781110456441462020e+02 2.271862882791699939e+34
0.000000000000000000e+00 7.437700000000000955e+01 9.002643943908253732e+01 5.981366499071898920e+33
0.000000000000000000e+00 8.134899999999998954e+01 9.002643943908250890e+01 5.335810716901893679e+33
0.000000000000000000e+00 2.482000000000027740e+00 3.070901878644258431e+03 7.971926116141449791e+36
0.000000000000000000e+00 2.482000000000027740e+00 1.100323148699897047e+02 2.831037203335292050e+35
0.000000000000000000e+00 1.153000000000020009e+00 1.750514100204382430e+03 3.510656918896655097e+36
0.000000000000000000e+00 2.213000000000022283e+00 1.400411280163505410e+02 3.267889449300184193e+35
0.000000000000000000e+00 4.179200000000003001e+01 9.002643943908249469e+01 1.022198892809080173e+34
0.000000000000000000e+00 7.918500000000000227e+01 3.240951819806970207e+02 2.061010226228510449e+34
0.000000000000000000e+00 7.770800000000002683e+01 8.102379549517425517e+01 5.107901448676898563e+33
