# star id 	 star_x_coords [pc] 	 star_y_coords [pc] 	 star_z_coords [pc] 
1.422600000000000000e+04 -4.732521632203301465e-01 3.515507811855727027e-01 -5.551007716599087871e-01
1.523000000000000000e+04 9.155418269831372413e-02 -9.267637477195478368e-02 -7.179152765319329887e-01
1.425000000000000000e+04 -5.653259838777771051e-01 3.503204204871934735e-01 -1.028151286011791399e-01
1.431100000000000000e+04 -4.316324474292621005e-01 7.592458574793425896e-02 -2.926822140741620615e-01
1.431000000000000000e+04 -3.726665128171795516e-01 2.808353613960932194e-01 -3.109637852562556759e-01
1.505100000000000000e+04 -4.718106429269219859e-01 -2.120113702789794274e-01 -8.444492609686449214e-02
1.505000000000000000e+04 -5.307355300704834633e-01 7.736168168545276558e-02 1.724230081107691603e-02
1.504900000000000000e+04 -4.529627166352945267e-01 -3.441728722638970339e-02 1.126406305837548416e-01
1.518900000000000000e+04 -3.249187220255400632e-01 6.251646455679207293e-01 9.926914278543108594e-02
1.441400000000000000e+04 8.701185193011440333e-02 2.760356863714861220e-01 5.210801903345867458e-01
1.424900000000000000e+04 -9.101952590738804361e-02 -1.031376660436933435e-02 5.461852875812240882e-01
1.522900000000000000e+04 -9.101952590738804361e-02 -1.031376660436933435e-02 5.461852875812240882e-01
1.428100000000000000e+04 5.228466436954306573e-01 -2.154803484034317762e-02 -8.072760122467883548e-01
1.428500000000000000e+04 6.045923828292920632e-01 -2.124420343078625706e-01 -7.427163414693396248e-01
1.434900000000000000e+04 2.505340520026066997e-01 -2.188191409803863507e-02 -6.129965335939573379e-01
1.505400000000000000e+04 3.848721420889482658e-01 -8.290194560796493306e-02 -3.768304049373583098e-01
1.420100000000000000e+04 4.107178892225817890e-01 -3.339771552534855914e-01 -2.541069493779772870e-01
1.428400000000000000e+04 4.084078393161689746e-01 -2.028429146487198409e-01 -7.440117215242736393e-02
1.437300000000000000e+04 4.588762269220332257e-01 1.349906519260528626e-01 -7.650809113557102137e-01
1.506400000000000000e+04 4.662475598904443075e-01 3.585520297167477111e-02 -7.879230902020850635e-02
1.502800000000000000e+04 4.059729846809041476e-01 9.307654144895138870e-02 -1.340701221818605404e-01
1.420300000000000000e+04 2.071756671439892727e-01 5.151098123717616772e-01 -3.480343962816263570e-01
1.521000000000000000e+04 3.544199909530583170e-01 8.045497884416619172e-02 -5.641346024622606592e-02
1.420800000000000000e+04 5.609909053980430826e-01 5.903594321102119125e-01 -2.036346855856834281e-01
1.427900000000000000e+04 5.546055795489479578e-01 2.021521184120658177e-01 6.858824248335793072e-02
1.423600000000000000e+04 5.731379545096544348e-01 3.943756777503608646e-01 1.679021756069190019e-01
1.423500000000000000e+04 5.731379545096544348e-01 3.943756777503608646e-01 1.679021756069190019e-01
1.513600000000000000e+04 3.518901272593559781e-01 1.449950698366180291e-01 1.469617283076019021e-02
1.503900000000000000e+04 6.386566842320071657e-01 3.790571300628329254e-01 2.002274367114154074e-02
1.427300000000000000e+04 6.013243960762970630e-01 -7.644079374267676030e-02 2.809138856737263268e-01
1.427200000000000000e+04 5.059636059209289272e-01 6.359773283953700229e-01 5.882422565022693561e-02
1.422900000000000000e+04 6.358412254526939478e-01 -8.371726306079807500e-02 3.284916806106252807e-02
1.422800000000000000e+04 3.861744670616182873e-01 1.033532857108170333e-01 7.305713693709634526e-01
1.422700000000000000e+04 3.526879675675367309e-01 -3.585332173256716715e-02 6.442198844233857358e-01
1.505800000000000000e+04 1.894673721622730511e-01 -1.163283891292081762e-01 7.351508468655794104e-01
1.437600000000000000e+04 3.485396724192675322e-01 -4.049486534781010505e-01 8.160346240680667051e-01
1.431700000000000000e+04 3.485396724192675322e-01 -4.049486534781010505e-01 8.160346240680667051e-01
1.431600000000000000e+04 3.160861377283445961e-01 -3.531590609514694279e-01 5.318002298749178181e-01
1.504700000000000000e+04 6.161512299301108442e-02 -3.245687675111526005e-01 4.602936055888591227e-01
1.423000000000000000e+04 -1.833434952845536259e-01 -1.074428462375536242e-01 2.506004221337576610e-01
1.511600000000000000e+04 -1.833434952845536259e-01 -1.074428462375536242e-01 2.506004221337576610e-01
1.422300000000000000e+04 -3.937440828830851558e-01 -2.754248215968146951e-02 2.731074785243094993e-01
1.430300000000000000e+04 -8.237880724534463184e-02 8.727226801156007241e-03 3.566144892668745570e-01
1.502900000000000000e+04 -7.694383775974600326e-02 -1.279967625597606684e-01 4.843136135443870671e-01
1.416100000000000000e+04 -2.892081902117169534e-01 1.423898719676230940e-02 3.224174078353883033e-01
1.429400000000000000e+04 -3.510659055477631796e-01 2.007062837818480716e-01 4.773864389143938070e-01
1.517700000000000000e+04 -1.581877449648665390e-01 1.041939581077357957e-01 2.382299815684660871e-01
1.432300000000000000e+04 -1.227134953741462198e-01 2.805960056253553603e-02 2.769904134308731614e-01
1.516500000000000000e+04 -2.965752820288791725e-01 -2.590054509318591158e-01 2.796427904647913465e-02
1.514100000000000000e+04 -9.726279401374071654e-02 1.191576446713327186e-01 3.721174305439944874e-03
1.509200000000000000e+04 6.901651259613572620e-02 2.328015448314602054e-01 2.203389629449503673e-02
1.509300000000000000e+04 8.058396867887296366e-02 2.472108705318589728e-01 4.866633569799461156e-02
1.504100000000000000e+04 -1.518032258912427324e-02 1.466259221322872008e-01 6.843100234840449048e-02
1.429200000000000000e+04 -9.078918327012175382e-02 1.505682379711998919e-01 7.593204444104628692e-02
1.508700000000000000e+04 -5.030760474431517082e-02 7.005633873864525185e-02 3.921669633794522269e-02
1.513300000000000000e+04 7.793216075238262874e-02 2.285949549785897261e-01 1.760652427042330714e-01
1.436800000000000000e+04 1.792162483337378376e-02 3.778929770218297790e-02 -1.806289712150999094e-02
1.416500000000000000e+04 1.792162483337378376e-02 3.778929770218297790e-02 -1.806289712150999094e-02
1.424200000000000000e+04 1.792162483337378376e-02 3.778929770218297790e-02 -1.806289712150999094e-02
1.419000000000000000e+04 -7.503483002750144237e-02 2.976920581524211684e-02 7.182799934511763240e-03
1.519700000000000000e+04 -7.503483002750144237e-02 2.976920581524211684e-02 7.182799934511763240e-03
1.435500000000000000e+04 -3.372720514230920230e-02 2.079917315716741655e-01 2.103272861891269940e-01
1.428700000000000000e+04 -1.561934587237949756e-01 -2.824324158454984968e-01 7.414868210204872412e-03
1.503700000000000000e+04 -2.798378223669146792e-01 -1.975285694077015819e-01 1.141464968718679529e-01
1.520000000000000000e+04 -1.893446968605410063e-01 -1.470033041044658262e-01 1.344983822937351192e-01
1.511900000000000000e+04 -1.911909600136496579e-01 -1.379174340433806378e-01 2.103374630743388707e-01
1.429600000000000000e+04 -2.769387630502890829e-01 -2.364880479330082608e-01 2.888831099141953018e-03
1.416600000000000000e+04 -1.328566861032953739e-01 -2.247458550705587754e-01 4.281391193603667489e-02
1.424500000000000000e+04 -1.523655444310669793e-01 -1.391216227194504995e-01 -1.326652700264219220e-02
1.517600000000000000e+04 -9.465850349616289350e-02 -1.580583117784115643e-01 5.968290073150939179e-02
1.431800000000000000e+04 3.114124898711878586e-02 -1.598652978794348201e-01 2.699348657879596658e-02
1.515200000000000000e+04 -1.426459059723228506e-01 -9.846828226243076188e-02 1.629315923155161272e-02
1.484900000000000000e+04 -2.243492025871063333e-02 1.051472122873065018e-02 -1.981674064339244978e-03
1.484800000000000000e+04 -6.463763052191850988e-02 -3.595091876716338675e-02 -3.626201226019531987e-03
1.418400000000000000e+04 -6.463763052191850988e-02 -3.595091876716338675e-02 -3.626201226019531987e-03
1.506600000000000000e+04 -3.832790909699212989e-02 -5.713131309801156021e-02 2.354913611187470224e-02
1.414400000000000000e+04 -1.048110658286454111e-01 -2.115413740630600614e-02 3.293307530364586455e-02
1.506800000000000000e+04 -1.303607102119848093e-01 -6.708624746001135009e-02 4.524296228245106022e-02
1.423400000000000000e+04 -1.303607102119848093e-01 -6.708624746001135009e-02 4.524296228245106022e-02
1.520900000000000000e+04 -1.303607102119848093e-01 -6.708624746001135009e-02 4.524296228245106022e-02
1.506100000000000000e+04 -1.242194300820997910e-02 -5.681813572363836329e-02 5.771596687062441333e-02
1.421200000000000000e+04 -1.242194300820997910e-02 -5.681813572363836329e-02 5.771596687062441333e-02
1.515500000000000000e+04 4.049755051947201423e-02 -1.557726032923909543e-01 -2.594736967544974959e-03
1.511100000000000000e+04 4.203447897236145536e-03 -1.119674528598437746e-01 7.375270273803380405e-02
1.516200000000000000e+04 -3.189578180559848875e-02 -5.592768222108190912e-02 7.316846266694909673e-02
1.418500000000000000e+04 -3.189578180559848875e-02 -5.592768222108190912e-02 7.316846266694909673e-02
1.414900000000000000e+04 -1.264175955912172356e-01 -9.855528953430336969e-03 9.969332218866355788e-02
1.515400000000000000e+04 8.989708326883416589e-02 -8.261171479501427939e-02 1.077189954373878322e-01
1.510400000000000000e+04 -1.138382271089461995e-01 -4.273541472556985354e-04 1.190229286211135218e-01
1.427000000000000000e+04 -5.768472707557492640e-02 -5.947970814435166176e-02 1.184469544255009055e-01
1.424300000000000000e+04 -7.317381661401256565e-02 -1.044897507009991955e-01 1.210433358472045029e-01
1.512400000000000000e+04 -7.317381661401256565e-02 -1.044897507009991955e-01 1.210433358472045029e-01
1.419400000000000000e+04 -7.317381661401256565e-02 -1.044897507009991955e-01 1.210433358472045029e-01
1.521600000000000000e+04 3.939964845933374704e-02 -1.825024493035840578e-01 1.210242719722387505e-01
1.424100000000000000e+04 -1.540804060439100454e-01 -1.345676402807356453e-01 6.937576001669043535e-02
1.424000000000000000e+04 -5.656551020306821442e-02 -2.288401373508790471e-01 6.990136954813408465e-02
1.507600000000000000e+04 1.719976712487749637e-01 -3.576702279126493522e-01 1.256329885418381309e-01
1.421700000000000000e+04 2.755647631107613904e-01 -7.033087213094546541e-02 -1.476439319441169573e-02
1.425200000000000000e+04 1.101536969827847656e-01 -1.091852162313742269e-01 6.529596582875285549e-02
1.431300000000000000e+04 2.965818912944548913e-01 -1.419308388137352495e-02 9.679917448966790516e-02
1.422400000000000000e+04 1.048588706190507480e-01 -1.244874033354932408e-01 1.894003387364051605e-02
1.521400000000000000e+04 1.619649926385804406e-01 -3.993135031891625886e-02 2.187318641843418732e-01
1.431500000000000000e+04 -2.053385804168961215e-01 8.378734168461932086e-02 -2.248459834880378594e-02
1.425500000000000000e+04 9.908108505242196884e-02 5.843586814489754033e-02 1.822376821161668659e-01
1.420000000000000000e+04 -1.749878170386267584e-01 6.284834630665869781e-02 -2.272355020708118900e-01
1.417300000000000000e+04 -3.576075858421106091e-01 1.783208762336911946e-01 -7.840086715423666419e-02
1.428600000000000000e+04 -2.502067816578374959e-01 1.536220346692829253e-01 -5.672648402723012850e-02
1.417200000000000000e+04 -3.961051910312747282e-01 1.660318598983252514e-01 -3.712629662274480324e-02
1.519100000000000000e+04 -1.799091199610742819e-01 -2.551078225800225141e-01 -1.458227697457559202e-01
1.429800000000000000e+04 1.558638099012910061e-03 7.765244188998821073e-02 -7.371029253769023626e-02
1.429500000000000000e+04 1.558638099012910061e-03 7.765244188998821073e-02 -7.371029253769023626e-02
1.436300000000000000e+04 1.558638099012910061e-03 7.765244188998821073e-02 -7.371029253769023626e-02
1.506000000000000000e+04 -1.393507656920078830e-01 2.214621920041963676e-01 -3.278918225259985775e-02
1.419700000000000000e+04 -4.052314241805987649e-02 -3.803656952266933899e-01 -2.110880010646454252e-01
1.431400000000000000e+04 -1.281079824126223343e-01 -3.049856058601321251e-01 -6.421016140171076358e-02
1.426100000000000000e+04 -2.884091136935325039e-01 -2.433276456905986151e-01 -1.239638916040988192e-01
1.510200000000000000e+04 -2.884091136935325039e-01 -2.433276456905986151e-01 -1.239638916040988192e-01
1.515800000000000000e+04 -2.942488960947429177e-01 -1.924967842183065159e-01 -2.728450657949750280e-01
1.515900000000000000e+04 -1.981749928409151096e-01 -1.894134342769646651e-01 -1.950674880762335306e-01
1.503100000000000000e+04 -3.670456146985223711e-01 -5.319680861373399239e-02 -1.431540080476452204e-01
1.429100000000000000e+04 -3.670456146985223711e-01 -5.319680861373399239e-02 -1.431540080476452204e-01
1.511500000000000000e+04 -1.967289576726400924e-01 -6.558925997642006678e-02 -1.077166492746286508e-01
1.509800000000000000e+04 -3.541329813320608366e-01 -1.586574414944408318e-02 -8.553028959308051071e-02
1.519200000000000000e+04 -3.346672134091512874e-01 -2.307200872868335750e-01 -9.709305867044548677e-02
1.430000000000000000e+04 -2.599397471104474278e-01 -1.852488218737846637e-02 -3.719493215783842288e-02
1.428800000000000000e+04 -1.235859883221692712e-01 -9.889133932661309245e-02 -1.953846798229292858e-01
1.421500000000000000e+04 -1.235859883221692712e-01 -9.889133932661309245e-02 -1.953846798229292858e-01
1.417100000000000000e+04 -2.594000270191543223e-02 -1.277750531702110948e-01 -1.992547155340957943e-01
1.507300000000000000e+04 -1.272319994282860023e-01 -1.146315205710592977e-01 -1.176656072172690415e-01
1.425600000000000000e+04 -9.883149636293708795e-02 -1.635716230287442841e-02 -1.215109928768427494e-01
1.428900000000000000e+04 -2.225856208184495699e-02 -8.484805143674378769e-02 -1.126768950993124463e-01
1.423900000000000000e+04 4.038040668152476087e-02 -1.511224682658252050e-02 -8.340872138830235372e-02
1.521500000000000000e+04 -1.408982721553684314e-01 -6.124211894405107159e-02 -7.171672154100150465e-02
1.421100000000000000e+04 -7.031906566499657174e-03 -6.825224940435958842e-02 -5.826302469394306627e-02
1.434400000000000000e+04 -4.634682544089940848e-02 -2.550561901636427820e-02 -3.857204723401252977e-02
1.421900000000000000e+04 6.835346323438784566e-02 -2.433653894016174490e-03 -2.563680169672011289e-02
1.426300000000000000e+04 2.480273777789783196e-01 -3.265617999680543448e-01 -1.882088054991228887e-01
1.507700000000000000e+04 1.726078522298877260e-01 -8.443661474662178534e-02 -2.526154187925797601e-01
1.417700000000000000e+04 1.726078522298877260e-01 -8.443661474662178534e-02 -2.526154187925797601e-01
1.523600000000000000e+04 1.470188927572273485e-01 -1.327638661540220255e-02 -1.868059859215378538e-01
1.519500000000000000e+04 1.920153995967233129e-01 -1.528046934580942207e-01 -1.575185995570222985e-01
1.512600000000000000e+04 1.678740894672365869e-01 -3.112003804643137528e-02 -1.488576070508784710e-01
1.512500000000000000e+04 1.110239965307364685e-01 -1.694046348078757092e-01 -5.606801405919270564e-02
1.504000000000000000e+04 1.075075460110568315e-01 2.607177906132136513e-01 -2.373656002887756244e-01
1.520500000000000000e+04 1.233006033398815759e-01 1.811646477129045252e-01 -7.202723342030736831e-02
1.419600000000000000e+04 -2.129434075756755362e-01 3.037209301237311365e-01 7.542123741099260315e-02
1.508300000000000000e+04 -3.369974244924200946e-01 4.385830788817557391e-01 2.128764152588189518e-01
1.433600000000000000e+04 -1.040275997418937948e-01 4.357301052815643061e-01 3.583414385273897551e-02
1.433500000000000000e+04 7.062658789699582940e-02 3.011310516240683910e-01 4.864493108886591699e-02
1.424800000000000000e+04 7.062658789699582940e-02 3.011310516240683910e-01 4.864493108886591699e-02
1.429300000000000000e+04 2.392036136096820087e-01 2.745594450677373288e-01 -2.623677317141925869e-01
1.441200000000000000e+04 1.161238676413169912e-01 3.669394526750338059e-01 -1.611488618050742616e-01
1.441100000000000000e+04 1.269967297014886753e-01 2.800501287447758614e-01 4.673672136876021455e-01
1.425100000000000000e+04 -1.721067606962378704e-02 1.843822478942129806e-01 -2.903757755380169669e-01
1.506700000000000000e+04 -2.839582107062490479e-01 -4.631098767604413524e-02 -3.977905133859138687e-01
1.441300000000000000e+04 -2.272511502767180502e-01 -1.308545936106497720e-01 -2.917406267368534145e-01
1.513100000000000000e+04 -3.762469049341987670e-02 3.513185135755350075e-01 -3.015112899742433683e-01
1.513000000000000000e+04 4.677819429785046168e-02 -2.053480909758249595e-01 -4.026922760050410943e-01
1.512900000000000000e+04 6.159894585498548736e-02 -2.254819508417398310e-01 -2.893947296291727866e-01
1.439800000000000000e+04 1.847103335031796689e-01 1.051171043695475760e-01 -3.774583560460982312e-01
1.519300000000000000e+04 3.272126958411334385e-01 -2.384737358339492630e-01 -3.229634964315479806e-01
