# star id 	 star_x_coords [pc] 	 star_y_coords [pc] 	 star_z_coords [pc] 
3.856000000000000000e+03 2.209443151649437276e-01 -1.376721545271819114e+00 -1.058200380146188557e+00
2.808700000000000000e+04 2.209443151649437276e-01 -1.376721545271819114e+00 -1.058200380146188557e+00
3.205000000000000000e+03 3.202928178090385103e-01 -3.867688598462386551e-01 -1.177226427332804803e-01
3.799100000000000000e+04 -1.792446608485391835e-01 4.632151554522638826e-01 5.901016755934085367e-01
1.041800000000000000e+04 7.147017906053352299e-01 1.163174564613373985e+00 1.238829951399527118e+00
9.804000000000000000e+03 -2.694997552207833991e-01 -5.209214828454244994e-02 -6.473413994378782732e-01
3.206000000000000000e+03 -3.695474991490854677e-01 3.141940153907563094e-01 -4.573493383586360039e-01
3.176400000000000000e+04 -3.695474991490854677e-01 3.141940153907563094e-01 -4.573493383586360039e-01
3.799200000000000000e+04 -2.890438229535270409e-01 9.375263516359020333e-01 1.967231848595689669e+00
