# star id 	 star_x_coords [pc] 	 star_y_coords [pc] 	 star_z_coords [pc] 
7.249000000000000000e+03 1.696284486088657673e+00 4.363580361253447393e-01 6.402459276776575336e-01
7.210000000000000000e+03 -1.849073971723132814e+00 6.891796946422505954e-01 -3.198685505471701163e-01
7.312000000000000000e+03 1.613801349420999287e+00 2.779755143085852254e+00 1.489424231478512439e+00
7.137000000000000000e+03 -1.238739694143944803e+00 1.935385557274948098e+00 -1.740941009308922816e+00
7.217000000000000000e+03 3.030430784075683448e+00 5.228126682496476718e-01 1.231181639544832507e+00
7.218000000000000000e+03 -1.407638176020920895e+00 5.262788598681940044e-01 -2.703886469890864674e+00
6.998000000000000000e+03 6.587992532662667600e-02 1.090378224179810118e+00 1.007154806529189983e+00
7.250000000000000000e+03 -5.265076212551988988e-02 6.680029956624213838e-01 4.309097842494473696e-01
7.229000000000000000e+03 -8.716413849831461391e-01 9.641469518847154418e-01 5.664626818346469861e-01
7.183000000000000000e+03 -1.444937651600412210e+00 7.535074287429281981e-01 -1.721777298603193174e-01
7.237000000000000000e+03 -5.689020766556218689e-01 4.685350963201155849e-01 -2.474689082278800356e-01
7.179000000000000000e+03 -5.128237149990013677e-01 4.703295034619250359e-01 -2.276034466478833451e-01
7.291000000000000000e+03 -7.741081208199354080e-01 4.840943744906800461e-01 1.364797015294847427e-01
7.284000000000000000e+03 -2.473826914548027389e-02 8.726758369441709462e-01 -2.184881680222616751e-02
7.025000000000000000e+03 -6.652910175261510517e-01 9.997300490448131072e-01 8.099363979384932577e-02
7.026000000000000000e+03 6.982043016771619648e-01 4.104676013042345417e-01 -4.412516006019089332e-01
7.209000000000000000e+03 -2.306752077747020735e-01 5.052542112745888048e-01 -5.877636937992676280e-01
7.182000000000000000e+03 -2.676585641857940345e-01 4.280085160256854593e-01 -3.496433950280000147e-01
7.070000000000000000e+03 -3.708086332900961679e-02 8.715868123743915064e-01 -4.378466632021726923e-01
7.146000000000000000e+03 -4.780191931675616956e-01 1.046077593613363277e+00 -1.366202112769286714e+00
7.068000000000000000e+03 6.822549210871642345e-01 1.950273059247136231e+00 1.463782265880499978e+00
7.024000000000000000e+03 -3.712998876571873552e-01 1.725364016277339374e+00 -8.732365565151489761e-01
7.039000000000000000e+03 -1.167784380886146778e+00 1.861805886486239459e+00 -5.701615877851935466e-01
7.100000000000000000e+03 1.260633340439447636e-01 6.202586578373763260e-01 2.528277768091378164e-01
7.133000000000000000e+03 -4.015588131724605603e-01 4.191726025438127223e-01 -2.331731277106605660e-01
6.928000000000000000e+03 -2.546672970643513167e-01 4.463046784038775527e-01 -1.737226356885059886e-01
7.118000000000000000e+03 -2.965727844157299842e-01 4.144926583167221068e-01 -8.468326097312939282e-02
7.119000000000000000e+03 1.774981359499960831e-02 4.413953892069759632e-01 -6.577678384216412155e-02
6.871000000000000000e+03 -5.268929215727524706e-02 4.437849648445837403e-01 5.912672724336687224e-02
6.922000000000000000e+03 1.591544120148249419e+00 1.022050965934916178e+00 2.091908839446134039e+00
7.304000000000000000e+03 2.455222079494049581e+00 1.056044173383993368e+00 2.329692733567519269e+00
7.168000000000000000e+03 1.981351084716834521e+00 2.157423221298428118e+00 2.475690724633050621e+00
7.276000000000000000e+03 1.764129943046565785e+00 -2.941842226893953693e+00 2.739938790524600876e+00
6.913000000000000000e+03 1.877744261726899566e+00 -2.205386694988593632e+00 2.098583002681287724e+00
6.914000000000000000e+03 2.974376213065966112e+00 1.207164057976520155e+00 2.113142072675447736e+00
7.057000000000000000e+03 3.445984676635557520e+00 1.424037973209339114e+00 2.389340290690039836e+00
7.258000000000000000e+03 3.445984676635557520e+00 1.424037973209339114e+00 2.389340290690039836e+00
6.948000000000000000e+03 3.213668223183432815e+00 2.261565892597865002e+00 2.288853230704358310e+00
7.069000000000000000e+03 1.877695741594628487e+00 -5.127690858822067099e-01 8.517947726089616367e-01
7.121000000000000000e+03 1.742320928651682976e+00 7.824593269018897956e-02 1.508880297571764117e+00
7.000000000000000000e+03 1.870845332475951750e+00 -1.234898467172710568e+00 1.767591562722262921e+00
7.016000000000000000e+03 -1.143523459307971279e-01 -1.833068563993622391e+00 6.698914204350430168e-01
7.314000000000000000e+03 -4.167944718282328154e-01 -1.923724139905064412e+00 1.591290321846354772e+00
7.236000000000000000e+03 2.236400880356015364e-02 -1.543973129749256046e+00 -2.331871772499148676e+00
7.112000000000000000e+03 -1.827903117549780632e+00 1.103133019843127727e-02 -1.611631198242370999e+00
7.295000000000000000e+03 1.168796376448639762e-01 -4.187918448894984991e-01 1.112250571982375646e+00
7.042000000000000000e+03 -6.701081560000048398e-01 -5.560623159861783904e-01 1.372428227761108843e+00
7.077000000000000000e+03 -2.920706160124275641e-01 -8.417734933067801961e-01 1.108368470374262671e+00
7.106000000000000000e+03 1.510574823990751270e-01 -1.194765808588628353e+00 8.897300556277158989e-01
7.134000000000000000e+03 -9.230074204461224952e-01 -1.664100151918456838e+00 1.469673094141317193e+00
7.090000000000000000e+03 2.504046795224752486e-01 -3.194240150533778078e-01 5.744164076013333897e-01
7.247000000000000000e+03 -4.433147489892519388e-02 -2.446208765101847149e-01 5.481541432152070570e-01
7.273000000000000000e+03 9.321823582000376973e-02 -1.259910877262772289e+00 2.364385088258380563e-01
7.033000000000000000e+03 -7.717803950518167255e-01 -2.424172408723634931e-02 6.967513663209281560e-01
7.141000000000000000e+03 -2.559663260258560058e-02 -2.255530560805407703e-02 6.025760079200885855e-01
7.034000000000000000e+03 2.264973085899804062e-01 -9.670062973181181576e-02 4.916426189274929470e-01
7.012000000000000000e+03 -1.035242167174494909e-01 -9.270650529150730179e-01 2.675413624302365179e-01
7.108000000000000000e+03 4.313564189615135547e-01 -4.095420709416019989e-01 2.721097339820097716e-01
6.960000000000000000e+03 7.783867407631994695e-01 2.218594231528561167e-01 3.560880233461567457e-01
7.053000000000000000e+03 4.603008296082933271e-01 1.648644973829558324e-01 3.239654011249406551e-01
7.240000000000000000e+03 8.973916538466859549e-01 -1.009769018289425446e+00 1.696048644493959756e+00
7.126000000000000000e+03 -2.013855926680179209e-01 -4.483309888558064671e-01 -3.160393074400893454e-01
7.086000000000000000e+03 -4.301608659478866059e-01 -5.036584081187038819e-01 1.365322148210061926e-01
7.282000000000000000e+03 -7.457762768746718507e-01 -3.152009126567039132e-01 -3.063210364181507828e-01
7.117000000000000000e+03 -7.706409360290678023e-01 -2.145614242222579904e-01 -1.526973831046092300e-01
7.270000000000000000e+03 -1.857299047581051354e-02 -4.655542342513481202e-01 -2.935902637390732650e-01
7.058000000000000000e+03 1.192046937253508077e-01 -6.557927866479777990e-01 2.072768354640786015e-02
7.050000000000000000e+03 1.516269911633685297e-01 -4.530432154795036581e-01 3.940872749238621964e-02
7.199000000000000000e+03 2.650790057745844308e-01 -4.566831564041269331e-01 -1.337412900665171378e-01
7.157000000000000000e+03 -9.066985205735775821e-01 -1.405662756941782554e+00 -2.567110367706284535e-01
6.961000000000000000e+03 -2.300257969072241337e-01 -7.171607760008820165e-01 -5.587122781371434144e-02
7.013000000000000000e+03 -3.487704321256153150e-01 -1.234612714563930957e+00 -2.556202612360891635e-03
6.970000000000000000e+03 -9.992329841785974054e-01 3.695985888400663555e-01 -1.008763059044603949e-01
6.999000000000000000e+03 -9.670973895600312176e-01 -7.432715338447630771e-01 -1.308324033230618966e-01
7.318000000000000000e+03 -1.765573412397358766e-01 -5.048206011844156293e-01 -5.038718513670019661e-01
7.122000000000000000e+03 -6.028885669239620881e-01 -3.665073069845661280e-01 -7.378701258960518317e-01
7.233000000000000000e+03 -2.044134126814505237e-01 -1.615079409694484269e-01 -7.012620008547116868e-01
6.971000000000000000e+03 -1.365536239689575382e-01 -2.957672692607928866e-01 -6.375519041941295484e-01
6.946000000000000000e+03 -1.031336109391013167e+00 -2.330438680732997980e-01 -4.443683252064651867e-01
6.982000000000000000e+03 1.341586078420675676e-02 -2.357490688203007778e-01 -6.462264084728381874e-01
7.248000000000000000e+03 5.960115225635256309e-01 2.038954817177316414e-01 -8.575509748767480289e-01
6.911000000000000000e+03 5.667965442304279122e-01 1.225591853901626394e-01 -7.659608334141658759e-01
6.988000000000000000e+03 -2.573929743458300834e-01 -9.905196211558831010e-03 -6.809750589278174004e-01
7.211000000000000000e+03 2.178861113389274351e-01 -1.157740250133780791e-01 -8.640524229180712723e-01
6.925000000000000000e+03 1.102982020824825327e-01 1.115495305589053743e-01 -6.674814406973830216e-01
7.325000000000000000e+03 -9.607474455337943198e-01 -1.058701992330056463e+00 -7.537314024979586691e-01
6.992000000000000000e+03 2.655990537991321787e-01 -1.418686667590431938e+00 -6.400947526033355928e-01
6.937000000000000000e+03 9.788382804996622610e-01 4.546798125478002106e-02 5.796499913164048223e-01
6.955000000000000000e+03 -7.799974441590862284e-02 -3.754961487866683711e-01 -1.349875316335861442e+00
7.156000000000000000e+03 -6.999496711531705273e-01 1.449967770308964177e-01 -1.046939167066714305e+00
6.949000000000000000e+03 -1.543910114950826085e-01 -1.749167450184015316e+00 -1.788625522021892067e+00
7.046000000000000000e+03 -3.853700732514333538e-01 -6.450050012062691351e-01 -1.465973795028109095e+00
7.308000000000000000e+03 2.144208378361689427e-01 -4.524533757449180627e-01 -1.737825095163305633e+00
7.076000000000000000e+03 -2.090467321432960546e-01 4.500817026873971116e-02 2.237545592937557615e-01
7.331000000000000000e+03 -2.163721164477934167e-01 -8.908157594254006995e-03 2.301912603339175689e-01
7.035000000000000000e+03 -1.573167058478901481e-01 9.035950285272331683e-02 3.407449368036807869e-01
6.866000000000000000e+03 -6.287744093971241455e-01 3.490792951331114224e-01 4.207749739760870966e-01
7.257000000000000000e+03 -3.582342670563463116e-01 3.350653534181233795e-01 2.680314171561093417e-01
7.001000000000000000e+03 -3.575171615129093539e-01 1.988125675508287671e-01 3.383458191303176932e-01
7.088000000000000000e+03 -3.992545947567904818e-02 -2.048928580633369023e-01 3.425182320839823547e-01
7.110000000000000000e+03 2.162098525326783260e-02 3.668163424343466872e-01 3.222313629391813095e-01
6.964000000000000000e+03 -9.350690555302065832e-02 8.262298412541468906e-02 -7.134387254828311598e-02
7.102000000000000000e+03 -9.350690555302065832e-02 8.262298412541468906e-02 -7.134387254828311598e-02
6.968000000000000000e+03 -9.228358993332719251e-02 -9.960509218319835156e-02 1.388793220287354302e-02
7.065000000000000000e+03 8.286908556578254093e-02 5.817090341078579030e-02 -7.526898660480796366e-02
7.286000000000000000e+03 8.286908556578254093e-02 5.817090341078579030e-02 -7.526898660480796366e-02
7.014000000000000000e+03 1.609012964678413482e-02 -1.384478107222069099e-01 -5.697801551054126890e-02
7.290000000000000000e+03 9.980228041850836007e-03 6.336524524853004436e-03 -3.468047380288652448e-02
7.084000000000000000e+03 9.980228041850836007e-03 6.336524524853004436e-03 -3.468047380288652448e-02
7.044000000000000000e+03 9.980228041850836007e-03 6.336524524853004436e-03 -3.468047380288652448e-02
7.020000000000000000e+03 2.117584769330704830e-02 -1.227141681357872827e-01 2.238705791801010037e-02
7.302000000000000000e+03 -4.473089620623582618e-02 1.413941344564584313e-02 -5.509871690139078737e-02
7.283000000000000000e+03 -4.473089620623582618e-02 1.413941344564584313e-02 -5.509871690139078737e-02
6.954000000000000000e+03 1.508069608753714874e-03 3.678061931160314657e-02 1.910099162021339225e-02
6.963000000000000000e+03 -2.778227053899939847e-02 -3.934635121894913823e-02 -7.352512460539983863e-02
7.149000000000000000e+03 -3.151823429514521990e-02 8.991493643002534952e-02 -6.398978834357293977e-02
7.254000000000000000e+03 -3.151823429514521990e-02 8.991493643002534952e-02 -6.398978834357293977e-02
7.278000000000000000e+03 -4.963942119115216656e-02 -6.748430492997847807e-02 4.238322375535830133e-02
7.130000000000000000e+03 -4.963942119115216656e-02 -6.748430492997847807e-02 4.238322375535830133e-02
6.938000000000000000e+03 -5.391407933992553581e-02 -9.407406548825214543e-02 -6.882487366871714585e-02
7.043000000000000000e+03 -5.391407933992553581e-02 -9.407406548825214543e-02 -6.882487366871714585e-02
7.341000000000000000e+03 3.193994281645018418e-03 9.184611148737609199e-02 5.199817377186732870e-02
7.221000000000000000e+03 3.193994281645018418e-03 9.184611148737609199e-02 5.199817377186732870e-02
7.091000000000000000e+03 -2.892816875531778464e-02 -7.805604784580655320e-02 4.858618358507271751e-02
7.063000000000000000e+03 -6.965293039493047900e-02 -9.133995053820509469e-02 -6.745145357294646260e-02
7.072000000000000000e+03 -8.324373622310332621e-02 5.754540853715006676e-02 -1.024402784449307546e-02
7.151000000000000000e+03 -8.324373622310332621e-02 5.754540853715006676e-02 -1.024402784449307546e-02
7.231000000000000000e+03 -9.051895420589062269e-02 4.645535526926458658e-02 -2.986691074939074042e-02
7.087000000000000000e+03 -9.051895420589062269e-02 4.645535526926458658e-02 -2.986691074939074042e-02
6.973000000000000000e+03 -8.914819773258031432e-02 3.711576821765127931e-02 1.083117498927421707e-02
6.959000000000000000e+03 -2.072505489159937042e-02 1.014612924859452647e-01 1.157548787711810689e-01
7.241000000000000000e+03 -9.877663416997961576e-02 8.801811230077838388e-03 -6.830221281754589313e-02
7.334000000000000000e+03 -9.760073178821571105e-02 8.067168481913622458e-02 4.944698524231938563e-02
7.321000000000000000e+03 -9.961933052325022686e-02 -9.013307988097274404e-02 -1.165321351603054723e-02
7.220000000000000000e+03 -9.961933052325022686e-02 -9.013307988097274404e-02 -1.165321351603054723e-02
7.120000000000000000e+03 -1.160977052701568368e-01 -1.228322085615394244e-01 5.101943151153065514e-02
7.242000000000000000e+03 -2.816416677736199858e-02 1.161459510155005148e-01 1.482460427274148174e-01
6.930000000000000000e+03 -1.140379765652390631e-01 -7.938393187514947158e-02 -5.062974799961850181e-02
6.912000000000000000e+03 -1.239484115211269000e-01 8.744187821456517185e-02 -4.027523486757544902e-02
7.021000000000000000e+03 -1.239484115211269000e-01 8.744187821456517185e-02 -4.027523486757544902e-02
6.981000000000000000e+03 -8.169916574852109648e-02 -4.807701067373848502e-02 1.755632221529026538e-01
7.165000000000000000e+03 -1.327613101930005257e-01 -8.119266243192679866e-02 -6.544924395021922692e-02
7.052000000000000000e+03 -3.318279628631941591e-01 5.904210633683693032e-02 4.262505287598017389e-02
7.223000000000000000e+03 -2.350989620642955913e-01 2.209543184828977047e-02 -6.781466781032818858e-02
6.962000000000000000e+03 -1.725655577744511504e-01 -1.146002343231966591e-01 -5.263853404049001483e-02
7.174000000000000000e+03 -1.725655577744511504e-01 -1.146002343231966591e-01 -5.263853404049001483e-02
7.074000000000000000e+03 -1.370252936346858519e-01 -1.245961629677099225e-01 -4.834138647745689354e-02
7.094000000000000000e+03 -1.586727482079055562e-01 -6.743292633151742876e-02 -5.098447225630309276e-02
6.953000000000000000e+03 -3.194268875091701432e-01 1.772257422850120889e-02 -3.015020822608605044e-02
6.929000000000000000e+03 -3.089979117245924556e-01 7.565384618368309333e-02 4.003029743998709478e-02
7.115000000000000000e+03 -3.089979117245924556e-01 7.565384618368309333e-02 4.003029743998709478e-02
7.315000000000000000e+03 -1.344062896311193356e-01 -1.504792877372764792e-01 1.482610981813436979e-02
7.142000000000000000e+03 -3.446383573838502912e-01 -6.669080851394948439e-02 3.358956255336309482e-02
7.246000000000000000e+03 -3.446383573838502912e-01 -6.669080851394948439e-02 3.358956255336309482e-02
7.045000000000000000e+03 -1.688881702098647963e-01 -1.859281718822991536e-02 1.185309063513351191e-01
7.208000000000000000e+03 -2.530303163277949352e-01 -4.519786274434256512e-02 1.234938849781741510e-01
7.104000000000000000e+03 -1.544465940176067420e-01 4.179327854076486659e-02 1.419665080481529174e-01
7.006000000000000000e+03 -3.470735638562345571e-01 3.789217271927736164e-02 1.804190387498536552e-01
6.856000000000000000e+03 -2.809083583586371446e-01 7.577486663183030657e-02 1.918331985154964059e-01
7.143000000000000000e+03 -6.105891970030015159e-01 -2.033816799122929453e-01 -2.793200063358369789e-03
7.296000000000000000e+03 -4.550530465896400756e-01 -3.038377910816034699e-01 1.151110463479341206e-01
7.207000000000000000e+03 -5.249359346493527312e-01 -3.993348867101662591e-01 1.414746678865412832e-01
6.857000000000000000e+03 -7.213604820769958792e-02 -1.805772185029734800e-01 7.768354428562318503e-02
7.028000000000000000e+03 -5.913911975130758947e-02 -1.869241299419686086e-01 1.398786824224487191e-01
7.319000000000000000e+03 -9.244533019369782778e-03 1.750736242392347819e-01 2.614068295681448717e-02
7.037000000000000000e+03 -9.244533019369782778e-03 1.750736242392347819e-01 2.614068295681448717e-02
7.155000000000000000e+03 7.654047932880203575e-02 1.767339586774134830e-01 -9.275087158833628109e-03
6.927000000000000000e+03 -3.733187664008852380e-02 1.209721556616250027e-01 1.241484612744159222e-02
6.926000000000000000e+03 6.703880832336395201e-02 2.893247228084705469e-01 5.132158814284437653e-02
4.046100000000000000e+04 6.814657049179828618e-03 2.804374782386709342e-01 7.209034298163885524e-02
7.103000000000000000e+03 6.909009430565049570e-03 1.885508556317985196e-01 1.077286074525218851e-01
7.062000000000000000e+03 6.909009430565049570e-03 1.885508556317985196e-01 1.077286074525218851e-01
6.867000000000000000e+03 -9.187182498508761341e-02 2.083277532813054833e-01 1.907778477944361839e-01
7.145000000000000000e+03 -1.077469271522240035e-01 1.235405763627372977e-01 1.933015509749616001e-01
7.093000000000000000e+03 -1.615963622058664839e-01 -2.206126495602509507e-01 -4.345580857475894732e-02
7.111000000000000000e+03 -2.124016990759116652e-01 -1.707742652622110668e-01 3.436972897945977934e-02
7.071000000000000000e+03 -1.360721448943671419e-01 1.169687674958339585e-01 -3.196255994474128670e-02
6.915000000000000000e+03 -2.448299148606452036e-01 1.713806067200112082e-01 1.454586876757737457e-01
7.287000000000000000e+03 -1.307647262723214965e-01 2.082915179615163481e-02 -1.162271283242723996e-01
6.934000000000000000e+03 -1.307647262723214965e-01 2.082915179615163481e-02 -1.162271283242723996e-01
6.957000000000000000e+03 -1.132396803217545767e-01 8.964712536550756283e-02 -1.480735960753243319e-01
6.995000000000000000e+03 9.874936056860406097e-02 -4.522739660604724321e-02 -3.043063691797556203e-01
7.288000000000000000e+03 1.227783433037572536e-01 -8.133438534230386097e-02 -2.786870415927786837e-01
7.060000000000000000e+03 -3.495458323351741114e-02 -2.509494351823438052e-02 -2.901400194859640180e-01
7.262000000000000000e+03 1.163097108889630249e-01 -4.391627363209416046e-03 -2.652797664281116852e-01
7.164000000000000000e+03 4.725125390957884974e-02 4.136362436039231483e-02 -2.825471976306097588e-01
7.160000000000000000e+03 -6.350016696008609074e-02 6.085627861870168687e-02 -2.631636720350130076e-01
7.098000000000000000e+03 -7.924413601149282727e-02 1.082633184984871377e-02 -1.824638071015307617e-01
7.329000000000000000e+03 1.157681628317455136e-01 -8.859774919428176077e-02 -1.708608460357581293e-01
7.335000000000000000e+03 2.218240913997959751e-02 -1.380615211840741097e-03 -1.502348734911471695e-01
6.921000000000000000e+03 -8.889140026677111450e-02 6.909642138349259000e-02 -1.594050768987322897e-01
6.933000000000000000e+03 1.333215478046447799e-01 8.244786307904306000e-02 -1.463562398992586111e-01
6.932000000000000000e+03 -9.528548587473650855e-02 -1.343768587871361220e-01 -3.171405581380462024e-01
7.166000000000000000e+03 -6.412030577898519823e-03 -1.086847248456876969e-01 -1.418446965052169162e-01
7.202000000000000000e+03 -1.995494174491696526e-02 -1.279974538797201689e-02 -1.418512046901518886e-01
6.851000000000000000e+03 -3.933482393966158952e-02 7.454142419247933304e-02 -1.472955501858521643e-01
7.311000000000000000e+03 -2.223352089853136704e-03 -3.981358875842655465e-02 -1.352773000527491831e-01
7.114000000000000000e+03 -1.627694336671936526e-02 7.443037438574862108e-02 -1.363077049638832250e-01
7.176000000000000000e+03 -1.627694336671936526e-02 7.443037438574862108e-02 -1.363077049638832250e-01
7.031000000000000000e+03 7.723038205926258115e-02 -3.529664963353607021e-02 -1.321158915387812272e-01
7.030000000000000000e+03 -1.057832033360206481e-01 -1.323420882752071037e-01 -1.289692342872967856e-01
7.019000000000000000e+03 -3.547474573823450328e-02 9.267870553440449299e-02 -1.168397655334381113e-01
7.171000000000000000e+03 -9.375261613259056048e-02 -3.449752018670704246e-02 -1.198371590936559983e-01
7.203000000000000000e+03 -1.039638005993133163e-01 2.013272925583997619e-02 -1.194875826538108754e-01
7.101000000000000000e+03 -1.054992578965183725e-01 -3.426418003592068828e-02 -1.038878287940612211e-01
7.153000000000000000e+03 -1.054992578965183725e-01 -3.426418003592068828e-02 -1.038878287940612211e-01
6.850000000000000000e+03 1.985176855008674579e-02 7.767113029215089171e-02 -1.016922444769328138e-01
7.004000000000000000e+03 5.571205126000933205e-02 -6.217450623237930074e-02 -1.016361906398088877e-01
7.109000000000000000e+03 -1.197030769746767476e-01 -7.667254010129642694e-02 -2.276109530594503383e-01
7.007000000000000000e+03 -5.730077218938944839e-02 -3.288965754040695799e-03 -9.993158649309208386e-02
7.158000000000000000e+03 -5.730077218938944839e-02 -3.288965754040695799e-03 -9.993158649309208386e-02
7.023000000000000000e+03 -5.730077218938944839e-02 -3.288965754040695799e-03 -9.993158649309208386e-02
7.056000000000000000e+03 -5.193288933751105674e-02 -4.120781130012574067e-04 -1.000770167413698175e-01
7.169000000000000000e+03 -5.193288933751105674e-02 -4.120781130012574067e-04 -1.000770167413698175e-01
7.184000000000000000e+03 -5.193288933751105674e-02 -4.120781130012574067e-04 -1.000770167413698175e-01
6.989000000000000000e+03 8.414454930294823498e-02 -4.715070993369163688e-02 -9.665563463189030813e-02
7.323000000000000000e+03 -1.243506564198746389e-01 1.088840461449880337e-02 -1.503917055093033639e-01
7.194000000000000000e+03 -1.283428308361962422e-01 6.200298223965017286e-02 -1.337242163476375367e-01
6.985000000000000000e+03 -1.283428308361962422e-01 6.200298223965017286e-02 -1.337242163476375367e-01
6.984000000000000000e+03 -4.599813910482097867e-02 1.115905730891881831e-01 -8.763296482455018577e-02
7.144000000000000000e+03 5.184827684017179195e-02 7.474580035524613919e-02 -8.296975264484274248e-02
6.923000000000000000e+03 5.184827684017179195e-02 7.474580035524613919e-02 -8.296975264484274248e-02
7.015000000000000000e+03 -6.282092402649297469e-02 -7.114156470761745510e-02 -7.889387806253367330e-02
6.865000000000000000e+03 -6.282092402649297469e-02 -7.114156470761745510e-02 -7.889387806253367330e-02
6.967000000000000000e+03 -9.243790439864341124e-02 9.382401643966264970e-02 -7.882169894818957800e-02
7.216000000000000000e+03 -1.984007338017264033e-01 -4.092748200558382621e-03 -3.388638880440275614e-01
7.132000000000000000e+03 -1.473094376015353646e-01 4.841142508798856881e-02 -2.609306297057187862e-01
7.131000000000000000e+03 -2.960839965531754103e-01 -1.003591512641754946e-02 -2.397100337728659269e-01
7.136000000000000000e+03 -1.490059273029444853e-01 9.034657746047258797e-02 -2.255029448075163145e-01
6.983000000000000000e+03 -1.532996922676268525e-01 -5.301836973342499704e-02 -1.688250899329766241e-01
7.277000000000000000e+03 -1.532996922676268525e-01 -5.301836973342499704e-02 -1.688250899329766241e-01
6.980000000000000000e+03 -1.715152454443753527e-01 -5.043539893144899366e-02 -1.602404700237833879e-01
7.008000000000000000e+03 -2.098416713127058131e-01 -8.851390846413842439e-03 -1.537810243266051202e-01
7.152000000000000000e+03 -1.471245025974212695e-01 1.483670608577991601e-02 -1.501512984193844602e-01
6.952000000000000000e+03 -1.695354597825691201e-01 2.192469668121432846e-02 -1.478553458259312947e-01
7.195000000000000000e+03 -2.105234034949923227e-01 1.958437531470469395e-02 -1.410107898533432547e-01
7.064000000000000000e+03 -3.716003571591315335e-01 5.616982721754038010e-02 -2.436179151523951703e-01
7.162000000000000000e+03 -2.937792734647075577e-01 1.664966482731866648e-02 -1.067425964910526659e-01
7.227000000000000000e+03 -2.347771613437004135e-01 -6.408308744964230641e-03 -1.021308033443055763e-01
7.226000000000000000e+03 -5.576063912284219271e-01 -3.287775787941527028e-01 -1.091367103954681284e-01
7.116000000000000000e+03 9.697470011861142325e-02 -2.294882024953768251e-01 -2.310938239078197398e-01
7.293000000000000000e+03 -5.963689670787530872e-02 -2.327493929854682619e-01 -2.125841709259113088e-01
7.292000000000000000e+03 1.140364261272353019e-02 -3.626889930691863384e-01 -2.065304469887472294e-01
7.066000000000000000e+03 -8.880880143538405491e-02 -3.428903166416956694e-01 -1.632309358911676611e-01
7.129000000000000000e+03 -8.228250589050389863e-02 -1.815040067314193095e-01 -2.576313511834626979e-01
7.128000000000000000e+03 2.675768235488007463e-02 -1.932521554384916129e-01 -1.356148270126240618e-01
7.127000000000000000e+03 -1.128962653410354733e-01 -1.646431630925953016e-01 -1.000480014520839234e-01
7.294000000000000000e+03 -1.292993442320593545e-01 -3.291607600913577514e-01 -1.751440500153762514e-01
7.200000000000000000e+03 -1.082398888656825875e-01 -1.677538955574799928e-01 -8.596194632880838071e-02
7.285000000000000000e+03 4.634639356132197463e-02 1.984523214582090134e-01 -3.352574306732734044e-01
7.048000000000000000e+03 2.972650767971529717e-02 3.686472427201463731e-01 -2.864897043331069426e-01
7.047000000000000000e+03 -2.155074919616133400e-01 -2.123267460648623484e-01 -1.357335535612413935e-01
7.075000000000000000e+03 -3.664616891285277234e-01 2.607850020839013183e-01 -1.715536964410162568e-01
6.894000000000000000e+03 3.510486415285321016e-01 5.434035426946781655e-02 -1.190421617996584303e-01
6.893000000000000000e+03 3.417770602457892437e-01 -4.246737451591986456e-02 -5.170170997000411717e-02
7.266000000000000000e+03 3.910479193443059387e-01 -8.519500940943292022e-02 1.647258842356826847e-01
7.163000000000000000e+03 3.644085613271421664e-01 -4.235701654885266620e-01 -5.647951401833850582e-02
7.082000000000000000e+03 3.990776667660895782e-01 3.143081067424748909e-01 2.729222532342134855e-02
6.944000000000000000e+03 2.125059391799695163e-01 -3.620147142281897601e-01 -2.109203022600176780e-01
7.010000000000000000e+03 2.340725282981281907e-01 1.853424650127211137e-01 -3.353301068792085005e-01
7.096000000000000000e+03 3.844387634073882509e-01 2.015315536812796182e-01 -2.923034305796292642e-01
7.095000000000000000e+03 -4.148052760482165979e-01 -2.759550825654599748e-03 -5.113712725679349091e-01
6.939000000000000000e+03 7.546192021758812984e-02 7.460313001407303801e-02 -5.506410595012631859e-01
7.274000000000000000e+03 -2.085514934620036342e-02 1.759986210210495727e-02 -4.184022013039978560e-01
7.113000000000000000e+03 -9.790535593467808440e-02 -6.548397172060749227e-02 -3.642009558045771200e-01
6.976000000000000000e+03 -1.463785718068280062e-01 -1.304375509587476500e-01 -4.423331670288028761e-01
7.280000000000000000e+03 2.810670874848035794e-01 1.635500399351919043e-02 -4.484926160549349561e-01
7.279000000000000000e+03 4.071433356891667188e-01 -3.251999304424657566e-02 -4.378671923014998413e-01
7.083000000000000000e+03 5.736607008254424045e-02 -2.971521548107727284e-01 -3.716038515226500749e-01
6.993000000000000000e+03 -5.662353637368688908e-01 1.365258541243825618e-01 -5.529996532167587020e-01
6.916000000000000000e+03 -4.450236149321540324e-01 3.856819531778032939e-01 -3.973450158291740308e-01
7.073000000000000000e+03 -1.284425387666487950e-01 1.728952025968757411e-01 -5.169357861020529299e-01
6.994000000000000000e+03 1.635669651654829693e-01 -2.870887849640464395e-01 -4.153517918009228538e-01
7.011000000000000000e+03 2.051736294570751795e-01 -4.032050578673604946e-01 -4.558005149668353795e-01
