# star id 	 star_x_coords [pc] 	 star_y_coords [pc] 	 star_z_coords [pc] 
4.060900000000000000e+04 -2.173764608439672230e+00 -6.104058396788989427e-01 -7.605750409788356592e-01
4.089200000000000000e+04 1.009494811145516202e+00 -7.008874700787988132e-01 8.485400641786853271e-01
1.638000000000000000e+03 1.454769412742455970e-01 -8.340210522617859112e-01 1.020063434468440278e+00
4.066000000000000000e+04 -1.669205506099697978e-01 -3.702128990213342519e-01 -2.735964171983212623e+00
4.089100000000000000e+04 1.331404354593002992e+00 -1.541101802716617897e-01 -1.212727395626032489e+00
4.067700000000000000e+04 7.821042969697158398e-01 -1.809583363825240099e-02 -4.056875579348897531e-01
4.051900000000000000e+04 1.959568167698884089e-01 -1.859574039341893581e-03 -1.692141420848564337e+00
4.053000000000000000e+04 4.937415436723542328e-01 -1.415282216777598023e-01 -2.491719457145087802e+00
4.090200000000000000e+04 2.446603729964271778e-01 2.291163211165780922e-02 3.382238201706044833e-01
4.077000000000000000e+03 -1.213280070136885769e+00 -2.288203720627777216e-01 8.582946485513787138e-02
4.053600000000000000e+04 3.649358835602378726e-01 3.116936938577552496e-02 4.246805434968479176e-01
4.088000000000000000e+04 -2.105822168632061064e-01 3.378690526226124646e-01 6.487810787784340505e-01
3.960300000000000000e+04 -6.447445191847798185e-01 1.213512463997181712e-01 8.525063580619871573e-01
4.084500000000000000e+04 -3.889531588810686280e-01 1.043438191084920419e+00 1.658286792764890549e+00
4.085200000000000000e+04 -7.363961995946830541e-01 7.696063348628880973e-01 1.878908414165429974e+00
4.082500000000000000e+04 7.859834271864318822e-01 6.756719707676923647e-01 1.509405623387060302e+00
