# star id 	 star_x_coords [pc] 	 star_y_coords [pc] 	 star_z_coords [pc] 
2.652400000000000000e+04 1.224523447240297713e-01 2.650693648013577430e+00 -1.265272096291489845e-01
3.266600000000000000e+04 4.003957389868695316e-02 1.970427875778421267e+00 8.570976108376804348e-01
2.053300000000000000e+04 4.003957389868695316e-02 1.970427875778421267e+00 8.570976108376804348e-01
2.053200000000000000e+04 1.414726894854432260e-01 -1.248440333466666274e+00 -1.301320282150086882e-01
3.264100000000000000e+04 1.414726894854432260e-01 -1.248440333466666274e+00 -1.301320282150086882e-01
2.053100000000000000e+04 1.414726894854432260e-01 -1.248440333466666274e+00 -1.301320282150086882e-01
3.242400000000000000e+04 4.557851467100881848e-01 -9.899461126593873672e-01 9.640546923543169555e-01
1.091000000000000000e+04 -3.930547635015333441e-01 -1.249244799999171818e+00 1.626210670972167094e+00
1.720600000000000000e+04 -1.279710044918342504e+00 8.746075372637633905e-01 -3.866428739035470130e-01
3.264000000000000000e+04 -1.279710044918342504e+00 8.746075372637633905e-01 -3.866428739035470130e-01
3.263900000000000000e+04 1.649689590455791333e+00 -1.018602673612718945e+00 -1.791803385587389386e+00
1.402400000000000000e+04 1.339685669453324124e+00 -2.136900254330674542e+00 -1.185862329925107872e+00
3.253700000000000000e+04 -1.283210630714835432e+00 1.612114377614108918e-01 1.444046577641508122e+00
1.090900000000000000e+04 1.634171083298632254e-01 -6.809959553560602785e-01 -1.199114759385313533e+00
3.264500000000000000e+04 6.104812156071481866e-01 -8.344212480638617535e-01 -1.778347878952772021e+00
2.058400000000000000e+04 1.890219448914205458e-01 9.349056318604418436e-01 -3.068570014584501848e-01
3.264600000000000000e+04 5.910248886654567713e-01 8.227942852372969185e-01 4.713202807782579384e-01
2.197400000000000000e+04 -2.187451239239379674e-01 8.608905049664983267e-02 8.626606133344409955e-01
1.187000000000000000e+04 -1.147908555986179024e+00 4.151960296161565367e-01 6.031436757008066252e-01
