# star id 	 star_x_coords [pc] 	 star_y_coords [pc] 	 star_z_coords [pc] 
4.433400000000000000e+04 -1.312727919853671210e-01 -1.257904490981793799e+00 2.997887940235784754e+00
4.430300000000000000e+04 -8.613334810675610242e-03 1.582502068820446084e-02 2.509845697148000099e+00
4.421300000000000000e+04 3.240989612903035777e-01 -4.428127088933564437e-01 2.938910470872754033e+00
4.436200000000000000e+04 2.843211694230944886e-01 -7.874242466154157682e-01 3.126812219495432643e+00
4.419900000000000000e+04 -8.220543234086221673e-01 -8.063481669443532951e-01 2.473711531710829803e+00
2.105300000000000000e+04 -6.474135350542979950e-01 -9.629595620769109132e-01 2.914057047545696832e+00
4.436500000000000000e+04 -1.217952074752730596e+00 -1.571499144699259887e-01 2.765326840510896389e+00
4.421800000000000000e+04 9.854009945206456678e-01 -7.740780966863880508e-01 2.814805291352643124e+00
2.105800000000000000e+04 1.724643400465723175e+00 -7.991605009264688420e-01 3.127214704045663041e+00
4.416200000000000000e+04 1.818581508052105278e+00 2.915329584824007725e+00 -1.800015942665122992e-01
4.439800000000000000e+04 -2.615980062904938563e+00 1.139892162915870699e+00 -1.254186731274959499e+00
2.092100000000000000e+04 -2.213626086625083644e+00 -7.329047166966375926e-01 -1.077299106336912615e+00
2.110500000000000000e+04 5.955403972302804050e-01 -2.647525820871159397e+00 1.546285090407664597e+00
2.098600000000000000e+04 1.027121416805911736e+00 -2.306712812213781660e+00 1.316301134009449925e+00
4.432200000000000000e+04 2.178212200897760908e+00 1.079727841196849170e+00 -6.236871016407743440e-01
4.418100000000000000e+04 1.794068034291868230e+00 1.734785303018966829e+00 1.316630204032449569e-01
2.108300000000000000e+04 -8.267646840154583288e-01 2.176607610984447660e+00 8.058202499122923967e-01
4.438300000000000000e+04 -1.582887852056856559e+00 -4.106151535115358797e-01 1.545588535814117037e+00
2.108800000000000000e+04 -6.205618491863020836e-01 -3.383959655623911544e-01 -1.236864554972573416e+00
2.109800000000000000e+04 -4.789997717247160836e-01 3.903615430102789219e-01 -1.413986550607233994e+00
2.102100000000000000e+04 -9.101896294001221577e-02 7.514861635650049720e-02 -3.002114210701698482e-01
4.432300000000000000e+04 2.835317320353425430e-01 -4.167014471723291535e-01 -3.716725057627972006e-01
4.442400000000000000e+04 -2.030284138881484068e+00 4.717414714325514069e-01 -9.176353259497602721e-01
2.107700000000000000e+04 -1.957282094267924322e+00 7.602793343646325752e-01 -8.489357706508666723e-01
4.432800000000000000e+04 -1.563710575411789705e-01 -1.817702349199002754e+00 2.122207067451205020e+00
4.434100000000000000e+04 -2.726854782614509531e-01 -1.652975784048791752e+00 1.899145630798470208e+00
4.436000000000000000e+04 -2.021928311232557007e-02 -1.223840434907266683e+00 2.035309760639794519e+00
2.119300000000000000e+04 4.661549662952353401e-01 -1.212293910822282328e+00 2.240359665955145019e+00
4.089300000000000000e+04 1.759828915037076058e-01 3.494477756362357468e-03 1.527529100051465250e+00
4.423100000000000000e+04 3.520442475637253210e-02 -1.738611668770317920e-01 1.518395058252364649e+00
4.441200000000000000e+04 4.951357847872372986e-02 -8.706702885201167419e-02 1.843421978376280634e+00
4.427800000000000000e+04 4.951357847872372986e-02 -8.706702885201167419e-02 1.843421978376280634e+00
2.122200000000000000e+04 3.508380055912141415e-02 -7.961859664116488489e-01 8.170105953529773757e-01
2.106800000000000000e+04 7.024225893765390083e-02 -7.083934862831142709e-01 8.904452917648288945e-01
2.096300000000000000e+04 -9.187038587943447965e-01 -5.915455143170547103e-01 9.504149782007829117e-01
2.097700000000000000e+04 -4.882476548669956173e-01 -5.846664922155468957e-01 1.198778262257542693e+00
2.118000000000000000e+04 -5.191261807226794645e-01 -5.232412135934580988e-01 1.216034017744959783e+00
4.441100000000000000e+04 -5.191261807226794645e-01 -5.232412135934580988e-01 1.216034017744959783e+00
2.102500000000000000e+04 -4.224661751873810545e-01 4.547928589511229802e-01 1.012054903599265643e+00
2.111400000000000000e+04 -8.104137900170940156e-01 3.287576997408834245e-01 1.239689494477515197e+00
2.108500000000000000e+04 1.489339683690786842e-01 -7.150366734611424135e-02 7.291756025183548928e-01
2.104400000000000000e+04 6.433033578105096240e-02 -4.310113657285299382e-01 7.954325721577024666e-01
4.419500000000000000e+04 1.477570295428023428e-01 -2.359445897274952131e-01 8.805796227905968721e-01
2.117000000000000000e+04 4.541657369547635881e-02 -7.161501841683559633e-02 1.245553663355183360e+00
4.424900000000000000e+04 2.673138604940561436e-02 -1.256205943672767944e-01 2.063158437017715841e+00
4.440600000000000000e+04 5.046666274321296441e-01 -5.625896780806982633e-02 1.041874872032215293e+00
4.426400000000000000e+04 5.134517598266512550e-01 -2.008092375713061983e-01 2.103099834753630049e+00
2.114500000000000000e+04 -1.039479015607298606e+00 -1.012888035514961871e+00 1.804152370489006785e+00
2.109900000000000000e+04 -9.030670049523337184e-02 4.608191739874882842e-01 1.395895405174652382e+00
2.107400000000000000e+04 1.324129809634086996e-01 3.765660504294245925e-01 1.653786919096710051e+00
4.436800000000000000e+04 -5.275403330299752724e-01 -6.037789261151118581e-01 1.397333246634474335e+00
2.119400000000000000e+04 -7.013991415413443065e-01 -1.006007819432049644e+00 1.874536754108193648e+00
4.417100000000000000e+04 -7.013991415413443065e-01 -1.006007819432049644e+00 1.874536754108193648e+00
4.431300000000000000e+04 -4.231700670427471778e-01 2.195811426307443526e-01 1.831978436155170087e+00
4.422100000000000000e+04 -1.032527602783801512e+00 -1.928105418498091694e-01 1.468514941061169310e+00
4.416900000000000000e+04 -8.240866995854503330e-01 -9.946276626544658939e-02 1.793486182055064049e+00
4.423500000000000000e+04 -6.208046269719886823e-01 -4.248544311174740074e-01 1.864967007535181409e+00
4.416800000000000000e+04 -5.947098462314244216e-01 -6.958726639711798612e-01 1.966046667409765192e+00
4.422900000000000000e+04 -6.508901575522969551e-01 -5.836726550553024140e-01 2.219202892837651930e+00
4.418300000000000000e+04 -3.480424219651041540e-01 1.685436454738571399e+00 -2.266364016326329889e+00
4.431900000000000000e+04 -1.624108381881086416e-01 1.390993039776695639e+00 -1.778733212925816431e+00
4.437000000000000000e+04 7.785649978234516766e-01 1.366669369794877298e+00 -2.263187468619264564e+00
4.437100000000000000e+04 -6.943024854978290250e-01 1.428892804246977732e+00 -1.956940999432594808e+00
4.418200000000000000e+04 6.959592625032229307e-01 7.726039137492506370e-01 -1.942341505268865731e+00
4.435100000000000000e+04 -1.452803096425043350e+00 6.742862818206205588e-01 -1.699742718911252837e+00
4.420000000000000000e+04 1.212352068374414671e+00 -1.818979311480859451e+00 2.219768505442820228e+00
2.107200000000000000e+04 1.360475244258310568e+00 -7.856465108912971118e-01 1.988345015327674048e+00
4.431600000000000000e+04 1.087146650475375509e+00 -1.012738566076379243e+00 1.992461238842617277e+00
4.435400000000000000e+04 1.087146650475375509e+00 -1.012738566076379243e+00 1.992461238842617277e+00
4.416000000000000000e+04 1.273697409692658766e+00 -3.696626412786301330e-01 2.066492594970799956e+00
4.437800000000000000e+04 1.793878272807774010e-01 -1.448192413375608112e+00 1.594559854529860488e+00
4.436400000000000000e+04 -3.311167033443354057e-01 -1.478118306872538312e+00 1.366372256149794850e+00
4.424700000000000000e+04 -1.420236753989456702e-01 -1.318911043256598248e+00 1.305152715344659597e+00
4.421100000000000000e+04 -2.086525119014339680e-01 -1.228944838687695551e+00 1.330649108441667394e+00
4.430500000000000000e+04 9.909226679678795335e-02 -1.193176962578014866e+00 1.570036864865031134e+00
4.417800000000000000e+04 -7.956670238604175438e-01 -1.315212639957152874e+00 1.570231015698025701e+00
4.423600000000000000e+04 -3.761034412164434571e-01 1.587641064137393698e+00 -2.535669949333003714e+00
4.433700000000000000e+04 4.499633341526561026e-01 1.635423056815433540e+00 -2.865981596504788342e+00
4.436700000000000000e+04 5.713423601949330077e-01 1.548895595560054517e+00 -2.569842156674448930e+00
4.431700000000000000e+04 -1.046399642347523695e+00 1.370966429784644447e+00 -2.467014290962275425e+00
4.433900000000000000e+04 -1.611981178019306071e-01 3.299839645437003810e-01 -2.785592114092244387e+00
4.424800000000000000e+04 1.226374728222154431e+00 6.312427893305923021e-01 -2.737167712135290643e+00
4.435600000000000000e+04 8.854089961259177244e-01 3.099691456019115776e-01 -2.659117597376656761e+00
4.441900000000000000e+04 2.123256212696134071e-01 6.252612297940132180e-01 -2.549378198594110856e+00
4.419400000000000000e+04 -1.290723086176740253e+00 8.397035477926451108e-01 -2.303042961909438802e+00
4.418500000000000000e+04 6.615082129438150105e-01 9.454041709211651323e-01 -2.785588494818831862e+00
4.440400000000000000e+04 -7.074550818610845226e-01 8.733579366256662979e-01 -2.287495804594888327e+00
4.438200000000000000e+04 -1.423021924380947212e-01 -2.040160093037442834e+00 7.679971532608806939e-01
4.424000000000000000e+04 -2.430043777740280575e-01 -1.232282776568013105e+00 9.140793227332082438e-01
4.434700000000000000e+04 6.254821788526498949e-02 -1.268242536383887398e+00 1.036897881386371623e+00
4.421500000000000000e+04 -1.168261827438499267e-01 1.770593228660509055e+00 -3.129802491482911009e+00
4.421400000000000000e+04 -4.545082637051223173e-03 1.404596447903209366e+00 -3.008776869834019152e+00
4.423400000000000000e+04 6.525642044165635980e-02 1.761559878371421917e+00 -2.879053163615939326e+00
4.426300000000000000e+04 7.971839349863074631e-01 1.462405347093778119e+00 -3.205654466844706008e+00
2.109300000000000000e+04 3.436739456091686407e-03 4.991669137547916080e-01 -3.387714409822699224e+00
2.093200000000000000e+04 1.270887478427482620e+00 2.835684821997830340e-01 -3.137966729490850426e+00
2.118500000000000000e+04 4.454586057349700923e-01 9.241197842901271997e-02 -2.902598690090608002e+00
2.118200000000000000e+04 4.231425258935956890e-01 6.190609244582674364e-01 -3.129991266910973735e+00
2.106900000000000000e+04 8.980135707860341654e-01 -8.028630946817116865e-02 -2.980692740765682913e+00
4.431200000000000000e+04 1.600514375316492988e-01 1.026186874158838691e+00 -3.247777903478338501e+00
2.100600000000000000e+04 5.896880589441764187e-01 1.151798925956164510e+00 -3.133587176667793628e+00
4.423900000000000000e+04 -1.680311832040686681e+00 1.224765368466499638e+00 -2.911583320795283925e+00
4.416600000000000000e+04 -6.890577728647144795e-01 -1.974532166887492224e+00 4.107890755053027476e-01
4.419700000000000000e+04 -9.857392799758741830e-01 9.673904572269691471e-01 7.399578261464476725e-01
4.430400000000000000e+04 -3.200510259532052260e-03 -6.095036809348712836e-01 -4.743163476394158806e-01
4.428300000000000000e+04 1.716771762007098800e+00 1.038172545876108188e+00 -1.863847528390749630e-02
4.437300000000000000e+04 1.542364134883285942e+00 5.732655713905714379e-01 -3.275202160114552896e+00
4.437200000000000000e+04 1.646148652617867469e+00 9.854343535345648775e-01 -1.892180043973713310e+00
2.093000000000000000e+04 1.604842063236418426e+00 4.871847612133706207e-01 -1.326754278645118745e+00
4.433600000000000000e+04 -2.003423468578233724e-01 -9.647606661573107090e-01 2.169731578786093351e+00
4.417400000000000000e+04 -2.342614472854336327e-01 -6.679319907454157601e-01 2.002340515831399159e+00
2.102700000000000000e+04 -2.112300028044415967e-01 1.417835105771359849e+00 -2.204893327975643302e+00
4.442200000000000000e+04 -4.393738842660468435e-01 7.711643360668176683e-01 -2.253054331772846197e+00
2.095400000000000000e+04 -4.393738842660468435e-01 7.711643360668176683e-01 -2.253054331772846197e+00
4.436100000000000000e+04 -2.870013166758837997e-01 1.068424718986484834e+00 -2.150330517751791959e+00
4.430800000000000000e+04 -5.189332014735725807e-01 1.003835206316402662e+00 -2.194757519187977124e+00
4.430900000000000000e+04 -5.784503935791462936e-02 1.386462838741842063e+00 -2.206387731746731973e+00
4.431000000000000000e+04 -5.784503935791462936e-02 1.386462838741842063e+00 -2.206387731746731973e+00
4.425500000000000000e+04 -2.932362903317908831e-01 -8.976722867297368680e-01 1.633263517167309331e+00
4.425600000000000000e+04 -1.000130520346544927e-01 -8.514519365620145663e-01 1.704650529388320734e+00
4.436600000000000000e+04 1.127195658883977103e-01 -8.584687938344899294e-01 1.590230090841949107e+00
4.436900000000000000e+04 1.127195658883977103e-01 -8.584687938344899294e-01 1.590230090841949107e+00
4.441300000000000000e+04 1.905871745891403179e-01 -8.061999813537710224e-01 1.616262736989355631e+00
4.423800000000000000e+04 2.174731280985042758e-02 -9.366241750040984471e-01 1.695715172399305359e+00
4.415500000000000000e+04 1.203549948416338111e-01 -1.023924318919299026e+00 1.698667212337660715e+00
4.431500000000000000e+04 -3.416093555246391134e-02 -9.083363429750264118e-01 1.709949883676181059e+00
4.441600000000000000e+04 -1.383316684010083009e-02 -9.497765454565580967e-01 1.733285550637088335e+00
4.440100000000000000e+04 1.507894115994474760e-01 -9.843976892528161216e-01 1.743754763938349939e+00
4.431800000000000000e+04 1.426628199523634066e-01 -8.530150188734495487e-01 1.815541192249277458e+00
4.430600000000000000e+04 1.755261195113604344e-01 -1.097575294084904840e+00 1.703343958413844561e+00
4.437700000000000000e+04 -1.517615963818315095e-01 -7.720849327612668844e-01 1.614334742106667164e+00
4.424300000000000000e+04 -1.643114870807664829e-01 -7.486863237904017865e-01 1.646116093765646937e+00
4.438700000000000000e+04 -1.643114870807664829e-01 -7.486863237904017865e-01 1.646116093765646937e+00
4.438800000000000000e+04 -2.219623905667589270e-01 -5.577643505405305291e-01 1.753535570919341424e+00
4.419000000000000000e+04 -2.219623905667589270e-01 -5.577643505405305291e-01 1.753535570919341424e+00
2.094500000000000000e+04 7.287734297889869595e-03 -6.673751922558679439e-01 1.623335810655833100e+00
2.111700000000000000e+04 1.809026899425845158e-01 -6.630739281685364972e-01 1.635622199779307451e+00
2.112200000000000000e+04 1.809026899425845158e-01 -6.630739281685364972e-01 1.635622199779307451e+00
2.111800000000000000e+04 2.077490233440926204e-02 -5.809184280828034730e-01 1.633061333919819447e+00
2.101600000000000000e+04 8.530369726189235280e-02 -6.506105040654546201e-01 1.655353609344535570e+00
4.426100000000000000e+04 1.154560993726931883e-01 -6.215670377608688568e-01 1.657534065207622476e+00
4.434600000000000000e+04 1.114167798183842706e-01 -7.588564425379047407e-01 1.715329467818218490e+00
4.436300000000000000e+04 4.247667127766874273e-02 -7.308461365268215104e-01 1.743985099486602408e+00
4.426200000000000000e+04 1.016790598601602369e-01 -7.672467990004392391e-01 1.748574058066242998e+00
2.106100000000000000e+04 6.002014199584948528e-02 -7.095476219448713096e-01 1.811532683940882293e+00
2.110200000000000000e+04 1.049851260687404420e-01 -6.390047034215342592e-01 1.851112008889931104e+00
2.091200000000000000e+04 -1.498881256360391490e-01 1.459414039877707125e+00 -2.555002947378588019e+00
2.091300000000000000e+04 -1.498881256360391490e-01 1.459414039877707125e+00 -2.555002947378588019e+00
2.102300000000000000e+04 -1.888579839112054515e-01 1.450208461504040258e+00 -2.466376164587012809e+00
2.121500000000000000e+04 -1.062796244443688920e-01 1.336459262546235038e+00 -2.399453124762141343e+00
2.116800000000000000e+04 -1.062796244443688920e-01 1.336459262546235038e+00 -2.399453124762141343e+00
2.116900000000000000e+04 -1.062796244443688920e-01 1.336459262546235038e+00 -2.399453124762141343e+00
2.099800000000000000e+04 6.426240935498128692e-02 1.348757846981385455e+00 -2.310535395413570114e+00
2.115400000000000000e+04 -8.878724855382813530e-02 1.283793236121937298e+00 -2.453814690775290686e+00
2.094800000000000000e+04 -8.878724855382813530e-02 1.283793236121937298e+00 -2.453814690775290686e+00
2.107800000000000000e+04 -1.371505605822136431e-01 8.788767606226741691e-01 -2.490884328475804210e+00
2.107900000000000000e+04 -1.280680446938902151e-01 9.635349602070419905e-01 -2.408303625564681028e+00
4.433300000000000000e+04 -1.581080029561832134e-01 9.663651529329300160e-01 -2.409537994675275741e+00
2.112100000000000000e+04 -1.581080029561832134e-01 9.663651529329300160e-01 -2.409537994675275741e+00
4.424100000000000000e+04 -1.468826449371505305e-01 8.660075103145956632e-01 -2.352024813819628690e+00
4.418400000000000000e+04 2.607027732945255138e-02 7.271867190358562993e-01 -2.565912996145041092e+00
4.419100000000000000e+04 -6.975978697602158718e-02 9.598067408305297477e-01 -2.343178621912922921e+00
4.429700000000000000e+04 -1.226907268491146397e-01 9.794744446580025965e-01 -2.299149336567191781e+00
4.432000000000000000e+04 -1.226907268491146397e-01 9.794744446580025965e-01 -2.299149336567191781e+00
4.443500000000000000e+04 -2.356008599378469626e-01 1.263501963478013579e+00 -2.553085532697485505e+00
4.433000000000000000e+04 -2.356008599378469626e-01 1.263501963478013579e+00 -2.553085532697485505e+00
4.443300000000000000e+04 -1.005240520188976916e-01 1.072066734177603564e+00 -2.503582772803596868e+00
4.417500000000000000e+04 -1.615806939980473089e-01 1.227151447393815431e+00 -2.466906005033720817e+00
4.435900000000000000e+04 -1.615806939980473089e-01 1.227151447393815431e+00 -2.466906005033720817e+00
4.431100000000000000e+04 -1.615806939980473089e-01 1.227151447393815431e+00 -2.466906005033720817e+00
4.434000000000000000e+04 -1.418420998059417570e-01 1.030948392361672461e+00 -2.466953103424762261e+00
4.415800000000000000e+04 -2.266033849464150762e-01 1.065708389724797200e+00 -2.453241931425479194e+00
4.434900000000000000e+04 -1.534273901278169205e-01 1.214254167833082931e+00 -2.448268124269191048e+00
2.101700000000000000e+04 -1.122661888589959744e-01 1.160029775019744136e+00 -2.410499724575048575e+00
2.106000000000000000e+04 -1.130424235996656535e-01 1.076675519263638137e+00 -2.409696703782364224e+00
2.088500000000000000e+04 -1.130424235996656535e-01 1.076675519263638137e+00 -2.409696703782364224e+00
2.105200000000000000e+04 -1.008867060352542921e-01 1.193888425645461382e+00 -2.409214252894463115e+00
2.093900000000000000e+04 -1.830778120953766575e-01 1.157307698996703493e+00 -2.291334049164206021e+00
2.116400000000000000e+04 -1.630681625566268167e-01 1.095806350099465476e+00 -2.290174081851732879e+00
2.099200000000000000e+04 -1.630681625566268167e-01 1.095806350099465476e+00 -2.290174081851732879e+00
2.087400000000000000e+04 -9.587581715682347294e-02 1.197556395415197983e+00 -2.551075588881788647e+00
2.087500000000000000e+04 -9.587581715682347294e-02 1.197556395415197983e+00 -2.551075588881788647e+00
2.109500000000000000e+04 2.118334683720490830e-02 9.945878701160353330e-01 -2.381851935910033191e+00
2.097600000000000000e+04 -7.688680493247090908e-02 1.198431368380887818e+00 -2.563681815704685008e+00
2.087800000000000000e+04 1.172542400675666840e-01 1.077630857298167655e+00 -2.563332166075880991e+00
2.087900000000000000e+04 -4.074992275901934136e-02 1.112167849185546231e+00 -2.484063106079442917e+00
2.110600000000000000e+04 -4.074992275901934136e-02 1.112167849185546231e+00 -2.484063106079442917e+00
2.110700000000000000e+04 -4.074992275901934136e-02 1.112167849185546231e+00 -2.484063106079442917e+00
2.104100000000000000e+04 -8.459339966890411233e-03 1.034390720661043872e+00 -2.421892849700901351e+00
2.102900000000000000e+04 -8.459339966890411233e-03 1.034390720661043872e+00 -2.421892849700901351e+00
2.094000000000000000e+04 -4.271732884302394950e-01 1.198385271794990103e+00 -2.523922564560290738e+00
2.110000000000000000e+04 2.821477673964238875e-01 -8.490980384475221854e-01 1.660793776844057490e+00
2.116600000000000000e+04 2.411825966932354959e-01 -1.054514328487215380e+00 1.763492864278942918e+00
2.116700000000000000e+04 2.119883265002613371e-01 -6.895037454000672028e-01 1.587528862762846771e+00
2.111900000000000000e+04 2.119883265002613371e-01 -6.895037454000672028e-01 1.587528862762846771e+00
2.112000000000000000e+04 2.119883265002613371e-01 -6.895037454000672028e-01 1.587528862762846771e+00
2.111600000000000000e+04 3.744471429718885247e-01 -7.929320737063534352e-01 1.808612166715359848e+00
4.418800000000000000e+04 3.744471429718885247e-01 -7.929320737063534352e-01 1.808612166715359848e+00
4.417600000000000000e+04 4.231148467059000495e-01 -6.990223061727931508e-01 1.826663532457800443e+00
4.442800000000000000e+04 2.090715731642376340e-01 -5.677368880397324347e-01 1.606211290260150193e+00
4.442900000000000000e+04 -2.331304294595497595e-01 -4.356400655284815571e-01 1.704117120546518649e+00
4.418900000000000000e+04 3.336177902802575090e-01 -3.150262366734466468e-01 2.164957405154618542e+00
4.416500000000000000e+04 -2.858655522347248734e-01 -8.837562797271303339e-01 1.393260800041227654e+00
4.416400000000000000e+04 -2.352923147364691658e-01 -8.318391011296242255e-01 1.426232178973863896e+00
4.443000000000000000e+04 -1.407381038973198883e-01 -9.472115836159318292e-01 1.473385519427832691e+00
2.116500000000000000e+04 2.325952421474681842e-01 -8.331548893750877482e-01 1.379945267799293163e+00
2.103200000000000000e+04 6.352242458653734047e-02 -8.742994230174545578e-01 1.343202437851291009e+00
2.103100000000000000e+04 -3.862027388606747991e-03 -1.049141382859659188e+00 1.421376045901903140e+00
2.103000000000000000e+04 -2.659058466902308737e-02 -1.000892720697301286e+00 1.438089942322482884e+00
2.109100000000000000e+04 -1.122213082311418475e-03 -9.742376256094757991e-01 1.514383963168603131e+00
2.109200000000000000e+04 5.078245164895633934e-03 -1.083071472451003103e+00 1.489857872967998986e+00
2.110400000000000000e+04 -7.867993604858725121e-02 -8.594907747236035789e-01 1.396351784795612616e+00
2.106200000000000000e+04 -9.729342923139938648e-02 -8.851988172004325861e-01 1.320651910166295906e+00
4.420300000000000000e+04 1.134472743149217422e-02 -4.553739421391185260e-01 1.413871591289028729e+00
4.420400000000000000e+04 -6.697952827788355989e-02 -4.948121126599573927e-01 1.543223165191879076e+00
4.433800000000000000e+04 -3.288351246115723825e-01 -7.080360500595119788e-01 1.418796980812665254e+00
4.433500000000000000e+04 -2.176446139765459975e-01 -7.466875292392245456e-01 1.466780828241226686e+00
4.438100000000000000e+04 -1.426463994693989434e-01 -7.955695020334161427e-01 1.535055992555722781e+00
4.440800000000000000e+04 -2.311970741036049048e-01 -7.317746603050565568e-01 1.564879797877500422e+00
4.443100000000000000e+04 -2.311970741036049048e-01 -7.317746603050565568e-01 1.564879797877500422e+00
2.121900000000000000e+04 2.462399554495533494e-01 -6.046137544286125376e-01 1.427686647965821010e+00
4.443200000000000000e+04 3.240532291480207050e-01 -6.847315629358163847e-01 1.397586684810399049e+00
4.435000000000000000e+04 3.240532291480207050e-01 -6.847315629358163847e-01 1.397586684810399049e+00
4.432700000000000000e+04 3.240532291480207050e-01 -6.847315629358163847e-01 1.397586684810399049e+00
4.437500000000000000e+04 3.187417602901518876e-01 -5.864942468567804212e-01 1.491135269374632699e+00
4.442500000000000000e+04 3.187417602901518876e-01 -5.864942468567804212e-01 1.491135269374632699e+00
4.429300000000000000e+04 3.957428097505726328e-01 -7.834821682469055304e-01 1.488938136760168618e+00
4.429400000000000000e+04 2.295498454723059467e-01 -6.672143675508763749e-01 1.388646686557402532e+00
2.112300000000000000e+04 2.592646135807967767e-01 -5.358117061401159731e-01 1.524208975665821697e+00
2.105700000000000000e+04 2.371191707705264662e-01 -7.816695078754420933e-01 1.561486991602102137e+00
2.095200000000000000e+04 3.054169762131664356e-01 -6.968913576785169539e-01 1.576333149936095523e+00
2.114000000000000000e+04 -7.080936382254776618e-02 -5.944988970005908868e-01 1.386865103436973001e+00
2.121400000000000000e+04 -5.924052019356906840e-02 -6.995817860050266290e-01 1.417369874954509612e+00
4.433200000000000000e+04 1.190775732723494684e-01 -7.410119176211793501e-01 1.312064508060363011e+00
4.434400000000000000e+04 1.075531442031234519e-01 -6.676118906355412719e-01 1.353414516832712522e+00
4.439300000000000000e+04 1.882519941655118600e-01 -5.392162890871219361e-01 1.403271358852373751e+00
4.433100000000000000e+04 1.061603112521112280e-01 -6.871696834699108081e-01 1.433855559720113249e+00
4.420100000000000000e+04 1.366362253617694478e-01 -7.630844407408687857e-01 1.483213294285917527e+00
2.105100000000000000e+04 2.720158466404143383e-02 -7.608550744996733783e-01 1.511945441138218271e+00
2.105900000000000000e+04 2.720158466404143383e-02 -7.608550744996733783e-01 1.511945441138218271e+00
4.442300000000000000e+04 -5.368480996884272827e-02 -5.532043198794909244e-01 1.571330501133136437e+00
4.417700000000000000e+04 1.502050069215243866e-01 9.649329526066452445e-01 -2.845079819435204271e+00
4.425800000000000000e+04 -1.125133302899996579e-01 1.165171864425815329e+00 -2.712483273676538076e+00
4.439400000000000000e+04 -1.125133302899996579e-01 1.165171864425815329e+00 -2.712483273676538076e+00
4.439500000000000000e+04 -2.469151737191452867e-01 1.179568256767204559e+00 -2.685080548523409050e+00
4.435700000000000000e+04 -2.469151737191452867e-01 1.179568256767204559e+00 -2.685080548523409050e+00
4.435800000000000000e+04 -2.582562069129323845e-01 1.131762600970454002e+00 -2.651429676930652235e+00
4.434500000000000000e+04 -3.061372535933770678e-01 1.053967221231829399e+00 -2.619664504300370567e+00
4.425700000000000000e+04 -3.061372535933770678e-01 1.053967221231829399e+00 -2.619664504300370567e+00
4.430200000000000000e+04 -1.856915900232962713e-01 1.246275827743723141e+00 -2.619252328260047946e+00
4.430000000000000000e+04 -1.856915900232962713e-01 1.246275827743723141e+00 -2.619252328260047946e+00
4.419300000000000000e+04 -1.858716876564585618e-01 1.131348361316597106e+00 -2.615722824663029300e+00
4.425200000000000000e+04 -8.879539903919919652e-02 1.047843946222982936e+00 -2.694470791688837963e+00
4.441000000000000000e+04 -1.885165220969753364e-01 -8.601487403248455621e-01 1.274701613263571787e+00
2.115700000000000000e+04 -1.885165220969753364e-01 -8.601487403248455621e-01 1.274701613263571787e+00
2.117600000000000000e+04 4.068545993443564157e-01 -4.768972730778386904e-01 1.029943959211037097e+00
4.416300000000000000e+04 1.009386614288558803e-01 -8.132567659395348869e-01 1.267906219632600084e+00
4.435200000000000000e+04 -1.428161519366852872e-01 -6.198409924725254427e-01 1.155580378404664543e+00
4.418600000000000000e+04 3.555344883192645966e-01 -5.474519859695874402e-01 1.174199946569279618e+00
4.437600000000000000e+04 1.403977904986817293e-01 -5.450404720308270612e-01 1.064479006938324090e+00
2.102800000000000000e+04 1.403977904986817293e-01 -5.450404720308270612e-01 1.064479006938324090e+00
2.093800000000000000e+04 1.217150953371799460e-01 -7.737690626107323055e-01 1.153368830082348140e+00
2.098900000000000000e+04 2.888322672964704907e-02 -5.127409921693057981e-01 1.174650578322840033e+00
4.440900000000000000e+04 -7.600506044974508768e-02 -7.032489265134742595e-01 1.248177660082733453e+00
2.100400000000000000e+04 1.250355440600969814e-02 -7.981893112541627033e-01 1.191557556302191401e+00
4.438600000000000000e+04 -3.085438102263537985e-02 -6.593382249785264548e-01 1.280170560194429541e+00
4.440500000000000000e+04 -3.085438102263537985e-02 -6.593382249785264548e-01 1.280170560194429541e+00
4.438900000000000000e+04 4.524313194300333407e-01 9.214447609408722428e-01 -2.122173461803537720e+00
2.100300000000000000e+04 2.822902449374140588e-01 1.210842999738531489e+00 -2.187065178964585854e+00
4.440000000000000000e+04 4.933480407016190838e-01 9.741968162415801658e-01 -2.400127774857107710e+00
4.439000000000000000e+04 2.803118183042982992e-01 8.361635405880321059e-01 -2.295641096236035850e+00
4.440700000000000000e+04 3.025656203189726057e-01 1.145899295996713363e+00 -2.422969998724754603e+00
4.441800000000000000e+04 6.064956314736065224e-01 -9.394418865042695188e-01 1.561082757003630306e+00
4.425400000000000000e+04 7.221355019199648950e-01 -1.092504427411597590e+00 1.631298724540929612e+00
2.115800000000000000e+04 7.004668284932051847e-01 -7.075620610101793773e-01 1.949420522262576227e+00
4.415900000000000000e+04 5.405391013453026972e-01 -4.885918610878619006e-01 1.024398663833357759e+00
4.420800000000000000e+04 6.466617479573528726e-01 -2.533344632270058128e-01 1.207572433848937976e+00
