# star id 	 star_x_coords [pc] 	 star_y_coords [pc] 	 star_z_coords [pc] 
1.650100000000000000e+04 -1.838287088171592920e-01 2.808093993612388317e-01 -5.607334155041279189e-01
3.130000000000000000e+03 -1.252865278837016483e+00 9.499554377680752282e-01 -4.405343501947776019e-01
1.842100000000000000e+04 4.875055618800372415e-02 -3.771385939026359324e-01 -1.957551434971520621e-01
1.649200000000000000e+04 -1.417183049777118953e+00 8.162942666454711116e-01 3.053159975037544882e-02
1.650700000000000000e+04 2.203672204873763363e-02 -5.404105289629228537e-01 1.282281804124774993e+00
3.129000000000000000e+03 2.471533202599474066e-01 7.099646436166295871e-02 1.439495631520514962e+00
1.646500000000000000e+04 1.066483020427082762e+00 -8.096158803385762326e-01 1.829182840099324636e+00
1.651300000000000000e+04 -6.064899943673021099e-01 -7.526367812544592084e-01 2.043057195045626884e+00
1.646000000000000000e+04 6.054617949526170939e-01 5.839924245769338995e-01 -1.829314185238121837e+00
1.650000000000000000e+04 4.901605372577644282e-01 -7.408207006059797095e-02 -1.199403993941498214e+00
1.647500000000000000e+04 4.901605372577644282e-01 -7.408207006059797095e-02 -1.199403993941498214e+00
3.128000000000000000e+03 4.901605372577644282e-01 -7.408207006059797095e-02 -1.199403993941498214e+00
