# star id 	 star_x_coords [pc] 	 star_y_coords [pc] 	 star_z_coords [pc] 
5.878300000000000000e+04 7.376467764195382415e-02 1.017844844495670031e-01 -1.563936588674578188e+00
6.220000000000000000e+03 8.056080657117554722e-01 6.904560190764819083e-02 -2.338322382355337403e+00
1.820700000000000000e+04 8.241429084815301565e-01 2.806010706460568827e-01 -2.284369813604895327e+00
5.655300000000000000e+04 7.806884013110284570e-01 -1.061160817540621082e+00 -2.425137296135134957e+00
3.176900000000000000e+04 3.596873957820179157e-02 -6.956175721958501867e-01 -3.149624135842679529e+00
4.705100000000000000e+04 1.674231074264167063e+00 -6.492101492632222914e-01 1.746836202524184367e+00
4.727600000000000000e+04 8.546852293765994091e-01 2.963901797772301450e-01 1.781889905634694404e+00
5.873000000000000000e+04 -8.176697591274191268e-01 6.679815414665668527e-02 1.048802170455802152e+00
5.849500000000000000e+04 8.228440258132287966e-01 2.023975743471773114e-02 1.184697412676591011e+00
5.742300000000000000e+04 -1.598591349101798897e+00 -3.269466119332697929e-02 1.458740444503098699e+00
4.703600000000000000e+04 -8.898039291463533118e-02 4.529195140065667147e-02 1.782181407488639291e+00
4.647200000000000000e+04 -1.830357534428223687e+00 1.131423380912188748e-01 1.464296315622704014e+00
1.393300000000000000e+04 7.478646943470010910e-01 -1.389437372091801848e+00 1.318107950216972135e+00
5.741700000000000000e+04 -2.190054576070572523e+00 4.211861515915700238e-01 1.001229175897186963e+00
1.339800000000000000e+04 -4.637273417291325472e-01 3.913605765252565760e-01 3.010104656984962102e-01
5.849100000000000000e+04 -7.546628135189230591e-01 2.589634016447384113e-02 5.420099354935846714e-01
5.875500000000000000e+04 4.202778545848318004e-01 4.873942040830883116e-01 -2.161452716169339761e-01
1.393200000000000000e+04 4.202778545848318004e-01 4.873942040830883116e-01 -2.161452716169339761e-01
5.852500000000000000e+04 -5.628937776035272122e-01 -3.636369204154377144e-01 -8.795534828445823461e-01
5.751800000000000000e+04 8.578109057576313035e-01 1.365106281305628499e+00 -6.113072770868361872e-01
