# star id 	 star_x_coords [pc] 	 star_y_coords [pc] 	 star_z_coords [pc] 
4.784600000000000000e+04 -1.658975661185948525e+00 -1.567144321071474167e+00 7.420641320813459174e-01
4.797600000000000000e+04 2.488773938334716718e+00 -1.853236995454498270e+00 1.580348743975086734e+00
4.797900000000000000e+04 1.154784268544453596e+00 -1.172636796479181953e+00 1.084478723928732791e+00
4.791600000000000000e+04 7.580583465928150133e-01 -1.485477011836234595e+00 9.674089283395304051e-01
4.783300000000000000e+04 2.667825653727078361e-01 6.899048634596525176e-01 8.980364574982218073e-01
4.784500000000000000e+04 5.185486820216453907e-01 -2.856156623620123014e-01 1.393495419195112106e+00
4.784100000000000000e+04 2.002898969453237754e+00 -1.327070501280044112e+00 1.609088149241493682e+00
4.783100000000000000e+04 2.374447656980162691e+00 -1.502891644115482706e+00 6.759214099927781660e-01
4.790900000000000000e+04 -1.208729761357865584e+00 -7.902091483850881559e-01 2.896574780395297921e-01
4.783200000000000000e+04 1.181406872123407226e+00 -5.232773185137169492e-01 6.014130787549376578e-02
4.793100000000000000e+04 -1.076664242323030152e+00 2.885239616194539281e-01 1.239815537898252273e-01
4.784400000000000000e+04 -1.338146015090579510e+00 5.088547492115473858e-01 7.190863385338595037e-01
4.783900000000000000e+04 1.369248896606677590e+00 6.953242065756555235e-01 3.016951788537092227e-01
4.785300000000000000e+04 -1.337178326653489790e+00 4.522331982831140351e-01 -3.820103005769759363e-01
4.793900000000000000e+04 -6.000608843395589531e-01 -1.393390125104385646e+00 -3.604453762779904480e-01
4.788200000000000000e+04 -2.036855769026431062e-01 1.074635243547895413e+00 -1.156692781571930340e+00
4.791000000000000000e+04 -4.034389019235469220e-01 2.000194579953177509e+00 -8.968524443492640330e-01
4.790600000000000000e+04 -6.658134399433315309e-01 2.114884653667505887e+00 -1.490020222856173859e+00
4.791400000000000000e+04 2.508501124256312664e-02 4.405193549796173613e-01 -1.170682401902897851e+00
3.119300000000000000e+04 2.651625392882088761e-01 5.548194343629013758e-01 -9.921467889008752650e-01
4.792000000000000000e+04 1.422344320546073959e-01 8.601406184742685923e-01 -9.814099921649592773e-01
4.797500000000000000e+04 -9.533289823895856330e-01 4.427274336075477379e-01 -1.679185270196931867e+00
4.795400000000000000e+04 -8.483469939993639741e-01 -5.054168250328565648e-01 -1.578686787198712693e+00
4.793400000000000000e+04 -2.510653208032707084e-01 -2.055486113092364064e-01 -2.191882199538675025e+00
4.783700000000000000e+04 -2.242482651650732350e-01 5.673689406250908007e-01 -2.015755208970851697e+00
4.795900000000000000e+04 -9.608340584987473676e-02 1.427957995193125385e-01 4.419128970217158781e-01
4.797100000000000000e+04 -9.608340584987473676e-02 1.427957995193125385e-01 4.419128970217158781e-01
4.796000000000000000e+04 4.372148478397264171e-02 -2.678164521879011772e-02 2.809451881596167766e-01
4.792800000000000000e+04 1.954901695200419454e-01 1.424407053200447137e-01 4.704392913737045490e-01
4.792200000000000000e+04 -1.952352900021914195e-01 -2.871711137725512231e-01 3.153117292408076366e-01
4.794700000000000000e+04 -2.902922160944640950e-01 3.492953794301030257e-01 2.993673637458762471e-01
4.795600000000000000e+04 -1.835106659599219370e-01 3.119785450522378767e-01 4.981914623708156853e-01
4.790300000000000000e+04 2.867620449367365154e-01 5.330928764090359095e-01 3.811689185906033117e-01
4.791700000000000000e+04 -2.402367374723581861e-01 6.280221236924461437e-01 3.014716512452437769e-01
4.788800000000000000e+04 -7.674589840551249154e-02 -3.107600633508162957e-01 2.822129737131717775e-02
4.791200000000000000e+04 -7.674589840551249154e-02 -3.107600633508162957e-01 2.822129737131717775e-02
4.794400000000000000e+04 -1.880951870330100917e-01 -3.476762253271665770e-01 2.282751135052976110e-01
4.948100000000000000e+04 -1.397556516459985687e-01 -3.431079947637662997e-01 2.387992632036741725e-01
4.790500000000000000e+04 -4.052710123552287769e-01 1.302189727118836515e-01 -1.379441918767305708e-01
4.790400000000000000e+04 -3.885321343206875611e-01 5.349688806845875888e-02 7.214493103875696534e-02
4.785200000000000000e+04 -3.885321343206875611e-01 5.349688806845875888e-02 7.214493103875696534e-02
4.780400000000000000e+04 -2.420275639027202885e-01 -3.038120349039665768e-01 8.797514838580866581e-02
4.785000000000000000e+04 -2.433446665997074376e-01 -2.385326281221011868e-02 2.672926377286444222e-02
4.787100000000000000e+04 -2.433446665997074376e-01 -2.385326281221011868e-02 2.672926377286444222e-02
4.792600000000000000e+04 3.265867088228375792e-01 -3.938072240237744381e-02 -2.649304202379809681e-01
4.795100000000000000e+04 2.772592836396370330e-02 -1.993976465107323293e-01 -6.000227310805428260e-02
4.794000000000000000e+04 1.033097545190706512e-01 1.363633273168041171e-01 -4.470423207460427761e-02
4.793700000000000000e+04 1.120519324078017576e-02 7.092048368739156672e-02 1.380317500630567906e-02
4.785100000000000000e+04 -1.130984199211795271e-01 -1.259408406587176898e-01 6.319946471544213296e-02
4.789500000000000000e+04 -4.526938537097180415e-04 1.530237718749098974e-01 7.208932906374698746e-02
4.786500000000000000e+04 8.492959522570941999e-02 2.105438652745803552e-01 7.854209016737101479e-02
4.779300000000000000e+04 -1.089209718523775905e-01 -6.717372929054477027e-02 1.102864074154119578e-01
4.793200000000000000e+04 -1.121085117382527585e-01 -1.579379108126843789e-01 1.066221930751751756e-01
4.793300000000000000e+04 -1.613251802308823812e-02 1.716566491896642788e-01 1.197845096891256844e-01
4.789900000000000000e+04 -1.468594066334745207e-01 -8.877893813479786900e-02 1.315821447900553665e-01
4.796400000000000000e+04 -1.324428998290727577e-02 -2.742023762536760501e-01 1.679850713361581427e-01
4.782700000000000000e+04 -1.796553240847984512e-01 5.428444156915546159e-02 1.985824968830023352e-01
5.076900000000000000e+04 -1.796553240847984512e-01 5.428444156915546159e-02 1.985824968830023352e-01
4.949300000000000000e+04 8.713065950998100107e-02 1.671689060359398127e-01 2.065501253554202776e-01
4.788400000000000000e+04 4.742870267775245452e-02 -3.262000404476950166e-02 2.304033471094690810e-01
4.791100000000000000e+04 2.329263429396988272e-02 -8.147382395054592052e-02 2.413167063787042821e-01
4.297300000000000000e+04 -2.060180858236577706e-01 3.604356101179213567e-01 -3.806967212739209572e-03
4.790100000000000000e+04 1.085225111470151660e-01 6.571748496979097354e-01 -2.900407447669905991e-02
4.795800000000000000e+04 -1.119548915994670324e-01 3.908629823584064411e-01 6.232947963048829365e-02
4.795000000000000000e+04 -1.429231164757815975e-01 4.328184547809961202e-01 1.948378433474822202e-01
4.795500000000000000e+04 6.178526830633046529e-02 3.098730150395461180e-01 1.644240967786956276e-01
4.781700000000000000e+04 5.917836525904647260e-01 1.715860667184507804e-01 3.886081533105318897e-01
4.779100000000000000e+04 7.365050204084049312e-01 -5.749834830378475203e-01 -9.014076746100307957e-01
4.780700000000000000e+04 3.376566429224396870e-01 -4.690618094148852890e-01 -8.620750607489249262e-01
