# star id 	 star_x_coords [pc] 	 star_y_coords [pc] 	 star_z_coords [pc] 
1.869500000000000000e+04 -1.078496524014170177e+00 -1.963598665434432178e+00 -1.731751958959161897e+00
1.874300000000000000e+04 -9.830784352356474187e-01 -1.080722497059612763e+00 -9.244752168396850323e-01
1.873200000000000000e+04 -2.059892853555535197e+00 -1.536509169064244062e+00 -1.337865694219907198e+00
1.873300000000000000e+04 -1.523673644276907879e+00 -1.060859552317905852e+00 -1.023772070118557309e+00
1.860700000000000000e+04 -1.008754176244519130e+00 4.084489243840643269e-01 -1.222192613925514593e+00
1.850900000000000000e+04 -1.008754176244519130e+00 4.084489243840643269e-01 -1.222192613925514593e+00
1.876600000000000000e+04 -1.606104633788422831e+00 5.314742500710476492e-01 -5.223320254716412592e-02
1.850300000000000000e+04 -2.537924973000507123e-01 3.513007149985352129e-01 5.198946925528353802e-01
1.850400000000000000e+04 5.502139866902950871e-01 1.228908329305102853e-01 3.525376946754583685e-01
1.867000000000000000e+04 2.773705780798110254e-01 -8.456453719432843741e-01 6.231688718985068931e-01
1.867100000000000000e+04 -2.754652195403934911e-01 -1.139679587149853290e-01 -4.868600308100212715e-03
1.860600000000000000e+04 -2.754652195403934911e-01 -1.139679587149853290e-01 -4.868600308100212715e-03
1.855500000000000000e+04 -1.086362392506856622e-01 1.580322812276833133e-01 2.121268515669889609e-01
1.858400000000000000e+04 -1.086362392506856622e-01 1.580322812276833133e-01 2.121268515669889609e-01
1.857300000000000000e+04 1.191762107398872672e-01 -4.457979423221569704e-01 7.640272512616164136e-02
1.858500000000000000e+04 1.359752281438950661e-01 9.388364276206040415e-02 -8.192980008288941463e-03
1.867200000000000000e+04 1.359752281438950661e-01 9.388364276206040415e-02 -8.192980008288941463e-03
1.860300000000000000e+04 1.359752281438950661e-01 9.388364276206040415e-02 -8.192980008288941463e-03
1.860200000000000000e+04 1.359752281438950661e-01 9.388364276206040415e-02 -8.192980008288941463e-03
1.860100000000000000e+04 8.341923294806008471e-02 1.766778706927851772e-01 2.073530062904360705e-01
1.864400000000000000e+04 8.341923294806008471e-02 1.766778706927851772e-01 2.073530062904360705e-01
1.846500000000000000e+04 1.190443347932834683e-01 -4.701159790916342729e-02 4.706033947036303289e-02
1.846400000000000000e+04 1.190443347932834683e-01 -4.701159790916342729e-02 4.706033947036303289e-02
1.846300000000000000e+04 1.190443347932834683e-01 -4.701159790916342729e-02 4.706033947036303289e-02
1.852300000000000000e+04 1.428224306654151121e-01 5.598907817043574653e-02 1.211616887447348745e-01
1.852200000000000000e+04 9.743200003577356938e-02 -2.740569221218436269e-02 4.984030510587800222e-02
1.842100000000000000e+04 9.743200003577356938e-02 -2.740569221218436269e-02 4.984030510587800222e-02
1.842000000000000000e+04 9.743200003577356938e-02 -2.740569221218436269e-02 4.984030510587800222e-02
1.857400000000000000e+04 -1.447406041653813702e-01 1.126450287046942833e-02 1.857555503606995728e-01
1.853300000000000000e+04 -1.447406041653813702e-01 1.126450287046942833e-02 1.857555503606995728e-01
1.867800000000000000e+04 1.530467115337188488e-01 4.391430457387457409e-02 2.382030384754258989e-01
1.841400000000000000e+04 1.530467115337188488e-01 4.391430457387457409e-02 2.382030384754258989e-01
1.869100000000000000e+04 3.936886576721221331e-02 -3.901171162919325752e-03 -3.220407536133507165e-02
1.839400000000000000e+04 3.177030961551210453e-01 8.559891203845992891e-02 2.226601507462220297e-01
1.839300000000000000e+04 1.767620875820838933e-01 1.316555886274901610e-01 -1.324563401801270857e-02
1.851000000000000000e+04 1.767620875820838933e-01 1.316555886274901610e-01 -1.324563401801270857e-02
1.865500000000000000e+04 1.468891549232331784e-01 2.903583860556100404e-01 1.814820821002882667e-01
1.854200000000000000e+04 1.468891549232331784e-01 2.903583860556100404e-01 1.814820821002882667e-01
1.841900000000000000e+04 5.180820187695189816e-02 1.762335490407487271e-01 2.565693464632872178e-01
1.856800000000000000e+04 -1.061572838824176301e-02 -6.490433185545061434e-01 -2.646750316330575004e-01
1.854300000000000000e+04 1.055322165788759037e-01 3.916596645114953645e-01 -1.403773105907042407e-01
3.813500000000000000e+04 1.055322165788759037e-01 3.916596645114953645e-01 -1.403773105907042407e-01
3.813600000000000000e+04 4.262234998657632445e-02 4.926581260498110737e-01 2.144975419569732367e-01
1.864600000000000000e+04 -1.657346383620357244e-01 2.213233299852461755e-01 -1.676879132059596600e-01
1.853400000000000000e+04 -1.657346383620357244e-01 2.213233299852461755e-01 -1.676879132059596600e-01
1.864700000000000000e+04 5.063470635771949446e-03 1.267166201819875937e-01 -4.757177944683732562e-02
1.857900000000000000e+04 5.063470635771949446e-03 1.267166201819875937e-01 -4.757177944683732562e-02
1.851400000000000000e+04 1.797745682238236498e-01 8.428814405869822224e-02 3.218709870115077365e-02
1.849900000000000000e+04 1.797745682238236498e-01 8.428814405869822224e-02 3.218709870115077365e-02
1.862100000000000000e+04 2.725771353327601787e-01 4.155644387848589361e-01 1.409655190693648308e-01
1.862000000000000000e+04 2.725771353327601787e-01 4.155644387848589361e-01 1.409655190693648308e-01
1.872700000000000000e+04 4.557168408971961071e-01 2.948785446059574156e-01 -3.123490162999686959e-02
1.872600000000000000e+04 8.940457022958980815e-01 -6.446446569896195911e-01 5.551226799951614055e-01
1.876400000000000000e+04 8.940457022958980815e-01 -6.446446569896195911e-01 5.551226799951614055e-01
1.876300000000000000e+04 1.069321095886703432e+00 2.592343743412897084e-01 3.625416835524717385e-01
1.855200000000000000e+04 1.069321095886703432e+00 2.592343743412897084e-01 3.625416835524717385e-01
1.867900000000000000e+04 4.176765391626595658e-01 1.185866075655575003e-01 7.996841063155706308e-01
1.841500000000000000e+04 4.176765391626595658e-01 1.185866075655575003e-01 7.996841063155706308e-01
1.870600000000000000e+04 -1.886857860840223111e-01 -1.284462737221137019e-01 -4.487495560424967778e-01
1.841800000000000000e+04 9.126536288392408380e-01 1.292992442323094515e+00 5.631834992440332144e-01
