# star id 	 star_x_coords [pc] 	 star_y_coords [pc] 	 star_z_coords [pc] 
1.086000000000000000e+03 1.775989025432473056e+00 -1.421169271011862634e+00 2.401739706538569052e+00
1.108000000000000000e+03 -7.716060972533114182e-01 -1.144065764338435542e+00 -1.487320872113195414e+00
9.590000000000000000e+02 -1.295500933447023328e+00 -9.849906008544166980e-01 -1.237772843623010210e+00
9.580000000000000000e+02 1.195659368561429403e+00 -5.093708006730253146e-01 -3.137030008232573053e-01
9.570000000000000000e+02 -2.222281180336983297e+00 2.317394311048012412e+00 -1.481327721036524991e-01
1.092000000000000000e+03 -2.699186738265716201e+00 4.848687269287879076e-01 -4.457482270812512581e+00
1.059000000000000000e+03 -2.286638029314968179e+00 -7.330570489994840955e-01 -1.758860392777556569e+00
1.097000000000000000e+03 -1.741811367268180533e+00 1.202177020771422633e+00 4.053594075933242280e-01
1.071000000000000000e+03 1.097925282019367899e+00 1.414974412059564202e-01 1.212596242667713931e+00
1.050000000000000000e+03 1.097925282019367899e+00 1.414974412059564202e-01 1.212596242667713931e+00
1.065000000000000000e+03 1.097925282019367899e+00 1.414974412059564202e-01 1.212596242667713931e+00
9.910000000000000000e+02 3.283152100332848988e-01 9.803696447079559562e-01 8.653486015170104295e-01
9.600000000000000000e+02 4.434378405754412000e+00 -4.506083909516149788e-01 2.265421910840779152e+00
