# star id 	 star_x_coords [pc] 	 star_y_coords [pc] 	 star_z_coords [pc] 
4.838700000000000000e+04 -7.080202463846916316e-01 -9.752147291942137031e-02 -1.580083277112997564e+00
4.844100000000000000e+04 -1.352568193442067468e-01 -2.113876538374981351e-01 -7.253394097674181751e-01
4.829400000000000000e+04 -8.929887873452457825e-02 -4.169070680728417244e-01 -6.847953955933903103e-01
4.833400000000000000e+04 8.518420521530458700e-01 5.876407740374283151e-01 8.284357172220602195e-02
4.844200000000000000e+04 5.989731075729451959e-01 2.806967824120611965e-01 1.208983578116384905e-01
4.844300000000000000e+04 3.712547669838102138e-01 1.995593788443663641e-01 1.767860492813575490e-01
4.832300000000000000e+04 3.712547669838102138e-01 1.995593788443663641e-01 1.767860492813575490e-01
4.845100000000000000e+04 2.607181209172608760e-01 -6.836410112950375151e-02 4.678943230702419243e-01
4.835100000000000000e+04 1.406637068492813114e-01 2.006976863665812516e-01 3.226890702043991865e-01
4.844800000000000000e+04 5.115210790657442885e-02 2.467320349362545073e-01 6.733655285641386712e-01
4.845000000000000000e+04 5.115210790657442885e-02 2.467320349362545073e-01 6.733655285641386712e-01
4.844900000000000000e+04 -5.967337521440470027e-01 -4.981607738264521856e-01 1.238690503272003696e+00
4.845200000000000000e+04 -1.196262383503011506e+00 -6.344000073547100271e-01 -1.016094064908017458e+00
