# star id 	 star_x_coords [pc] 	 star_y_coords [pc] 	 star_z_coords [pc] 
5.250300000000000000e+04 -1.045595552332301281e+00 1.154128108825680954e+00 -6.255934998748138298e-01
5.249100000000000000e+04 -1.447444396405487055e+00 7.776151969811095910e-02 2.508782044961463953e-01
5.246700000000000000e+04 -2.732355963920554132e-01 -5.662344732947151016e-01 -6.122444536358706557e-01
5.245000000000000000e+04 -1.109773958327565424e+00 4.831923331177456760e-01 6.836049185128096894e-01
5.245500000000000000e+04 -4.322601341669241037e-01 5.478122212737268626e-01 2.000563528286001258e-01
5.246400000000000000e+04 5.894558299821284209e-01 -4.179592095555406672e-02 -4.451431329203359155e-02
5.722800000000000000e+04 1.439721742328586629e+00 -2.055546576298663553e+00 2.835515525542575688e-02
5.242500000000000000e+04 6.013952550699315225e-01 8.966568982050482362e-01 -1.163627022352645923e+00
5.198100000000000000e+04 8.581330650564353846e-01 -1.595800116728915086e+00 2.912237236225081460e-01
5.249800000000000000e+04 -6.440825516622652458e-01 1.161193703718055303e+00 2.921590018878283956e-01
5.243600000000000000e+04 5.334712304142925632e-01 -1.624967649555102867e+00 -8.576660698558455920e-01
5.249400000000000000e+04 -2.158054737219572417e-02 3.994243659074570019e-02 -1.531917486874199597e+00
5.247700000000000000e+04 8.526957986082237539e-01 -1.704822692786374105e+00 -1.598288265407781239e+00
5.251800000000000000e+04 -8.601988052518549921e-03 3.104011643745820948e-01 -4.320020107758040240e-01
5.246100000000000000e+04 -1.444823315543430908e-01 -1.356629130142410489e+00 8.254325105313071731e-01
5.247800000000000000e+04 -2.103222468467578210e-01 1.187666851859489725e+00 -3.454531733578747321e-01
5.243900000000000000e+04 1.444599987488714987e-01 -3.139667712293547908e-01 5.414507495884386401e-01
5.220600000000000000e+04 2.882553964788314715e-02 8.977278662284930988e-01 6.894951217332341287e-01
5.243700000000000000e+04 3.625281260629549251e-01 7.138984318007572938e-01 1.718787199258098752e+00
5.245300000000000000e+04 8.086844452481045664e-02 2.969141456018427050e-01 6.103281067464259024e-01
5.243100000000000000e+04 3.795661137094441528e-02 9.677853079724840768e-01 9.622179668435535405e-01
