# star id 	 star_x_coords [pc] 	 star_y_coords [pc] 	 star_z_coords [pc] 
3.158100000000000000e+04 3.143199711466806434e-01 1.105562809660128210e+00 1.833092645726793535e+00
3.157200000000000000e+04 -1.808514067764903643e-01 7.787871834002686455e-01 1.795891564213746960e+00
3.172700000000000000e+04 -7.820390504650873709e-01 1.337352659381537023e+00 2.072167833099939571e+00
3.155400000000000000e+04 2.195928415647404819e+00 -5.591533105512240809e-01 8.250852920206455110e-01
3.161500000000000000e+04 3.330599820079633844e-01 8.595710393617679301e-01 4.035606253399635079e-01
3.155200000000000000e+04 -4.379194276418694187e-01 9.111328051944838080e-01 -3.716303187197809166e-01
3.160700000000000000e+04 -3.021434898981389949e-01 6.293021772710147843e-01 4.471018396359340841e-01
3.158700000000000000e+04 5.120332670964451438e-01 9.186526570281898785e-01 -1.015124873102678293e+00
3.167900000000000000e+04 1.295486659150665076e+00 7.483518107752189508e-01 9.603100656195238116e-01
3.170000000000000000e+04 -8.672343198434262490e-02 -1.003957470627341309e-01 -2.662678475271604839e-01
3.165500000000000000e+04 2.914965154888555787e-01 -3.132542490500185295e-01 -2.547916785999575495e-01
3.160100000000000000e+04 -1.082491111954198004e-01 -1.350342293847006658e-01 -2.095769849279918162e-01
3.168300000000000000e+04 -1.082491111954198004e-01 -1.350342293847006658e-01 -2.095769849279918162e-01
3.156200000000000000e+04 -8.270678562829303360e-02 -4.970808636376489176e-02 -1.930009502223697382e-01
3.156100000000000000e+04 -8.270678562829303360e-02 -4.970808636376489176e-02 -1.930009502223697382e-01
3.166500000000000000e+04 -7.888869212728977232e-02 -2.231717071767036487e-02 -1.874444710111902168e-01
3.155600000000000000e+04 -1.915806950707370504e-01 -1.502258183637366074e-01 -3.779207956391985590e-01
3.171600000000000000e+04 -1.998104378378968704e-01 -4.421182169184589839e-02 -4.764610895599616924e-01
3.165600000000000000e+04 -7.361215888450445277e-02 5.529821139481185810e-01 -3.683662921928316791e-01
3.156400000000000000e+04 7.847776365625946937e-03 -1.735837285593646584e-01 -1.263194295399898692e-01
3.155900000000000000e+04 7.847776365625946937e-03 -1.735837285593646584e-01 -1.263194295399898692e-01
3.156500000000000000e+04 1.627707528630963907e-01 -2.702866846562130831e-01 -3.806782512958761799e-02
3.158200000000000000e+04 2.841392939000542128e-03 -8.718044893039689214e-02 -3.922369332670427866e-02
3.159700000000000000e+04 1.324291607647509750e-02 7.558255366703292566e-03 -1.885676804374725180e-02
3.155800000000000000e+04 2.842894827990996021e-01 -2.155764543132931976e-02 1.567126784494519143e-01
3.172500000000000000e+04 -1.430560105598672749e-01 2.686942145096793411e-02 -9.323465744995473869e-02
3.169200000000000000e+04 -1.413300902479655008e-01 -1.779095422197087828e-01 9.416434309068222319e-02
3.157800000000000000e+04 -1.572911799206764272e-01 3.555073368873706841e-02 -1.289067182227370267e-01
3.160900000000000000e+04 -1.836571155685007284e-01 -2.274694672896515613e-01 1.194614976234333881e-01
3.169400000000000000e+04 -1.909270370075617507e-01 -3.002545065307913319e-01 -9.674241628243862579e-02
3.165800000000000000e+04 1.332560996902252271e-01 8.390861169507957129e-02 1.713746900077524060e-01
3.157300000000000000e+04 -6.592855367396310839e-02 2.727368372602683166e-01 -6.992305959690270356e-02
3.166000000000000000e+04 2.543836613959591375e-01 2.784515600986878781e-01 -7.217131101185714215e-02
3.166100000000000000e+04 1.364797770016927814e-01 2.036315195595790328e-01 -3.679963156241683464e-02
3.167000000000000000e+04 3.561756306770291758e-02 3.113147842161936296e-01 -3.027411538155888593e-02
3.158600000000000000e+04 -3.783349594272777949e-02 3.914779895934685783e-01 4.268526419110685310e-03
3.159500000000000000e+04 -4.860292937745569475e-02 1.995673841203000620e-01 2.965391609376410997e-02
3.170600000000000000e+04 3.096420928465803968e-02 2.212101695723021066e-01 4.272386124537774776e-02
3.159400000000000000e+04 -2.076687737306279757e-01 -4.792020853376186551e-01 -1.160409024138573386e-01
3.156700000000000000e+04 -8.919892788366148295e-01 -2.543417817172581863e-01 -2.372238735196106063e-01
3.169300000000000000e+04 -4.324681772299712179e-01 2.968849384710381401e-02 -5.086293000883586046e-01
3.166800000000000000e+04 -3.581478549034109449e-01 -3.797890425758509991e-03 -4.693682964087315668e-01
3.155500000000000000e+04 -5.353705784493065778e-01 5.512628612464709477e-02 -3.752019670964727993e-01
3.170700000000000000e+04 -5.353705784493065778e-01 5.512628612464709477e-02 -3.752019670964727993e-01
3.157700000000000000e+04 -3.393012490433413575e-01 -2.961063390675775508e-01 -1.642605725469650224e-01
3.171100000000000000e+04 -3.932663963953686448e-01 -1.165612481980673465e-01 -1.081058828523850934e-01
3.158900000000000000e+04 -3.066336079378579882e-01 -2.179548260365038459e-01 -6.627717479699413161e-02
3.159600000000000000e+04 -3.066336079378579882e-01 -2.179548260365038459e-01 -6.627717479699413161e-02
3.169700000000000000e+04 -2.656857701029480268e-01 2.473441236473661320e-02 1.040813025158797700e-01
3.156000000000000000e+04 -3.374027808245756432e-01 -3.521257603964897953e-01 2.152370634971134677e-01
3.169600000000000000e+04 -2.042327089327855560e-01 4.605380455349461499e-02 -1.236369273852119477e+00
3.170800000000000000e+04 3.594892672285361357e-01 -3.204373059591034689e-01 9.200861965847479951e-01
3.174000000000000000e+04 1.674834312528901137e-01 -3.226171867286211636e-01 7.612670700994215167e-01
3.160600000000000000e+04 -1.425037063527057057e-01 2.489050050370451572e-01 8.491625250005085945e-01
3.171400000000000000e+04 1.752751930161775107e+00 5.024609470225129826e-01 -1.045473092734965803e+00
3.166900000000000000e+04 -7.412244143226693893e-01 1.664480003562118782e-01 -1.769603500156989639e+00
3.159100000000000000e+04 -5.123184261263347139e-01 8.589532663837928794e-02 -1.196170662409741681e+00
3.158400000000000000e+04 -5.168175697972401395e-01 -1.039828444695700682e-01 -7.607519741577561945e-01
3.156900000000000000e+04 1.149787972869962260e+00 -1.079877664402459914e-01 1.539729291140446321e+00
3.165300000000000000e+04 -3.092654933541645335e-01 3.164574315636343727e-01 8.313607600500745320e-01
3.172200000000000000e+04 1.597824452431350295e+00 -1.127865716712790345e+00 -7.752386896909229108e-01
3.164700000000000000e+04 5.241821682062770549e-01 -9.658188534778560097e-01 -4.819625749671558879e-01
3.173600000000000000e+04 5.221920229322307705e-02 -8.917476866124331991e-01 -5.437762467423112867e-02
3.158800000000000000e+04 1.196887771156557534e+00 -8.308505710095488439e-01 2.215298624592776378e-01
3.166400000000000000e+04 -1.334502819467019208e+00 -6.780695617289751453e-01 -5.681199388141067175e-02
3.166300000000000000e+04 -4.575816135065906565e-01 -1.126577750207161444e+00 4.653253225705498153e-01
