# star id 	 star_x_coords [pc] 	 star_y_coords [pc] 	 star_z_coords [pc] 
3.209800000000000000e+04 -2.034320607400989189e+00 1.030930129739434875e+00 -1.495001344044487368e+00
3.208900000000000000e+04 5.063766824705240310e-02 1.119749934992942286e+00 -1.593949596173461103e+00
3.212900000000000000e+04 -7.159993536906625877e-01 1.065437299449088826e+00 -1.399842691807542394e+00
3.210900000000000000e+04 -2.228158052325536431e+00 1.022455106550909321e+00 -6.942736193397660571e-01
3.213400000000000000e+04 -1.682512654735390356e+00 9.672086485839148651e-01 -9.738280561712544525e-01
3.213300000000000000e+04 2.675901092641872481e-01 1.398895072893802549e+00 -2.892292836374412701e-01
3.210400000000000000e+04 -1.141186122824329630e+00 1.094565610305124892e+00 2.712898511536998569e-01
3.211100000000000000e+04 -4.110038946430414342e-01 1.202602338868366871e+00 4.998062606273734332e-02
3.210200000000000000e+04 -3.450680929893259474e-01 1.251711520831060298e+00 7.661038765829069064e-01
3.214200000000000000e+04 1.859963293393068540e+00 1.328069013898728556e+00 7.015864266202598287e-03
3.204900000000000000e+04 9.410602118209148159e-01 1.506828756293812077e+00 6.992209158558289062e-01
3.201800000000000000e+04 6.925736858666269313e-01 1.460180697649388293e+00 -7.502810780526640855e-01
3.211700000000000000e+04 9.911897679428243180e-01 1.188354448704030730e+00 1.540261962227416959e+00
3.202200000000000000e+04 9.671480248901040966e-01 1.432831770987283093e+00 1.588967718881489688e+00
3.213600000000000000e+04 -3.053764479894383044e-02 -2.309734180701887851e+00 -1.538322498361888613e+00
3.212700000000000000e+04 5.902726123160171312e-01 5.314157684378297830e-01 -2.266866105254733199e+00
3.203300000000000000e+04 5.162711125877343932e-01 7.330422629850321670e-01 -2.023923554672050429e+00
3.205000000000000000e+04 -1.290944997469306799e+00 -9.670815685142954976e-01 -1.794518518338037438e+00
3.208700000000000000e+04 -5.450706014755368756e-02 5.443713220302939249e-01 -1.742970498186102724e+00
3.203700000000000000e+04 -8.654702554616982013e-01 1.400414931914184535e-02 -1.552844159922169176e+00
3.208200000000000000e+04 1.342446975153944067e+00 -2.896812054767867295e+00 -8.005724974779884207e-01
3.216500000000000000e+04 1.654816971817506754e+00 -2.561441782609222173e+00 -1.905029816772323414e-01
3.215900000000000000e+04 1.993271846942803904e+00 -1.712458528881612096e+00 2.257290666450142425e-01
3.214300000000000000e+04 6.947609613128733486e-01 -2.064690747235093937e+00 -5.031426353237620219e-01
3.515800000000000000e+04 -9.804956879040460649e-01 -1.388323559757907333e+00 -1.075152647905644798e+00
3.515900000000000000e+04 -7.425553933870787660e-05 -1.650846488153671743e+00 -3.183886411885943346e-01
3.212500000000000000e+04 7.591328383259785539e-01 8.874949162620406895e-01 1.404140807025431315e-01
3.212000000000000000e+04 1.706825962545224229e+00 -1.009753075921192789e+00 -3.899266058801291734e-01
3.207800000000000000e+04 1.433084704915142282e+00 2.462198121642771298e-01 4.006667762916382713e-01
3.214400000000000000e+04 8.712622378476098106e-01 1.003430677619867595e-01 -1.025486237893886710e-01
3.210300000000000000e+04 1.960141236520478003e+00 1.462008609876210841e-01 5.530243360532338670e-01
3.206600000000000000e+04 2.111880468010429723e+00 -1.769240436464237121e+00 1.348566560130455727e+00
3.206700000000000000e+04 2.648980007158041161e+00 -1.636290213520645409e+00 1.650013181273708440e+00
3.215800000000000000e+04 2.362126992380307655e+00 -2.195964038004710517e+00 1.627545069879403172e+00
3.210800000000000000e+04 2.362126992380307655e+00 -2.195964038004710517e+00 1.627545069879403172e+00
3.210700000000000000e+04 1.510543134116151265e+00 -2.317326251280196203e+00 2.096715095731235934e+00
3.216800000000000000e+04 2.035557113086102987e+00 4.339644585343229721e-01 8.788242422725591751e-01
3.216600000000000000e+04 6.543993085796167009e-01 -1.217925164954081652e+00 1.586689654146747230e+00
3.202900000000000000e+04 -7.356487388498784696e-01 -8.701198545712998111e-01 2.397757946516174243e+00
1.490300000000000000e+04 7.011299774215018488e-02 -1.057990270444371106e-01 2.486799684828541857e+00
3.281700000000000000e+04 -1.216681054914971583e+00 -2.816823825750507382e-01 -9.795105841600832974e-01
3.229400000000000000e+04 5.007365608949712055e-01 -9.325984146261951935e-01 -1.248254069194024041e+00
3.201400000000000000e+04 -3.314150213133970624e-01 -3.786527188717521142e-01 -9.485808391126226979e-01
3.287800000000000000e+04 -3.314150213133970624e-01 -3.786527188717521142e-01 -9.485808391126226979e-01
3.212200000000000000e+04 -9.507346041303676998e-01 -5.785538872396678300e-02 -6.234168504035579872e-01
3.217700000000000000e+04 -9.959121112771391893e-01 7.569828595551726380e-01 -7.226452681062909278e-01
3.205600000000000000e+04 -9.686842851320953685e-01 -3.623931856853168654e-02 -3.715957144445098947e-01
3.203100000000000000e+04 -7.684273291090519820e-01 -1.315410383629309621e-01 -6.309697364543627174e-01
3.202000000000000000e+04 -8.273468579451304095e-02 -8.086359647336749390e-02 -8.051521450264180757e-01
3.208800000000000000e+04 -1.088160490229224564e+00 -3.906110283002561800e-01 8.050957167743302278e-01
3.222500000000000000e+04 -1.088160490229224564e+00 -3.906110283002561800e-01 8.050957167743302278e-01
3.202700000000000000e+04 8.363647772322835294e-02 -5.752543395155811368e-01 6.528093199472966290e-01
3.214700000000000000e+04 -1.343358417545815087e+00 5.781917910032365882e-01 -2.137983000652070587e-01
3.208000000000000000e+04 -1.343358417545815087e+00 5.781917910032365882e-01 -2.137983000652070587e-01
3.216900000000000000e+04 -7.492158532292165773e-01 4.199295358401382572e-01 -1.463250083104128407e-01
3.214500000000000000e+04 -6.253805288158602593e-01 5.782971553359281813e-01 -1.426354113891701303e-01
3.204200000000000000e+04 -6.253805288158602593e-01 5.782971553359281813e-01 -1.426354113891701303e-01
3.206900000000000000e+04 -5.181086273948132259e-01 7.056310705374677639e-01 -1.294832699469417037e-01
3.203500000000000000e+04 -6.438055184913480389e-01 4.619691603035427363e-01 -7.962544629097578763e-02
3.202100000000000000e+04 -6.438055184913480389e-01 4.619691603035427363e-01 -7.962544629097578763e-02
3.229300000000000000e+04 -1.193537813225642452e+00 1.631688359496816787e-01 -4.484814000261216904e-02
3.213200000000000000e+04 -5.803905342712241122e-01 7.535846686356588719e-01 5.958245296419839576e-02
3.210600000000000000e+04 -5.402151111566872999e-01 6.279033247368470683e-01 1.159792747201038310e-01
3.216700000000000000e+04 -5.073105186527335775e-01 6.329232611372557216e-01 1.912544005645671064e-01
3.213000000000000000e+04 -6.277877709784291937e-01 9.324868908889847319e-01 3.127287311400195335e-01
3.216300000000000000e+04 -6.277877709784291937e-01 9.324868908889847319e-01 3.127287311400195335e-01
3.206500000000000000e+04 -6.965659564178032781e-01 4.182906143506883723e-01 3.542617663992189136e-01
3.205300000000000000e+04 -5.879689433704129442e-01 3.964287555257399731e-01 4.471774543471340735e-01
3.210500000000000000e+04 -9.136554080870418204e-01 2.279132175673908023e-01 4.916885671001178792e-01
3.217100000000000000e+04 -6.401748794411545873e-01 1.308610715699138893e-01 6.481952423502264082e-01
3.211500000000000000e+04 -4.726863060652277682e-01 8.073482494944510535e-01 -8.270632991223436647e-03
3.213700000000000000e+04 3.492667235176689644e-01 -5.682139871203695236e-02 -7.127670092035032212e-02
3.206300000000000000e+04 -2.279325849790900804e-01 9.612644100680789450e-02 -2.097488129443192406e-01
3.206100000000000000e+04 -3.164036121366571308e-01 4.961197376175654483e-01 -6.009551391339940096e-02
3.204700000000000000e+04 2.970506091290943118e-01 6.285424425765260281e-01 7.628182156749403475e-01
3.212400000000000000e+04 2.145461568894901916e-01 -1.042681111064975852e+00 1.532302721186113104e+00
3.211900000000000000e+04 6.312125291889003620e-01 -1.360456639161480297e-01 1.204193931668955386e+00
