# star id 	 star_x_coords [pc] 	 star_y_coords [pc] 	 star_z_coords [pc] 
3.736500000000000000e+04 2.045446111629743768e+00 -6.257656763942520683e-02 2.325702126398496716e-01
3.731800000000000000e+04 -2.160681756430008704e+00 -1.971303848780792123e-02 -9.603098396980733753e-01
3.732900000000000000e+04 -2.432243973507297596e-02 2.536259166692218514e-01 8.767903226649238491e-01
3.734600000000000000e+04 -3.380293738166386674e-01 5.905119703230354844e-02 8.924155943676836955e-01
3.730200000000000000e+04 -2.151388174523560792e-02 2.149345645241993452e-01 7.444803171232976524e-01
3.733400000000000000e+04 -4.634446239247580479e-01 5.118649464434810170e-01 7.378983281640714154e-01
3.728200000000000000e+04 1.466706505255899629e+00 -1.195754761508837305e+00 4.184911079203743611e-01
3.730600000000000000e+04 2.134809906893480047e-01 -1.424417283088388331e+00 -7.011401078901968731e-02
3.728100000000000000e+04 -1.608585648358697995e+00 -1.905676674763014944e-01 -2.335898085272489766e-01
3.733300000000000000e+04 -5.208614844061116855e-01 9.078761339302729994e-01 1.642083817844834925e-01
3.739800000000000000e+04 -6.434346350780941748e-01 -1.217403063671298469e-01 -1.627583405232400082e-01
3.732100000000000000e+04 2.542844632343701505e-01 -1.199076298805877627e+00 1.481545154857926150e-01
3.726800000000000000e+04 -5.363815082030498615e-02 -6.959783300065680578e-01 -7.522128186403165273e-02
3.739000000000000000e+04 1.272990918682992856e+00 4.848576873681480492e-01 9.787936567511223984e-02
3.737900000000000000e+04 2.495415912379996826e-01 -5.189160042259999273e-01 1.804248261110075191e-02
3.729200000000000000e+04 4.264662652017108257e-01 -2.899124395100471929e-01 -2.111805909731216957e-01
3.732200000000000000e+04 -3.555464053680026382e-01 1.938901925571201446e-02 -8.272692058586521568e-01
3.738800000000000000e+04 2.970663847094527910e-01 -1.157363230051089431e-02 -6.146715228127135333e-01
3.729900000000000000e+04 8.999879245758677371e-01 -1.005021963554384001e+00 -4.995234590446209211e-01
3.726200000000000000e+04 1.915271606226554013e-02 -4.840160163927151871e-01 -6.836549041828909878e-01
3.722500000000000000e+04 -2.711848969110803864e-01 -1.141441548003285789e-01 3.842051922241651596e-01
3.736900000000000000e+04 -3.885844968220908413e-02 -1.186107220114536176e-01 4.414413813700335254e-01
3.731200000000000000e+04 -1.301387975539682884e-01 -1.146861461125894266e-01 2.681502651397380532e-01
3.726300000000000000e+04 -5.863517392842254594e-02 5.989811933415012390e-02 3.123083766309449061e-01
3.736600000000000000e+04 -5.863517392842254594e-02 5.989811933415012390e-02 3.123083766309449061e-01
3.721700000000000000e+04 -2.867855334513791377e-01 9.046348588752550768e-02 3.170333859759679740e-01
3.733500000000000000e+04 -2.973888187312212494e-01 3.013868587841983526e-01 3.851304114637414955e-01
3.730900000000000000e+04 9.264299242617823893e-02 4.391953869296116864e-02 1.375476750484523336e-01
3.738300000000000000e+04 -1.404564507489425296e-01 -4.874349259394250566e-02 3.447227349132475638e-02
3.735100000000000000e+04 -1.678672902391724620e-01 -3.839891369149484035e-02 3.257316230009621449e-02
3.736300000000000000e+04 -1.678672902391724620e-01 -3.839891369149484035e-02 3.257316230009621449e-02
3.728700000000000000e+04 -4.004593828224756180e-02 1.096350388448286139e-02 4.819106857419797052e-02
3.736700000000000000e+04 -6.590442395055617908e-02 3.942215255213454839e-02 6.414089180227477982e-02
3.725400000000000000e+04 -6.590442395055617908e-02 3.942215255213454839e-02 6.414089180227477982e-02
3.732700000000000000e+04 -2.010768678515830743e-01 -2.552198454733911603e-02 8.443099367732997962e-02
3.732800000000000000e+04 -1.141140783232685862e-03 -1.781873624540963874e-01 2.425489509304412650e-02
3.734300000000000000e+04 -9.918347386364700924e-02 -7.017094775750365443e-02 9.566433717334632547e-02
3.724700000000000000e+04 2.323980114454116119e-03 1.965688416122191029e-02 1.849810880078521791e-01
3.735200000000000000e+04 -2.859611464500915190e-01 1.719086988313165421e-01 1.937827858808560677e-02
3.730100000000000000e+04 5.095800955103868546e-03 2.073960895121018666e-01 1.119043151453738005e-01
3.725300000000000000e+04 8.069407338156509013e-02 8.762115637955503189e-02 -2.470698419159589321e-03
3.731400000000000000e+04 1.701356564412179750e-01 1.830827375318904160e-01 -2.230879575958510941e-02
3.732400000000000000e+04 8.022902466130688026e-02 1.508775152589834079e-01 -4.411422414776211554e-04
3.733200000000000000e+04 8.022902466130688026e-02 1.508775152589834079e-01 -4.411422414776211554e-04
3.738200000000000000e+04 1.479399838867010430e-01 1.713691420546012978e-01 1.061120318160959641e-01
3.739500000000000000e+04 7.458503305782926418e-02 2.617123992935859178e-01 1.078962792570337115e-01
3.735400000000000000e+04 1.142337485023858790e-01 1.060921155433618424e-01 1.093049367900746915e-01
3.730400000000000000e+04 1.142337485023858790e-01 1.060921155433618424e-01 1.093049367900746915e-01
3.733100000000000000e+04 1.331031672452809289e-02 1.543561256173688889e-01 2.756929390303497485e-02
3.738700000000000000e+04 2.286204863393379583e-01 1.226291924113667164e-01 2.243103781986448553e-01
3.737400000000000000e+04 1.117465690291510327e-01 7.021733946955066585e-02 1.008070580908935199e-01
3.737500000000000000e+04 1.301369858376659749e-01 1.001277476182451664e-01 2.284017556494859491e-01
3.734800000000000000e+04 -7.373964101252283854e-02 8.823199812037785250e-02 -3.830725821885039295e-04
3.722800000000000000e+04 -1.600876083944768880e-01 8.242373914609402163e-02 4.440801058575516436e-02
3.731700000000000000e+04 -3.550410784691848676e-02 1.012859756208683848e-01 1.712314376739954014e-02
3.731600000000000000e+04 -3.489879148185082158e-02 1.245750556583544721e-01 -2.132750420761908572e-02
3.734500000000000000e+04 -8.911754559215978588e-02 2.916352336685434921e-01 1.627601330532968404e-02
3.726900000000000000e+04 -6.857562801698691146e-02 1.861325287004120810e-01 5.642618092629447801e-03
3.736400000000000000e+04 -1.369729457559429875e-01 2.754874539808724876e-01 1.659081625437153207e-02
3.726700000000000000e+04 -7.893267749061294580e-02 1.483267110135386702e-01 3.552309394896013828e-02
3.736800000000000000e+04 -4.663136084174368534e-02 1.075053468625668529e-01 1.084325779871520012e-01
3.727900000000000000e+04 -2.128187120797804255e-01 1.435212297433992035e-01 1.154721782427117205e-01
3.720600000000000000e+04 -1.604026163735170485e-01 1.673454670208514017e-01 1.314119904769910363e-01
3.723000000000000000e+04 -1.376337259068804997e-02 2.460004330314546905e-01 1.338355934356982857e-01
3.719700000000000000e+04 -1.606905904334610113e-02 2.438111530102418101e-01 1.730650418448078653e-01
3.719600000000000000e+04 -4.282661480137051058e-02 1.612659332783437094e-01 2.309681017423770300e-01
3.733900000000000000e+04 -2.019608711060953965e-01 -4.586788653951856531e-01 7.930167013956435085e-02
3.731500000000000000e+04 8.961547127132973856e-02 2.052766715473808290e-02 -1.847953394260244409e-01
3.727600000000000000e+04 1.620714187886846958e-01 6.130834172080312783e-02 -1.239993772594658594e-01
3.724900000000000000e+04 1.411987322709933323e-01 3.536305010915441471e-02 -8.996188487778056242e-02
3.727700000000000000e+04 2.606028039251384598e-02 -8.990188014567479513e-02 -8.472139439007264627e-02
3.738000000000000000e+04 7.986467071013692021e-02 -1.376442088760683191e-01 -8.139979240164052499e-02
3.735900000000000000e+04 8.026873083262842101e-02 -1.077940578949778683e-01 -5.334820757198599495e-02
3.736000000000000000e+04 6.269126834382632296e-03 2.618291506141190439e-02 -1.340199579045631140e-01
3.733600000000000000e+04 -3.474542122047807879e-02 -3.064720461584613531e-02 -1.657925668893014404e-01
3.737000000000000000e+04 -3.474542122047807879e-02 -3.064720461584613531e-02 -1.657925668893014404e-01
3.737100000000000000e+04 -5.704316771286244148e-03 -6.720389166962092986e-02 -1.530392223132253093e-01
3.726500000000000000e+04 -1.080883428825529791e-02 2.053922422076936982e-02 -1.220996366313755743e-01
3.721900000000000000e+04 -1.080883428825529791e-02 2.053922422076936982e-02 -1.220996366313755743e-01
3.730300000000000000e+04 -1.096526434419189400e-01 5.472835849801072072e-03 -9.242305423548202725e-02
3.731000000000000000e+04 -4.958089260387055219e-02 5.657565261996921890e-02 -8.993659862769476376e-02
3.739400000000000000e+04 -4.958089260387055219e-02 5.657565261996921890e-02 -8.993659862769476376e-02
3.739300000000000000e+04 -2.217772973921228186e-02 -1.470080291480257983e-01 -9.103427365609206845e-02
3.722700000000000000e+04 -9.120138411299194559e-02 -7.222281933718477376e-02 -6.217454249621567897e-02
3.729300000000000000e+04 -5.074915903193755184e-03 6.352511010814509973e-02 -5.629460649665674055e-02
3.726400000000000000e+04 -3.112217020501617526e-01 2.533241988596302008e-01 -2.108057293651555142e-01
3.719300000000000000e+04 1.414374784828140719e-01 2.019436893085497786e-01 -2.377894632050185919e-01
3.733000000000000000e+04 4.701419791584271479e-02 1.242143692920762987e-01 -1.593778218877375252e-01
3.730500000000000000e+04 2.097602276054999493e-02 2.016445729800437903e-01 -1.108615424912642311e-01
3.738900000000000000e+04 4.315891902486157505e-02 8.526075117767106804e-02 -8.337408021406389480e-02
3.724600000000000000e+04 4.315891902486157505e-02 8.526075117767106804e-02 -8.337408021406389480e-02
3.729400000000000000e+04 3.323017381843840212e-02 1.602856334872484467e-01 -5.673181443917485467e-02
3.731300000000000000e+04 1.864870943004319770e-01 7.324102348545125096e-02 -4.433134500396107569e-02
3.734700000000000000e+04 1.084591413149667005e-01 2.430647454893062331e-01 -3.201855041148604641e-02
3.739200000000000000e+04 -3.774695730164978613e-02 8.438825960087115163e-02 -1.315837150814687107e-01
3.727300000000000000e+04 -3.774695730164978613e-02 8.438825960087115163e-02 -1.315837150814687107e-01
3.724200000000000000e+04 -1.209853894862078505e-02 1.231294066450345781e-01 -1.877577570363513360e-01
3.732300000000000000e+04 -9.552553164692767496e-02 1.749848115731396092e-01 -1.875630959252703178e-01
3.740200000000000000e+04 -2.673769437323869624e-02 1.366608992633047137e-01 -1.847236081434573407e-01
3.738500000000000000e+04 -7.403055170675543195e-02 1.484793172382126158e-01 -1.365781340999774329e-01
3.735300000000000000e+04 -1.530632790027652845e-02 1.871459150112144698e-01 -3.484079793580008300e-02
3.732000000000000000e+04 1.200636149252147789e-01 -4.035792059135872023e-01 -1.530144478555683918e-01
3.725700000000000000e+04 3.902888168593392493e-01 -1.535168886557727319e-01 -2.185775168352677156e-02
3.735000000000000000e+04 4.176340785753751561e-01 1.383434012639384036e-02 5.653997107085473317e-02
3.739600000000000000e+04 4.966267399425419171e-01 -1.002316885412568581e-01 1.058057276994261997e-01
3.731100000000000000e+04 7.422231778149068759e-02 -3.033886167673927048e-02 -3.447618182167460077e-01
3.734100000000000000e+04 5.390665732643640240e-02 7.586832478699534477e-02 -3.339083796491877365e-01
3.729700000000000000e+04 -1.134711643155270622e-01 -2.994856900957074686e-01 -4.100011617279548659e-01
3.720800000000000000e+04 -2.659318354240269855e-01 -2.572398466696057540e-01 -3.444908371683439441e-01
