# star id 	 star_x_coords [pc] 	 star_y_coords [pc] 	 star_z_coords [pc] 
9.989000000000000000e+03 -5.091674625184410274e-01 -1.138386000299220768e-01 -1.273759727589478530e-01
9.085000000000000000e+03 -5.291268696105184688e-01 4.437327316799866139e-01 -1.597879877231633827e-02
9.902000000000000000e+03 1.953461750830349786e-01 6.838629954190977855e-01 -1.713984337773197808e-01
9.923000000000000000e+03 8.645166564634720885e-02 5.468085833443581123e-01 7.532724484439512480e-02
9.912000000000000000e+03 1.943498876499418770e-01 -2.057160872900567483e-01 2.653798553643369473e-01
9.908000000000000000e+03 -2.253029428402442136e-03 2.494288884366113734e-02 3.766991963239689767e-01
9.976000000000000000e+03 3.646233359181003664e-01 -8.792995313728368956e-02 -6.011178585275729347e-01
9.999000000000000000e+03 1.690063932287237947e-01 -1.207741505568691309e-01 -3.042972424627592432e-01
9.931000000000000000e+03 -2.378752805065289522e-01 -1.789633730262849554e-01 2.929716860438844606e-01
9.910000000000000000e+03 -2.881454800584997145e-01 -1.839736794801254405e-01 3.901433703005068310e-01
9.966000000000000000e+03 -4.024416972214339694e-03 3.429721315341538457e-02 2.951663904152184159e-01
9.948000000000000000e+03 1.407248457029304234e-01 1.775345141904907109e-01 2.728180545983462935e-01
9.961000000000000000e+03 1.321442766430536153e-01 2.807876254560639495e-01 4.666215807648370628e-01
9.914000000000000000e+03 1.321442766430536153e-01 2.807876254560639495e-01 4.666215807648370628e-01
9.076000000000000000e+03 1.570463460350133289e-01 1.794083707445182085e-01 -6.591855219046252046e-01
9.075000000000000000e+03 1.235968678624921324e-01 3.267229347049038779e-02 -4.306545844466498352e-01
9.954000000000000000e+03 -4.632494827136390825e-01 2.897207431134489752e-01 -3.690232999055851337e-01
9.105000000000000000e+03 -3.599524313348467786e-02 -1.266437130965059055e-01 -7.874532112366239289e-02
9.901000000000000000e+03 -4.169277453073050310e-03 -2.215765489389553977e-01 -1.332292085119348712e-01
9.927000000000000000e+03 5.227230445922259605e-02 -7.065620748711864962e-02 -6.560423825485628413e-02
9.017000000000000000e+03 3.665129008476668560e-01 -1.014021492034231642e-01 -1.128276655844686616e-01
9.918000000000000000e+03 1.721894595936639405e-01 -1.807210672859511646e-01 -7.520104449474729336e-02
9.929000000000000000e+03 3.806042716289574912e-01 -6.138771448435420552e-02 -9.573739786699775323e-02
1.002100000000000000e+04 4.159750809385798220e-03 -1.821764641062202372e-01 -3.886328431274677087e-02
9.077000000000000000e+03 -2.217427053319553920e-02 -4.109986863971712978e-01 2.310354594228414271e-02
9.907000000000000000e+03 9.486515664512396029e-02 -3.902060661489059612e-01 5.959990144260274292e-02
9.016000000000000000e+03 3.001543402417716777e-01 -1.985345760871410903e-01 -2.118245451566735937e-02
9.921000000000000000e+03 2.888838541915852431e-01 1.005097143462307940e-03 3.353436829507927541e-02
9.019000000000000000e+03 1.689892854102126307e-02 -9.805675432137661574e-02 3.561016785319992550e-02
9.018000000000000000e+03 1.689892854102126307e-02 -9.805675432137661574e-02 3.561016785319992550e-02
9.909000000000000000e+03 1.021383738161709687e-01 -7.330879908927556698e-02 6.708579312819296092e-02
9.904000000000000000e+03 -5.404602723434237532e-02 -1.365279553546088209e-01 -2.059461057123712635e-01
9.906000000000000000e+03 -5.404602723434237532e-02 -1.365279553546088209e-01 -2.059461057123712635e-01
9.970000000000000000e+03 -7.959208844825127471e-02 -1.565995466221394850e-01 -1.637892567200083249e-02
9.922000000000000000e+03 -7.959208844825127471e-02 -1.565995466221394850e-01 -1.637892567200083249e-02
9.905000000000000000e+03 -4.040047649580138511e-01 -7.050355991487577967e-02 9.927195077191441897e-02
9.953000000000000000e+03 -3.177280535918676208e-01 -1.616934011504866930e-01 1.352228268515460741e-01
9.091000000000000000e+03 -3.177280535918676208e-01 -1.616934011504866930e-01 1.352228268515460741e-01
9.946000000000000000e+03 -1.700112176772705652e-02 4.404617424096741729e-01 -4.395216882009123083e-02
9.933000000000000000e+03 1.498960807257070371e-01 1.854113001178561149e-01 -1.110184940994471958e-01
9.932000000000000000e+03 2.241654393812595458e-01 8.892705583020443783e-02 -3.920570001197631882e-02
9.974000000000000000e+03 1.928264965761883332e-02 -2.925208273949664317e-02 -4.072023868892671317e-02
9.917000000000000000e+03 1.928264965761883332e-02 -2.925208273949664317e-02 -4.072023868892671317e-02
9.916000000000000000e+03 6.889609709764243917e-02 5.671389317539876629e-02 7.459329767107192311e-02
9.925000000000000000e+03 1.283084665945608549e-01 1.540193138458008093e-01 2.143332785482598979e-01
9.078000000000000000e+03 9.716427887718737111e-02 -4.226702831826401052e-02 2.114653603522782532e-01
9.926000000000000000e+03 -3.365590041303683222e-01 2.428295125449864145e-01 -8.872806405032207522e-02
9.911000000000000000e+03 -1.504172169267938841e-01 2.618778096576335201e-02 -1.342322242988558401e-02
9.920000000000000000e+03 -2.911127314559429635e-01 1.572662151480841430e-02 9.643808527381025897e-02
