# star id 	 star_x_coords [pc] 	 star_y_coords [pc] 	 star_z_coords [pc] 
4.151500000000000000e+04 -3.851584035524133753e-01 -3.640707892839429860e-01 8.793257664208020685e-02
7.627000000000000000e+03 4.351014651382651977e-01 -1.183423171628280812e+00 4.903345374298133663e-01
1.035600000000000000e+04 1.010703163312692610e+00 -1.210632828204346367e+00 1.835530335136699165e-01
1.035500000000000000e+04 -1.125108856823811010e-01 -1.215245580427051664e+00 1.475025293746584865e+00
4.258300000000000000e+04 -1.898887627416634416e-01 8.040258510233257994e-01 -1.280819262985167128e+00
4.154900000000000000e+04 -7.466267846503011896e-01 1.207966876677522450e+00 -1.041731347177758948e-01
4.015800000000000000e+04 -7.466267846503011896e-01 1.207966876677522450e+00 -1.041731347177758948e-01
4.220500000000000000e+04 5.691894070395324690e-01 -1.030170646850514515e-01 -4.432777396894902466e-01
4.428600000000000000e+04 1.658175888686663768e-01 8.564298304690822761e-01 -3.044021734121660216e-01
