# star id 	 star_x_coords [pc] 	 star_y_coords [pc] 	 star_z_coords [pc] 
1.856800000000000000e+04 -6.194992445807798731e-01 -1.342868579682789942e+00 -7.526869577985593196e-01
1.859500000000000000e+04 -6.332248331367509309e-01 1.790056081664808119e-01 1.680573964071854220e-01
1.864800000000000000e+04 6.583962472910513952e-01 1.624446799648779916e-01 1.640919198568298043e-01
1.856600000000000000e+04 7.776034989616391613e-01 1.930686990089292010e-01 2.191856122733071288e-01
1.860500000000000000e+04 8.027175589096273711e-01 1.081766893698290488e-01 9.203431268301187629e-02
1.852300000000000000e+04 6.596646911947914305e-01 2.012467588883080083e-01 5.001908826380443429e-01
1.855800000000000000e+04 6.068545035424435241e-01 1.040716561633807657e-01 5.509594203368166632e-01
1.852200000000000000e+04 6.068545035424435241e-01 1.040716561633807657e-01 5.509594203368166632e-01
1.854900000000000000e+04 8.903590473672693406e-01 -4.912619224720238265e-02 1.542770836559128611e-01
1.870600000000000000e+04 1.033100424445478893e-01 -3.758298965967430405e-01 2.452118064104951145e-01
1.850800000000000000e+04 8.273438675620781169e-02 7.004989091460203099e-01 1.427830166222960884e-01
1.868800000000000000e+04 -3.937832347858503113e-01 -3.470909131455144347e-01 1.900774051365416994e-01
1.842800000000000000e+04 -6.473940091964891508e-02 -3.584251217462437467e-01 1.839973353375299325e-01
1.850700000000000000e+04 -7.244078207584792040e-01 -6.726522523664186792e-01 -3.558075135943497003e-01
1.870000000000000000e+04 -6.693826297967504502e-01 -8.887311570585474385e-01 -3.060733325499072066e-01
1.856200000000000000e+04 -6.601041485505731998e-01 -2.141889113837081027e-02 -4.229558840135041464e-01
1.876000000000000000e+04 -6.245919754053517181e-01 1.238125762788637729e-01 -1.988969688501285304e-01
1.870200000000000000e+04 9.349289792012669409e-01 3.981934971359439857e-01 -3.445325722634322574e-01
1.851300000000000000e+04 8.569446763324179983e-01 3.943208869195427013e-01 -1.981995236104268088e-01
1.869900000000000000e+04 -5.421799874361923344e-01 -1.727256614457388650e-01 -4.733516828097990015e-01
1.873200000000000000e+04 -6.282295035812097694e-01 -3.985285500053894481e-01 -4.025234914748239134e-01
1.864900000000000000e+04 -7.750148912148731029e-01 -2.893714488044150102e-01 -1.819463511257808364e-01
1.863600000000000000e+04 -7.750148912148731029e-01 -2.893714488044150102e-01 -1.819463511257808364e-01
1.846300000000000000e+04 2.860987246218371638e-02 -3.411905630094569375e-01 -4.423497942334364552e-02
1.846400000000000000e+04 7.008066949392599554e-02 -3.874253018406257354e-01 -1.863332594552318255e-01
1.863200000000000000e+04 -2.188734357936183983e-01 -5.436679182300796498e-01 -2.638076864658529530e-01
1.855100000000000000e+04 -2.188734357936183983e-01 -5.436679182300796498e-01 -2.638076864658529530e-01
1.846500000000000000e+04 -2.164153549784728625e-01 -4.949588665226762885e-01 2.102617759636871142e-02
1.873300000000000000e+04 -1.480815592949511483e-01 7.473926885815700416e-01 -6.269498628052616596e-02
1.857500000000000000e+04 1.303075167570391102e+00 3.015457204471125863e-01 -2.337369485785245615e-01
1.867000000000000000e+04 1.303075167570391102e+00 3.015457204471125863e-01 -2.337369485785245615e-01
1.858900000000000000e+04 1.303075167570391102e+00 3.015457204471125863e-01 -2.337369485785245615e-01
1.856300000000000000e+04 -6.096082461940142139e-01 -9.909701564179265176e-01 -5.575602605121545707e-01
1.871000000000000000e+04 -6.965108416467202801e-01 8.409661293411474503e-02 -6.619246915361785000e-01
1.854300000000000000e+04 -6.723476389165483624e-02 -5.758133941314564908e-01 -5.147601172985787343e-01
1.853900000000000000e+04 -3.895761298028830311e-01 -3.110086725380796224e-01 -5.019991996549180158e-01
1.854000000000000000e+04 -7.779174734393734525e-02 9.744090601034471888e-02 3.474243999282435880e-01
1.867100000000000000e+04 -1.950834387734161623e-01 -1.851135499049583188e-02 4.523360505218008143e-01
1.867200000000000000e+04 -7.509214212828396739e-02 -1.862803814617013387e-01 3.964449436059780396e-01
1.868100000000000000e+04 8.877003866058430503e-02 8.567350294070408268e-03 1.398397809282556636e-01
1.870300000000000000e+04 2.372714511722833208e-01 6.324476045396210111e-03 2.282101325764926969e-01
1.873000000000000000e+04 5.430077137060607129e-02 9.148892161064026141e-02 1.770020289541562875e-01
1.849900000000000000e+04 5.430077137060607129e-02 9.148892161064026141e-02 1.770020289541562875e-01
1.854200000000000000e+04 1.469402242703523598e-01 8.031632625333706699e-02 2.426068902527234172e-01
1.852900000000000000e+04 9.552086450370467219e-02 1.159480155027328152e-01 2.972797127652242466e-01
1.867800000000000000e+04 3.306010455057872832e-02 6.402326648507106199e-02 1.524318399627517806e-01
1.867900000000000000e+04 -2.609933814150622311e-02 -4.275447740356597137e-03 1.471339850380033454e-01
1.841400000000000000e+04 -2.609933814150622311e-02 -4.275447740356597137e-03 1.471339850380033454e-01
1.872500000000000000e+04 -2.609933814150622311e-02 -4.275447740356597137e-03 1.471339850380033454e-01
1.841500000000000000e+04 -2.609933814150622311e-02 -4.275447740356597137e-03 1.471339850380033454e-01
1.869100000000000000e+04 -2.790592106160971753e-02 1.044775174645504734e-01 9.849483883726151134e-02
1.860600000000000000e+04 -1.360735474504792819e-01 4.701449684737468715e-02 1.072042987925172497e-01
1.872600000000000000e+04 2.243204453094449491e-02 9.751263424092826426e-02 1.129132061951665378e-01
1.872700000000000000e+04 2.243204453094449491e-02 9.751263424092826426e-02 1.129132061951665378e-01
1.857900000000000000e+04 -3.077455861242128776e-02 3.547018790159661705e-02 2.001963854360866435e-01
1.851400000000000000e+04 -7.493119682694526773e-02 -7.165283422843060634e-03 2.014683089467581567e-01
1.839300000000000000e+04 -7.493119682694526773e-02 -7.165283422843060634e-03 2.014683089467581567e-01
1.839400000000000000e+04 -7.493119682694526773e-02 -7.165283422843060634e-03 2.014683089467581567e-01
1.875800000000000000e+04 -1.175840992524612716e-01 -3.056194191145955585e-02 9.795372994585704873e-02
1.872400000000000000e+04 1.135001860472684143e-01 -9.863493139017620592e-02 7.547439275347755938e-02
1.876800000000000000e+04 1.135001860472684143e-01 -9.863493139017620592e-02 7.547439275347755938e-02
1.852700000000000000e+04 2.529471228589770249e-01 -8.314699874123299139e-02 2.867592010876620634e-01
1.861700000000000000e+04 -3.912508999728103731e-01 -1.878355877082977798e-01 1.233737844413340667e-01
1.873500000000000000e+04 -4.403932192100086240e-01 -1.734709912147831545e-01 2.980993280724533179e-01
1.869800000000000000e+04 -4.403932192100086240e-01 -1.734709912147831545e-01 2.980993280724533179e-01
1.856700000000000000e+04 -2.598048728942785601e-01 -1.850552690928566335e-01 3.221845964479825852e-01
1.857100000000000000e+04 2.467237164630375901e-02 -6.026857835918697504e-02 1.032831119407475740e-01
1.860700000000000000e+04 -4.457778284568547633e-02 -7.896555153528161952e-02 2.062699391115359049e-01
1.866400000000000000e+04 2.510866151883490716e-01 5.463643872383094902e-02 -2.013701488192509714e-01
1.862400000000000000e+04 2.995038230041302540e-01 3.798323785805379771e-02 -1.062591949624618337e-01
1.849200000000000000e+04 1.257662275330062585e-01 9.897344648403461065e-02 -9.570356723423145695e-02
1.862600000000000000e+04 6.655868537971798560e-02 4.643693525804692968e-02 -7.162569200599477881e-02
1.854700000000000000e+04 1.739807876706152001e-01 8.615549717664094942e-03 -1.253570086823359020e-01
1.857800000000000000e+04 7.984939403540636249e-02 -5.270627022095908387e-03 -1.486508244475714946e-02
1.876300000000000000e+04 1.232527248206736203e-01 4.914481751237254059e-02 -7.404527688152029441e-03
1.876400000000000000e+04 1.232527248206736203e-01 4.914481751237254059e-02 -7.404527688152029441e-03
1.855500000000000000e+04 5.158926656058326898e-02 -1.018188744289361125e-02 -8.750963902460284771e-02
1.870100000000000000e+04 2.585917620742890222e-01 2.666524255634072915e-03 1.995776098259227638e-02
1.859000000000000000e+04 7.427529596547088886e-02 -3.446719786110108430e-02 -3.708632869578565305e-02
1.869300000000000000e+04 6.192497117620376912e-02 -2.955190505474547535e-03 4.133680296936859122e-02
1.867300000000000000e+04 2.145033213576255093e-01 1.069713003694321429e-01 4.689183264072482871e-02
1.859200000000000000e+04 3.171535195122743289e-02 2.492347285075524610e-02 -5.765704451233943928e-02
1.864000000000000000e+04 1.164869608317005145e-01 2.164746405190687284e-01 6.655823448114972507e-02
1.865500000000000000e+04 1.164869608317005145e-01 2.164746405190687284e-01 6.655823448114972507e-02
1.853200000000000000e+04 -3.778392141850090979e-01 1.640319209786440524e-01 -1.711284228440064226e-01
1.851000000000000000e+04 -3.062325427030074820e-01 6.998019915035769145e-02 -7.376592217438115995e-02
1.861600000000000000e+04 -4.382640530724870587e-01 1.942848320587877708e-01 1.106371144082629598e-02
1.863000000000000000e+04 -9.542608137640939958e-02 6.765444005420917506e-02 -8.682023757798873476e-02
1.864400000000000000e+04 -3.201993943726222369e-02 2.822558828479238002e-02 -9.496609939285605151e-02
1.857300000000000000e+04 -1.422616615881651114e-01 4.528034520123824791e-02 -9.860194423255563834e-02
1.862000000000000000e+04 -1.953266871452541409e-02 5.779722717544544253e-02 -9.257281888037738327e-02
1.862100000000000000e+04 -1.953266871452541409e-02 5.779722717544544253e-02 -9.257281888037738327e-02
1.861400000000000000e+04 -1.394866890530153114e-01 2.316192616770784696e-02 -1.004157313125304540e-01
1.860400000000000000e+04 -1.394866890530153114e-01 2.316192616770784696e-02 -1.004157313125304540e-01
1.850300000000000000e+04 -4.907413905701929480e-02 7.083551196889636969e-02 -7.188196174957539597e-02
1.850400000000000000e+04 -1.155982580734189469e-01 1.469338923012522002e-01 -4.448550374577564526e-02
1.864600000000000000e+04 1.699860550134246751e-02 6.146151627563156694e-02 3.214546959787156766e-02
1.864700000000000000e+04 -6.254842928150594616e-02 8.079500977554232577e-02 3.262499224457826585e-02
1.852600000000000000e+04 -6.254842928150594616e-02 8.079500977554232577e-02 3.262499224457826585e-02
1.866000000000000000e+04 5.940170502348962600e-03 1.638004856577275348e-01 3.954484584443207495e-02
1.873700000000000000e+04 -4.963075305654029989e-02 -1.615370967180140838e-02 3.599679876213457419e-02
1.877200000000000000e+04 8.472629003114917623e-02 -6.994283818586843893e-02 -4.709591758075504231e-02
1.866600000000000000e+04 8.472629003114917623e-02 -6.994283818586843893e-02 -4.709591758075504231e-02
1.861100000000000000e+04 1.128303090617492899e-01 -6.183916965728819548e-02 6.532687687919747077e-02
1.859800000000000000e+04 1.128303090617492899e-01 -6.183916965728819548e-02 6.532687687919747077e-02
1.857400000000000000e+04 -1.436756194487216476e-01 -2.971813446504842915e-01 -3.767782550040266187e-02
1.860300000000000000e+04 2.878230460621153952e-01 2.991971808629489971e-01 1.457673332984441572e-01
1.839100000000000000e+04 -3.924066392046796636e-01 2.517536171739003237e-01 2.024219845046673072e-01
1.860100000000000000e+04 -1.609526520278166117e-01 2.200121478007606157e-01 1.387889393817545169e-01
1.858400000000000000e+04 2.455336654580264621e-02 3.110787514732624714e-01 1.815865252877202352e-01
1.860200000000000000e+04 -1.057451647643787851e-01 3.269849397425534931e-01 3.036935681828438760e-01
1.850900000000000000e+04 -5.067686621004980907e-01 2.711255799158696078e-01 4.396038513357254374e-01
1.858500000000000000e+04 9.772406894418850243e-02 2.590860674544099851e-01 -1.904353136297842752e-01
1.865900000000000000e+04 9.772406894418850243e-02 2.590860674544099851e-01 -1.904353136297842752e-01
1.877600000000000000e+04 2.199006772703526735e-01 4.309167215792140126e-01 -1.462598112655442151e-01
1.853800000000000000e+04 1.728516117275091801e-01 2.754798608258024473e-01 3.075202375839580782e-04
1.855200000000000000e+04 -3.124681377051103937e-01 4.357255528515793230e-01 -1.182023932776914421e-01
1.868200000000000000e+04 -3.268756427374412965e-01 3.947532204495853847e-01 5.200348815203881259e-02
1.841800000000000000e+04 4.738565308226725392e-01 2.053228370849442541e-01 1.146119912487577608e-01
1.841900000000000000e+04 3.267112335565727221e-01 1.493626780309682545e-01 3.576387903884139519e-01
1.873100000000000000e+04 3.267112335565727221e-01 1.493626780309682545e-01 3.576387903884139519e-01
1.842000000000000000e+04 4.153895141390364643e-01 -1.790312130803055624e-01 1.359871893890556294e-01
1.842100000000000000e+04 5.659606029558688078e-01 3.607134111811429733e-01 -3.075234373809365707e-02
1.852400000000000000e+04 -3.632305288613792982e-01 7.173969317054584849e-02 -2.921575872906956306e-01
1.864500000000000000e+04 -4.102051505938675291e-02 4.236104121604711281e-02 -2.656812889554771573e-01
1.859600000000000000e+04 -1.562947418382947262e-01 2.180091209753651782e-01 -2.559563665097712715e-01
1.853100000000000000e+04 5.798769470339948384e-02 -2.382841513861340133e-01 -3.240280078951585097e-01
1.853300000000000000e+04 -3.696175068590576984e-01 -1.898200711284410147e-01 -2.103358299358504269e-01
1.853400000000000000e+04 -4.838032332315407302e-01 -1.726202469064794798e-01 -2.088383058047966756e-01
1.874500000000000000e+04 -1.837154472082573875e-01 -2.443262377654011885e-01 -4.384061069310831726e-01
1.869500000000000000e+04 -6.468343825899580679e-02 -6.100378165812792020e-02 -2.705889565803758501e-01
