# star id 	 star_x_coords [pc] 	 star_y_coords [pc] 	 star_z_coords [pc] 
2.333900000000000000e+04 -1.603727840259683290e-01 -3.422648731452119231e-01 1.118714095425829669e+00
2.267500000000000000e+04 -1.411536274526913992e+00 -7.234410557881789661e-01 8.712673782382829302e-01
2.160200000000000000e+04 -4.858113615444210609e-01 -8.403728790454554343e-01 7.500622486957411184e-01
2.276100000000000000e+04 -4.858113615444210609e-01 -8.403728790454554343e-01 7.500622486957411184e-01
2.276000000000000000e+04 -2.696672205813310796e-01 -5.841042760063125394e-01 5.335540538578431580e-01
2.247600000000000000e+04 -6.142813309261132559e-01 -6.003214610124064654e-01 9.092438944736933593e-01
2.276200000000000000e+04 -3.239975742280556403e-01 -8.013084967705597084e-01 9.937012996813869847e-01
2.274000000000000000e+04 -7.012507422081881714e-01 -5.659621989009979703e-01 6.754779857427912759e-01
2.274100000000000000e+04 -1.051841281001628658e-01 -6.666501372735844644e-01 6.985058387091598320e-01
2.172000000000000000e+04 3.464307728650695140e-03 -5.383575212695220769e-01 7.661215361088444809e-01
2.267100000000000000e+04 1.197066877600860835e-02 -5.558354139041603581e-01 6.157411450130823027e-01
2.148600000000000000e+04 1.137014661374635693e-02 -6.016280737623153074e-01 1.045908895212324552e+00
2.264800000000000000e+04 -1.250910573814625337e+00 -3.213174705628202982e-02 7.385772296575652263e-01
2.272400000000000000e+04 -2.926299842952158059e-01 -3.334574139270733983e-01 9.602651348102249074e-01
2.288500000000000000e+04 -6.332016976648944251e-01 -5.011251334739530439e-01 9.097432763156163560e-01
2.152200000000000000e+04 -5.445801941949408587e-01 -3.363928227947381999e-01 6.726945637147707657e-01
2.223900000000000000e+04 -3.390263241606632505e-01 -3.580924708801689338e-01 1.062960846314148000e+00
2.224000000000000000e+04 -2.531382106512864993e-01 -2.646464583211680099e-01 6.005337978959808254e-01
2.162400000000000000e+04 -5.202550053956116471e-01 8.318274201566822762e-04 6.024571246808001490e-01
2.280800000000000000e+04 -1.551835543918116400e-01 -5.061624390947038199e-01 1.078487663316149536e+00
2.254700000000000000e+04 -2.333122879100208991e-01 1.014564813589552639e+00 5.597381000580803345e-01
2.205500000000000000e+04 -3.414614772149580091e-01 9.815073194858637828e-01 6.543010817022896219e-01
2.308500000000000000e+04 -2.628497551783990360e-01 1.047333687525169754e+00 6.566329046748364817e-01
2.237500000000000000e+04 -1.137950410277646540e+00 -4.926791901541628382e-01 8.248339123913197568e-01
2.272500000000000000e+04 -9.160252035632368006e-01 -2.369745090521626629e-01 8.592492933387241294e-01
2.170300000000000000e+04 -7.359182555244423440e-01 -2.047784750725838987e-01 6.432034413514067239e-01
2.200200000000000000e+04 -6.935870750627532999e-01 -1.977340357745773491e-01 5.440085280391624423e-01
2.342000000000000000e+04 3.161071514399473870e-01 -1.695118774754967861e-01 8.480906077609873250e-01
2.350200000000000000e+04 3.693009136128360126e-01 -1.526440029368734963e-02 8.715015977534577019e-01
2.330100000000000000e+04 -4.943865748697895413e-02 -4.564992026214413634e-02 9.792920110961453872e-01
2.166700000000000000e+04 9.434457768710657888e-02 -1.382230937719240715e-01 9.796370657575401708e-01
2.168600000000000000e+04 1.506612746140518766e-01 -5.215692574768612255e-01 8.981147476556117226e-01
2.341200000000000000e+04 1.811779790703234028e-01 -2.860456388026223068e-02 1.078243236445274533e+00
2.279200000000000000e+04 -1.327621736073448133e+00 3.419849233334938399e-01 5.578171359975865329e-01
2.156600000000000000e+04 -1.307780054375543344e+00 3.537810703568043946e-01 9.796889027439021902e-01
2.146300000000000000e+04 -1.831198309327746188e-01 3.031795230133351726e-01 8.195201135922260960e-01
2.233600000000000000e+04 -7.043228286624412249e-01 2.861026596555379942e-01 6.215197155199589929e-01
2.247500000000000000e+04 -8.781686088774307564e-01 1.996866058373513442e-01 7.893871843443491798e-01
2.287300000000000000e+04 -9.353127626907014047e-01 1.052737712669285092e-01 9.234974462306269061e-01
2.147900000000000000e+04 -1.141161602666977970e+00 3.251816926526139295e-01 7.840469644421830253e-01
1.504100000000000000e+04 3.772297461373081973e-01 3.525034802757302521e-01 8.865717527192913394e-01
2.145100000000000000e+04 2.168448581339923464e-01 3.272019793966705614e-01 8.879916192983330347e-01
2.198300000000000000e+04 2.883404497781167919e-01 7.315081946147672376e-02 9.874107014541060323e-01
2.198900000000000000e+04 2.196451242066022047e-01 5.770769613903222739e-01 7.187884428177468976e-01
2.199000000000000000e+04 1.025656454943479901e-02 1.074396320993703302e+00 6.297940015379630552e-01
2.257200000000000000e+04 -5.854047259686101512e-01 -1.119890002412843533e+00 2.675179749168705712e-01
2.202700000000000000e+04 -6.011691360257476191e-01 -1.288918391725910606e+00 3.819281860445613574e-01
1.428100000000000000e+04 3.876143735684856040e-01 -1.250301195154165379e+00 2.755707193471934602e-01
2.174600000000000000e+04 3.607543040945859758e-01 -1.345106409329413166e+00 4.354803596857870218e-01
2.282600000000000000e+04 -5.244347405230378456e-01 -9.396577725001493686e-01 1.135627867518405054e-01
2.260600000000000000e+04 -1.972197923820804277e-01 -8.340700686187731971e-01 7.026579178772429657e-02
2.348600000000000000e+04 -3.637589316904907832e-01 -7.956416445382110680e-01 1.426947528888913297e-01
2.188900000000000000e+04 -5.280954281791814253e-01 -6.396810879351128021e-01 1.561874392457944793e-01
2.328300000000000000e+04 -4.052217129084354497e-01 -6.453136156764922582e-01 3.347037422079921498e-01
2.309900000000000000e+04 -4.621052316993203846e-01 -7.934889755381349108e-01 4.775264517295649824e-01
2.168900000000000000e+04 -1.133667460611302857e-01 -5.759375914910442873e-01 4.193848189908262469e-01
2.138800000000000000e+04 -1.133667460611302857e-01 -5.759375914910442873e-01 4.193848189908262469e-01
2.131900000000000000e+04 3.043537796722670663e-01 -8.989702276114621693e-01 1.295290882830926193e-01
2.157200000000000000e+04 6.672962300604723396e-02 -7.887359431203689875e-01 2.250411024483067735e-01
2.140000000000000000e+04 1.419537123534730938e-02 -9.384265235087345669e-01 1.484456407289158619e-02
2.320500000000000000e+04 1.764301739480238496e-01 -9.332318447796069671e-01 3.067033778189660609e-01
2.339000000000000000e+04 1.920918185964684000e-01 -7.714366896391660067e-01 3.527146470346380625e-01
2.269900000000000000e+04 2.298351227610595515e-02 -5.847417491523172473e-01 7.292669426138154165e-02
2.166100000000000000e+04 3.497806422911526880e-01 -6.942646486099893766e-01 4.323391341512916597e-02
2.260800000000000000e+04 -1.237414164887518098e-02 -5.552797941870555309e-01 1.650569339034930749e-01
2.170000000000000000e+04 -1.237414164887518098e-02 -5.552797941870555309e-01 1.650569339034930749e-01
2.291500000000000000e+04 9.242619509815597212e-02 -6.837949931173051832e-01 2.964537275962850771e-01
2.268800000000000000e+04 1.076805146195649598e-01 -6.693038836608891096e-01 4.248468701566867622e-01
2.296700000000000000e+04 -6.657896597652115389e-01 6.986185900344206168e-01 -1.251030321690294045e-02
2.133900000000000000e+04 -3.643498528846897955e-01 9.474293874099137813e-01 1.394271043858719139e-01
2.133800000000000000e+04 -1.957133815180736036e-01 6.718715703951576579e-01 3.336754713047849208e-01
2.169900000000000000e+04 -1.654504988713814129e-01 8.796151245112749928e-01 3.972458107568304086e-01
2.149400000000000000e+04 -5.761250466998770747e-01 6.037933035126020753e-01 1.271620439559768556e-01
2.216200000000000000e+04 -7.747590529600163478e-01 -2.162196799733340224e-03 3.774649520256367907e-02
2.216300000000000000e+04 -8.980995468171020235e-01 -2.240093758723629980e-01 2.288344307874172756e-01
2.164800000000000000e+04 -7.351085136018671307e-01 -2.874892547011494437e-01 2.229292837283320949e-01
2.236100000000000000e+04 -7.109417153398407407e-01 9.301639018860573538e-01 1.241234138714606416e-01
2.150000000000000000e+04 -8.535820771795421535e-01 8.555103637236680658e-01 1.587452311479964351e-01
2.368400000000000000e+04 2.262904078231358085e-01 6.621955832285157939e-01 2.138874266906007904e-01
2.306300000000000000e+04 -1.395590558837334072e-02 9.721828713095197472e-01 1.307259194344343456e-01
2.339100000000000000e+04 -2.687604882412841789e-02 7.580650802038134684e-01 -2.610791747960305997e-03
2.331300000000000000e+04 3.848009852062972413e-01 8.837330803368719234e-01 3.688043644751406447e-01
2.289600000000000000e+04 -3.706604489965137361e-02 8.083335302193441763e-01 4.229633940280521642e-01
2.154700000000000000e+04 3.249890154898178452e-01 5.774904806246615729e-01 4.151106209771882050e-02
2.142100000000000000e+04 2.746699878105776094e-01 5.861215825280891023e-01 3.310677142310893828e-01
2.142000000000000000e+04 2.746699878105776094e-01 5.861215825280891023e-01 3.310677142310893828e-01
2.160900000000000000e+04 -1.198397672600215458e-01 5.778061949250385965e-01 3.149689121677035075e-01
2.160800000000000000e+04 -1.198397672600215458e-01 5.778061949250385965e-01 3.149689121677035075e-01
2.133300000000000000e+04 -1.259331643605374751e-01 5.986107510101315032e-01 3.984762778541153239e-01
2.139400000000000000e+04 -1.259331643605374751e-01 5.986107510101315032e-01 3.984762778541153239e-01
2.248100000000000000e+04 -1.538621715434098647e+00 4.028031452650743249e-01 2.993534468377188063e-01
2.235900000000000000e+04 -1.435358011514257015e+00 1.504550474003190919e-01 3.401418934596627253e-01
2.173400000000000000e+04 -1.211240613264418897e+00 2.399692905749330474e-01 3.274471788988027043e-01
2.339200000000000000e+04 -9.830048270360460805e-01 1.597060590829125493e-01 7.710888368173307583e-02
2.269500000000000000e+04 -8.183425594707554040e-01 3.811758712232379831e-01 3.580517116353441054e-01
2.175600000000000000e+04 -1.116536969781945388e+00 1.404176944060954724e-01 3.018204835709887845e-01
2.271000000000000000e+04 -7.837002178548502229e-01 1.796163869648259304e-01 1.369940741970321341e-01
2.165700000000000000e+04 -7.837002178548502229e-01 1.796163869648259304e-01 1.369940741970321341e-01
2.328100000000000000e+04 -8.149981894503408597e-01 2.431617734485141263e-02 6.867771393866561880e-02
2.162200000000000000e+04 8.584120376666746211e-01 -7.453944666723124612e-01 1.144955694067508745e-01
2.206500000000000000e+04 6.606902609797060677e-01 -6.624035023789021093e-01 1.985272665815696058e-01
2.152700000000000000e+04 5.654166741613497749e-01 -8.918870133340059958e-01 3.238412688529734851e-01
2.214800000000000000e+04 4.872707267631373185e-01 -8.608129043359343813e-01 4.322262623186361452e-01
2.278700000000000000e+04 4.872707267631373185e-01 -8.608129043359343813e-01 4.322262623186361452e-01
2.136700000000000000e+04 4.536302425780842640e-01 -7.975076201262443210e-01 1.748491923391082281e-01
2.148900000000000000e+04 6.819034775673014082e-01 -1.893813291328707016e-01 1.361392859111809628e-02
2.268000000000000000e+04 6.417590662535790358e-01 -3.055892339041413330e-01 1.134144596040460584e-01
2.307900000000000000e+04 8.365246034874047609e-01 -2.012344959254929733e-01 1.763901891733201666e-01
2.236800000000000000e+04 5.140234373910992360e-01 -6.484838822568515793e-02 6.207282784636269923e-02
2.128300000000000000e+04 5.824657873995402468e-01 -8.899922658885953131e-02 3.792700166393565553e-01
2.206100000000000000e+04 8.659599763414682627e-01 -1.117995247234627662e-02 4.348982135617180944e-01
2.343100000000000000e+04 6.881304033118791352e-01 -6.985454882086115924e-02 4.441281970232644483e-01
2.156200000000000000e+04 6.266933790725186526e-01 -5.088223030277845282e-01 3.245554291781473921e-01
2.293600000000000000e+04 8.820370092411913276e-01 7.922818234148104599e-01 2.593269237418915907e-01
2.161300000000000000e+04 5.446801703361288105e-01 6.433172566529670178e-01 4.971734300887185043e-01
2.157400000000000000e+04 4.197011283050287034e-01 1.074710348396920701e+00 1.758618975971728560e-01
2.174100000000000000e+04 4.344730654413702098e-01 5.672279924837891896e-01 1.886018060965781729e-01
2.239500000000000000e+04 4.278876890574423442e-01 5.323719930825943081e-01 1.625421805166560318e-01
2.133000000000000000e+04 9.027165835939161553e-01 3.044445923596861281e-01 1.400558108555340908e-01
2.292900000000000000e+04 7.803378767468522881e-01 1.726579221915849061e-01 2.341622769733380238e-01
2.169000000000000000e+04 7.803378767468522881e-01 1.726579221915849061e-01 2.341622769733380238e-01
2.129800000000000000e+04 7.710389385659759398e-01 3.348466722557031927e-01 3.499315750021647631e-01
2.343800000000000000e+04 5.179985957951167563e-01 1.878495942899339188e-01 3.286506759901115515e-01
2.343700000000000000e+04 4.197907436992061037e-01 1.524742785618647956e-01 2.808893392813338608e-02
2.167600000000000000e+04 8.493768318161905029e-01 1.714585609488609719e-01 4.981587308986554774e-01
2.156700000000000000e+04 4.085019531257430003e-01 9.453553768423250681e-02 2.096762497027100380e-01
2.172700000000000000e+04 4.023274453194431999e-01 -7.661068209720352240e-03 8.726959891102339384e-01
2.168400000000000000e+04 8.516193158808711416e-01 -5.260624182135210936e-02 5.945235450873163074e-01
2.213800000000000000e+04 5.863054044307229873e-01 -2.031693972361323652e-01 5.405552582767025882e-01
2.256800000000000000e+04 4.105213684419233289e-01 -3.632139191449035298e-01 8.560078960281458649e-01
2.124600000000000000e+04 4.105213684419233289e-01 -3.632139191449035298e-01 8.560078960281458649e-01
2.244900000000000000e+04 5.584921576847321489e-01 -1.421947934263063928e-01 1.078204826722807042e+00
2.260300000000000000e+04 6.647308113213128422e-01 6.437399584377225814e-01 5.520391762024221549e-01
2.151600000000000000e+04 8.787199470131561441e-01 6.371818712780954463e-01 6.210322200458229247e-01
2.345600000000000000e+04 8.787199470131561441e-01 6.371818712780954463e-01 6.210322200458229247e-01
2.352100000000000000e+04 5.763191378146697019e-01 1.571575802163866775e-01 9.145936362388198404e-01
2.317000000000000000e+04 4.581049626545876663e-01 2.248297334753996402e-01 6.120908801532145560e-01
2.333400000000000000e+04 4.209149154181393016e-01 3.449678992774472819e-02 6.556227119575055440e-01
2.140200000000000000e+04 -2.102035549398770797e-01 1.314662193967605308e+00 1.749022240894682056e-02
2.313900000000000000e+04 -9.528960126988650359e-02 1.297826198768657235e+00 7.268824885035414241e-01
2.340200000000000000e+04 3.126338060242730421e-01 1.270709257996329500e+00 5.555203642146171461e-01
2.161500000000000000e+04 -4.461492952898815645e-02 1.185120692604763937e+00 5.635231376232301415e-01
2.139800000000000000e+04 4.020154810077301022e-01 -5.104259948498579558e-01 -9.151029622592510293e-02
2.225800000000000000e+04 5.731873941609713086e-01 -6.895848364975540323e-02 -2.624953000547041171e-01
2.349400000000000000e+04 6.816654859343849182e-01 -4.847945707667522530e-01 -2.187869272897788875e-01
2.233200000000000000e+04 6.314480833803681747e-01 -3.062624752727614585e-01 -1.887332875499083684e-01
2.347400000000000000e+04 9.175530305569665757e-01 -6.177496029139233069e-02 -1.711271474904059176e-01
2.163700000000000000e+04 8.420755100280370442e-01 -3.830816846681894816e-01 -1.304506508624285743e-01
2.267800000000000000e+04 4.700598642003992467e-01 -2.979245325422030799e-01 -3.223766426538023921e-01
2.184200000000000000e+04 4.289200678299387448e-01 -2.351472153488323724e-01 -4.503091002640626783e-01
2.136800000000000000e+04 4.233030785174776156e-01 -2.381998785761701432e-01 -3.020704095214785667e-01
2.238800000000000000e+04 9.224942425592104200e-01 -4.054853963684881824e-01 -3.553146735115397803e-02
2.130500000000000000e+04 4.986480812179845401e-01 -5.244335645958039249e-01 -1.524352797726624686e-01
2.135700000000000000e+04 4.986480812179845401e-01 -5.244335645958039249e-01 -1.524352797726624686e-01
2.344200000000000000e+04 1.688411547998338591e-01 -1.119428376086586185e+00 -5.089677275568647019e-01
2.328400000000000000e+04 1.565301991685057459e-01 -1.147734874156505214e+00 -4.803156834073813997e-01
2.219400000000000000e+04 -8.199537042140701004e-01 -2.116888469979118503e-01 -2.340370204114297081e-01
2.201700000000000000e+04 -8.097753281943145254e-01 -3.874210597356393948e-01 -1.263836715326789317e-01
2.201600000000000000e+04 7.534992727340821261e-01 -9.267779041884391944e-01 -3.318915082495461633e-01
2.348300000000000000e+04 8.430008010994054501e-01 -5.904034028315673366e-01 -2.039146576716657222e-01
2.169600000000000000e+04 8.108468551022163240e-01 -9.434625644653300558e-01 -1.398312000697643498e-01
2.320700000000000000e+04 6.602278202015945396e-01 -8.436526832805699705e-01 -8.337273841159920096e-02
2.342100000000000000e+04 -2.602970127759576258e-01 -8.610861870173009969e-01 -2.547193257977493630e-01
2.242900000000000000e+04 -3.886807107979954878e-01 -5.591652751337300442e-01 -2.391815025039818465e-01
2.327700000000000000e+04 -3.404325872062496927e-01 -7.055579842928240142e-01 -2.069238647290632116e-01
2.309500000000000000e+04 4.949409219869203014e-01 4.096033301311811231e-02 -4.822889478931120522e-01
2.341300000000000000e+04 8.203850457648087513e-01 5.194983710214193806e-01 -4.197910650107541386e-01
2.124700000000000000e+04 7.976485765578331666e-01 1.830010207175665204e-01 -3.154794962870877129e-01
2.285700000000000000e+04 6.264131336162961361e-01 5.477786812338492073e-01 -2.271000574724002519e-01
2.199800000000000000e+04 4.669286157802297055e-01 8.188118834423344095e-02 -2.064262783948382918e-01
2.169300000000000000e+04 4.669286157802297055e-01 8.188118834423344095e-02 -2.064262783948382918e-01
2.152100000000000000e+04 4.758512400677421539e-01 1.392227137036133600e-01 -9.298605144767257968e-02
2.158200000000000000e+04 4.327311515755987159e-01 1.070749559635116172e-01 -1.693540026263153919e-01
2.127300000000000000e+04 4.091431388698989480e-01 5.214977338308939281e-01 -1.517372624835466866e-01
2.148500000000000000e+04 -7.361004797909131980e-03 -7.987940481036860385e-01 -3.767726263164856704e-01
2.322600000000000000e+04 3.414593391019682400e-01 -7.587762306384649991e-01 -4.861370421421078447e-01
2.352000000000000000e+04 3.172133184822456542e-01 -8.267513632943428448e-01 -3.869685028768437007e-01
2.184100000000000000e+04 1.839941592574838580e-01 -6.211994749572573582e-01 -1.156699785900414668e-01
2.240000000000000000e+04 1.839941592574838580e-01 -6.211994749572573582e-01 -1.156699785900414668e-01
2.263400000000000000e+04 9.177766936736730941e-02 -7.538221603694531536e-01 -1.036951908871515116e-01
2.263300000000000000e+04 5.470583109328330806e-02 -1.060331905377390083e+00 -3.726459908047186076e-01
2.331700000000000000e+04 1.450493602370741542e-01 -8.315698581066501838e-01 -8.256410217990861611e-02
2.246500000000000000e+04 -9.599990540578762221e-01 3.366558971843756631e-01 -2.133634373952197905e-02
2.160600000000000000e+04 -2.902753378482803015e-01 9.476516124554763554e-01 -2.415493096484340185e-01
2.310000000000000000e+04 -2.263065879814512016e-01 5.905321231879262500e-01 -4.491492386164530615e-02
2.305900000000000000e+04 -6.744046723019572198e-01 7.642752593226230795e-01 -2.806022979911428905e-01
2.250100000000000000e+04 -8.033224299590813189e-01 8.345351382602761436e-01 -1.825465250184699073e-02
2.178100000000000000e+04 3.463067553489320716e-01 9.381840618832316681e-01 -4.812190641468241381e-01
2.178000000000000000e+04 3.125596222289761528e-01 7.535573150532164366e-01 -4.023857987420829119e-01
2.129300000000000000e+04 3.787860695208635775e-01 7.892264515373139666e-01 -3.668832993110928697e-01
2.370700000000000000e+04 3.849319341593169241e-01 8.611172736221144319e-01 -2.859364804700597062e-01
2.176300000000000000e+04 2.719702960488312726e-02 7.811104939934486735e-01 -2.236390796683949134e-01
2.164900000000000000e+04 -3.388120417386453198e-02 6.406885324039590657e-01 -1.953350267345435043e-01
2.169100000000000000e+04 3.196237403829158552e-01 6.825337287821829912e-01 -1.551915115213482466e-01
2.291400000000000000e+04 -5.590382744120425684e-02 9.106154699121962182e-01 -1.242991318627169051e-01
2.163400000000000000e+04 2.497466446604565959e-01 7.394631865239440494e-01 -1.144738046977860080e-01
2.167700000000000000e+04 8.057782409041909233e-01 1.004227724253166532e+00 -5.530733882581113647e-01
2.332200000000000000e+04 6.089234278687527535e-01 1.052476326545222163e+00 -4.094098034888222770e-01
2.188100000000000000e+04 5.923414803486064528e-01 6.279146476286344702e-01 -3.295084027894024103e-01
2.279400000000000000e+04 9.269259790615098638e-01 7.620635217057351030e-01 -2.520174397608005989e-01
2.294500000000000000e+04 6.098807048707044487e-01 9.367368033195645483e-01 -2.177454738143325130e-01
2.197000000000000000e+04 4.761045328142810007e-01 7.865632863017247844e-01 -2.138512544249682179e-01
2.157300000000000000e+04 4.420160940041668596e-01 9.238294692596340507e-01 -2.171551228890464813e-01
2.246900000000000000e+04 5.961665132992024496e-01 1.428064327867059502e+00 5.148595698216151817e-01
2.270100000000000000e+04 3.342316817116426364e-01 1.376512117064017104e+00 3.072405726612892352e-01
2.138400000000000000e+04 -2.233734264245690326e-02 1.206437804201516473e+00 -3.365887923817290073e-02
2.242200000000000000e+04 7.041626154151146011e-01 1.411948592479698616e+00 -3.867304756339144944e-01
2.242100000000000000e+04 6.469094486708328873e-01 1.224352346045345152e+00 -1.080674454421384212e-01
2.189100000000000000e+04 4.510510131940499434e-01 1.118385342371062352e+00 -3.341591050036996080e-01
2.309700000000000000e+04 4.510510131940499434e-01 1.118385342371062352e+00 -3.341591050036996080e-01
2.335300000000000000e+04 3.721839660966725916e-01 1.682396697781098460e+00 2.384380818096936139e-01
2.127000000000000000e+04 6.706049000906393331e-01 -1.119166415863025010e+00 -7.923368493023961179e-01
2.370000000000000000e+04 6.623016608433243135e-01 -2.773105213094828603e-01 -7.599104292254796889e-01
2.369900000000000000e+04 6.623016608433243135e-01 -2.773105213094828603e-01 -7.599104292254796889e-01
2.126200000000000000e+04 -3.002747066596889169e-01 -3.489309893820808361e-01 -1.070720307067182020e+00
2.297600000000000000e+04 -1.995738365110923951e-01 1.060963938244832705e-02 -6.759088265808692597e-01
2.157800000000000000e+04 -6.738565696041156627e-01 -3.345063472856280029e-01 -8.660211088712213012e-01
2.190200000000000000e+04 -5.305053434002466872e-01 -4.171975314874319385e-01 -5.698104763932132499e-01
2.281200000000000000e+04 5.643289444573369451e-01 9.671827936675363446e-01 -6.858631772145766803e-01
2.280700000000000000e+04 -8.257315772734177273e-01 -2.534585371775920359e-01 -7.866153761437857383e-01
2.145600000000000000e+04 -1.071129498849680672e+00 -3.028573746653839827e-01 -6.514464074766870283e-01
2.369100000000000000e+04 -5.202465480823015298e-02 -4.748706687285181860e-01 -9.607825641914242709e-01
2.191700000000000000e+04 3.526000708098742109e-02 -3.597818681170568134e-01 -1.103994047549706536e+00
2.191600000000000000e+04 3.526000708098742109e-02 -3.597818681170568134e-01 -1.103994047549706536e+00
2.131700000000000000e+04 1.780526088457765610e-01 -4.295986585378452904e-01 -8.590973168039983676e-01
2.161600000000000000e+04 3.649230280974578022e-01 -1.151038797576971195e-01 -7.581044292921461647e-01
2.347900000000000000e+04 3.649230280974578022e-01 -1.151038797576971195e-01 -7.581044292921461647e-01
2.347800000000000000e+04 3.649230280974578022e-01 -1.151038797576971195e-01 -7.581044292921461647e-01
2.168000000000000000e+04 -7.243641566878089577e-02 -2.503312229159498914e-02 -7.870652834693139255e-01
2.162000000000000000e+04 -7.243641566878089577e-02 -2.503312229159498914e-02 -7.870652834693139255e-01
2.202800000000000000e+04 6.561787682759501195e-03 -2.231971549842085012e-01 -6.829578618596912065e-01
2.297700000000000000e+04 -3.921733585688258472e-03 -5.007501335900456096e-01 -5.841347748161762610e-01
2.158500000000000000e+04 8.108416270436791251e-01 -8.138357766140346117e-01 -8.280174735764997962e-01
2.170700000000000000e+04 8.127065483209872099e-01 -5.477398937094932752e-01 -6.707941027582648985e-01
2.135600000000000000e+04 -1.936996599885194570e-01 -9.679705684551215272e-01 -7.325433433773529401e-01
2.245400000000000000e+04 -2.506590774511572306e-01 -8.669605080147807508e-01 -7.451245810377873369e-01
2.152500000000000000e+04 7.316850351896935223e-01 3.574764642941231085e-01 -1.083299981193713180e+00
2.152400000000000000e+04 5.979603162945696937e-01 1.908881890187945074e-01 -9.652450084792167928e-01
2.128200000000000000e+04 5.103397662698689885e-01 4.842860675015505656e-01 -8.938034194189246051e-01
2.310700000000000000e+04 4.769159099994979556e-01 3.393402084084098935e-01 -8.429874858110544267e-01
2.131000000000000000e+04 7.239913027651319055e-01 3.175302847626683689e-01 -6.299270381314059364e-01
2.209100000000000000e+04 -3.655647065176736987e-01 1.146694664299739014e-01 -8.309218121996142514e-01
2.237400000000000000e+04 -4.803070211996001149e-01 2.036032206178823856e-01 -6.841751949669685473e-01
2.344000000000000000e+04 -3.017913416669752991e-01 3.682604554709892897e-01 -5.905078560065035731e-01
2.258600000000000000e+04 6.953537386641261975e-01 1.287273489789654723e+00 -9.243708215955184215e-01
2.139500000000000000e+04 6.406944563501308920e-01 1.140372784980991483e+00 -6.901670938665205313e-01
2.320900000000000000e+04 3.094261120643029273e-01 -7.853176581602511197e-01 -8.382971277782136355e-01
2.320800000000000000e+04 3.410150520538284269e-01 -7.118005362195650720e-01 -8.403970308793198285e-01
2.173800000000000000e+04 7.344068670930248288e-02 -7.429592296801317275e-01 -7.674827220964797192e-01
2.173700000000000000e+04 -2.484708493747511682e-02 -8.567795383143343990e-01 -7.463840448594680765e-01
2.170500000000000000e+04 4.367418143691459420e-02 -5.584321290760779766e-01 -6.383427826345240419e-01
2.255100000000000000e+04 2.038082749904202018e-01 -8.924659225079462077e-01 -6.067179337628338942e-01
2.255000000000000000e+04 9.058953793177337843e-03 -8.487272110298716976e-01 -5.623928950365186807e-01
2.307200000000000000e+04 1.811937047061658035e-01 1.218256224763652751e-01 -8.887464585974615972e-01
2.307100000000000000e+04 1.347961863390345627e-02 5.183260855972797732e-01 -7.508219973437935124e-01
2.348000000000000000e+04 2.731412230156333720e-01 4.800286745677597167e-01 -6.899733731097548173e-01
2.247100000000000000e+04 -6.206717990239951632e-02 1.891676223380376332e-01 -6.650162396188488145e-01
2.318700000000000000e+04 1.656535776989507269e-01 2.858716514004127074e-01 -6.004415289234312780e-01
2.366900000000000000e+04 1.011221829782298798e+00 5.449008102611767601e-01 3.797345568820595929e-01
2.134700000000000000e+04 1.157172391037569525e+00 4.953837709330242700e-01 1.265799550622848102e-01
2.335700000000000000e+04 1.138702352331179668e+00 1.248310668272375606e-01 -1.289605834199036849e-02
2.335600000000000000e+04 9.614751707351469889e-01 7.602054207632334970e-01 4.029218613097427237e-01
2.192300000000000000e+04 1.183025714334624112e+00 1.004582586675051958e+00 -5.725246631458791313e-01
2.192200000000000000e+04 9.700712763901577773e-01 -5.879422692209278489e-01 -1.014258531897361593e+00
2.259500000000000000e+04 1.228089311840479425e+00 4.192697377109951828e-01 -7.358297787054954853e-01
2.143600000000000000e+04 1.389228285097463100e+00 5.379630176088584514e-01 -5.623169495630353509e-01
2.335200000000000000e+04 1.389228285097463100e+00 5.379630176088584514e-01 -5.623169495630353509e-01
2.200400000000000000e+04 1.191856554578201610e+00 -3.339374201068827652e-01 -2.171276571408249367e-01
2.289700000000000000e+04 1.191856554578201610e+00 -3.339374201068827652e-01 -2.171276571408249367e-01
2.328900000000000000e+04 1.122597286212252854e+00 -3.775236205150616087e-01 -4.773542379767015120e-02
2.134800000000000000e+04 1.118722449098289218e+00 8.591887136916148693e-01 -3.659069109241919193e-01
2.244000000000000000e+04 1.201044542389032799e+00 -6.677315047401632953e-01 -2.937337828352362123e-01
2.318800000000000000e+04 1.114638877028896857e+00 -8.233345887074660086e-01 -1.351111577849302137e-01
2.303900000000000000e+04 1.005621588621748330e+00 -6.069831056491447052e-01 -3.892841784411871231e-02
2.175500000000000000e+04 1.155418256324249882e+00 5.579133673293705797e-01 -2.501578192881979135e-01
2.175400000000000000e+04 -2.020665681575355421e-01 6.077818258455648381e-01 -1.149943190520284375e+00
2.131800000000000000e+04 1.400859179215085959e-01 -4.692734399206620055e-01 -1.142054358468405084e+00
2.271300000000000000e+04 1.400859179215085959e-01 -4.692734399206620055e-01 -1.142054358468405084e+00
2.144900000000000000e+04 1.400859179215085959e-01 -4.692734399206620055e-01 -1.142054358468405084e+00
2.144800000000000000e+04 9.045507411271405118e-01 -7.515502820200222756e-01 -1.164752888513794105e+00
2.144700000000000000e+04 4.020962503661102971e-01 2.035524376878883879e-01 -1.197488336093826433e+00
2.144600000000000000e+04 5.540625931388323266e-01 2.763012723388826308e-01 -1.307045104997381912e+00
2.132100000000000000e+04 4.838388837995069025e-01 2.773421814898534565e-01 -1.144323539105037923e+00
2.138100000000000000e+04 6.373336907169271370e-01 4.528204915324008373e-01 -1.126574132334864586e+00
2.138000000000000000e+04 -1.615061082811646287e-01 2.491665759056489737e-01 -1.150903075446930046e+00
2.303800000000000000e+04 9.687754127768535284e-01 -8.068378684105393939e-01 -1.276925225038555212e+00
2.132400000000000000e+04 1.910538299752317926e-01 7.270253620687215645e-02 -1.230187057033194975e+00
2.133700000000000000e+04 1.720340728938651864e-01 3.003963678060477260e-01 -1.182083850167483519e+00
2.160100000000000000e+04 -3.114715946587480744e-01 -4.858387573258785008e-02 5.873218407827565102e-01
2.248000000000000000e+04 -3.114715946587480744e-01 -4.858387573258785008e-02 5.873218407827565102e-01
2.196900000000000000e+04 -6.497562071617579704e-01 -3.405678149228668627e-01 4.393669252116971791e-01
2.196800000000000000e+04 -6.055677674256454424e-01 2.326049327058690996e-01 3.079363836557789114e-01
2.328000000000000000e+04 -5.466533473090748885e-01 2.201376180884472289e-01 4.473928074835100688e-01
2.132500000000000000e+04 -2.175440724143413718e-01 -2.680882227429732256e-01 2.926229230257479941e-01
2.272900000000000000e+04 -2.777979043914733381e-01 -3.064283815575424841e-01 3.226807299001439588e-01
2.272800000000000000e+04 -2.931598483077682005e-01 -2.655438845578197982e-01 3.553495023103554473e-01
2.136600000000000000e+04 -6.530932081988165550e-01 -6.852339161553638869e-02 4.622071803085781028e-01
2.155100000000000000e+04 -2.390130294281149759e-01 -1.616088039622225747e-01 2.629068344089393605e-01
2.158100000000000000e+04 -2.390130294281149759e-01 -1.616088039622225747e-01 2.629068344089393605e-01
2.250500000000000000e+04 -1.513081347997875525e-01 -3.184600163364101344e-02 2.981125958608128457e-01
2.250400000000000000e+04 -3.555557982926540461e-01 2.056807992934884810e-01 4.158308621726121146e-01
2.130900000000000000e+04 -1.701728842950309684e-01 8.013808027125911282e-02 3.100711314083923753e-01
2.306900000000000000e+04 -1.721468187577102071e-01 1.130216586353027380e-01 3.053406108774048278e-01
2.163800000000000000e+04 -1.721468187577102071e-01 1.130216586353027380e-01 3.053406108774048278e-01
2.157700000000000000e+04 -2.757320393750948284e-01 8.166129193912577411e-02 3.790132295331698487e-01
2.370800000000000000e+04 -2.063656260776411955e-01 1.747670406551890820e-01 4.082279713984426905e-01
2.130100000000000000e+04 -2.960494130998050366e-01 4.624039208851833671e-02 4.733361317803055357e-01
2.163200000000000000e+04 -3.920634289864253219e-01 1.728389136406976168e-01 3.845873873770528917e-01
2.144500000000000000e+04 -2.101543530944347538e-01 5.515493595549787742e-02 5.057763275905244882e-01
2.144400000000000000e+04 -8.132187607554719477e-02 -4.394010927888656881e-01 7.194713632420999261e-01
2.204300000000000000e+04 -8.132187607554719477e-02 -4.394010927888656881e-01 7.194713632420999261e-01
2.204200000000000000e+04 5.034894124122679671e-02 -3.818204082968753577e-01 3.228621982690658143e-01
2.233700000000000000e+04 6.259476158141197288e-02 -2.866877626010218560e-01 3.498118676213515243e-01
2.329500000000000000e+04 -6.124034873486472463e-02 -3.901710996662364206e-01 3.353465225176339715e-01
2.294100000000000000e+04 -4.105198347185634589e-02 -3.772609778510480627e-01 4.065325339403766947e-01
2.316500000000000000e+04 -6.388377254264199223e-02 -5.207597335384328563e-01 3.581285664359299403e-01
2.142800000000000000e+04 1.277225766552714248e-01 -5.262807943102288943e-01 3.790587793174822195e-01
2.346200000000000000e+04 -4.839118057793179162e-02 -2.242556267389463343e-01 3.675419234020633752e-01
2.204100000000000000e+04 -4.839118057793179162e-02 -2.242556267389463343e-01 3.675419234020633752e-01
2.291200000000000000e+04 5.386415487464368823e-02 -1.629871589323626246e-01 2.611079661436637167e-01
2.291100000000000000e+04 1.263589051547597819e-02 -3.920875043885814482e-02 2.755840725931353319e-01
2.128800000000000000e+04 1.263589051547597819e-02 -3.920875043885814482e-02 2.755840725931353319e-01
2.242800000000000000e+04 1.263589051547597819e-02 -3.920875043885814482e-02 2.755840725931353319e-01
2.144100000000000000e+04 -3.743303888969506943e-02 -5.462994661788636575e-02 2.796322333031078244e-01
2.269600000000000000e+04 -3.743303888969506943e-02 -5.462994661788636575e-02 2.796322333031078244e-01
2.257400000000000000e+04 1.135197200750841517e-01 -1.675036994074482477e-01 5.244059370517728524e-01
2.143100000000000000e+04 1.739065434291653389e-02 1.265688473879970077e-01 2.923510764453105537e-01
2.160000000000000000e+04 7.568806206354672383e-02 1.122787343225980367e-01 3.069987219204541873e-01
2.332700000000000000e+04 4.122904816792605232e-02 2.070433317176825216e-01 2.995908402224287670e-01
2.243000000000000000e+04 4.122904816792605232e-02 2.070433317176825216e-01 2.995908402224287670e-01
2.163100000000000000e+04 1.190441513345561475e-01 1.573988642493094614e-01 3.394481618355396080e-01
2.166500000000000000e+04 2.818115503005280686e-02 2.718263640380286783e-01 3.489373139500315801e-01
2.165800000000000000e+04 -4.011828258733984853e-02 5.911161403485636762e-02 3.964286802653926856e-01
2.256700000000000000e+04 -2.191651623356882794e-02 4.451709666338135585e-02 4.983510875375873894e-01
2.159800000000000000e+04 -4.156691468005746515e-02 1.319599524717624539e-01 5.050410891902856747e-01
2.138300000000000000e+04 -4.156691468005746515e-02 1.319599524717624539e-01 5.050410891902856747e-01
2.185700000000000000e+04 -1.352156898866923029e-01 3.914829771835259264e-01 6.219640191013162678e-01
2.322300000000000000e+04 -4.385967946535114237e-01 4.460886376864660052e-01 3.534635818087235037e-01
2.322200000000000000e+04 -5.618416802056884762e-01 4.257920889513752694e-01 4.380848497952012366e-01
2.322100000000000000e+04 -6.580827061061107486e-01 -3.392182409821914990e-01 1.394463164962864710e-01
2.165100000000000000e+04 -5.928745123665795091e-01 -2.935866523322029908e-01 8.537563334932407599e-02
2.208500000000000000e+04 -6.197122218049671005e-01 -2.794580815445633082e-01 1.438235208429983203e-01
2.208400000000000000e+04 -6.197122218049671005e-01 -2.794580815445633082e-01 1.438235208429983203e-01
2.290300000000000000e+04 -5.451955303767253014e-01 -4.895166418048646495e-01 9.726877873981543132e-02
2.263500000000000000e+04 -4.322385028100548254e-01 -3.328201226464892470e-01 1.837879942552600454e-01
2.313800000000000000e+04 -9.612397311190790106e-02 -2.655285597889759930e-01 1.100023606117996877e-01
2.169500000000000000e+04 -2.597008311678195014e-03 -5.166557126737666428e-01 3.170597037042810484e-03
2.334000000000000000e+04 9.007292930227350780e-02 -4.693317612359275137e-01 9.404066320079706998e-02
2.138500000000000000e+04 -4.655662262909014970e-01 2.368505018437512266e-01 5.277130361551307658e-02
2.240200000000000000e+04 -4.489335456947802783e-01 1.229528457190057072e-01 9.482977675189374622e-02
2.254200000000000000e+04 -5.216109329255740334e-01 1.503672949185050345e-01 2.367952830719826096e-01
2.353900000000000000e+04 -5.216109329255740334e-01 1.503672949185050345e-01 2.367952830719826096e-01
2.305700000000000000e+04 -5.216109329255740334e-01 1.503672949185050345e-01 2.367952830719826096e-01
2.164200000000000000e+04 -3.437684479598406284e-01 -4.888519328495769534e-01 4.623704540440876087e-02
2.163500000000000000e+04 -3.437684479598406284e-01 -4.888519328495769534e-01 4.623704540440876087e-02
2.270200000000000000e+04 -3.301206217510532781e-01 -4.037825296444034207e-01 6.783631929348210576e-02
2.257300000000000000e+04 -2.790962294197072424e-01 -2.657900469080865524e-01 1.226231353059485940e-01
2.270300000000000000e+04 -2.790962294197072424e-01 -2.657900469080865524e-01 1.226231353059485940e-01
2.330500000000000000e+04 -3.885508359955647251e-01 -2.783099768449985301e-01 2.085474255356540851e-01
2.285500000000000000e+04 -2.845686558170434921e-01 -3.935503369759523751e-01 2.472542713310907914e-01
2.140400000000000000e+04 -2.845686558170434921e-01 -3.935503369759523751e-01 2.472542713310907914e-01
2.140500000000000000e+04 -4.529541714713651857e-01 -1.474667006067925668e-01 2.748181272185590274e-02
2.163900000000000000e+04 -5.769317353182454866e-01 -8.123758002040167014e-02 3.898049913715340153e-02
2.131400000000000000e+04 -5.742918539436328018e-01 -4.022891446838072066e-02 7.538106196966154471e-02
2.169200000000000000e+04 -6.082810089868395664e-01 -1.971837603572646758e-01 4.251092918323529091e-02
2.152900000000000000e+04 -6.082810089868395664e-01 -1.971837603572646758e-01 4.251092918323529091e-02
2.161200000000000000e+04 -5.287376697602077513e-01 -1.624089830703209225e-01 1.557695967015906291e-01
2.317600000000000000e+04 -5.055300531270816577e-01 1.109897742036893356e-02 1.935383012983180606e-01
2.146600000000000000e+04 -4.219680164060353178e-01 -2.293095172142660121e-01 2.139490772876690983e-01
2.315500000000000000e+04 -2.328681677202251166e-01 -1.072367298945337000e-02 1.405049437113703448e-02
2.160500000000000000e+04 -2.328681677202251166e-01 -1.072367298945337000e-02 1.405049437113703448e-02
2.245000000000000000e+04 -2.328681677202251166e-01 -1.072367298945337000e-02 1.405049437113703448e-02
2.223400000000000000e+04 -2.202778818099933034e-01 -7.701473846423050051e-02 1.193721558497422564e-01
2.223300000000000000e+04 -1.630651410779506705e-01 -1.875675451051798392e-01 1.528795262473785499e-01
2.223200000000000000e+04 -2.931500736137166996e-01 -5.680337067456971145e-03 1.483398158633555397e-01
2.150500000000000000e+04 -2.931500736137166996e-01 -5.680337067456971145e-03 1.483398158633555397e-01
2.150400000000000000e+04 -3.825390219422111215e-01 -7.381767918011244989e-02 9.671737626560883427e-02
2.166000000000000000e+04 -2.508006402227351828e-01 -1.317007018343869240e-01 1.668312816229331474e-01
2.329400000000000000e+04 -2.508006402227351828e-01 -1.317007018343869240e-01 1.668312816229331474e-01
2.277000000000000000e+04 -2.893702829295410339e-01 -2.083185228743039408e-01 2.062127054342397514e-01
2.314800000000000000e+04 -2.893702829295410339e-01 -2.083185228743039408e-01 2.062127054342397514e-01
2.314700000000000000e+04 -1.844238838315046536e-01 -1.137271440256931720e-01 2.541255533827158075e-01
2.306800000000000000e+04 -1.876538129375848740e-01 2.933780692942154766e-02 2.172343026384595532e-01
2.223500000000000000e+04 -1.755462990876992535e-01 7.104616776521585630e-02 4.797774827540202125e-02
2.325800000000000000e+04 -1.531385405638463482e-01 7.269631386591668409e-02 1.852746143942418655e-02
2.161100000000000000e+04 -1.531385405638463482e-01 7.269631386591668409e-02 1.852746143942418655e-02
2.295200000000000000e+04 -1.876452108303716670e-01 1.254173297230992690e-01 7.519357425707084985e-04
2.232400000000000000e+04 -2.557238348304800013e-01 2.862413944834156232e-01 6.491774709404474208e-02
2.188300000000000000e+04 -2.621480670057163564e-01 9.434175333815882081e-02 4.933357253632841832e-02
2.130200000000000000e+04 -2.621480670057163564e-01 9.434175333815882081e-02 4.933357253632841832e-02
2.129700000000000000e+04 -2.621480670057163564e-01 9.434175333815882081e-02 4.933357253632841832e-02
2.287400000000000000e+04 -2.133341155780925646e-01 1.053740223543866150e-01 4.251300092288623489e-02
2.145300000000000000e+04 -2.133341155780925646e-01 1.053740223543866150e-01 4.251300092288623489e-02
2.145200000000000000e+04 -2.232561010345861519e-01 9.981474415419255841e-02 9.547550760541945181e-02
2.146400000000000000e+04 -2.232561010345861519e-01 9.981474415419255841e-02 9.547550760541945181e-02
2.287800000000000000e+04 -3.501394825918833220e-01 9.158592601747224393e-02 1.837093200373978163e-01
2.174800000000000000e+04 -3.501394825918833220e-01 9.158592601747224393e-02 1.837093200373978163e-01
2.240400000000000000e+04 -2.229839970446310105e-01 3.525770085772145235e-02 7.793760039942654316e-02
2.197500000000000000e+04 -2.229839970446310105e-01 3.525770085772145235e-02 7.793760039942654316e-02
2.286200000000000000e+04 -1.804332869609623913e-01 2.215041210290258078e-01 2.301451252078212661e-01
2.337800000000000000e+04 -1.804332869609623913e-01 2.215041210290258078e-01 2.301451252078212661e-01
2.133100000000000000e+04 -2.283857668184001710e-01 1.582712047583565984e-01 2.395936630857224969e-01
2.343000000000000000e+04 -2.283857668184001710e-01 1.582712047583565984e-01 2.395936630857224969e-01
2.342900000000000000e+04 -1.341360665476489800e-01 -8.646553299948935012e-02 1.172860099619477126e-02
2.256300000000000000e+04 -1.341360665476489800e-01 -8.646553299948935012e-02 1.172860099619477126e-02
2.234700000000000000e+04 -1.341360665476489800e-01 -8.646553299948935012e-02 1.172860099619477126e-02
2.151200000000000000e+04 8.637651920781408421e-02 -2.311729110763989514e-01 5.281477687546498601e-03
2.175000000000000000e+04 -6.543092940028749638e-02 3.186648101795738763e-03 7.105289795154945409e-02
2.125100000000000000e+04 -6.543092940028749638e-02 3.186648101795738763e-03 7.105289795154945409e-02
2.125000000000000000e+04 9.242775379927081758e-02 9.346897389539161188e-04 2.735600407412874802e-02
2.166200000000000000e+04 9.242775379927081758e-02 9.346897389539161188e-04 2.735600407412874802e-02
2.165000000000000000e+04 3.804364378651392542e-02 -5.406153196896272550e-02 1.023635961048441345e-02
2.134900000000000000e+04 3.804364378651392542e-02 -5.406153196896272550e-02 1.023635961048441345e-02
2.306100000000000000e+04 1.246370796600615449e-02 -7.519402701733830796e-02 6.465235253914336511e-02
2.135100000000000000e+04 1.246370796600615449e-02 -7.519402701733830796e-02 6.465235253914336511e-02
2.194600000000000000e+04 7.734999304349976512e-02 -1.033558029445060394e-01 8.126154197314505723e-02
2.194500000000000000e+04 2.707019608722660564e-03 -1.305171885733321102e-01 9.141694495646213170e-02
2.194400000000000000e+04 2.707019608722660564e-03 -1.305171885733321102e-01 9.141694495646213170e-02
2.242600000000000000e+04 -6.829919635261028077e-02 -3.135253869972317448e-03 7.587495274766986597e-02
2.295000000000000000e+04 -6.499547745058542603e-02 -9.607998582554361927e-03 7.417411859222156068e-02
2.167800000000000000e+04 7.343210367888097778e-02 -1.173417297032032861e-02 1.044148279016106073e-01
2.189300000000000000e+04 7.343210367888097778e-02 -1.173417297032032861e-02 1.044148279016106073e-01
2.247700000000000000e+04 -3.499008291860938868e-02 -1.145468829505406627e-01 1.197448624488508528e-01
2.171500000000000000e+04 -5.479161152958234027e-02 -2.685209088273658729e-02 7.275927587093278248e-03
2.171400000000000000e+04 -5.479161152958234027e-02 -2.685209088273658729e-02 7.275927587093278248e-03
2.171300000000000000e+04 1.271733700470463191e-01 -2.215084811392871167e-01 5.089144266620948542e-02
2.194700000000000000e+04 -6.181212776689015698e-02 -7.840984234935384489e-02 1.587229359735786716e-01
2.155400000000000000e+04 -8.963243089119821150e-02 -6.733831304007863172e-02 1.479188727044995488e-01
2.138900000000000000e+04 3.664830385788064859e-02 -2.189286832668401184e-01 1.742379352842444717e-01
2.164100000000000000e+04 -1.089337873723312811e-01 -6.521274860095392645e-02 1.531056640702335159e-01
2.164000000000000000e+04 -1.089337873723312811e-01 -6.521274860095392645e-02 1.531056640702335159e-01
2.319500000000000000e+04 -2.587352090761285694e-02 -1.730210582640962225e-01 2.139837700879105853e-01
2.129400000000000000e+04 -1.197773823336252264e-01 -1.933503252242388393e-01 2.344986364327716899e-01
2.126700000000000000e+04 -1.328893381381934802e-01 -1.029663069876152054e-01 8.957172929067169775e-03
2.126600000000000000e+04 -1.328893381381934802e-01 -1.029663069876152054e-01 8.957172929067169775e-03
2.167900000000000000e+04 -1.328893381381934802e-01 -1.029663069876152054e-01 8.957172929067169775e-03
2.257600000000000000e+04 -1.427308294508335962e-01 -1.705212720350623296e-02 5.975639424939593880e-02
2.257500000000000000e+04 -5.642237873136988213e-01 3.218852806707796499e-01 2.233071359742329065e-01
2.174200000000000000e+04 -1.158000166175536805e-01 2.753809946485481497e-01 9.065100919937663093e-02
2.166300000000000000e+04 -1.158000166175536805e-01 2.753809946485481497e-01 9.065100919937663093e-02
2.153300000000000000e+04 2.063985431593096109e-02 9.679635505509208426e-02 2.174556293423535180e-02
2.153400000000000000e+04 2.063985431593096109e-02 9.679635505509208426e-02 2.174556293423535180e-02
2.141900000000000000e+04 1.046933488234280674e-02 1.092803496566875088e-01 9.065101199730563053e-02
2.135000000000000000e+04 3.180037101137855871e-02 5.823920205142717882e-02 6.821217203718710209e-02
2.142200000000000000e+04 -9.871300828621087931e-03 8.497202016338080421e-02 2.173509486237179544e-02
2.226000000000000000e+04 -9.871300828621087931e-03 8.497202016338080421e-02 2.173509486237179544e-02
2.225900000000000000e+04 -6.474520036338304863e-02 1.724619104392345059e-01 1.717346371296883945e-01
2.172900000000000000e+04 -1.077262144607455951e-01 1.368660130676758735e-01 4.834469597243007399e-02
2.248400000000000000e+04 -1.077262144607455951e-01 1.368660130676758735e-01 4.834469597243007399e-02
2.143400000000000000e+04 -1.077262144607455951e-01 1.368660130676758735e-01 4.834469597243007399e-02
2.209900000000000000e+04 -1.154434823055847659e-01 1.207610636987191399e-01 9.227479905810120897e-02
2.287000000000000000e+04 -1.154434823055847659e-01 1.207610636987191399e-01 9.227479905810120897e-02
2.147500000000000000e+04 -1.066949421422052069e-01 1.708122727986395584e-01 2.072304652792098523e-01
2.293300000000000000e+04 -1.066949421422052069e-01 1.708122727986395584e-01 2.072304652792098523e-01
2.197200000000000000e+04 -1.204608465737386780e-01 6.626024466819502301e-02 8.926196105122130575e-02
2.252100000000000000e+04 -1.204608465737386780e-01 6.626024466819502301e-02 8.926196105122130575e-02
2.236500000000000000e+04 -1.204608465737386780e-01 6.626024466819502301e-02 8.926196105122130575e-02
2.236400000000000000e+04 -9.045942001457518700e-02 2.984128366841525687e-02 9.323805727035150426e-02
2.319000000000000000e+04 -4.909311038998431798e-02 2.873605698480228426e-02 5.334643690442675279e-03
2.159100000000000000e+04 -2.402435203828545696e-03 1.658426867385029979e-01 2.377879124224744345e-01
2.146000000000000000e+04 -2.402435203828545696e-03 1.658426867385029979e-01 2.377879124224744345e-01
2.145900000000000000e+04 -6.468560649888921432e-02 1.948164887009589882e-02 1.503030586741633812e-01
2.161900000000000000e+04 9.513121507055366521e-02 3.035494690734087952e-01 1.189512134539576493e-01
2.172600000000000000e+04 -1.013003533817968815e-01 3.001063507080600212e-01 1.108657309547567138e-04
2.250300000000000000e+04 -1.013003533817968815e-01 3.001063507080600212e-01 1.108657309547567138e-04
2.329800000000000000e+04 -4.848750108309118900e-02 5.342959672065662469e-01 2.424212435640011876e-01
2.279700000000000000e+04 -3.268143104401239896e-01 3.570943739480289536e-01 1.085255253892487559e-01
2.279600000000000000e+04 -3.268143104401239896e-01 3.570943739480289536e-01 1.085255253892487559e-01
2.330400000000000000e+04 -1.937626886930701176e-01 4.471224751976851652e-01 1.788450037872557630e-01
2.316400000000000000e+04 -2.971095618317693976e-01 2.955896588904216582e-01 4.847587791667429258e-02
2.125200000000000000e+04 -2.943092502938426946e-02 4.577348874147922908e-01 4.697763852827865350e-01
2.144000000000000000e+04 6.278737938059109069e-03 3.033306613172521704e-01 4.908844607651481340e-01
2.339300000000000000e+04 2.722512374910746047e-01 -1.561765654987565533e-01 7.840566521460630156e-01
2.269300000000000000e+04 1.744957935609949828e-01 -8.581023780534141610e-02 6.722498681689152988e-01
2.143900000000000000e+04 1.744957935609949828e-01 -8.581023780534141610e-02 6.722498681689152988e-01
2.160400000000000000e+04 1.732413746606429328e-01 -4.408451899465018475e-01 5.058894858294138430e-02
2.160300000000000000e+04 2.282957375989056459e-01 -3.044446515435190737e-01 1.829314729855155974e-01
2.300000000000000000e+04 1.954785513050847356e-01 2.193166142450871936e-01 1.779157170181360215e-01
2.299900000000000000e+04 2.509957932789692592e-01 2.588788367027253789e-01 1.995270588860602601e-01
2.299800000000000000e+04 1.539182039946176417e-01 1.550653533621726698e-01 1.006162074059400169e-01
2.176000000000000000e+04 1.539182039946176417e-01 1.550653533621726698e-01 1.006162074059400169e-01
2.233500000000000000e+04 2.256465732027699289e-01 2.258201170906679045e-02 5.895600326172356631e-02
2.233400000000000000e+04 3.188115291603370594e-01 1.766937249554631773e-01 2.551453478311813683e-01
2.183900000000000000e+04 3.568318767425999738e-01 -8.676041671438837477e-02 3.357126296120860331e-02
2.350700000000000000e+04 2.513675264529524611e-01 -7.834616299900563907e-02 1.100148922838837251e-01
2.139900000000000000e+04 1.940430727878830197e-01 -1.585889197513150328e-01 1.791397292919558737e-01
2.236200000000000000e+04 1.975573117243882848e-01 -8.979094704722256903e-02 1.906691860646283487e-01
2.293000000000000000e+04 1.645480696962398071e-01 6.307744870496664880e-03 1.666045610676594180e-01
2.170400000000000000e+04 1.708744040971250655e-01 -1.713896498975721883e-01 2.378270234078279088e-01
2.258700000000000000e+04 1.708744040971250655e-01 -1.713896498975721883e-01 2.378270234078279088e-01
2.351800000000000000e+04 1.356209862743469330e-01 1.121730643934520585e-02 1.170500058283536760e-01
2.332600000000000000e+04 1.356209862743469330e-01 1.121730643934520585e-02 1.170500058283536760e-01
2.267200000000000000e+04 3.374258018979503504e-01 -8.056472122028465743e-03 2.485455809325198828e-01
2.241400000000000000e+04 2.673503411100348615e-01 -4.514178624071800150e-01 3.059926335114120377e-01
2.228400000000000000e+04 3.737806689450948738e-01 -2.817036641890390269e-01 3.851941247582697514e-01
2.330700000000000000e+04 2.853464319171568064e-01 4.917999581564591605e-02 5.077865199134894425e-01
2.246200000000000000e+04 1.333339240699800143e-01 4.170509429374907873e-02 3.199904433160263295e-01
2.330600000000000000e+04 1.308130798448754462e-01 1.803370021134655943e-01 2.942983481655492284e-01
2.184000000000000000e+04 2.867416762074714853e-01 -1.115495378426354933e-01 3.030884134187648016e-01
2.328500000000000000e+04 1.575314898914470518e-01 -1.412755166316780331e-01 4.104225991674343987e-01
2.153800000000000000e+04 1.480681151018732322e-01 -1.146330088178589557e-01 5.111909747078566824e-01
2.216900000000000000e+04 2.083124337995556630e-02 -2.661381841247696389e-01 -2.584381284854444516e-01
2.216800000000000000e+04 7.836683033479197036e-02 -3.388143562910689854e-01 -1.553413271676600260e-01
2.338200000000000000e+04 -4.075718496662972257e-02 -2.783818393762002574e-01 -1.363703484269471744e-01
2.338100000000000000e+04 7.307653694182292270e-02 -3.195780458216891939e-01 -9.365741057277965353e-02
2.338000000000000000e+04 -1.172236352201192489e-01 -5.030872398166504889e-01 -1.228467218020394824e-01
2.260900000000000000e+04 -1.528579499448596835e-01 -3.456150776118039891e-01 -1.359910956901266843e-01
2.172500000000000000e+04 -2.551429757540031318e-01 -4.058537849992330804e-01 -1.258610083733522345e-01
2.200500000000000000e+04 -3.312322851987676842e-01 -4.868411298148987987e-01 -1.067106513170887894e-01
2.151800000000000000e+04 -2.860190241522229115e-01 -3.849936103988171321e-01 -1.069697388300756558e-01
2.152300000000000000e+04 -3.484446065002284598e-01 -3.338854434784011005e-01 -1.600172969749831253e-01
2.137500000000000000e+04 -3.930452456110042903e-01 -4.296917754136728163e-01 -9.986847536346843413e-02
2.149300000000000000e+04 -5.791380993842594194e-01 -3.596659616115807645e-02 -2.267284980244070880e-01
2.256000000000000000e+04 -5.657478447193611260e-01 -1.395101355133655519e-01 -8.690630671720356304e-02
2.255900000000000000e+04 -1.048391082857094148e-01 -7.904087976391267062e-03 -1.829747609015921483e-01
2.167000000000000000e+04 -1.048391082857094148e-01 -7.904087976391267062e-03 -1.829747609015921483e-01
2.295700000000000000e+04 -4.147335986571576427e-03 -1.605363362008185579e-01 -2.041878938056580495e-01
2.131600000000000000e+04 2.530587722935706552e-02 -1.320888814926044486e-01 -1.947450400488115463e-01
2.242400000000000000e+04 2.530587722935706552e-02 -1.320888814926044486e-01 -1.947450400488115463e-01
2.171100000000000000e+04 2.530587722935706552e-02 -1.320888814926044486e-01 -1.947450400488115463e-01
2.254400000000000000e+04 2.950898651457478650e-02 -4.500908196996597499e-02 -2.038133220049722638e-01
2.254300000000000000e+04 3.004935370029038211e-02 -1.299387325736610366e-04 -1.684426508399514688e-01
2.303400000000000000e+04 -2.297338884439170670e-02 -1.344564052983285990e-02 -9.901260779180987015e-02
2.286300000000000000e+04 -9.629411724252356919e-02 -1.592410573547904662e-01 -8.781216667658142683e-02
2.290200000000000000e+04 -7.497040431253942927e-02 -1.361393372678780245e-01 -7.952432570735190609e-02
2.180700000000000000e+04 1.010316229457011161e-01 -2.346334658843279297e-01 -1.639307793462077001e-01
2.171700000000000000e+04 1.010316229457011161e-01 -2.346334658843279297e-01 -1.639307793462077001e-01
2.148000000000000000e+04 3.456732900451875423e-02 -1.065298558713873578e-01 -7.842029933551408760e-02
2.295900000000000000e+04 -4.977258478256274543e-02 -1.617032114466429860e-01 -5.468199711597954149e-02
2.285200000000000000e+04 -4.253809357649984690e-02 -1.151877868821114467e-02 -5.865785423931058062e-02
2.285100000000000000e+04 -4.253809357649984690e-02 -1.151877868821114467e-02 -5.865785423931058062e-02
2.268400000000000000e+04 -1.252828665229177574e-01 -8.056358143030319108e-02 -8.193247670665826377e-02
2.268300000000000000e+04 -1.367949051667309845e-01 -8.174431227760202423e-02 -1.615059498888697931e-01
2.292000000000000000e+04 -1.406276186882902124e-01 -2.207723407883051547e-01 -2.749293205823004627e-01
2.155000000000000000e+04 -3.968755727530179911e-01 -4.045796900561045295e-02 -1.411615023804344560e-01
2.176400000000000000e+04 -1.985250336377966107e-01 -1.474323346555946879e-01 -2.652011314266697894e-01
2.283200000000000000e+04 -1.851991817152125464e-01 -1.912170074832088285e-02 -2.415681557387916456e-01
2.186500000000000000e+04 -2.274688257862305107e-01 -1.741058402221514201e-01 -2.171498276801990812e-01
2.150600000000000000e+04 -2.473901818346320169e-01 -1.497263400493128171e-01 -1.989400177876952114e-01
2.171600000000000000e+04 -2.473901818346320169e-01 -1.497263400493128171e-01 -1.989400177876952114e-01
2.304300000000000000e+04 -2.937772587727778273e-01 -1.230685267977995045e-01 -1.956805489045283508e-01
2.212300000000000000e+04 -2.937772587727778273e-01 -1.230685267977995045e-01 -1.956805489045283508e-01
2.213500000000000000e+04 -2.037082110959858028e-01 1.487852365201939447e-03 -1.662670599292379592e-01
2.296400000000000000e+04 -2.037082110959858028e-01 1.487852365201939447e-03 -1.662670599292379592e-01
2.332000000000000000e+04 -1.514345060857120728e-01 -5.530509337652807222e-02 -1.853382877225531189e-01
2.139100000000000000e+04 -2.312490875400001755e-01 -8.540972894339604604e-02 -1.229166474029224077e-01
2.140900000000000000e+04 -3.099390513871274067e-01 -2.722846709362392037e-02 -1.680906270447692918e-01
2.296100000000000000e+04 -2.868895315087023334e-01 -5.407543030245201554e-02 -1.538328824632291258e-01
2.331900000000000000e+04 -2.868895315087023334e-01 -5.407543030245201554e-02 -1.538328824632291258e-01
2.309300000000000000e+04 -1.583629104126131892e-01 -1.868008129556018027e-01 -1.292751424778089131e-01
2.172800000000000000e+04 -1.583629104126131892e-01 -1.868008129556018027e-01 -1.292751424778089131e-01
2.146800000000000000e+04 -2.044235562171454745e-01 -1.530567115194889916e-01 -1.155111693807349127e-01
2.168700000000000000e+04 -2.763337827064269447e-01 -2.010726888770825171e-02 -1.190691722594294788e-01
2.134400000000000000e+04 -2.763337827064269447e-01 -2.010726888770825171e-02 -1.190691722594294788e-01
2.322400000000000000e+04 -2.267092161478494461e-01 -1.577597678283994276e-01 -9.566068030933116972e-02
2.172400000000000000e+04 -2.267092161478494461e-01 -1.577597678283994276e-01 -9.566068030933116972e-02
2.259200000000000000e+04 -2.679298047688405404e-01 -2.079911732567267524e-01 -8.004018837173454415e-02
2.259100000000000000e+04 -2.679298047688405404e-01 -2.079911732567267524e-01 -8.004018837173454415e-02
2.272000000000000000e+04 -3.812659400887099537e-01 -2.361897564558008145e-01 -1.436944817346983427e-01
2.159300000000000000e+04 -3.812659400887099537e-01 -2.361897564558008145e-01 -1.436944817346983427e-01
2.178300000000000000e+04 -1.640829390765041751e-01 -1.403298718946407453e-01 -5.860616478014435415e-02
2.287700000000000000e+04 -1.928590416416060549e-01 -1.916287856270712797e-01 -4.913230970955773103e-02
2.370600000000000000e+04 -2.601842541803538467e-01 -8.830406878373985025e-02 -4.430144219843512587e-02
2.168200000000000000e+04 -2.601842541803538467e-01 -8.830406878373985025e-02 -4.430144219843512587e-02
2.343600000000000000e+04 1.609908441332432716e-01 -1.247213037153462878e-01 -2.091282664290368132e-01
2.307500000000000000e+04 3.073949645208173820e-01 8.284269961579089278e-03 -1.752499974034957830e-01
2.307400000000000000e+04 1.823760980323285708e-01 -7.393758495956712085e-02 -8.229652295074529889e-02
2.198400000000000000e+04 1.823760980323285708e-01 -7.393758495956712085e-02 -8.229652295074529889e-02
2.245700000000000000e+04 3.172594983094203513e-01 -7.636564246452998139e-02 -7.839933902784679276e-02
2.229800000000000000e+04 -5.354133536443406172e-01 1.872116884822783434e-01 -2.083019215925290268e-01
2.193700000000000000e+04 -4.870567085397521367e-01 1.157817828127019472e-01 -1.131689780443565496e-01
2.261600000000000000e+04 -6.828745091770080933e-01 8.396819578805596318e-02 -4.656307732779474406e-02
2.319700000000000000e+04 -1.394690214985665477e-01 1.217038499691882325e-01 -2.188092127986216440e-01
2.272700000000000000e+04 2.634120349345181467e-02 7.135182020222712029e-02 -1.974551817584249136e-01
2.273200000000000000e+04 2.634120349345181467e-02 7.135182020222712029e-02 -1.974551817584249136e-01
2.267700000000000000e+04 6.018164629201550042e-02 1.093368617289650069e-01 -1.905582424384952844e-01
2.294000000000000000e+04 4.812946811221152643e-02 1.013605381657909504e-01 -1.638827625511058983e-01
2.293900000000000000e+04 4.812946811221152643e-02 1.013605381657909504e-01 -1.638827625511058983e-01
2.293800000000000000e+04 4.812946811221152643e-02 1.013605381657909504e-01 -1.638827625511058983e-01
2.251200000000000000e+04 4.812946811221152643e-02 1.013605381657909504e-01 -1.638827625511058983e-01
2.335900000000000000e+04 -6.989647309557867061e-03 2.006489381892791191e-01 -1.377694709019703367e-01
2.189600000000000000e+04 -6.989647309557867061e-03 2.006489381892791191e-01 -1.377694709019703367e-01
2.189700000000000000e+04 5.891658940917032794e-02 2.348902805424968876e-01 -1.054205567801531629e-01
2.321900000000000000e+04 2.365930332161525484e-02 1.574672392885093641e-01 -1.337095741493339318e-01
2.142300000000000000e+04 2.365930332161525484e-02 1.574672392885093641e-01 -1.337095741493339318e-01
2.288800000000000000e+04 -1.018656931061485693e-01 1.504479228542632829e-01 -1.922882378874675169e-01
2.158700000000000000e+04 -1.018656931061485693e-01 1.504479228542632829e-01 -1.922882378874675169e-01
2.158600000000000000e+04 1.936417038795035239e-02 8.442115082193246689e-02 -6.402587564124040398e-02
2.333200000000000000e+04 1.936417038795035239e-02 8.442115082193246689e-02 -6.402587564124040398e-02
2.174500000000000000e+04 -9.447842680738105514e-02 7.461341424006308343e-02 -5.599743835103687672e-02
2.157000000000000000e+04 -7.476230804811834219e-02 1.466778074104602425e-01 -5.184735415480901111e-02
2.156900000000000000e+04 -7.476230804811834219e-02 1.466778074104602425e-01 -5.184735415480901111e-02
2.156800000000000000e+04 -7.881503879447215866e-02 1.748670602775664884e-01 -2.442994500020567727e-02
2.199500000000000000e+04 -1.376004156024013270e-01 1.668599505868714195e-01 -6.454524055034660535e-02
2.162800000000000000e+04 -1.376004156024013270e-01 1.668599505868714195e-01 -6.454524055034660535e-02
2.124100000000000000e+04 -1.335399373891341668e-01 7.013561567798698437e-02 -2.295952339524731656e-02
2.288900000000000000e+04 -1.390273121066112338e-01 1.952667218733275256e-01 -8.452938697057277295e-02
2.124000000000000000e+04 -1.250156088659259979e-02 1.025990228573717272e-01 -1.957944797845279084e-02
2.237700000000000000e+04 -1.250156088659259979e-02 1.025990228573717272e-01 -1.957944797845279084e-02
2.168100000000000000e+04 -2.261245936017743929e-01 2.590976108837274583e-01 -2.129603771239576560e-01
2.156100000000000000e+04 -1.635564173179755443e-01 1.924659435252519812e-01 -1.426621332307131951e-01
2.331500000000000000e+04 -2.395446754674317447e-01 1.227738944692472606e-01 -1.478915027252227787e-01
2.331400000000000000e+04 -2.158593797688084237e-01 2.170364026440361749e-01 -1.409244948556462873e-01
2.254800000000000000e+04 -2.158593797688084237e-01 2.170364026440361749e-01 -1.409244948556462873e-01
2.252300000000000000e+04 -2.158593797688084237e-01 2.170364026440361749e-01 -1.409244948556462873e-01
2.252200000000000000e+04 -2.600214785243775140e-01 7.736890606356125466e-02 -1.505250913019260395e-01
2.268200000000000000e+04 -1.558891644986477587e-01 6.630088154257959832e-02 -1.225215889077357900e-01
2.258100000000000000e+04 -1.670577346527615248e-01 5.550603694264303473e-02 -1.520052568237115764e-01
2.141100000000000000e+04 -1.816757813399405563e-01 6.892631186543889121e-02 -1.263652797243377535e-01
2.202100000000000000e+04 -2.956811694526813028e-01 5.677668714101152814e-02 -9.224987319746347225e-02
2.291700000000000000e+04 -1.865191065051927666e-01 1.277482873723457257e-01 -9.980806221433091707e-02
2.339800000000000000e+04 -1.865191065051927666e-01 1.277482873723457257e-01 -9.980806221433091707e-02
2.222900000000000000e+04 -1.865191065051927666e-01 1.277482873723457257e-01 -9.980806221433091707e-02
2.135800000000000000e+04 -1.865191065051927666e-01 1.277482873723457257e-01 -9.980806221433091707e-02
2.296600000000000000e+04 -1.649031147327182367e-01 4.681172955638973621e-02 -1.011068789150932901e-01
2.204000000000000000e+04 -1.649031147327182367e-01 4.681172955638973621e-02 -1.011068789150932901e-01
2.203900000000000000e+04 -1.595707857549495401e-01 1.100932954629519345e-01 -8.834612889284798598e-02
2.347500000000000000e+04 -2.510947639182266045e-01 2.747977364594358929e-02 -4.957433653933840390e-02
2.301100000000000000e+04 -2.510947639182266045e-01 2.747977364594358929e-02 -4.957433653933840390e-02
2.301000000000000000e+04 -2.104469468311780389e-01 1.161442126165832256e-01 -3.609198420803849672e-02
2.258900000000000000e+04 -2.630619359112458255e-01 1.028291790157713215e-01 -3.249474367408922149e-02
2.254900000000000000e+04 -2.782836989788020077e-01 7.634166861378641200e-02 -2.055773387030157551e-02
2.259900000000000000e+04 -1.620761800674515030e-01 4.375422184274249671e-01 -2.194987826297225553e-01
2.259800000000000000e+04 -1.451227150682559142e-01 3.114499372055602455e-01 -2.032461114350958553e-02
2.291600000000000000e+04 -1.451227150682559142e-01 3.114499372055602455e-01 -2.032461114350958553e-02
2.289800000000000000e+04 -3.199892916448447977e-01 4.556063179993340428e-01 -1.466409800208623437e-02
2.269100000000000000e+04 -1.250918310154460755e-01 5.551153403634687677e-01 -1.620970666837813212e-01
2.269000000000000000e+04 3.816951119076250620e-02 3.046869617349159953e-01 -1.741620245339703388e-01
2.268900000000000000e+04 3.816951119076250620e-02 3.046869617349159953e-01 -1.741620245339703388e-01
2.350600000000000000e+04 2.142351928076990930e-02 4.799704588107452929e-01 -2.388277727348473434e-01
2.350500000000000000e+04 -6.635664473951763398e-02 4.198813104231825521e-01 -2.114954267430508850e-01
2.273900000000000000e+04 1.116275542757172445e-02 2.958307732670709678e-01 -1.063089792795235411e-01
2.273800000000000000e+04 -7.419121609961720765e-03 2.979924640637931499e-01 -3.232945496866612700e-02
2.289200000000000000e+04 6.981227590378225045e-03 3.386659053527052432e-01 -2.889093538206388700e-02
2.289100000000000000e+04 2.664873489923191840e-01 -4.899745771533349226e-01 -2.657371335879350482e-01
2.289000000000000000e+04 2.977943227989481301e-01 -3.672998150219638491e-01 -1.138558328663670238e-01
2.318300000000000000e+04 1.601462071964281364e-01 -3.451269856699607508e-01 -6.897344021534124181e-02
2.223000000000000000e+04 1.629584092364879666e-01 -4.010971045900522114e-01 -6.357024069957262213e-02
2.141000000000000000e+04 3.178998154236314377e-01 3.735221183987478405e-02 -1.155956439609067132e-01
2.268700000000000000e+04 3.178998154236314377e-01 3.735221183987478405e-02 -1.155956439609067132e-01
2.234800000000000000e+04 3.997928080647437099e-01 6.626323005902175212e-02 -2.445602755860889488e-01
2.239200000000000000e+04 3.086628607934400748e-01 1.945181742309476658e-01 -1.336783281439384297e-01
2.257700000000000000e+04 3.086628607934400748e-01 1.945181742309476658e-01 -1.336783281439384297e-01
2.174700000000000000e+04 2.951561738514403288e-01 5.027672137186592338e-02 -1.145984206644534709e-01
2.142600000000000000e+04 3.118097272563407074e-01 4.148659146256433172e-01 -2.348196310655445984e-01
2.331200000000000000e+04 1.674306238942584457e-01 3.690721638293222306e-01 -2.213946228090257762e-01
2.331100000000000000e+04 2.141787558354497634e-01 4.342957835718751491e-01 -8.305561624394641740e-02
2.158900000000000000e+04 3.101184841490240984e-01 5.456349907896895779e-01 -7.626531466720187780e-02
2.158800000000000000e+04 3.101184841490240984e-01 5.456349907896895779e-01 -7.626531466720187780e-02
2.125800000000000000e+04 1.592402564315182900e-01 4.940356145252003950e-01 -1.393240427816309079e-01
2.165600000000000000e+04 3.463467069849350821e-01 4.907158998599545630e-01 -4.075336764555892444e-02
2.165500000000000000e+04 -2.065302568255411586e-02 -3.118451011775970061e-01 -3.548907732435893081e-01
2.167400000000000000e+04 -1.187183797353448256e-01 -2.648335416259764430e-01 -5.162923062441304722e-01
2.223700000000000000e+04 -1.187183797353448256e-01 -2.648335416259764430e-01 -5.162923062441304722e-01
2.247800000000000000e+04 -1.606516676535729715e-01 -4.298340745494361181e-01 -4.944794773300902335e-01
2.151400000000000000e+04 -1.606516676535729715e-01 -4.298340745494361181e-01 -4.944794773300902335e-01
2.151300000000000000e+04 -1.606516676535729715e-01 -4.298340745494361181e-01 -4.944794773300902335e-01
2.133500000000000000e+04 -1.606516676535729715e-01 -4.298340745494361181e-01 -4.944794773300902335e-01
2.256200000000000000e+04 1.434637031057892642e-01 -4.503377995388418431e-01 -4.474061623862208847e-01
2.209400000000000000e+04 -4.623549611554018668e-01 -7.866910105998565356e-03 -3.518022649777527988e-01
2.271900000000000000e+04 -4.663143776447160604e-01 -2.393891044462883588e-01 -3.674451459475829296e-01
2.271800000000000000e+04 -4.739116399500531429e-03 -1.724434697129021699e-01 -4.462308646093866571e-01
2.175100000000000000e+04 1.401402648403937690e-02 -8.976682914888395315e-02 -3.644494027815223802e-01
2.168500000000000000e+04 2.183686402604934074e-02 -1.398366744944457840e-01 -3.227684840387254894e-01
2.185100000000000000e+04 6.740440577948980660e-02 -1.552198600375052084e-01 -3.136066739110958679e-01
2.142400000000000000e+04 -1.293522487654339415e-01 -1.188318141243628334e-01 -3.001556769588002993e-01
2.151500000000000000e+04 -2.989622683661057323e-01 -2.093023824961669777e-01 -5.253855187699834062e-01
2.223800000000000000e+04 -3.195114375815713004e-01 -1.323449167188139319e-01 -3.897261854791764790e-01
2.141300000000000000e+04 -3.270060286424048002e-01 -2.649430589626068644e-02 -3.113896352351446239e-01
2.290700000000000000e+04 -2.626538952773156410e-01 -1.499700491240812394e-01 -3.040802688908268436e-01
2.126400000000000000e+04 1.810375052020543052e-01 -1.427549168077799774e-02 -4.031034180712502746e-01
2.126300000000000000e+04 4.009383488434146159e-01 -1.539103638940194640e-01 -5.162746574132608401e-01
2.253700000000000000e+04 3.655007705347763647e-01 -1.162754776542398172e-01 -5.294403525419273393e-01
2.253600000000000000e+04 1.871926564230328438e-01 -1.994732504014082863e-01 -3.949393798886191576e-01
2.327900000000000000e+04 1.595109205051858936e-01 -4.902801372738981034e-02 -4.702482157887288849e-01
2.327800000000000000e+04 2.089675454124151344e-01 -8.359939884777931735e-03 -2.923722228187379812e-01
2.234100000000000000e+04 2.089675454124151344e-01 -8.359939884777931735e-03 -2.923722228187379812e-01
2.311100000000000000e+04 1.262575502215508294e-01 4.414322510815312656e-02 -4.841146884911875503e-01
2.311000000000000000e+04 -1.042081139373784993e-02 2.487797847835584719e-01 -4.890943158117533329e-01
2.310900000000000000e+04 -9.534747803334298055e-03 1.309655212546416148e-01 -3.854294798547499568e-01
2.257000000000000000e+04 -9.471458706823199236e-02 1.300443586554985154e-01 -3.668576214398537871e-01
2.256900000000000000e+04 1.024553844970323979e-01 5.847872873023717694e-02 -3.657675089172958138e-01
2.132300000000000000e+04 1.024553844970323979e-01 5.847872873023717694e-02 -3.657675089172958138e-01
2.132200000000000000e+04 -1.253434099029586690e-01 1.757786407310825139e-01 -3.996282148303560433e-01
2.137900000000000000e+04 -1.386847160622171060e-01 1.812437103542112182e-01 -3.861671267636133109e-01
2.137800000000000000e+04 -1.353158611059797067e-01 1.928559639667542791e-01 -3.299681712904405373e-01
2.123400000000000000e+04 -2.413993784516765828e-01 1.140046882895192071e-01 -5.236128373447677120e-01
2.123300000000000000e+04 -2.745179144755809375e-01 9.407672963610072547e-02 -3.747822120487729336e-01
2.245900000000000000e+04 -2.746383353284294060e-01 2.496805321625826524e-01 -3.591642064531175293e-01
2.245800000000000000e+04 3.752567067577263771e-01 2.823919745245300761e-01 -4.157972523017310351e-01
2.347700000000000000e+04 1.651899841738639907e-01 1.407527884383017736e-01 -3.685017196886590796e-01
2.347600000000000000e+04 1.930628783890853128e-02 3.225648830050464322e-01 -3.041053108689890649e-01
2.253200000000000000e+04 1.930628783890853128e-02 3.225648830050464322e-01 -3.041053108689890649e-01
2.253100000000000000e+04 4.966142127505612791e-02 5.055139783064124259e-01 -2.969838969681397600e-01
2.253000000000000000e+04 -5.881344213903982876e-01 6.081796850530022530e-02 -5.332908209613211881e-01
2.239300000000000000e+04 -1.731245280217148519e-01 3.707875210196197036e-01 -3.588484059256380476e-01
2.166400000000000000e+04 3.441622883521446852e-01 5.265303249403578967e-01 -5.138446245700372117e-01
2.271200000000000000e+04 2.839749664669906082e-01 3.888901409593895631e-01 -4.212130239323848002e-01
