# star id 	 star_x_coords [pc] 	 star_y_coords [pc] 	 star_z_coords [pc] 
1.795000000000000000e+04 -1.727817839512361786e+00 -1.438922740777904608e+00 -1.188645976166252893e+00
1.765400000000000000e+04 -1.844669728120624796e+00 6.920327450688326110e-01 -1.789867161240460192e+00
1.781900000000000000e+04 -2.690562863038618246e+00 -2.037072589618141194e+00 -1.617633751772022066e+00
1.768700000000000000e+04 -1.316360380272818986e+00 -1.719879748083226190e+00 -1.586437544519750276e+00
1.768600000000000000e+04 3.934075426474148429e-01 6.907982181538585564e-02 -2.045128711581718051e+00
1.766500000000000000e+04 3.468565145520088322e-01 -2.362833616489513844e+00 3.127365266765531615e-01
1.790400000000000000e+04 2.677597708701325629e+00 -2.154083704169131863e-01 -6.942122803128878417e-01
1.790500000000000000e+04 -5.765452050951758167e-01 2.126244665928137323e+00 8.630883578181069993e-02
1.760500000000000000e+04 -1.920260486498612806e-01 -9.098445728875539373e-01 1.428269977487897080e-01
1.790100000000000000e+04 -3.335017232287569300e-01 -6.574105435223138727e-01 2.277203307228106155e-01
1.756300000000000000e+04 -7.382013134070959381e-01 6.226961853969825711e-02 -8.555420229742516369e-02
1.756200000000000000e+04 -6.970436482947235390e-01 -5.353634439557808378e-01 8.253065332438973556e-01
1.789000000000000000e+04 2.819503382026944394e-01 -8.350424193466352563e-01 -2.602399438622882144e-02
1.788900000000000000e+04 -8.976646324005521649e-01 6.747729542984508555e-01 1.018486175391473125e-01
1.766400000000000000e+04 5.057000166325700263e-01 6.679580786945891191e-01 -2.831401161529356614e-03
1.767400000000000000e+04 2.945049613461492299e-01 7.916815469284443907e-01 3.963894497810063200e-01
1.779200000000000000e+04 -3.353663481372564092e-01 -1.492750891009325898e+00 2.046862829710587306e-01
1.790300000000000000e+04 -1.470053503070865020e-01 5.012979798805368148e-01 2.482375355998218680e-01
1.790200000000000000e+04 1.751800643211964825e-02 7.301030942526693934e-01 2.899975122556677221e-01
1.760600000000000000e+04 -2.799302286485243485e-01 5.205746716877683866e-01 4.092093766986684145e-01
1.130900000000000000e+04 1.027217234311404326e+00 -1.793432499993922846e+00 2.632077333500149052e-01
1.765500000000000000e+04 1.012462553995217007e+00 -1.772075671834695498e+00 5.010542062872458402e-01
1.768000000000000000e+04 1.086631645053465434e+00 5.872992964343097810e-01 1.544468102861529246e-02
1.784200000000000000e+04 -9.773386150978566889e-01 1.132051606763056384e+00 -5.050304437884278741e-02
1.749200000000000000e+04 4.518108965892650986e-01 1.223079828894299226e+00 1.012416140621787974e-01
1.780300000000000000e+04 -1.321615069167592083e-01 -9.743981922731137502e-01 7.975548883951510959e-02
1.782000000000000000e+04 -1.623426682314708103e-01 1.024732757639768010e+00 2.395857447519080807e-01
1.763500000000000000e+04 -1.001421176186667594e-01 1.396400502390324760e+00 2.782383530524086268e-01
1.763400000000000000e+04 1.015606891442695670e+00 -1.105296321173625529e+00 -5.952733215904260078e-02
1.781500000000000000e+04 -7.770653587850731014e-01 6.327284601134657294e-01 8.157564341381640105e-01
1.775000000000000000e+04 7.379466493821116302e-01 -1.666885122246757334e+00 9.843630116915900174e-01
1.774600000000000000e+04 6.015371993878577683e-01 6.897447444360302882e-01 7.048249862874671479e-01
1.775100000000000000e+04 8.897249625275662765e-01 -5.960494705133321247e-01 9.295725279563225030e-01
1.758800000000000000e+04 -1.418922722831581495e-01 -2.011289958974984415e+00 6.559022994946595020e-01
1.792300000000000000e+04 -2.069729291434292406e-01 6.613229751311138216e-01 5.299409164938762018e-01
1.772300000000000000e+04 1.351119600884835847e-01 -7.769053570691184518e-01 -2.656179289534694732e-01
1.770900000000000000e+04 2.316625288534268634e-01 1.206677803401845495e-01 9.238711461153830129e-01
1.777900000000000000e+04 -8.648773093836084058e-01 -1.768501557256634271e-01 -4.054234097229034717e-01
1.237800000000000000e+04 -7.555006040239931053e-02 1.025342493063153171e+00 5.566798348513506411e-01
1.795900000000000000e+04 6.110447456635981212e-02 1.295560646773566305e+00 8.552073137512881118e-01
1.782900000000000000e+04 8.171635624053052993e-02 -2.051387167083618124e-02 -5.523683242170864816e-01
1.783000000000000000e+04 -1.592762529319848852e-01 8.842250212327229519e-02 -5.320733505058576895e-01
1.779700000000000000e+04 -5.783431994636600848e-02 -5.692061143616591323e-01 1.302894368372987444e+00
1.748400000000000000e+04 -4.724686660880905720e-01 -2.572479914933616385e-01 1.628171570338252216e+00
1.763800000000000000e+04 3.926027985850346624e-01 -2.119213992911710420e-01 1.149615052577972918e+00
1.751000000000000000e+04 1.240956126270662097e+00 -1.049722795372350248e+00 1.106941485864556540e+00
1.801600000000000000e+04 -9.326757927501674317e-01 8.968027775625593279e-01 -6.039250275103782428e-01
1.787600000000000000e+04 -5.150446941727082617e-01 6.784982400293380067e-01 -1.469842636928078150e-01
1.789500000000000000e+04 8.192248776880415306e-01 -5.153403167486061420e-01 -6.735319540275579442e-01
1.766300000000000000e+04 5.239266667049236048e-02 7.495339671715228747e-01 -6.234131585734541403e-01
1.760100000000000000e+04 2.086625230111138762e-01 5.945612595760998431e-01 -6.229316008043817021e-01
1.799900000000000000e+04 -2.147941696140094336e-01 4.313670689702817640e-01 -4.598845110679068426e-01
1.783500000000000000e+04 -5.908418910893331599e-02 3.005887176627766166e-01 -4.978110250291063466e-01
1.783600000000000000e+04 2.042910272543565497e-01 6.055956630475094471e-01 -2.150204424632633504e-01
1.785400000000000000e+04 -3.866281910424262946e-02 2.266594442839569012e-01 -3.839179596485173818e-01
1.770100000000000000e+04 1.370491858026028353e+00 6.755434851771688898e-01 -3.273005389584948688e-01
1.770000000000000000e+04 1.042220962326727118e+00 3.245897031725348825e-01 -3.491675031756873437e-01
1.761600000000000000e+04 8.941145169593411879e-01 2.452913659669135882e-01 2.086507683753849207e+00
1.762700000000000000e+04 5.658553991540298256e-01 1.601447325738156735e-01 -6.228077237941160860e-01
1.795800000000000000e+04 6.991600970135305460e-01 -2.449315312861486404e-01 -1.837210336409302869e-01
1.789200000000000000e+04 8.415638148528223894e-01 6.820232868565412332e-02 -5.448033976661346145e-01
1.764500000000000000e+04 9.041745824825930811e-01 -7.954844710166497634e-02 -5.834839285666060249e-01
1.769200000000000000e+04 -2.707885703725274595e-01 1.406956050903403366e+00 -3.786638864499067836e-01
1.761000000000000000e+04 1.806573192277017625e+00 6.991980518210709761e-01 4.493215164134589656e-01
1.783300000000000000e+04 1.828409655522801103e+00 -3.970159384286233717e-01 -5.200738102426125664e-01
1.782700000000000000e+04 -5.714165245067270860e-01 -7.122320069254719499e-01 -1.139378631446238188e+00
1.768300000000000000e+04 -1.850883130962799328e-02 -3.494222756306584188e-01 -1.094242577598546262e+00
1.783800000000000000e+04 1.609029385120983591e-01 -3.371519777753242408e-01 -8.182474589223982520e-01
1.773300000000000000e+04 -5.614979660747572154e-01 -2.411098404949783003e-01 -8.693416175193480200e-01
1.773500000000000000e+04 4.357502573539306923e-02 -1.592653199709204159e-02 -7.754109066764005576e-01
1.773600000000000000e+04 -7.315286841783326111e-01 8.005427225583936490e-01 -8.774058059849156876e-01
1.773700000000000000e+04 4.559816633112969697e-01 -1.668526155053744020e+00 -1.229355808466369382e+00
1.771900000000000000e+04 4.559816633112969697e-01 -1.668526155053744020e+00 -1.229355808466369382e+00
1.792400000000000000e+04 3.975283098214248412e-01 4.909399753551113577e-01 -1.246260607129290321e+00
1.760800000000000000e+04 1.247877217762024316e+00 -6.828092092121167411e-01 -7.521101686188753632e-01
1.749900000000000000e+04 1.207757315431015499e+00 3.788860329931864612e-02 -7.536448374093023261e-01
1.785500000000000000e+04 1.964804918312736959e-01 8.345106145725083024e-01 -7.147673476854201624e-01
1.781800000000000000e+04 -3.128325357585559630e-01 1.246200744808959371e+00 -7.369012821287412862e-01
1.771300000000000000e+04 1.032892269057404278e+00 8.831436897213968962e-01 -9.014816775415432915e-01
1.795300000000000000e+04 -6.356789627338486071e-01 1.436738725171032627e+00 -2.675575009031572193e-01
1.781300000000000000e+04 -2.891872228241219034e-01 -2.763907427723601984e-01 -1.437373167859000489e+00
1.749300000000000000e+04 7.460316123689025858e-02 -2.195300813690828079e-01 6.602891135388393451e-01
1.782600000000000000e+04 -3.250014112263173160e-01 -5.529079984109444013e-01 6.102755150403593731e-01
1.789700000000000000e+04 -1.236431196292357981e-01 -1.550476320059956947e-01 2.350995516298244326e-01
1.767800000000000000e+04 -1.297428033559384630e-01 -7.536432017321104126e-02 1.802855213646452626e-01
1.779000000000000000e+04 -1.297428033559384630e-01 -7.536432017321104126e-02 1.802855213646452626e-01
1.776700000000000000e+04 -1.297428033559384630e-01 -7.536432017321104126e-02 1.802855213646452626e-01
1.773000000000000000e+04 -1.175161785218499233e-01 -9.427849415434153002e-02 1.192062968387723743e-01
1.796700000000000000e+04 -2.377248559579108189e-01 -5.241599258415519103e-02 2.499621289894147225e-01
1.785100000000000000e+04 2.189402960456199310e-01 -1.204183361178898792e-01 1.185257903066485596e-01
1.775900000000000000e+04 3.455309092342560007e-01 -5.533551831604555105e-02 2.166404491795344001e-01
1.779500000000000000e+04 2.364093011407000233e-01 -8.866358619160763510e-02 2.195865387540330005e-01
1.800900000000000000e+04 2.364093011407000233e-01 -8.866358619160763510e-02 2.195865387540330005e-01
1.784600000000000000e+04 -4.718818043858163946e-02 -5.673021249744536476e-02 1.427484000342609249e-01
1.798800000000000000e+04 -4.718818043858163946e-02 -5.673021249744536476e-02 1.427484000342609249e-01
1.781100000000000000e+04 5.023285648992370511e-02 -2.548711286754823391e-02 2.587515709440371126e-01
1.770200000000000000e+04 -4.036935463570401339e-02 -1.879674256970105262e-01 2.716233787032340530e-01
1.778300000000000000e+04 -8.267857182215010425e-03 -9.963901932114183069e-02 2.295205208520041396e-01
1.791200000000000000e+04 1.318329229513430789e-01 -3.219853965651964245e-02 2.178815988775113510e-01
1.778500000000000000e+04 7.850545438622091865e-02 -1.838782900676747545e-01 1.609579425965144139e-01
1.778400000000000000e+04 1.931198327493888200e-03 4.861489560255449760e-03 2.569995290219218020e-01
1.767000000000000000e+04 -3.799051521877672144e-02 -4.341036089654437546e-02 2.040843662568789796e-01
1.743100000000000000e+04 2.059861838055638827e-01 -9.043612438311754431e-02 2.526257680342034462e-01
1.775600000000000000e+04 5.902779882505271303e-02 -2.344817714280438281e-01 4.315070637325852942e-01
1.774500000000000000e+04 6.069330151790808259e-02 -4.688290142003026517e-02 4.495791539642590706e-01
1.774400000000000000e+04 -9.575232928457211301e-02 -2.388139427317028662e-01 5.090939316743465781e-01
1.787200000000000000e+04 -1.259187104036385563e-02 -4.730902052718377604e-02 1.513148560184092162e-01
1.768900000000000000e+04 -1.259187104036385563e-02 -4.730902052718377604e-02 1.513148560184092162e-01
1.788300000000000000e+04 -3.169707769879330783e-01 7.647125792386688659e-02 1.794518997599947596e-01
1.749700000000000000e+04 -3.169707769879330783e-01 7.647125792386688659e-02 1.794518997599947596e-01
1.796000000000000000e+04 -3.169707769879330783e-01 7.647125792386688659e-02 1.794518997599947596e-01
1.773900000000000000e+04 -3.169707769879330783e-01 7.647125792386688659e-02 1.794518997599947596e-01
1.766100000000000000e+04 -1.045302923262809713e-01 -3.917180851983204093e-02 2.931394230006167945e-01
1.790700000000000000e+04 -9.641940644707247543e-02 9.773622945627735703e-02 2.919330523175238667e-01
1.784700000000000000e+04 -9.641940644707247543e-02 9.773622945627735703e-02 2.919330523175238667e-01
1.783900000000000000e+04 -2.759725213439239155e-01 -1.960127358783125828e-02 3.102751388014928224e-01
1.793400000000000000e+04 -9.222737122400559429e-02 1.876232103090913483e-02 3.525300794508670066e-01
1.779400000000000000e+04 -1.721322811342211878e-01 1.492036779116538980e-01 3.045435988098885716e-01
1.791100000000000000e+04 -5.723850835155026573e-01 2.087515161761608340e-01 1.706013956851233360e-01
1.778200000000000000e+04 -8.724163708384224947e-02 -2.735785082270325574e-02 1.989738529895834773e-01
1.793000000000000000e+04 -8.724163708384224947e-02 -2.735785082270325574e-02 1.989738529895834773e-01
1.793900000000000000e+04 1.054968527347277529e-01 6.876341569221011696e-03 2.532712951415394542e-01
1.794600000000000000e+04 -7.604226004627889779e-02 -4.390913431202037032e-02 2.546411488421238545e-01
1.766800000000000000e+04 1.150288269974950595e-01 1.010097444292235025e-01 3.327277710097877872e-01
1.781600000000000000e+04 1.757447736842010499e-02 1.990152664947224537e-01 1.794307687684728592e-01
1.769800000000000000e+04 6.945253113494942454e-02 1.506808797067762384e-01 2.986954390427394301e-01
1.761800000000000000e+04 1.639099341811984800e-01 2.289231778914597726e-01 2.092118601790744492e-01
1.757300000000000000e+04 1.639099341811984800e-01 2.289231778914597726e-01 2.092118601790744492e-01
1.770300000000000000e+04 1.860376684083675514e-02 -6.092815300714704563e-03 1.465552967079322144e-01
1.762800000000000000e+04 1.860376684083675514e-02 -6.092815300714704563e-03 1.465552967079322144e-01
1.764300000000000000e+04 -2.609445753513384147e-02 1.671627260638786083e-02 1.388982357881793916e-01
1.749800000000000000e+04 -5.242828893350548469e-02 1.802077307304017495e-02 1.468214786369514968e-01
1.787800000000000000e+04 -5.242828893350548469e-02 1.802077307304017495e-02 1.468214786369514968e-01
1.788000000000000000e+04 1.990459790365228798e-01 6.939341865817638677e-02 3.385693956713806685e-01
1.771000000000000000e+04 2.211807485771188908e-02 -4.797548992486966313e-02 2.406101982462125477e-01
1.780800000000000000e+04 7.571881485219833507e-02 -4.198574655124076571e-02 2.669029870033181595e-01
1.761900000000000000e+04 9.232723150184440897e-02 -6.824770159114734724e-02 3.425005497529216569e-01
1.770400000000000000e+04 3.621408983936760251e-01 -2.721722948310052459e-01 2.841251293028843605e-01
1.764600000000000000e+04 3.461366922802611157e-01 -3.594289392665572791e-01 4.296325024683822491e-01
1.769400000000000000e+04 3.461366922802611157e-01 -3.594289392665572791e-01 4.296325024683822491e-01
1.800200000000000000e+04 3.375076866224624439e-01 1.331827961149336659e-01 2.019536996518329630e-01
1.774100000000000000e+04 2.314190332710523990e-01 9.167874508452555915e-02 2.561933633017865475e-01
1.742700000000000000e+04 3.065241717325264403e-01 -6.986184652511440163e-03 3.874361163647943584e-01
1.769100000000000000e+04 -1.196503321503037398e-01 8.315792755462325658e-02 -1.240926888664795058e-01
1.798700000000000000e+04 -1.619641315001700832e-01 -3.471748084473702534e-02 -1.137020926403664589e-03
1.778100000000000000e+04 -1.117826101968617536e-01 -2.240468996295774673e-01 -3.945764096329895665e-02
1.767700000000000000e+04 -1.445773080804251265e-01 -9.624748714924535875e-02 5.491143795298469854e-02
1.794800000000000000e+04 -1.299714032543803910e-01 -2.194206047362037282e-01 -1.003501174958962849e-01
1.788200000000000000e+04 -2.568388859925825329e-01 -1.553088919113427835e-01 2.617401433620969442e-02
1.748300000000000000e+04 -2.973414726685490450e-01 -4.247485808544837482e-02 -2.899032617789210065e-02
1.766200000000000000e+04 -1.328530752042205165e-01 -1.105577538748647726e-01 5.472449172817483998e-02
1.768400000000000000e+04 -1.328530752042205165e-01 -1.105577538748647726e-01 5.472449172817483998e-02
1.774700000000000000e+04 -3.799956481164059596e-01 -1.738013781314826645e-01 -1.441830674834552184e-01
1.769600000000000000e+04 -3.977029699950023200e-01 -1.716159860079109478e-01 1.455128109513239565e-01
1.785600000000000000e+04 -2.045434540948747326e-01 -3.872900120374822563e-02 1.025304286417174637e-01
1.793700000000000000e+04 2.461380321831967422e-01 -3.149804188232394608e-01 1.700341101692259826e-03
1.788500000000000000e+04 2.461380321831967422e-01 -3.149804188232394608e-01 1.700341101692259826e-03
1.763700000000000000e+04 2.914176113806021817e-01 -8.068419126523096452e-02 4.088738434409933120e-02
1.797900000000000000e+04 2.914176113806021817e-01 -8.068419126523096452e-02 4.088738434409933120e-02
1.787400000000000000e+04 8.363619543898792585e-02 -1.545455123441783485e-01 8.200690322845005653e-02
1.765300000000000000e+04 1.476307580555697996e-01 -1.628429893741270007e-01 1.594303036735933432e-01
1.741600000000000000e+04 1.476307580555697996e-01 -1.628429893741270007e-01 1.594303036735933432e-01
1.741500000000000000e+04 -4.046615212560062957e-01 -1.141748008307885698e-01 -4.104995510295239569e-02
1.781000000000000000e+04 6.014242833486349582e-02 -1.505127926473335265e-01 1.377073206297279029e-01
1.741400000000000000e+04 7.867156424384802449e-02 2.248528816080508363e-02 2.977162588820547739e-02
1.798600000000000000e+04 1.219653478730791107e-01 -9.772529262474449752e-02 1.613864661063324490e-02
1.767600000000000000e+04 1.055823133992781493e-01 7.691009733978404483e-03 2.424616908884935640e-02
1.782500000000000000e+04 1.055823133992781493e-01 7.691009733978404483e-03 2.424616908884935640e-02
1.795500000000000000e+04 1.547297539086116558e-01 -9.168823209163434740e-02 -2.058127256781183689e-02
1.784000000000000000e+04 -2.148001378339259304e-02 -9.864535379829675321e-02 -5.188718572624750891e-02
1.761400000000000000e+04 6.241578760825561289e-02 -2.501450555162598732e-01 -9.434579838621459658e-02
1.761300000000000000e+04 8.153599930819410702e-02 -9.353783088638678578e-02 8.208245803445457511e-02
1.759400000000000000e+04 8.153599930819410702e-02 -9.353783088638678578e-02 8.208245803445457511e-02
1.756600000000000000e+04 -5.506475909382757550e-02 -1.912015775527109440e-02 5.949569441838598038e-02
1.764900000000000000e+04 1.412452761565674564e-02 -3.122009439451645108e-02 2.760145565925498090e-02
1.759900000000000000e+04 1.412452761565674564e-02 -3.122009439451645108e-02 2.760145565925498090e-02
1.779900000000000000e+04 1.923368866069452565e-02 -1.131467669174313073e-02 2.336926820305862407e-02
1.777500000000000000e+04 1.276669056172750061e-01 -1.403685067681088583e-01 4.900336270431537855e-02
1.772700000000000000e+04 -3.966178568687794836e-02 -1.782766328483411655e-01 -1.256836643702818890e-02
1.759700000000000000e+04 2.074367849981122447e-01 -4.009048152994409975e-03 9.924758426099877795e-02
1.743600000000000000e+04 -3.532343544091531840e-02 -8.131173594044227571e-02 1.460351464459819226e-02
1.743500000000000000e+04 -3.532343544091531840e-02 -8.131173594044227571e-02 1.460351464459819226e-02
1.764100000000000000e+04 -3.532343544091531840e-02 -8.131173594044227571e-02 1.460351464459819226e-02
1.797000000000000000e+04 1.427713850826712871e-01 -1.338834930678807211e-01 1.191400423449451296e-03
1.772500000000000000e+04 -8.297315147301631555e-02 -4.840749661753562805e-02 -7.198466963673944008e-02
1.769500000000000000e+04 -3.144483014315468949e-02 -7.089226547970284287e-02 3.342117410243083953e-02
1.791500000000000000e+04 7.798442240121872260e-02 -1.177924179746696609e-01 1.368833393949575594e-01
1.791400000000000000e+04 -8.285349341797854095e-02 -1.737352700928553872e-01 1.531780598137473248e-01
1.786300000000000000e+04 2.625269174825426433e-01 -1.160373753499186478e-01 1.743771672848062337e-01
1.788100000000000000e+04 -6.946619843854762166e-02 -1.579605515630539969e-01 1.869644803877328343e-01
1.794900000000000000e+04 -1.588748773682446824e-01 -3.712373233355350521e-01 6.897844436002742441e-02
1.777000000000000000e+04 -1.588748773682446824e-01 -3.712373233355350521e-01 6.897844436002742441e-02
1.776600000000000000e+04 -1.449921854445435088e-01 -5.869029324404806403e-03 1.125427544019892423e-01
1.799400000000000000e+04 -2.181336150885435643e-01 1.236185874440067778e-01 6.434974972143514549e-02
1.763300000000000000e+04 -6.612143583875251807e-02 -1.266867704313412446e-02 -3.178228692161333413e-02
1.792500000000000000e+04 -1.108484813917094414e-01 9.705483932342318099e-02 1.089897356873503753e-01
1.772400000000000000e+04 -1.154820512190504189e-01 -8.010349785283921165e-03 -5.841661636057438045e-02
1.756400000000000000e+04 -8.468213657987533338e-02 -7.080087502374965425e-02 8.256110087415180487e-02
1.770500000000000000e+04 -1.721058616085286985e-01 -3.806065214632781135e-02 1.515114216463011587e-01
1.770600000000000000e+04 -1.721058616085286985e-01 -3.806065214632781135e-02 1.515114216463011587e-01
1.797600000000000000e+04 6.606143082461457539e-02 -5.436639783259487047e-01 4.654372759902436485e-02
1.772800000000000000e+04 -7.509743245644173726e-02 -3.793002156718330298e-01 7.844293875659502646e-02
1.772900000000000000e+04 -5.886170688270233597e-01 1.522087176781212747e-01 -9.851637776855426409e-02
1.765600000000000000e+04 -4.407408108441366323e-01 1.997072799862493753e-01 6.062856095713797799e-02
1.773800000000000000e+04 -5.324585460068931297e-02 1.131537491705358889e-03 6.350533157781157456e-02
1.797400000000000000e+04 -5.324585460068931297e-02 1.131537491705358889e-03 6.350533157781157456e-02
1.764700000000000000e+04 -1.496560247916356445e-01 -3.630763513200463422e-02 1.784432876622510378e-02
1.776000000000000000e+04 -1.505685322348071509e-02 2.239756651330289117e-01 -1.128991844097448904e-02
1.774200000000000000e+04 1.491196209296710151e-01 1.083196221480626775e-01 -1.327189761926614864e-01
1.754300000000000000e+04 2.030895668862022774e-01 4.019908823508089313e-02 -2.559362909423867904e-02
1.757700000000000000e+04 1.267750319877656295e-01 1.304631381453127403e-01 -7.482156957841290534e-02
1.757800000000000000e+04 1.267750319877656295e-01 1.304631381453127403e-01 -7.482156957841290534e-02
1.768500000000000000e+04 1.182341849039261206e-01 1.762845987651111557e-01 7.741108207687830145e-02
1.763200000000000000e+04 7.883570213337875998e-02 1.134878521061537526e-01 7.054864942069549727e-02
1.761200000000000000e+04 7.971193997825309907e-02 4.994832480504030059e-02 7.370806716883748777e-02
1.798500000000000000e+04 1.818616678836804113e-02 1.440792742774981150e-01 6.158166117371877135e-02
1.776200000000000000e+04 2.418123409465167128e-02 -4.166872449625103059e-02 5.905687215521382427e-02
1.771200000000000000e+04 2.418123409465167128e-02 -4.166872449625103059e-02 5.905687215521382427e-02
1.785000000000000000e+04 5.607198147363945395e-02 9.511695315867285672e-02 1.399490829400509284e-01
1.784900000000000000e+04 8.755070678504495163e-02 -1.068715597858371780e-02 -5.712065455392689728e-02
1.767500000000000000e+04 1.821462744883817209e-01 6.854841970704939058e-02 -1.744382056484745647e-01
1.754600000000000000e+04 1.367546721453010150e-01 2.202837019034831201e-02 3.034050056409931528e-02
1.775800000000000000e+04 1.128174631652711923e-03 1.390030082308726378e-01 1.432197132084844782e-01
1.761100000000000000e+04 1.128174631652711923e-03 1.390030082308726378e-01 1.432197132084844782e-01
1.797300000000000000e+04 1.128174631652711923e-03 1.390030082308726378e-01 1.432197132084844782e-01
1.761500000000000000e+04 -3.704199914121630854e-03 3.640481493468072927e-02 1.029276334466331377e-01
1.757900000000000000e+04 5.993311295355852053e-03 8.350137975485694142e-02 1.115239170140220892e-01
1.771700000000000000e+04 -1.424428092153107173e-02 1.236241580769004145e-01 1.139695046376232312e-01
1.771600000000000000e+04 -1.424428092153107173e-02 1.236241580769004145e-01 1.139695046376232312e-01
1.791000000000000000e+04 4.083164696638164060e-02 5.354605208097495961e-03 -3.164151309523077771e-03
1.774000000000000000e+04 5.978906288934382474e-03 6.305667887874122357e-02 7.542894970766056417e-02
1.786200000000000000e+04 -3.247587211304647781e-02 9.110153379040752952e-03 1.463899582650540765e-01
1.768200000000000000e+04 9.775021321704002730e-02 1.488471369841768421e-01 1.114397478497082261e-01
1.799500000000000000e+04 2.273042568480221348e-02 3.975245025796070308e-02 6.155724384099237056e-02
1.784300000000000000e+04 -1.255728132222841964e-01 2.926553233425011058e-02 2.181817186988705970e-01
1.789400000000000000e+04 -1.678047473048422944e-01 8.212167329346087286e-02 9.630623045966224538e-02
1.774300000000000000e+04 5.298835975104054796e-03 1.129262185976287469e-02 1.868692189709229012e-01
1.781400000000000000e+04 5.298835975104054796e-03 1.129262185976287469e-02 1.868692189709229012e-01
1.799100000000000000e+04 5.829164532452324465e-02 1.456200337844038017e-02 1.620125980811497612e-01
1.779100000000000000e+04 -6.467377330011458980e-03 -7.812893313395363748e-02 1.885812464417142564e-01
1.785300000000000000e+04 -1.866707099409836701e-02 6.584220417726527330e-02 1.842656016031192223e-01
1.775200000000000000e+04 -1.866707099409836701e-02 6.584220417726527330e-02 1.842656016031192223e-01
1.776900000000000000e+04 1.367447292544916593e-01 9.425871326680024254e-02 -2.246758422410266576e-02
1.765200000000000000e+04 3.559682972858979610e-02 -1.973026649656262066e-02 2.624656135988168160e-02
1.742600000000000000e+04 -8.362059009872524484e-02 3.963744939162765490e-01 -9.330036339092906417e-02
1.799200000000000000e+04 -2.608804566730142938e-01 4.341222705621348155e-01 1.549052699685233847e-01
1.742500000000000000e+04 -1.280131161238564630e-01 5.270188216452496022e-01 6.823397629915639584e-02
1.766900000000000000e+04 -1.515528144004996136e-01 3.250846554573350033e-01 3.583932048820379634e-01
1.780200000000000000e+04 -6.093022055294028405e-02 3.749727132165894261e-01 3.174459560091937860e-01
1.780000000000000000e+04 -6.093022055294028405e-02 3.749727132165894261e-01 3.174459560091937860e-01
1.800000000000000000e+04 8.104603276434119152e-02 5.004207481550260184e-01 3.621827568409701215e-01
1.791900000000000000e+04 -8.149883057025775202e-02 3.270230295766332063e-01 7.055580560350636077e-01
1.763900000000000000e+04 4.180979335969929878e-01 -4.098117178589575360e-01 -2.604023820797785049e-02
1.784400000000000000e+04 4.180979335969929878e-01 -4.098117178589575360e-01 -2.604023820797785049e-02
1.784500000000000000e+04 2.945013425314471078e-01 2.023080853525911493e-01 1.569285111469493899e-01
1.760900000000000000e+04 4.095529702135394245e-01 4.533246181916652517e-01 3.929239023650570317e-01
1.780100000000000000e+04 -5.275619283434949125e-01 2.947289806838391257e-01 -6.855284472694300746e-02
1.771800000000000000e+04 -4.884398157315281708e-01 3.046340332309895871e-01 1.515108533644138333e-01
1.783200000000000000e+04 -4.884398157315281708e-01 3.046340332309895871e-01 1.515108533644138333e-01
1.750400000000000000e+04 -3.045665786318849655e-01 -2.561450494752470775e-01 -2.736340359244948672e-01
1.779600000000000000e+04 -1.937596645695656150e-01 -4.718087827135875045e-02 -2.680510582152137999e-01
1.767100000000000000e+04 2.757422223360705971e-02 -1.819260451868309758e-01 -3.289375660180713368e-01
1.764000000000000000e+04 -8.754758489263991805e-03 -1.547302431682027191e-01 -3.223799840550771734e-01
1.767200000000000000e+04 -5.995163669224012892e-02 -1.410934250607063234e-01 -1.040330026450462242e-01
1.777400000000000000e+04 -1.802635345215364282e-02 -5.857840134506631102e-03 -4.005580413352483049e-01
1.791800000000000000e+04 -9.115353547685955959e-02 -2.004794121780371086e-01 -1.658021867332291066e-01
1.743800000000000000e+04 1.639114838181043865e-01 -1.171159125609229079e-01 -1.144849926079221092e-01
1.769900000000000000e+04 5.882555936405964303e-02 -1.395251279785654219e-01 -1.766963759750748153e-01
1.794300000000000000e+04 3.174325606347849771e-02 -8.227034497871343888e-02 -7.075908329264635199e-02
1.788800000000000000e+04 3.174325606347849771e-02 -8.227034497871343888e-02 -7.075908329264635199e-02
1.794500000000000000e+04 -2.457800924180482127e-01 -2.255660020708667446e-01 -3.595479527934450914e-01
1.789300000000000000e+04 -1.094448311204416768e-01 -1.531384515665834556e-02 -2.281951077084531931e-01
1.785900000000000000e+04 -4.392390773866949871e-02 1.133006480169704844e-01 -1.875090041043172562e-01
1.786900000000000000e+04 -1.162223629527865398e-01 2.239108869883814634e-01 -1.455609073553265631e-01
1.789800000000000000e+04 -1.162223629527865398e-01 2.239108869883814634e-01 -1.455609073553265631e-01
1.795200000000000000e+04 -3.037431428061339034e-01 2.163298064733822912e-01 -1.093522153251793583e-01
1.797700000000000000e+04 -1.602450812415696646e-01 1.148480667983413639e-01 -9.506927323737457414e-02
1.796400000000000000e+04 -1.330639829381468076e-01 -2.243552899012257740e-02 -1.284808453302588305e-01
1.743300000000000000e+04 -3.339706990135589137e-01 -3.937030154076914812e-01 -4.256753053797837083e-01
1.766700000000000000e+04 -4.721009836572775953e-02 4.834120620063586671e-02 -1.869329525210421394e-01
1.785700000000000000e+04 1.284665525696162547e-01 4.892899565037822640e-02 -2.041498700037145397e-01
1.774800000000000000e+04 3.093467534954541520e-02 -6.596267225300422865e-02 -1.180983404218043376e-01
1.794400000000000000e+04 7.112607718126540135e-02 1.160708860698207445e-01 -1.465264504128871437e-01
1.793200000000000000e+04 8.815489934973541608e-02 1.320546326738103460e-01 -1.477778722076141804e-01
1.781700000000000000e+04 -2.495339733201866750e-01 3.567565274472421777e-01 -2.385457743995242907e-01
1.801200000000000000e+04 -1.031092477823918330e-01 2.573716989232686103e-01 -2.412969190523064356e-01
1.786700000000000000e+04 1.537951777210260218e-01 3.419274103726941405e-01 -2.152964167033672993e-01
1.778600000000000000e+04 3.033152072647169462e-01 -3.418090355889198406e-01 -1.060873699866444753e-01
1.750200000000000000e+04 2.198061558705752816e-01 -5.103549812498791027e-01 -2.275464682570973451e-01
1.784100000000000000e+04 1.897566287364256254e-01 1.664127543568447720e-01 -1.738244239055646290e-01
1.748700000000000000e+04 -3.720554578328538753e-01 5.187070771183854845e-01 -2.691776279074673539e-01
1.750800000000000000e+04 -5.955079076809859373e-01 4.211383517056326298e-01 -2.025320343707903703e-01
1.789900000000000000e+04 -1.136910659459346107e+00 1.350486615772638288e+00 -4.525868365695089324e-01
1.796900000000000000e+04 -1.165922941446950745e+00 2.410426234545681723e-01 -3.586238779758961215e-01
1.766000000000000000e+04 -1.190760313727899700e+00 -4.495868642380784763e-02 -1.260316152867261508e+00
1.769300000000000000e+04 -1.213655765505599504e+00 1.991336618041771089e+00 -1.219139675092064223e+00
