# star id 	 star_x_coords [pc] 	 star_y_coords [pc] 	 star_z_coords [pc] 
2.448700000000000000e+04 1.512967948106293647e+00 -6.139319613105271856e-01 -1.612430424474354140e+00
2.699500000000000000e+04 6.600579369810475328e-01 -7.475263194671413203e-01 -9.014703890727133739e-01
2.699700000000000000e+04 2.701925402670042331e-01 5.245875239580755078e-02 -3.758145212146217773e-01
2.687200000000000000e+04 2.701925402670042331e-01 5.245875239580755078e-02 -3.758145212146217773e-01
2.687300000000000000e+04 2.701925402670042331e-01 5.245875239580755078e-02 -3.758145212146217773e-01
2.697800000000000000e+04 2.701925402670042331e-01 5.245875239580755078e-02 -3.758145212146217773e-01
2.699600000000000000e+04 -1.288969253686786942e-01 7.409868944918400757e-01 9.541280272959795639e-02
2.474200000000000000e+04 -1.288969253686786942e-01 7.409868944918400757e-01 9.541280272959795639e-02
2.938500000000000000e+04 -6.724458964039712328e-01 9.110715771685420350e-01 6.187000540219003142e-01
2.463700000000000000e+04 -7.489676180790354465e-01 -2.290114351627750011e-01 7.082778889462417737e-01
2.680600000000000000e+04 -4.102249722206892102e-01 -7.396637012574558412e-02 1.568170443140047610e+00
2.699800000000000000e+04 -1.177253402502401514e+00 -8.643456016902746342e-01 9.407261848759702616e-01
