# star id 	 star_x_coords [pc] 	 star_y_coords [pc] 	 star_z_coords [pc] 
1.646700000000000000e+04 3.737086675364160726e-01 -1.687301131419495448e+00 -1.559972311307213033e+00
1.646800000000000000e+04 3.737086675364160726e-01 -1.687301131419495448e+00 -1.559972311307213033e+00
1.647800000000000000e+04 -7.345007466137793983e-01 -1.143320928209071496e+00 -1.509670009411593128e+00
1.654900000000000000e+04 -1.019151461029910166e+00 -1.197098258296044548e+00 -3.485972883310353154e-01
1.631500000000000000e+04 -7.488927017735971248e-01 7.426321621313576316e-01 6.213865153085151860e-02
1.634800000000000000e+04 -6.408677031242113742e-01 -4.078509716561740106e-02 1.533524433602693193e-01
1.657300000000000000e+04 -1.859482343469469612e-01 2.747827673644991364e-01 5.210397377268805030e-01
1.646900000000000000e+04 -4.115021199450517031e-01 -6.896554086055814992e-01 5.981696574320523041e-01
1.635400000000000000e+04 -4.115021199450517031e-01 -6.896554086055814992e-01 5.981696574320523041e-01
1.616600000000000000e+04 -2.159848018494443522e-01 4.430555961823472444e-01 3.465485749690699890e-01
1.651700000000000000e+04 -2.159848018494443522e-01 4.430555961823472444e-01 3.465485749690699890e-01
1.635300000000000000e+04 5.097447763728499837e-01 1.107342543260223522e+00 3.469301821036054889e-01
1.616700000000000000e+04 7.799930318419150410e-01 1.365584554595599798e+00 3.768337112010158307e-01
1.650700000000000000e+04 1.205433300939393604e+00 1.191707112604504459e+00 6.754995769448441933e-01
1.651600000000000000e+04 1.205433300939393604e+00 1.191707112604504459e+00 6.754995769448441933e-01
