# star id 	 star_x_coords [pc] 	 star_y_coords [pc] 	 star_z_coords [pc] 
2.224400000000000000e+04 -2.433776337834139269e-01 -1.291871506702875649e+00 7.358275208429176928e-01
1.937300000000000000e+04 -1.978557632774027297e+00 -2.945183853406518892e-01 -1.728412162996917800e+00
1.489200000000000000e+04 -4.942488499500061749e-01 6.536709832526526043e-01 -9.307418522351937895e-01
1.489100000000000000e+04 -4.942488499500061749e-01 6.536709832526526043e-01 -9.307418522351937895e-01
1.692700000000000000e+04 -9.835569369227741277e-01 1.597162334639108394e-01 -5.831178351564574314e-01
1.697900000000000000e+04 4.568762345746666398e-01 2.007634613706557047e-01 1.980131638465252308e-01
1.863300000000000000e+04 1.418567435145643429e+00 2.078222692490783174e-01 7.209069174874045416e-01
1.863200000000000000e+04 1.418567435145643429e+00 2.078222692490783174e-01 7.209069174874045416e-01
2.229700000000000000e+04 2.792768741578797176e-01 -4.440331946941284968e-01 7.062260303402965178e-01
1.644800000000000000e+04 6.207019306816778936e-01 -5.304311224439572925e-02 1.091133155308547487e+00
