# star id 	 star_x_coords [pc] 	 star_y_coords [pc] 	 star_z_coords [pc] 
1.774800000000000000e+04 -4.599193802101950723e-01 -1.707061598284944637e-01 -1.695111855219501251e+00
1.784900000000000000e+04 8.642302937122252615e-01 -1.110854109923192112e+00 -1.305715709465495422e+00
1.784100000000000000e+04 -8.449571245856901669e-01 -1.606407012707542492e-01 -1.123364340257616334e+00
1.774000000000000000e+04 6.915015410765619208e-01 1.910127313232123925e-01 -1.121784159526512781e+00
1.783900000000000000e+04 1.189741277453599366e+00 1.076065357599730987e+00 -6.231720843574635182e-01
1.774500000000000000e+04 9.504364060008754223e-01 -1.150554727969858249e+00 -4.298883613504216328e-01
1.785200000000000000e+04 2.041018406206305258e-01 -1.728922202077782799e-01 -3.791236180168837677e-01
1.774900000000000000e+04 1.409125270934261209e+00 -7.470051482814419330e-01 -3.492439483421776458e-01
1.776300000000000000e+04 7.003273038547774831e-02 -6.121145770996427871e-01 -1.192551723489643223e-01
1.782200000000000000e+04 5.552001784631741543e-01 5.442470182441212501e-01 2.347849410941265091e-01
1.848200000000000000e+04 -8.660668523028505206e-01 3.712336204383781535e-01 4.097254805598709027e-01
1.781600000000000000e+04 -4.118524093722442103e-01 -9.201480943872297757e-04 9.949087090756378871e-01
1.765000000000000000e+04 -2.937238739980259083e-01 -1.074885254408840751e+00 1.092668713058678520e+00
1.775800000000000000e+04 -2.813526192079507382e-02 1.121169292392405481e+00 1.270135032251893392e+00
2.087600000000000000e+04 -9.319424489465930606e-01 5.929744229439108949e-01 1.698685317542441453e+00
1.831200000000000000e+04 -2.097772184989580069e+00 1.303870602054342243e+00 1.445751044925394524e+00
