# star id 	 star_x_coords [pc] 	 star_y_coords [pc] 	 star_z_coords [pc] 
3.604800000000000000e+04 7.794566702010465864e-01 -4.007911781247335270e-01 1.784052067007380060e-02
3.612300000000000000e+04 -1.255396161646497255e+00 1.461700671863126466e+00 -2.998338227117223198e-01
3.611200000000000000e+04 -2.335876299358266017e-01 1.609317045387831602e+00 -2.660134403186091845e-01
3.612600000000000000e+04 -3.867423658248823060e-01 4.200014870020571944e-01 -1.983999186524911806e-01
3.609800000000000000e+04 -1.878633451555505207e+00 4.718087664239423162e-01 -9.739868919494298893e-02
3.612000000000000000e+04 -1.350499572122550784e+00 2.739973539816848991e-01 9.978759625436239844e-02
3.608800000000000000e+04 8.334740540751424120e-01 2.667432180802031816e-02 3.805062142660098345e-01
3.615500000000000000e+04 -1.149522292510684718e+00 5.421513428120263711e-01 5.059303182392085318e-01
3.615700000000000000e+04 -1.351881544929030010e+00 3.947233734949748829e-01 6.524237938851555896e-01
2.793100000000000000e+04 1.980865891368559506e+00 6.449220016773442588e-01 7.677930076005381466e-01
3.609000000000000000e+04 2.887101774131248799e-01 -3.305952013750710350e-01 -1.119684399055365986e+00
3.610500000000000000e+04 -4.761790453565679648e-01 1.086780782888233210e+00 1.072945627082258824e+00
3.610700000000000000e+04 7.122960919496565957e-01 -5.284904717332135071e-01 3.786851698054931603e-01
3.610300000000000000e+04 1.392682583129545959e+00 -5.766661897316813779e-01 -1.346600909062402707e+00
3.609100000000000000e+04 2.126474381557486026e-01 -6.576513614396937157e-01 -1.300531106165895068e+00
3.609400000000000000e+04 -1.244953190482633865e-01 -1.172591203108035440e+00 -6.319805427153823985e-03
3.631000000000000000e+04 2.797385332149884274e-01 -7.755727346138585609e-01 3.860112711397789553e-02
3.607200000000000000e+04 3.645838631936284546e-01 -1.529904818815634560e+00 3.093138403944557524e-01
3.610800000000000000e+04 1.362482081006750834e+00 -9.598139771864393488e-01 4.109548880909947854e-01
