# star id 	 star_x_coords [pc] 	 star_y_coords [pc] 	 star_z_coords [pc] 
6.102000000000000000e+03 -1.792840108538428012e+00 2.596651056617886866e-01 1.114505475265897161e+00
6.059000000000000000e+03 -1.483885139564598887e+00 5.356662975856174569e-01 -3.108538461778742601e-01
6.195000000000000000e+03 -4.513037268324087137e-01 3.920821938886902558e-01 3.864265857550002181e-01
6.100000000000000000e+03 1.367580872879630149e+00 -4.433775767586958239e-01 -9.591103853749096686e-01
6.140000000000000000e+03 8.937001816738288085e-03 -4.383374463846969604e-01 -2.078147721893657263e-01
6.139000000000000000e+03 8.937001816738288085e-03 -4.383374463846969604e-01 -2.078147721893657263e-01
6.516000000000000000e+03 2.468132433105783008e-01 -4.393737795589913731e-02 -2.814848794293567380e-02
6.080000000000000000e+03 1.360309181581360605e-01 -4.610135967396296053e-01 3.087446766648334062e-01
6.528000000000000000e+03 1.262023829324101953e+00 -5.768818830408442011e-01 4.300523642658333756e-01
6.465000000000000000e+03 7.618272167799222672e-01 1.129393028637220908e+00 -4.523957616700826634e-01
