# star id 	 star_x_coords [pc] 	 star_y_coords [pc] 	 star_z_coords [pc] 
2.033000000000000000e+04 1.079251980387405396e+01 3.896764235715743041e+00 3.633172855504504639e+00
2.092900000000000000e+04 1.165055932869153210e+01 3.325916985943699444e+00 3.696534101083827295e+00
2.037700000000000000e+04 1.048561634182140523e+01 5.153975630113137640e+00 4.438345749138228769e+00
2.067900000000000000e+04 1.033818446953504377e+01 4.554408524290607829e+00 4.719076169242811147e+00
2.091500000000000000e+04 1.102022045911993686e+01 5.264989790636697364e+00 4.620547704614892837e+00
2.093300000000000000e+04 1.102022045911993686e+01 5.264989790636697364e+00 4.620547704614892837e+00
2.032100000000000000e+04 1.034140032840543455e+01 3.457099443324928245e+00 4.771556285286102650e+00
2.093900000000000000e+04 1.166173550532138137e+01 3.422551358136175281e+00 5.260288023522370793e+00
2.032700000000000000e+04 1.081923583407659351e+01 4.939276730604085230e+00 5.632178496467659556e+00
2.063600000000000000e+04 1.004865183746890622e+01 4.137706781452955340e+00 5.832342712432158294e+00
2.031900000000000000e+04 1.060520884943388964e+01 2.600588324789818273e+00 5.864159392496951284e+00
2.068500000000000000e+04 1.129542853567618010e+01 4.653825918561771857e+00 5.824695428665592090e+00
2.008600000000000000e+04 9.886821282892988449e+00 3.828526901430429064e+00 5.956376822399306548e+00
2.068000000000000000e+04 9.364966491090275014e+00 4.757067990388513579e+00 5.126802848584027572e+00
2.102400000000000000e+04 9.451552937358137285e+00 2.079761597745203971e+00 4.552781032618391066e+00
2.066400000000000000e+04 9.374560482339134637e+00 2.867116565374956849e+00 5.554609847724492511e+00
2.070700000000000000e+04 9.551331614599572362e+00 6.891791675838888409e+00 4.560635922813176535e+00
2.001200000000000000e+04 9.501855429511685713e+00 6.561922975012791426e+00 5.855397640146065896e+00
1.772700000000000000e+04 9.298242678770197500e+00 4.911087215328350908e+00 6.167959622765224026e+00
2.032000000000000000e+04 -1.193718533828109152e+01 3.379148017151550221e+00 3.786485756842431272e+00
2.068800000000000000e+04 -1.171727360274893392e+01 2.106270957289240187e+00 3.479254275643519634e+00
2.092200000000000000e+04 -1.087200436149439398e+01 3.847508638555858340e+00 3.824001175497571126e+00
2.068300000000000000e+04 3.661879164842350320e+00 5.746867535888497969e-01 3.776623074340548669e+00
2.094000000000000000e+04 2.807966939063691214e+00 -1.034591618741970365e+00 4.021775732752239207e+00
2.067500000000000000e+04 1.953755861723625031e+00 -2.797727739948783210e-01 4.142717315916463861e+00
2.032500000000000000e+04 1.834569382699438478e+00 6.350842297496228639e-01 4.359555363517706894e+00
2.090600000000000000e+04 2.193782152595003865e+00 -1.792734126111632520e+00 4.491311426025916376e+00
2.094900000000000000e+04 3.643239546664972295e+00 9.399058973603118261e-01 6.006406756976673478e+00
2.086800000000000000e+04 4.325367946368498195e+00 6.688149645590399928e-01 7.141828653710291519e+00
2.086700000000000000e+04 8.655295728209232209e+00 6.129487834629259169e+00 3.688320072556379614e+00
2.069400000000000000e+04 8.804314895146543307e+00 6.705102929597032357e+00 3.838113425890213648e+00
2.069000000000000000e+04 7.826934926725943598e+00 6.307685964118583399e+00 3.949147481498791024e+00
2.067800000000000000e+04 7.826934926725943598e+00 6.307685964118583399e+00 3.949147481498791024e+00
1.700800000000000000e+04 8.852706656883793102e+00 5.701775273069578986e+00 4.924773226462590969e+00
2.100400000000000000e+04 8.768497211809094694e+00 6.117882865628224920e+00 5.852709843664754885e+00
2.087300000000000000e+04 7.363457932704221776e+00 5.636912621513680222e+00 5.579582163848037624e+00
2.092600000000000000e+04 -4.664325376330271666e-01 -8.521524688677857284e-01 4.626994149582998261e+00
2.092500000000000000e+04 4.304483250006416739e-01 -6.794413228978157804e-02 4.742083711156290349e+00
2.032900000000000000e+04 2.331295681471074133e+00 1.270475423878657750e+00 6.291666880205468715e+00
2.032400000000000000e+04 2.860564888097698599e+00 1.318287434146171222e+00 6.411263380419839564e+00
2.101800000000000000e+04 2.165406167755788758e+00 2.683717463993986030e+00 3.959906118802578590e+00
1.960100000000000000e+04 2.769647647307225569e+00 2.256985066240126514e+00 4.292912585727087560e+00
2.069100000000000000e+04 3.778555138516011880e+00 2.960121002815988334e+00 4.915664117280797996e+00
2.070300000000000000e+04 2.962141030973509004e+00 2.210960536484307681e+00 5.243000039149677605e+00
2.090700000000000000e+04 1.821065533408534165e+00 3.443174315363783933e+00 5.746307506418446565e+00
1.758400000000000000e+04 1.452701673773765023e+00 3.822663243523258814e+00 4.496429867183593387e+00
1.761800000000000000e+04 3.390155115554907894e+00 2.947747835037461073e+00 6.373875444457532069e+00
1.763000000000000000e+04 4.935940212879163624e+00 2.302424985479532893e+00 6.331566374463470481e+00
1.784200000000000000e+04 3.467317690660255636e+00 1.368261672569126119e+00 4.759402143407406527e+00
1.766600000000000000e+04 -2.357578150668135919e-01 1.105672835279982280e+00 4.273610212442683576e+00
1.760400000000000000e+04 3.765874661555308478e-01 3.915834318231993905e+00 4.788479507137729740e+00
1.759900000000000000e+04 4.208351067069084905e-01 2.971585754579841421e+00 5.633794774770684910e+00
1.806500000000000000e+04 1.446507781843635598e-01 3.930385297801144873e+00 6.343869716174978635e+00
1.769100000000000000e+04 8.486934807484232124e-01 3.371257541564901317e+00 3.615231093251829009e+00
1.763700000000000000e+04 1.744391193895218350e-01 9.895345440535265880e-01 4.197741115703571779e+00
1.763600000000000000e+04 9.635194099205328655e-01 9.623185145163901666e-01 6.419500919898766256e+00
1.768400000000000000e+04 5.233661275304321236e+00 3.886265599307719754e+00 3.713214613588803559e+00
1.759000000000000000e+04 5.917556141665698988e+00 3.848442987225865863e+00 4.044201149809488527e+00
1.997800000000000000e+04 6.530293005049955468e+00 2.283528469455170296e+00 4.176301466099822335e+00
1.776500000000000000e+04 7.539239486507884891e+00 2.246295682197448684e+00 3.955659059913728015e+00
1.759800000000000000e+04 8.240954713181626090e+00 3.442992797046791509e+00 3.591904766178089403e+00
1.758500000000000000e+04 8.950923685259827067e+00 3.209539539148067888e+00 3.852935559030846946e+00
1.760500000000000000e+04 7.983279447205671175e+00 4.561006968931323513e+00 4.220550291943943932e+00
2.002100000000000000e+04 6.705685732415641809e+00 3.542533755868994660e+00 4.833018618597392901e+00
2.069200000000000000e+04 6.086898770504472367e+00 3.021396828516778044e+00 6.234538138688989761e+00
2.068200000000000000e+04 5.625626062456696275e+00 1.262000246742871923e+00 6.483630194094409660e+00
2.063400000000000000e+04 5.229091303971571847e+00 3.731505386905361377e+00 3.527240625480821734e+00
1.763300000000000000e+04 4.958350460616838262e+00 1.436647258313016096e+00 7.860214104090502474e+00
1.760100000000000000e+04 3.647354900809965272e+00 1.682544644465068018e+00 7.803191243434973501e+00
2.035700000000000000e+04 4.910497847653886083e+00 -1.038808067235794397e+01 -2.963324076598894408e+00
2.064800000000000000e+04 3.525325432017183402e+00 -9.238496588180822755e+00 -3.408111518426807152e+00
1.806300000000000000e+04 4.403792684116368150e+00 -9.636338929035481726e+00 -2.303742138531141848e+00
2.087600000000000000e+04 2.450191185365195423e+00 -8.521297540443043772e+00 -2.002265240997175511e+00
1.957800000000000000e+04 4.912463626491753388e+00 -1.031350439458137913e+01 -1.580953504640014273e+00
1.758300000000000000e+04 4.817155650798593314e+00 -1.060932714462080639e+01 -2.069517580440056292e+00
1.761900000000000000e+04 3.182392519069743742e+00 -8.681928049372288569e+00 -1.183131525704844478e+00
1.760000000000000000e+04 -2.432726790177540011e+00 -8.046898068888602040e+00 -2.101244217703857942e+00
1.959900000000000000e+04 -2.147000996987847188e+00 -7.651610661788467382e+00 -1.538930843201136156e+00
1.758700000000000000e+04 5.217632351692454762e+00 -1.088333113554478615e+01 -1.824592111462742139e+00
1.816400000000000000e+04 5.730844862724023159e+00 -9.156335868160638825e+00 -1.311768731712064096e+00
1.759500000000000000e+04 5.730844862724023159e+00 -9.156335868160638825e+00 -1.311768731712064096e+00
1.834900000000000000e+04 5.730844862724023159e+00 -9.156335868160638825e+00 -1.311768731712064096e+00
2.066700000000000000e+04 5.103261679971591747e+00 -1.204053418134085263e+01 -1.423279793890031897e+00
1.760900000000000000e+04 1.306647245403381064e+00 -3.700658653610396698e+00 -4.539308303794378219e+00
1.758900000000000000e+04 1.306647245403381064e+00 -3.700658653610396698e+00 -4.539308303794378219e+00
1.759700000000000000e+04 1.848158490671584886e+00 -3.552952487590424369e+00 -3.224101545689443071e+00
1.834600000000000000e+04 5.350273131829812456e+00 -1.286388546932264632e+01 -2.402608797896476744e+00
1.795400000000000000e+04 5.350273131829812456e+00 -1.286388546932264632e+01 -2.402608797896476744e+00
1.815900000000000000e+04 3.924864442639833584e+00 -8.910139461919932558e+00 -2.118222229044093297e-01
1.758200000000000000e+04 3.924864442639833584e+00 -8.910139461919932558e+00 -2.118222229044093297e-01
1.771500000000000000e+04 3.860858933500637136e+00 -8.226602196838697978e+00 -1.277862390504225232e-01
1.759300000000000000e+04 2.898826018813698724e+00 -9.358313430768255614e+00 -3.356204778221538731e-01
1.762100000000000000e+04 4.744785245299535603e+00 -9.371119408495502512e+00 -4.462377190986117625e-01
1.770300000000000000e+04 3.981980927883888910e+00 -8.943011174136778152e+00 4.124361721543579051e-01
1.833700000000000000e+04 3.060605053769878126e+00 -8.765875725415625652e+00 6.020517021528704049e-01
1.913100000000000000e+04 3.060605053769878126e+00 -8.765875725415625652e+00 6.020517021528704049e-01
1.811100000000000000e+04 3.216249300589129945e+00 -7.096091457884007525e+00 8.461371402979125378e-01
2.002500000000000000e+04 3.560025659263061470e+00 -7.949562837858636044e+00 1.069596442539364034e+00
1.821200000000000000e+04 3.560025659263061470e+00 -7.949562837858636044e+00 1.069596442539364034e+00
2.001700000000000000e+04 3.420611084451969930e+00 -8.296088856752021456e+00 1.125565000238289315e+00
1.959100000000000000e+04 4.362356294190988137e+00 -1.065639234389909262e+01 -2.581026139012507770e-01
2.041000000000000000e+04 2.429179591467820032e+00 -6.389043768618371644e+00 8.464891047851352823e-01
1.762200000000000000e+04 1.658461761117630218e+00 -5.640879829808113755e+00 1.609542860106074613e-01
1.762500000000000000e+04 2.245680014702328364e+00 -6.070210621739200008e+00 8.581774863704652034e-01
1.760300000000000000e+04 2.245680014702328364e+00 -6.070210621739200008e+00 8.581774863704652034e-01
1.816700000000000000e+04 2.296501132419368929e+00 -3.647765166839533890e+00 -4.526458101129691158e-01
1.769200000000000000e+04 2.485843716902245149e+00 -5.229684944452031914e+00 -1.599400546052009986e-01
1.778800000000000000e+04 3.117416761222230548e+00 -4.242885266464881511e+00 2.433789792944196506e-02
1.768600000000000000e+04 2.510030770047572801e+00 -3.433261144816363242e+00 5.999541961630825426e-01
1.768900000000000000e+04 3.206576717755645234e+00 -4.926923248872135730e+00 6.492735113276566494e-01
1.805200000000000000e+04 3.206576717755645234e+00 -4.926923248872135730e+00 6.492735113276566494e-01
1.768100000000000000e+04 2.125761992510559750e+00 -3.892677513333048012e+00 3.231835539517646794e-02
1.944100000000000000e+04 2.130609499508963722e+00 -3.423878674636242181e+00 3.689711130839512521e-01
1.758000000000000000e+04 2.419423271366660799e+00 -3.254678484699937258e+00 1.143914827644678667e+00
1.776100000000000000e+04 1.952358131982178335e+00 -4.535130520336281279e+00 7.403284984004088187e-01
1.763200000000000000e+04 2.378330515734054629e+00 -4.815863045397534847e+00 1.257146569121324831e+00
1.806000000000000000e+04 2.493321494703224062e+00 -5.748721037284624913e+00 1.259951640025903430e+00
1.770100000000000000e+04 2.318397980105297407e+00 -3.959236009060155936e+00 2.481878891077293758e+00
1.759400000000000000e+04 1.385317970843029656e+00 -4.861107008296578158e+00 1.666445760566283241e+00
1.758100000000000000e+04 2.039214408579194782e+00 -4.171685520315683959e+00 2.746126807221628496e+00
1.761300000000000000e+04 1.254318960972286234e+00 -4.711506715528827272e+00 1.001277107377219977e+00
1.761200000000000000e+04 1.724182875298138740e+00 -3.734872454033911993e+00 3.185473957496405717e+00
1.757900000000000000e+04 -6.627306330444504567e-01 -5.194002859724832888e+00 8.926373483188854152e-02
2.067600000000000000e+04 1.026364369710773161e+00 -6.087112337226606940e+00 2.027892365891261761e+00
1.812600000000000000e+04 -4.618475980482601884e+00 -2.385918453385535543e+00 -4.810757792085468054e+00
2.068600000000000000e+04 2.972043592577387372e+00 -2.800554536514511028e+00 -5.441235212061734217e+00
1.809000000000000000e+04 1.236362690904490691e+00 -2.688005926769662324e+00 -5.284175661983887551e+00
1.947000000000000000e+04 1.971616532259622190e+00 -2.792607629042308304e+00 -4.628672828597210298e+00
1.816200000000000000e+04 -2.573238437666827139e-01 -9.634071672574080480e-01 -5.475990121030697821e+00
1.767400000000000000e+04 -9.916957297522746018e-01 -5.411141599964537363e-01 -4.954352507863781341e+00
1.783800000000000000e+04 -3.873316914446807147e-01 -7.998268743369578715e-01 -4.779892160060271067e+00
1.830000000000000000e+04 2.588591273999274023e+00 -3.756441648571808400e+00 -6.156577846975402224e+00
1.764700000000000000e+04 2.166343057172449349e+00 -3.447963600736663636e+00 -5.352411951026802228e+00
1.809100000000000000e+04 6.796227620311466211e+00 2.435111333330432615e+00 -5.607590003830367209e+00
1.994500000000000000e+04 6.346417716860933922e+00 3.519500199604145507e+00 -4.780890304696320925e+00
1.994400000000000000e+04 -4.513333328154818247e+00 -5.457082799883899327e+00 -3.702364562504556034e+00
1.994800000000000000e+04 -5.538988171595436327e+00 -4.420129129090881293e+00 -2.581869706889463600e+00
2.101700000000000000e+04 -5.031394344977160316e+00 -4.256672988466085883e+00 -2.538972787481370119e+00
2.111800000000000000e+04 -2.535873883829173892e+00 -4.359460053298278126e+00 -2.877275900289419042e+00
2.070500000000000000e+04 -4.312977665704448071e+00 -3.256829931546491252e+00 -3.936636770857795398e+00
2.040800000000000000e+04 -4.568938596195458501e+00 -3.885488970536613351e+00 -2.650879310515520615e+00
1.831700000000000000e+04 -3.133756244236824529e+00 -3.890565806705232887e+00 -2.637755585867893160e+00
1.832800000000000000e+04 -3.133756244236824529e+00 -3.890565806705232887e+00 -2.637755585867893160e+00
1.810900000000000000e+04 -4.818469972256666622e+00 -4.639435136148691186e+00 -2.626947533434197624e+00
1.811900000000000000e+04 -1.493392061600056664e+00 -6.004663213867509342e+00 -2.005478759392907762e+00
1.999000000000000000e+04 -2.308890975858332695e+00 -5.093542063315581458e+00 -1.741369868890735972e+00
1.999900000000000000e+04 -2.702692505530601252e+00 -6.470510284993395089e+00 -1.083252840613617707e+00
1.945500000000000000e+04 -3.013986864010668398e+00 -5.916155609734992993e+00 -2.409266392099659981e+00
2.000400000000000000e+04 -4.379558259508476326e+00 -5.136637733068397438e+00 -2.156917975731239778e+00
1.803200000000000000e+04 -3.230484667937961518e+00 -5.225391179473753311e+00 -2.090824507133945076e+00
2.007600000000000000e+04 -3.818007620652755563e+00 -6.157757257132594475e+00 -1.522050782998149998e+00
2.110600000000000000e+04 -3.782653323288510450e+00 -5.555458624342307417e+00 -1.484843763603194589e+00
2.034100000000000000e+04 -4.094987503753040770e+00 -6.370896894934354293e+00 -7.077989061786738034e-01
2.007200000000000000e+04 -6.121593194163506446e+00 -4.150954056983422902e+00 -1.537776875518090947e+00
1.813800000000000000e+04 -5.078502707538000038e+00 -3.942922333688663628e+00 -1.545271635823766587e+00
1.814600000000000000e+04 -4.973367583849866769e+00 -3.125654157834510727e+00 -2.038397697052538149e+00
1.808900000000000000e+04 -5.327767141108145310e+00 -3.213306585623733724e+00 -1.961201530872216381e+00
1.805300000000000000e+04 -4.951752852876340150e+00 -3.211287087208638980e+00 -1.879235655892919965e+00
1.811200000000000000e+04 -5.078618613435987861e+00 -3.463888062897808595e+00 -1.510476906340535663e+00
1.811300000000000000e+04 -5.327279726697448758e+00 -4.743284841134453700e+00 -9.957344148607347734e-01
1.808300000000000000e+04 -5.327279726697448758e+00 -4.743284841134453700e+00 -9.957344148607347734e-01
1.868400000000000000e+04 -5.332436140405111935e+00 -3.812975427984120813e+00 -7.660592292644068380e-01
1.997600000000000000e+04 -4.936660488629156518e+00 -5.032495361144412982e+00 -7.820472303992218599e-01
1.854500000000000000e+04 -2.731842989545446798e+00 -4.186595210830539315e+00 -2.517509260227662082e+00
2.035600000000000000e+04 -1.276579767856546255e+00 -4.568937454903867490e+00 -8.988093870863949064e-01
2.113300000000000000e+04 -1.488388047175313034e+00 -3.742073688892759264e+00 -8.473137799108485524e-01
2.113400000000000000e+04 -4.866454711981849535e+00 -3.312052528595188505e+00 -1.788120527701259732e+00
2.132600000000000000e+04 -4.777110517120344291e+00 -4.944048868913107242e+00 -2.366311245127185714e+00
2.040900000000000000e+04 -4.777110517120344291e+00 -4.944048868913107242e+00 -2.366311245127185714e+00
2.036700000000000000e+04 -4.581796880858792775e+00 -3.149947367506555906e+00 -1.464602832902528462e+00
2.095500000000000000e+04 -4.553390912641461341e+00 -3.397976193146455159e+00 -2.228500716855513986e+00
2.095800000000000000e+04 -3.565424784750954146e+00 -3.482039374076968841e+00 -9.259556913927582400e-01
2.098900000000000000e+04 -3.647353042441311644e+00 -3.406862481530936293e+00 -5.467284711093327587e-01
2.087900000000000000e+04 -1.129014445332206407e+00 -5.138763019210969674e+00 1.389685710129100471e-01
1.868200000000000000e+04 -3.783532631239715727e+00 -6.906271791437966101e+00 -4.063764018640938502e-01
1.764200000000000000e+04 -3.767283133004626805e+00 -5.865671506597806228e+00 2.459750716709692142e-01
1.808000000000000000e+04 -3.345161093134592534e+00 -5.479070035828328855e+00 5.206605130223707079e-01
1.922100000000000000e+04 -6.328221537852527057e+00 -4.833134762922789207e+00 9.227481047159500349e-01
1.808400000000000000e+04 -5.981516611413976392e+00 -4.500507015236358654e+00 -2.539970639805773089e-01
1.810700000000000000e+04 -5.543120674204782716e+00 -4.058803731969902628e+00 1.509693052462068863e-01
1.810300000000000000e+04 -5.975916848502388135e+00 -3.990542949989183796e+00 2.185132325394079089e-01
2.091800000000000000e+04 -5.137815795360725524e+00 -3.302500819945635158e+00 3.142313426301086565e-01
2.007300000000000000e+04 -6.345527933010002286e+00 -3.610307061220034086e+00 -4.067039702816686031e-01
2.113500000000000000e+04 -5.731621364718979095e+00 -4.188003982841344452e+00 -4.051899133241150253e-01
2.106600000000000000e+04 -5.024007292956014226e+00 -3.481190237404753418e+00 -4.136399724307366910e-01
2.064300000000000000e+04 -5.274066421895041046e+00 -3.233263294655323250e+00 -4.317241437084717859e-01
2.091900000000000000e+04 -1.188226467224795968e+00 -3.933039091796302955e+00 2.337859328452651653e-01
2.036000000000000000e+04 -2.235634876345807598e+00 -3.301449511498802281e+00 5.691165651033855966e-01
1.810500000000000000e+04 -4.089778332614015355e+00 -3.786089565031865334e+00 7.430371121982446425e-01
2.007000000000000000e+04 -4.205801724204210501e+00 -4.138251736817927906e+00 9.323667859067583663e-01
2.132700000000000000e+04 -4.865808881258626428e+00 -3.555363592442823517e+00 -3.088882402935695382e-01
1.765900000000000000e+04 -1.977745096872602915e-01 -3.579173254727578524e+00 -3.978848478553061341e+00
1.812100000000000000e+04 5.924163198488390236e-01 -3.162628133924130225e+00 -3.820847696097395385e+00
2.031500000000000000e+04 2.049974399469560282e+00 -4.655671032227552075e+00 -2.100863485708920564e+00
2.133900000000000000e+04 1.997787656218227070e+00 -4.445500580524800682e+00 -1.140678495628165479e+00
2.106000000000000000e+04 9.893102957950787868e-01 -4.402526416116138819e+00 -7.283946203465703206e-01
1.817900000000000000e+04 -4.617482583767120730e-01 -3.320536058800314549e+00 -7.464636097001928761e-01
2.112500000000000000e+04 5.150231927198412052e-02 -3.942553137407131203e+00 -3.156971957732110923e-01
2.098700000000000000e+04 2.690281538784606852e-01 -4.672896345938703178e+00 -4.763981098776426393e-01
1.994900000000000000e+04 -6.897049945092419421e-01 -4.262995893625372901e+00 -1.368243564795079692e-01
1.995000000000000000e+04 3.503871261526949610e+00 7.542256181651083580e-01 -2.394936630918486742e+00
2.113600000000000000e+04 4.134154620510837930e+00 -2.038385976000853361e+00 -2.640384687716931467e+00
1.700400000000000000e+04 3.892468902292328892e+00 6.477529114564504198e-01 -2.328445436850948624e+00
2.067100000000000000e+04 3.417277070475069678e+00 -2.070729927403696990e+00 -8.375920993949037552e-01
2.001000000000000000e+04 3.109962851034266507e+00 -2.071218464317901464e+00 -5.790339338766798960e-01
1.908400000000000000e+04 3.102654214134311417e+00 -1.871212070385638526e+00 -2.523486854691562087e+00
2.072500000000000000e+04 6.329206964417448233e+00 5.117144220605212013e+00 -3.586810481017110419e+00
1.820700000000000000e+04 6.646852847577989110e+00 5.557069469288826724e+00 -3.305378778422742414e+00
1.995200000000000000e+04 6.369125113848085107e+00 5.748574479164709317e+00 -3.265758407301042610e+00
1.945000000000000000e+04 7.217784628002902991e+00 5.348755936925591925e+00 -3.233317602448984474e+00
2.088100000000000000e+04 7.114059211628458002e+00 5.342522834614364058e+00 -3.221476217730334213e+00
1.956800000000000000e+04 6.760411119932587809e+00 5.528578306579994717e+00 -3.091714797035365336e+00
1.788600000000000000e+04 6.760411119932587809e+00 5.528578306579994717e+00 -3.091714797035365336e+00
1.874100000000000000e+04 6.263801364754840506e+00 6.177156088820822788e+00 -3.083453153258339796e+00
2.038500000000000000e+04 7.184085186042317162e+00 5.541556892387937694e+00 -3.072696431609834633e+00
1.961100000000000000e+04 6.940232937321802353e+00 5.200076832063615484e+00 -3.030428625348832838e+00
2.038100000000000000e+04 6.940232937321802353e+00 5.200076832063615484e+00 -3.030428625348832838e+00
1.967500000000000000e+04 7.354004123446536312e+00 5.338863299989327516e+00 -3.292990809423621101e+00
1.999700000000000000e+04 7.390204094037986948e+00 5.452046906629632872e+00 -3.191579420605229700e+00
1.998500000000000000e+04 8.927786150017688271e+00 5.224267150249289671e+00 -4.438610707929569799e+00
2.006300000000000000e+04 7.749410558166822227e+00 5.250565738927598147e+00 -3.255319579859190071e+00
2.009600000000000000e+04 7.423001996455788287e+00 5.170168737777522949e+00 -3.114481383265918168e+00
1.868100000000000000e+04 7.363666809855889284e+00 5.173315553695736924e+00 -3.757178444099103842e+00
1.871000000000000000e+04 6.868040754755149635e+00 5.556494429812907754e+00 -2.528759518120807570e+00
1.762900000000000000e+04 6.427728825671653823e+00 6.683721230024559645e+00 -1.302821480579993363e+00
2.032600000000000000e+04 7.063743863787014021e+00 5.295874924905696446e+00 -2.209554031530139184e+00
2.100300000000000000e+04 7.013483435754242379e+00 5.897244831347030924e+00 -1.262500502478005160e+00
1.995100000000000000e+04 7.638878981017349190e+00 5.660960312896008872e+00 -2.182025030555934109e+00
2.037100000000000000e+04 8.490634275577992440e+00 5.957914464073169825e+00 -1.896094480028850171e+00
1.996900000000000000e+04 8.116899855456289004e+00 5.303394574491640867e+00 -2.724824464722310324e+00
2.067000000000000000e+04 7.154258843810271884e+00 5.152420612864929694e+00 -3.167949084382755132e+00
2.100700000000000000e+04 6.730234104710909548e+00 7.472985168338048823e+00 -8.745117058402911425e-01
1.954800000000000000e+04 7.091935627337598191e+00 5.091223928212947669e+00 -2.081514962568377314e+00
2.094600000000000000e+04 8.715413130758708604e+00 5.148057053797799654e+00 -8.654110601341855613e-01
2.065600000000000000e+04 6.949751047660441827e+00 7.820287520833140604e+00 -8.476796112494540125e-01
2.090000000000000000e+04 7.294956276269775941e+00 6.650583773680757815e+00 -5.880465224622497544e-01
2.032200000000000000e+04 5.682679176554081835e+00 6.290050905349843902e+00 -5.702142791116315834e-01
2.091400000000000000e+04 5.588636467019060916e+00 5.683779755993676019e+00 -5.675364110326128753e-01
2.090200000000000000e+04 5.588636467019060916e+00 5.683779755993676019e+00 -5.675364110326128753e-01
2.032800000000000000e+04 7.681166172113279345e+00 4.973658656797049105e+00 -2.380528950627748941e+00
1.768800000000000000e+04 6.097198643029575038e+00 7.940674814731991660e-01 -1.430753742714614418e+00
2.094500000000000000e+04 5.815592346207210994e+00 4.944522017343686571e-01 -1.331226111316546223e+00
2.065100000000000000e+04 5.815592346207210994e+00 4.944522017343686571e-01 -1.331226111316546223e+00
1.779200000000000000e+04 6.912509225521624501e+00 8.931282711558310439e-01 -1.248318410612796470e+00
2.008800000000000000e+04 3.271074543767825915e+00 1.532119657778203248e+00 -1.841022460441521957e+00
2.000300000000000000e+04 3.630010704197346172e+00 3.021244551544491230e+00 -3.027147177634574859e+00
2.000200000000000000e+04 3.755419817703224084e+00 3.826516803894662644e+00 -3.288186214083992809e+00
1.908600000000000000e+04 3.309408411263826011e+00 2.628840222223374212e+00 -1.624752143789002901e+00
1.908500000000000000e+04 4.870480902275769353e+00 1.689668192464516494e+00 -1.682398331178248441e+00
1.819600000000000000e+04 4.575417496330839384e+00 1.669132705313074894e+00 -1.370019560784989210e+00
1.960700000000000000e+04 4.369899878614116773e+00 3.108837157763012726e+00 -9.985820239565015299e-01
1.960600000000000000e+04 3.740109263423342156e+00 2.959424922729638752e+00 -9.008060593961957352e-01
2.007800000000000000e+04 3.109336435957047229e+00 2.507047421238823404e+00 -3.377017920388070138e+00
1.964000000000000000e+04 -3.432115837708380468e-01 4.662101526758583248e+00 -1.368348489185436279e+00
2.110700000000000000e+04 -1.935422096557166682e+00 3.109185985822783493e+00 -2.244199665051226589e+00
1.813000000000000000e+04 2.012689241572331866e-01 3.124843012515654550e+00 -3.012556866560281321e+00
1.767700000000000000e+04 1.016982130847138066e+00 3.220006100292671647e+00 -1.441901977666944390e+00
1.809200000000000000e+04 8.132272824591897376e-01 3.297682450317857672e+00 -9.907267159448593929e-01
1.944500000000000000e+04 8.132272824591897376e-01 3.297682450317857672e+00 -9.907267159448593929e-01
1.944400000000000000e+04 -6.275126186698063435e-01 3.288176770380900393e+00 -6.396768207218173075e-01
1.944300000000000000e+04 -1.519555327567285730e+00 4.480551837551857375e+00 -6.097238757799416931e-01
2.137300000000000000e+04 7.698239741043451545e+00 2.604345749003186938e+00 -4.495517225730026212e+00
2.009100000000000000e+04 6.322618645416596905e+00 3.725658908273622671e+00 -3.785670489591943522e+00
1.947100000000000000e+04 6.248034007568168846e+00 3.197807254114110265e+00 -3.255049156883664807e+00
2.006100000000000000e+04 5.472134829880765494e+00 2.787319283605810938e+00 -1.279319620007285607e+00
2.008700000000000000e+04 6.027746663316065678e+00 1.880791272214764831e+00 -1.039624428922898858e+00
1.998400000000000000e+04 5.834219972573897905e+00 1.158174115030981000e+00 -1.435684947066341977e+00
2.009700000000000000e+04 6.143429416757179240e+00 4.495770046603098535e+00 -2.671457981256814662e+00
1.820800000000000000e+04 5.895253615517336954e+00 4.798495713298365217e+00 -1.953219948568801101e+00
1.779000000000000000e+04 6.694429062084079618e+00 4.880666975608178859e+00 -1.798807788113890638e+00
1.998900000000000000e+04 6.694429062084079618e+00 4.880666975608178859e+00 -1.798807788113890638e+00
1.998800000000000000e+04 7.260914999663334868e+00 4.313515716265925448e+00 -1.701165674102135483e+00
1.963400000000000000e+04 7.260914999663334868e+00 4.313515716265925448e+00 -1.701165674102135483e+00
2.008100000000000000e+04 5.615367943140608276e+00 3.600068485826007247e+00 -2.772557970469826216e+00
1.911300000000000000e+04 7.007079520574304610e+00 4.297510544258706489e+00 -1.731208624498243864e+00
2.005800000000000000e+04 7.525905260358022986e+00 4.213604437725017249e+00 -2.193583658065271891e+00
2.000800000000000000e+04 8.951916935603197345e+00 3.545554159779257475e+00 -1.709237333052044505e+00
2.000700000000000000e+04 8.951916935603197345e+00 3.545554159779257475e+00 -1.709237333052044505e+00
2.000600000000000000e+04 7.669657369847932671e+00 4.236021874480258020e+00 -2.349461889795001923e+00
1.998700000000000000e+04 8.738967223107160009e+00 4.539557632045287505e+00 -2.399962091018963406e+00
1.998600000000000000e+04 7.514090947604259441e+00 4.696251995249525635e+00 -1.676969837232661575e+00
1.999400000000000000e+04 7.459690635608769327e+00 4.097788454858630303e+00 -1.642825034478377688e+00
1.759200000000000000e+04 7.522274740662975745e+00 4.474954238651498883e+00 -6.141506089895969467e-01
2.095000000000000000e+04 4.822239249298064578e+00 5.355326848368953563e+00 1.094429216701811924e+00
1.775000000000000000e+04 3.369750440559801774e+00 5.234968308324376096e+00 1.665398290899375411e+00
1.995600000000000000e+04 4.932041928830955158e+00 5.191923995499486466e+00 -1.840594995408650902e-02
2.039000000000000000e+04 3.634220578319403927e+00 -2.128985597432020427e-01 -3.580458012790899147e-01
2.105000000000000000e+04 4.202699605487246970e+00 5.096227770960766179e-01 -1.714450556707944884e-01
2.104900000000000000e+04 3.126944866953913049e+00 -3.660341028414393350e-02 1.944811600542692531e+00
3.261000000000000000e+03 4.285057097407623417e+00 -1.048865634399547275e-01 2.566146517966586771e+00
2.104300000000000000e+04 4.285057097407623417e+00 -1.048865634399547275e-01 2.566146517966586771e+00
2.088500000000000000e+04 3.049422706288462237e+00 -2.828655066836184062e+00 1.588157593844890414e+00
2.037400000000000000e+04 1.783738788942715203e+00 -2.805474543140995536e+00 1.742066352908928195e+00
1.995700000000000000e+04 1.783738788942715203e+00 -2.805474543140995536e+00 1.742066352908928195e+00
2.037300000000000000e+04 2.658609951089964341e+00 -1.584738922926618443e-01 3.056268323790000352e+00
1.995500000000000000e+04 3.136418033269874783e+00 -4.463466143048151480e-01 8.008117911096306329e-01
1.957700000000000000e+04 6.136761127376068714e+00 4.960193741034906623e+00 2.309969603469212984e+00
1.995300000000000000e+04 6.432966384315129460e+00 6.542103217477773569e+00 1.120631165741102109e+00
1.996400000000000000e+04 7.793413932011731049e+00 7.290371934719367175e+00 4.293200762724538322e-01
2.071400000000000000e+04 7.026009715205105977e+00 7.148978875236380759e+00 5.034308857606220045e-01
2.070200000000000000e+04 6.759829260004927676e+00 5.725455477718242037e+00 3.237893747861022575e-01
2.071700000000000000e+04 5.990300143594676996e+00 5.818837685089434331e+00 -3.866483448593029948e-01
1.833200000000000000e+04 6.030646609925582879e+00 6.153986301618417087e+00 -1.674910294849709658e-01
1.958000000000000000e+04 4.885303471926132346e-01 -1.953350157803413367e+00 2.344915933248152839e+00
2.065400000000000000e+04 -1.010722669760106385e+00 3.874782462086301393e-01 1.989063969193679782e+00
2.093800000000000000e+04 1.984509609377482775e-02 -5.030720145656815134e-01 1.531796877676889324e+00
1.952300000000000000e+04 -5.639752870929086725e-01 -1.761661628524535672e+00 2.902326329612272104e+00
1.996300000000000000e+04 3.800386840636900132e-01 -2.856107847511502484e+00 2.048213723536306929e+00
2.093700000000000000e+04 -9.639512025029102205e-01 8.487832346935775263e-01 3.308149381890629570e+00
2.002900000000000000e+04 6.001589498875485873e+00 7.885847334249049823e-01 -1.895663921082757497e-01
2.039700000000000000e+04 6.541685604043745883e+00 4.099278382894055994e-01 -1.507884443455509427e-01
2.068400000000000000e+04 6.830491807114025704e+00 -4.160454094407270986e-01 -6.095947012057223446e-02
2.035400000000000000e+04 6.744380812623322896e+00 9.487327724208398649e-01 1.796802412495495105e+00
2.101300000000000000e+04 -2.967261732876568914e+00 3.442506672499760612e+00 1.113994967729198038e+00
2.032300000000000000e+04 -4.423068804362976891e+00 1.584386065399790766e+00 1.179241696222348423e-01
1.816900000000000000e+04 -3.847099314801093684e+00 2.295501832482685245e+00 -5.011291101554675720e-01
2.003300000000000000e+04 -3.140872163927454608e+00 2.422894254694554661e+00 2.304409606292097124e-01
2.001400000000000000e+04 -3.992034210366725233e+00 1.058219524520730204e+00 9.181227803521281317e-01
2.065300000000000000e+04 1.322168006146110741e+00 3.034872406778440279e+00 1.416421569753119059e+00
2.071600000000000000e+04 1.883208539867842646e+00 1.473908971568754112e+00 1.868063833781697269e+00
1.717100000000000000e+04 1.933323356624443434e+00 3.289711062979215228e+00 5.643825530362960308e-01
1.780200000000000000e+04 2.616984091489317876e+00 4.866533421690888872e+00 4.020723054919699280e-01
1.954700000000000000e+04 2.023802094186304856e+00 3.164639563001827582e+00 4.472706462912512393e-01
1.960400000000000000e+04 3.315440635165357364e+00 2.025864551058326413e+00 1.893260354866797002e+00
1.998200000000000000e+04 4.790819736369478221e+00 3.050054454830899431e+00 1.078003710197087628e+00
2.041100000000000000e+04 4.569627908016112627e+00 1.733936232048726822e+00 1.089440788013000372e+00
1.959400000000000000e+04 3.765875788707663929e+00 4.893732949796259390e+00 2.057335067049308464e+00
2.039600000000000000e+04 1.976545976645363467e+00 3.063993504029639325e+00 2.255315551528575213e+00
2.039100000000000000e+04 3.386024267173539215e+00 4.144832062575403597e+00 2.195755771327419836e+00
2.037800000000000000e+04 4.715505457237139098e+00 4.702480573000975994e+00 2.745117962739307416e+00
2.034700000000000000e+04 1.735192570116158350e+00 1.884501739648605678e+00 2.673233540569846411e+00
2.035200000000000000e+04 2.318141450357300570e+00 2.378545290987240435e+00 2.899301323180878853e+00
2.038400000000000000e+04 3.678999983257284612e+00 2.209836121757987826e+00 9.643604506254987996e-01
2.037900000000000000e+04 4.809570493597977503e+00 2.045310893295201993e+00 6.924113166269307840e-01
1.995400000000000000e+04 3.501254527523776972e+00 1.714656391697559457e+00 -3.196615847508041952e-01
2.071100000000000000e+04 4.343022933600916957e+00 3.094947920970319899e+00 3.621669853730864475e-01
2.039400000000000000e+04 3.867094920615528508e+00 1.929984508924626141e+00 -5.111146861338227154e-01
2.039200000000000000e+04 3.979063736408701146e+00 3.766604215169543579e+00 9.691601066229225125e-01
2.038800000000000000e+04 3.979063736408701146e+00 3.766604215169543579e+00 9.691601066229225125e-01
2.065800000000000000e+04 3.303833111412632917e+00 4.249417526944348822e+00 8.061013359739064299e-01
2.006000000000000000e+04 3.361387625814884927e+00 3.764954117509489606e+00 6.321001184804799777e-01
2.041200000000000000e+04 3.361387625814884927e+00 3.764954117509489606e+00 6.321001184804799777e-01
2.092800000000000000e+04 1.409803946508601413e+00 1.328849733005583289e+00 3.248261132981603794e+00
2.087100000000000000e+04 4.660629591927989424e+00 9.929415317289240761e-01 -5.173411302182842064e-01
2.086900000000000000e+04 1.523552997775766471e+00 9.746505600127051139e-01 1.642666334917343818e+00
2.068700000000000000e+04 -2.270612615448778016e+00 4.627784773459957535e+00 4.203194330475454876e-01
2.094200000000000000e+04 -9.119409770710458218e-01 4.588531863396028143e+00 1.462616716613851509e-01
2.089100000000000000e+04 -1.612884215905237895e+00 4.563863724948461709e+00 -3.852251513977549280e-01
3.126000000000000000e+03 -1.659690203004602793e+00 4.287383792631985102e+00 -3.894248234792740959e-02
3.127000000000000000e+03 -8.862289493436108501e-01 4.823222029359016005e+00 6.188137956170649545e-01
2.064100000000000000e+04 -4.661992903210272488e-01 4.877213158832468309e+00 9.318484283062602458e-01
2.040200000000000000e+04 -1.502095742075864493e+00 3.748249317707291084e+00 -2.932495216818935546e-01
2.040100000000000000e+04 -2.591242801509030969e+00 3.457145246556464713e+00 -4.496845826081639075e-01
2.038900000000000000e+04 4.738786310450553430e-01 3.126453892811596802e+00 9.406848361268558278e-01
2.035500000000000000e+04 -1.597773993118973834e-01 3.280813964342115696e+00 2.384976195730786230e+00
2.087800000000000000e+04 -1.629318822881304030e+00 1.330208958472582026e+00 2.556166170300983254e+00
2.037200000000000000e+04 -1.820277324337320479e+00 2.441895203225904254e+00 3.010436134041242440e+00
1.763400000000000000e+04 7.891946264149378720e-01 3.092601494401137074e+00 3.073446032521935933e+00
2.040700000000000000e+04 5.221000173822361035e+00 1.182964218888081120e+00 -1.073674171032550362e-01
2.038200000000000000e+04 5.361882990221765510e+00 1.351068180163430554e+00 2.145272511526719939e+00
2.039300000000000000e+04 5.745629842142349730e+00 2.575671429855169947e+00 1.423059334694954714e+00
2.039800000000000000e+04 6.198750497907919765e+00 2.225389217090686600e+00 1.790027613427383812e+00
2.031200000000000000e+04 7.992032773661033929e+00 2.037705967288296449e+00 1.185688847437752713e+00
2.005900000000000000e+04 8.377953803999481863e+00 3.337578756563196691e+00 1.405735174384773245e+00
2.038700000000000000e+04 8.317307360109023051e+00 3.352198970019827584e+00 1.659984249915851251e+00
2.069700000000000000e+04 6.958044600974641725e+00 3.961594070441648796e+00 1.766905983235957933e+00
2.072000000000000000e+04 6.415416566721336977e+00 2.494414258633376846e+00 2.017982660085927193e+00
2.040300000000000000e+04 6.005290200132009204e+00 1.867505091035617681e+00 2.271357925808885625e+00
2.072900000000000000e+04 8.732781524336068912e+00 1.531458919396129659e+00 2.354003554038854418e+00
2.071000000000000000e+04 7.096125302231978793e+00 2.462816893438962040e+00 2.508053680386815643e+00
2.064900000000000000e+04 8.763576024091374705e+00 3.724045975073060788e+00 2.874555556928470423e+00
2.070400000000000000e+04 5.318089300218510118e+00 3.300416501926484614e+00 1.842874532291823186e+00
2.071800000000000000e+04 5.318089300218510118e+00 3.300416501926484614e+00 1.842874532291823186e+00
2.069500000000000000e+04 7.337544547361499525e+00 1.201474458324398142e+00 2.462788123898747017e-01
2.116400000000000000e+04 6.035364709239182446e+00 4.457220714220675006e+00 3.981029951452939031e-01
2.110300000000000000e+04 6.438271935066367746e+00 3.860931368820267551e+00 3.774896654451538325e-01
2.114400000000000000e+04 6.314893684127316220e+00 4.383733725377098267e+00 2.761287741124078821e-01
2.114100000000000000e+04 6.406822344225684418e+00 4.363017396118408442e+00 1.506105116707985303e-01
2.106700000000000000e+04 6.406822344225684418e+00 4.363017396118408442e+00 1.506105116707985303e-01
2.111500000000000000e+04 8.043496421114692652e+00 1.094478369242317228e+00 1.555309734535768484e+00
2.141800000000000000e+04 7.707104118084803446e+00 2.735170223000245926e+00 3.438410433354377460e+00
2.099100000000000000e+04 -2.390333676905802562e+00 -1.422696656464829346e+00 -4.341188037634502450e+00
2.110900000000000000e+04 -4.274911686272746536e+00 -2.533345515642835721e+00 -3.242621198609619171e+00
2.142000000000000000e+04 -3.019518773697745573e+00 -2.755579210015433489e+00 -3.382824024606435387e+00
2.119300000000000000e+04 -4.100244764912304163e+00 -1.229762224388352365e+00 -2.587165729782398671e+00
3.224000000000000000e+03 -5.228262320643248806e+00 -2.216046182623223615e+00 -1.922707583732439218e+00
2.106400000000000000e+04 -5.370081308467888448e+00 -2.661988868226231375e+00 -1.770850886188938489e+00
2.105200000000000000e+04 -4.919654198483663698e+00 -2.743403514622244188e+00 -1.085681561698521591e+00
2.133200000000000000e+04 -6.671017141007929752e+00 -1.850795266563920904e+00 -1.088033132550251025e+00
3.282000000000000000e+03 -5.086787276856059137e+00 -2.795187518367605151e+00 -1.503039499918507715e+00
2.116200000000000000e+04 -5.047136094425293429e+00 -2.805115050714370284e+00 -1.694551756466019299e+00
2.103300000000000000e+04 -5.047136094425293429e+00 -2.805115050714370284e+00 -1.694551756466019299e+00
2.141900000000000000e+04 -5.951493538830006536e+00 -2.842099776834970726e+00 -7.383538488871579375e-01
2.106300000000000000e+04 -5.174668145662898233e+00 -2.966698735281347865e+00 -1.975150095091315450e+00
2.109300000000000000e+04 -4.928413894195250222e+00 -3.028447435366139473e+00 -1.404177276414394271e+00
2.108200000000000000e+04 -2.622697600121748351e+00 -2.703589822674231868e+00 -1.400269127920218182e+00
1.831100000000000000e+04 -2.235934506820541401e+00 -1.844899116276728535e+00 -1.061438086471163444e+00
2.097900000000000000e+04 -1.240246842338496691e+00 -2.207874830936802368e+00 -7.979956075570839857e-01
2.111100000000000000e+04 -1.240246842338496691e+00 -2.207874830936802368e+00 -7.979956075570839857e-01
2.109800000000000000e+04 -4.398608253670243329e+00 -2.434175437907796891e+00 -2.002446491818020036e+00
2.134400000000000000e+04 -4.417024088204192012e+00 -2.398744437070980950e+00 -2.236047913877264648e+00
2.134700000000000000e+04 -4.233164765054119982e+00 -2.392750702972030297e+00 -1.618750360996799031e+00
2.136700000000000000e+04 -4.403738376893942430e+00 -2.442117577366040848e+00 -1.494618549809025865e+00
2.113200000000000000e+04 -3.217062279162975713e+00 -2.336117728001923410e+00 -1.241741941971788776e+00
2.129600000000000000e+04 -4.479804152866600830e+00 -2.944420229167455716e+00 -1.468305957496838232e+00
2.132300000000000000e+04 -4.554061739083220317e+00 -2.960927742617855074e+00 -2.168945348240193027e+00
2.003200000000000000e+04 -4.854395358276629047e+00 -2.672599639209899181e+00 -2.018000199637555170e+00
2.112300000000000000e+04 -2.943843978370770387e+00 -3.017698148990390905e+00 -2.261032412279973869e+00
2.111600000000000000e+04 -5.757272303186677931e+00 -1.590663486045492903e+00 -4.797174769227510183e-01
2.132500000000000000e+04 -6.720587323918516098e+00 -2.029499954879113943e+00 -1.029993908969828453e-01
2.112800000000000000e+04 -6.795898266818247713e+00 -2.128238493855725721e+00 2.809776447343281802e-01
2.132400000000000000e+04 -5.751955726505283195e+00 -8.762598546084277018e-01 2.395015255608257121e-01
2.112200000000000000e+04 -9.125537864907773411e-01 -1.622638316560575333e+00 1.362176773160697962e+00
2.134300000000000000e+04 -1.855054542392389649e+00 -1.967266069985093679e+00 9.594037244327751068e-01
3.248000000000000000e+03 -1.983442437546589332e+00 -1.108896614800990221e+00 -4.822512079888880976e-01
2.116500000000000000e+04 1.344118426122983934e+00 -1.970077293534693297e+00 -2.874744048932313945e+00
2.092400000000000000e+04 2.936887908775359435e+00 -1.989202150674096004e+00 -3.577783310856567311e+00
2.103600000000000000e+04 -4.121815008641203093e-01 -1.695730188604976263e+00 -4.441718247662514329e+00
2.105100000000000000e+04 8.851897339111420848e-01 -2.437097529511099481e+00 -3.888838810207360552e+00
2.133700000000000000e+04 8.100682954658466883e-01 -2.153089408739205624e+00 -2.909829247030202737e+00
2.133500000000000000e+04 6.127029559792180891e-01 -2.812129268179468511e+00 -3.089094189706514726e+00
2.133400000000000000e+04 -1.623002246577556207e-01 -2.555802270365028050e+00 -2.725694450922624412e+00
1.994600000000000000e+04 1.441038815663350903e+00 1.887431555379919246e-01 -2.650593017035028254e+00
2.137400000000000000e+04 2.767632062598991638e+00 -1.049210081802719685e+00 -2.567449721308683763e+00
2.072300000000000000e+04 -2.014719741255275309e+00 -3.851965262695671299e-01 -4.220845763503696446e+00
3.289000000000000000e+03 -2.014719741255275309e+00 -3.851965262695671299e-01 -4.220845763503696446e+00
2.033100000000000000e+04 -1.192407028343051678e+00 3.186652031249082029e-02 -3.179198561962067515e+00
1.994700000000000000e+04 -2.085568880705329420e+00 -1.036405108003023656e+00 -4.486563147143698416e+00
2.038000000000000000e+04 -1.406332348807232790e+00 -3.760989829119978367e-01 -2.569144820178649979e+00
2.098100000000000000e+04 -1.669142436909840654e-01 -3.456624431991386359e-01 -3.243524874386984891e+00
2.088200000000000000e+04 1.766913034661055093e+00 -1.472442395749276045e+00 -2.138330155640367991e+00
3.239000000000000000e+03 2.137748921514630140e+00 -1.542750639997244377e+00 -8.885513111859140167e-01
1.999500000000000000e+04 1.267066414461842427e+00 1.806807595993817017e+00 -1.634087695703428267e+00
2.063800000000000000e+04 2.308879818881697688e+00 2.351786495945368927e+00 -1.520790970867231806e+00
2.070100000000000000e+04 2.668278774038551404e+00 2.728067655475982178e+00 -1.427265650718005929e+00
2.033500000000000000e+04 1.360833437695998072e+00 1.361694540384291940e+00 -1.124943353055002149e+00
2.067300000000000000e+04 6.643783107685763412e-01 -1.204413681222590071e+00 -1.620461225333968969e+00
2.003700000000000000e+04 9.737799460387233097e-01 -1.153506704241749503e+00 -1.578853031450279332e+00
2.102100000000000000e+04 -2.274587129579899170e-01 -1.433211933888124179e+00 -8.664183906722939810e-01
3.209000000000000000e+03 -3.633317728471642027e+00 2.246662755549188262e+00 -9.123664814172727233e-01
1.958500000000000000e+04 2.932279952754933916e+00 -1.381195600275759716e-01 -2.129442874298952404e+00
2.115200000000000000e+04 2.406956816754345141e+00 -5.743399961586703739e-02 -1.690857880096167776e+00
2.105700000000000000e+04 2.406956816754345141e+00 -5.743399961586703739e-02 -1.690857880096167776e+00
2.110400000000000000e+04 2.531057137855718508e+00 7.638246472582537194e-01 -1.174144215039248706e+00
2.107000000000000000e+04 1.430825961552063319e+00 5.975243444100684087e-01 -1.080519872994656794e+00
2.103900000000000000e+04 1.728192690771846785e+00 -3.437405436497442679e-02 -8.828890554767241383e-01
2.114000000000000000e+04 -9.349317981405569356e-01 -4.708681776964311894e-01 -1.957309382896404770e+00
2.888000000000000000e+03 -1.289624557796203774e+00 -2.345259050511998566e-01 -1.974791041022264437e+00
2.107400000000000000e+04 -1.310107762520363650e+00 5.759566197005341337e-01 -1.937576308121208513e+00
2.107200000000000000e+04 -2.658032767542692909e+00 -8.415235760698678291e-01 -2.333620707637159342e+00
2.097500000000000000e+04 -2.872474855102304048e+00 1.111812203414714872e-01 -7.932440084346481513e-01
2.105600000000000000e+04 -2.951774088418659403e-01 2.895750529134559770e-01 -2.312337568027338364e+00
2.104200000000000000e+04 3.699268674056348516e-01 -2.205563633913456556e-01 -2.291729714295641429e+00
2.103400000000000000e+04 1.275247174516440651e-01 3.556282843467073462e-01 -2.457176320665837466e+00
2.102900000000000000e+04 6.777048378842032150e-01 -4.215598231051842504e-01 -1.368596920055466626e+00
2.063100000000000000e+04 -8.949855629944636348e-02 1.646330472186647853e-01 -1.289123928592182722e+00
2.102700000000000000e+04 6.778104260399420156e-01 -4.489279067011366919e-01 -8.170374309483747766e-01
2.102300000000000000e+04 6.778104260399420156e-01 -4.489279067011366919e-01 -8.170374309483747766e-01
2.102200000000000000e+04 -6.845470362797030361e-01 7.693864867556499121e-02 -6.207391961868538033e-01
2.066900000000000000e+04 -1.424072284956725554e-01 2.237855201718872422e-01 -5.966837359785372996e-01
2.106900000000000000e+04 -1.424072284956725554e-01 2.237855201718872422e-01 -5.966837359785372996e-01
2.094300000000000000e+04 -8.240446161285870375e-01 -3.654062077836570666e-01 -5.600888539950759082e-01
2.000100000000000000e+04 1.861759139025483734e+00 -1.846816367437035922e+00 1.751406722861830190e-01
2.090300000000000000e+04 2.718618047847321861e+00 -1.086893886487523275e+00 4.328917514813639400e-01
1.811700000000000000e+04 1.469617086184802801e+00 -1.750008388838324436e+00 -2.688400300766886630e-01
1.811600000000000000e+04 1.428135961145173383e+00 -2.832806015476315054e+00 -6.812605862510423549e-02
1.780500000000000000e+04 2.051096271581890562e+00 -2.983707957847620662e+00 6.069815342446460704e-01
2.037600000000000000e+04 1.485696833366201730e+00 -3.032602494483867872e+00 8.772945770180484715e-01
1.810800000000000000e+04 1.068121959264342280e+00 1.144395255882379558e+00 -3.473433012489337557e+00
1.760700000000000000e+04 -7.445145371107244614e-01 9.752547878476178767e-01 -4.212509583533176283e+00
1.811400000000000000e+04 8.305244471319195299e-01 -1.794442909067278435e+00 5.710787934316172709e-01
2.111700000000000000e+04 -1.124268437233428841e-01 -2.623501889057898495e+00 2.086807591301109710e-01
2.034600000000000000e+04 1.446810365279862509e-01 -3.031169871899500379e+00 -3.698565387809935601e-01
2.034300000000000000e+04 -1.505122385929196227e+00 4.744285466558295639e-02 9.712213911588563064e-01
1.812000000000000000e+04 -2.738911209722882489e+00 8.556494385522697144e-01 -2.087180994661821387e-01
2.033900000000000000e+04 -4.715611207717270048e+00 -2.802190929663410657e-01 4.957486311897838505e-01
1.828600000000000000e+04 3.944993470334239305e-01 3.497689231840936941e-01 1.367377306694763206e+00
1.761500000000000000e+04 -6.907873703238518459e-01 -5.539369036171919447e-01 -3.464829353795053635e-01
2.064200000000000000e+04 7.281480442202319381e-01 -5.112148141885057839e-01 7.333230672270474315e-01
2.106200000000000000e+04 -5.501974808894711799e-01 7.012533722160441130e-01 8.898040740027894913e-01
1.997700000000000000e+04 -9.467094620535068117e-01 9.562546422715740846e-01 -1.206151244995723459e+00
1.771300000000000000e+04 -8.002230563337011660e-01 2.620649225908636026e+00 -2.090741889101934703e+00
1.966200000000000000e+04 -1.125469116841326667e-01 1.821166176501336054e+00 -1.918996815657202148e+00
1.944700000000000000e+04 -7.504435221815342061e-02 2.223574621431922083e+00 -1.800057680012116634e+00
1.811800000000000000e+04 8.133688922831083801e-02 2.742434534433208171e+00 -1.771405454739515051e+00
1.771100000000000000e+04 -1.085664040790472740e-01 1.880396988481727760e+00 -1.098240430630980313e+00
1.771200000000000000e+04 -7.864333290449945224e-01 1.539019084612881727e+00 -9.608850713454160086e-01
2.072800000000000000e+04 3.827823874751814515e-01 1.547997303210152609e+00 -8.132847383358665638e-01
1.797100000000000000e+04 1.736290985644295404e-02 9.934747073560572517e-01 -1.619300230858335965e+00
1.797000000000000000e+04 2.005651328503235575e+00 2.056990412261356482e+00 2.552857448088943215e-01
1.809600000000000000e+04 3.089013731961363973e+00 1.994974647141447122e+00 2.500209935238260073e-01
1.808200000000000000e+04 -2.446911956614627570e+00 2.826638057012281990e+00 2.411238965206408125e-01
1.966400000000000000e+04 -1.560365836940924567e+00 2.779826066421506425e+00 -8.788243661042827171e-02
1.776800000000000000e+04 -1.818691142619769607e+00 2.014082238407624459e+00 8.480247080944991467e-02
1.802900000000000000e+04 -1.465880024690584094e+00 1.356902766420226669e+00 3.809706655257656394e-01
2.036200000000000000e+04 -2.051983048984176605e+00 2.458289237850770803e+00 9.894863258822326202e-01
2.064700000000000000e+04 -2.305501314958569026e-01 1.117223297854280872e+00 -3.373277342290492697e-01
2.092000000000000000e+04 5.873532900765336962e-01 2.536798054589155527e+00 8.564918549037443540e-01
2.062700000000000000e+04 -8.381685786980721531e-01 1.182991422500286660e+00 -3.008933497062287188e-01
2.087400000000000000e+04 -1.499561283216725904e+01 -1.933706749794033897e+00 -6.569769567960079826e-01
2.105300000000000000e+04 -1.495561718984694544e+01 -2.191939351948775538e+00 -1.144470905978067776e-01
2.094800000000000000e+04 -1.495561718984694544e+01 -2.191939351948775538e+00 -1.144470905978067776e-01
2.040500000000000000e+04 -1.541372970600158432e+01 -2.819991947740959404e+00 -1.230401338695656932e-01
2.033400000000000000e+04 -9.303862000745382943e+00 2.729250405838861582e+00 -6.648579477065368337e-01
1.960000000000000000e+04 -1.083443240194785773e+01 3.659537042835189879e+00 2.215671659885295242e+00
2.034200000000000000e+04 -1.068866556065630569e+01 1.540725259597707009e+00 3.290545081751901080e-01
2.001600000000000000e+04 -9.778488769572966532e+00 3.923691649971104312e+00 1.623945607516986911e+00
2.070000000000000000e+04 -1.033015175098240412e+01 3.537044595615711273e+00 5.478939818617405422e-01
2.002200000000000000e+04 -8.566574333358147442e+00 3.557407161440508503e+00 1.978184780521992536e+00
2.000900000000000000e+04 -8.732607711688398666e+00 2.110001578200972006e+00 -4.535934768704237285e-01
1.816600000000000000e+04 -8.865557604875856867e+00 2.207006504696479965e+00 1.607117734346914517e-01
2.002600000000000000e+04 -9.341093408974050050e+00 2.316380430605441632e+00 5.566433535288126677e-01
1.762600000000000000e+04 -9.341093408974050050e+00 2.316380430605441632e+00 5.566433535288126677e-01
1.777100000000000000e+04 -8.417863864455085832e+00 1.549710687519841201e+00 -3.640646389353392465e-01
1.779600000000000000e+04 -9.879184228036111293e+00 2.799105777692943775e+00 8.607554719447492175e-01
1.961400000000000000e+04 -1.060779002055265785e+01 2.400327225498699590e+00 8.076760921509915647e-01
1.961300000000000000e+04 -1.021557084618912903e+01 1.610092226885157629e+00 2.712786307990064927e+00
1.853100000000000000e+04 -1.021557084618912903e+01 1.610092226885157629e+00 2.712786307990064927e+00
2.031100000000000000e+04 -1.045856159716066536e+01 4.053745469407886048e+00 3.354306865639379964e+00
2.031000000000000000e+04 -1.045856159716066536e+01 4.053745469407886048e+00 3.354306865639379964e+00
2.061900000000000000e+04 -1.199710193011187087e+01 3.791086447056009945e+00 9.559377664593426971e-01
1.763800000000000000e+04 -1.101597185884304153e+01 3.222915331072897516e+00 9.880208593914758808e-01
1.809700000000000000e+04 -1.101597185884304153e+01 3.222915331072897516e+00 9.880208593914758808e-01
2.034900000000000000e+04 -1.168919927864760311e+01 1.341480341559595502e+00 2.052652713718643440e+00
1.777500000000000000e+04 -1.168919927864760311e+01 1.341480341559595502e+00 2.052652713718643440e+00
1.853500000000000000e+04 -1.366842096407880547e+01 1.319228106789459787e+00 2.618653198292264506e+00
1.767300000000000000e+04 -1.129796002650305553e+01 2.265407410550785983e+00 3.050364826461766654e+00
1.817000000000000000e+04 -1.112668668276417172e+01 1.146398085038711656e+00 2.212529732424336260e+00
1.832000000000000000e+04 -1.172712633607438981e+01 2.240716165663819481e+00 3.238929583005756285e+00
1.835000000000000000e+04 -7.449069254977292331e+00 -2.342537499915209764e+00 1.795058010842609519e-01
1.783500000000000000e+04 -8.078921666215205022e+00 -1.715477864328768476e+00 6.072277679582001042e-01
1.817800000000000000e+04 -8.810995486649266795e+00 -2.155834863713664618e+00 -4.044723427459260279e-01
1.817700000000000000e+04 -8.908281975024394228e+00 -1.992383849631707449e+00 9.272843398614583066e-02
1.760200000000000000e+04 -7.905518000823636093e+00 -3.847916834526643015e+00 -4.010823415739821485e+00
1.922700000000000000e+04 -7.905518000823636093e+00 -3.847916834526643015e+00 -4.010823415739821485e+00
1.922400000000000000e+04 -7.827584353807989892e+00 -3.301584295716310180e+00 -2.758780015346189884e+00
1.761000000000000000e+04 -7.827584353807989892e+00 -3.301584295716310180e+00 -2.758780015346189884e+00
2.086600000000000000e+04 -7.117545356557862135e+00 -2.007154448914143074e+00 -1.774861022844767433e+00
2.072600000000000000e+04 -7.432847197973161180e+00 -2.724432287574863665e+00 -1.606880079223870439e+00
2.070900000000000000e+04 -8.306227644186581216e+00 -1.088803479928444062e+00 -1.228496322173221245e+00
2.064500000000000000e+04 -7.060272142607923129e+00 -2.299073634773982633e+00 -1.288325166394727717e+00
2.095400000000000000e+04 -8.194814375429050557e+00 -2.740382404391411342e+00 -1.135765707663232149e+00
2.003800000000000000e+04 -8.335166425534072943e+00 -4.123562465470413940e+00 -2.329394251087556711e+00
2.107300000000000000e+04 -7.462440980773807908e+00 -3.960864464040326993e+00 -1.634979425419885501e+00
1.809500000000000000e+04 -7.986271876392573077e+00 -2.285620786916545910e+00 -3.735646673814095209e+00
1.757700000000000000e+04 -8.137924043713660183e+00 -2.827888989821396137e+00 -2.868597021562422356e+00
1.912800000000000000e+04 -7.566223066185719937e+00 2.304395272189267985e-01 9.668217511550523113e-01
1.945400000000000000e+04 -7.625187671406186141e+00 -9.269046470752186906e-01 6.199307609054471868e-02
2.090800000000000000e+04 -8.020703110810352143e+00 2.251796272777681907e-01 -6.992973904749746339e-01
2.006400000000000000e+04 -8.133330934897021081e+00 -1.158094261111202172e-01 -5.413310909815507443e-01
1.816800000000000000e+04 -1.061154598707536678e+01 -1.124785286863350109e+00 -3.550065839393070632e-01
1.958200000000000000e+04 -9.009296765544393182e+00 -1.864402026247987010e+00 -2.203738283138392262e-01
2.091700000000000000e+04 -9.307165744707798893e+00 -1.427724293181071857e+00 -8.028375218051309048e-02
2.088700000000000000e+04 -9.300613749164128308e+00 -1.923147805840613955e+00 4.274152669512787384e-01
2.034800000000000000e+04 -1.072607490728176138e+01 -2.414115747290779268e+00 4.775656868394619892e-01
1.768000000000000000e+04 -9.004051987539112289e+00 -1.078111145491853051e+00 1.398034994303586132e+00
1.761100000000000000e+04 -1.018003019013458754e+01 5.271668558936113413e-01 1.252569738589571102e+00
1.760600000000000000e+04 -9.623859396169928360e+00 -1.026125808873430856e+00 -4.432990130896001801e-01
2.034500000000000000e+04 -1.022637718907496485e+01 -3.152884757742583588e+00 6.529350699135818559e-01
1.809300000000000000e+04 -9.414026990284396490e+00 -1.393644283317861721e+00 -1.860882763951586583e+00
2.034000000000000000e+04 -9.150817642440529198e+00 -2.056737512721689143e+00 -1.317343876574213368e+00
1.778000000000000000e+04 -9.744066650331816959e+00 -2.684652542196282354e+00 -2.154815494919823493e+00
2.099400000000000000e+04 -9.513422062164671900e+00 -2.865652914506910065e+00 2.150493597915584587e+00
2.071200000000000000e+04 -9.836737928778958917e+00 -2.133757383762585391e+00 1.697362711939227609e+00
2.067700000000000000e+04 -1.005719763158873192e+01 -1.005179705084429997e+00 -1.360922629447422594e+00
2.096500000000000000e+04 -1.042658743351863748e+01 -3.543287853196019910e-01 -1.569433850807193664e+00
2.071300000000000000e+04 -9.735180669124424924e+00 -6.731591351599917061e-01 -1.594873243463922563e+00
2.035100000000000000e+04 -9.671285020843541247e+00 -9.533578104851230250e-01 1.997062540770890848e+00
1.806800000000000000e+04 -1.003223823580965401e+01 6.619516528581215198e-02 1.632594916948058028e+00
1.806700000000000000e+04 -1.027977254088441583e+01 4.453194123868371435e-01 1.882593749078878886e+00
2.106800000000000000e+04 -1.027977254088441583e+01 4.453194123868371435e-01 1.882593749078878886e+00
1.794700000000000000e+04 -1.051221022231420221e+01 3.919558962394376067e-02 1.640080292013351482e+00
1.770500000000000000e+04 -9.107907474970158290e+00 -1.445628433591679141e-01 2.039160128443477049e+00
1.834800000000000000e+04 -1.071571865959149683e+01 5.342491518308563059e-01 1.638583524270750047e+00
1.764500000000000000e+04 -9.854338278637566617e+00 -7.376375060786557469e-01 1.899655372881809967e+00
1.764400000000000000e+04 -1.020289023546085083e+01 -4.719154166289740715e-02 3.072964460544753251e+00
1.958100000000000000e+04 -1.402426351418257866e+01 -1.087769918427767379e+00 -2.938874622021643290e-01
1.806900000000000000e+04 -1.183693753977145668e+01 -2.592061615533175711e+00 3.755410201329354436e-01
1.783700000000000000e+04 -1.142675448103635460e+01 -1.099560132018609693e+00 -2.558290088425252407e-01
1.780800000000000000e+04 -1.148347465952015156e+01 -2.528059375869254666e+00 6.524658123297086831e-01
1.769600000000000000e+04 -1.131160802050961323e+01 -2.958177637738565124e+00 -2.907340641512092816e-01
2.036800000000000000e+04 -1.107117707471039481e+01 -1.606104288078824993e+00 1.412003078039361981e+00
1.784400000000000000e+04 -1.476347233499953404e+01 -8.319458736096692064e-01 1.196527083127989499e-01
2.091100000000000000e+04 -1.433470436058427389e+01 -8.156943008629014003e-03 9.375554662799743255e-01
2.092300000000000000e+04 -1.404890427862335400e+01 -8.946289274996459540e-01 2.443616389575069547e-01
2.094400000000000000e+04 -1.278184160602357800e+01 3.893457120392866955e-01 1.054027690278473983e+00
2.093100000000000000e+04 -1.278184160602357800e+01 3.893457120392866955e-01 1.054027690278473983e+00
2.091000000000000000e+04 -1.118106445389023662e+01 -4.535052607877645414e-01 1.225727619661959977e+00
2.033300000000000000e+04 -1.408633934129294829e+01 -1.166116855175204137e+00 -1.382323568902720012e+00
2.033200000000000000e+04 -1.335882838930503169e+01 -1.527994922464344540e+00 -1.098279899385467218e+00
2.070800000000000000e+04 -1.104238290141177714e+01 -2.661811224868834813e+00 -2.200501948514187234e+00
2.071900000000000000e+04 -1.406531284954024841e+01 1.374846743687285766e-01 1.507239550095803793e+00
2.092100000000000000e+04 -1.394191561384341860e+01 -6.964860426242580616e-02 2.716097065440287395e+00
2.089900000000000000e+04 -1.393014369362848548e+01 1.640161281397922721e-02 2.613738966174871337e+00
2.093500000000000000e+04 -1.143408920651436311e+01 -3.097213978119178535e+00 -8.025220535771353525e-01
2.031700000000000000e+04 -1.119132358577031461e+01 -3.234175707940224243e+00 -6.165502630924635241e-01
2.093400000000000000e+04 -1.157408892683418067e+01 3.218226492128977156e-01 1.728993540529387474e+00
2.040000000000000000e+04 9.713126269837434990e+00 5.363168936795219111e+00 -1.728672175755185947e+00
2.090500000000000000e+04 9.120845185585338299e+00 4.999118263853581823e+00 -3.426426250617524261e+00
2.093600000000000000e+04 9.901703795704943190e+00 2.767735235001005378e+00 -1.218382688361955957e+00
2.090100000000000000e+04 1.070859780396050454e+01 3.595999181401161593e+00 -1.552221613363222730e+00
2.070600000000000000e+04 1.097830722811798765e+01 2.925188221507312392e+00 -9.212699724189050698e-01
