# star id 	 star_x_coords [pc] 	 star_y_coords [pc] 	 star_z_coords [pc] 
3.576600000000000000e+04 -2.493409247489012159e+00 -8.664223930156111919e-02 -9.573413706318856242e-01
3.566900000000000000e+04 -1.872915678723970245e+00 1.022606922691874587e+00 -8.183512976960312102e-01
3.568400000000000000e+04 -5.396366147792974743e-01 -3.516695860878229496e-01 -1.156568994738876199e+00
3.555500000000000000e+04 6.498679147898656083e-01 6.830429683706213950e-01 -1.615101489943290503e+00
3.554900000000000000e+04 1.353463062336942357e+00 1.671642223653613257e-01 -1.452732348553115393e+00
3.577000000000000000e+04 -3.970599459922823371e-01 -3.034126974367339358e-01 -7.429028650010938151e-01
3.555600000000000000e+04 -1.761605011327034731e+00 -4.716720285007696134e-01 -4.901559346200077272e-01
3.566400000000000000e+04 -6.143897840951808575e-01 -7.125485543698850677e-01 3.864779398744921934e-01
3.564800000000000000e+04 1.056504362592164625e+00 -4.634695579288390377e-01 -4.912850884675581398e-01
3.556100000000000000e+04 8.470947467265830255e-01 -5.401774291099279424e-01 -3.930459002635746657e-01
3.555400000000000000e+04 8.987469055487906644e-01 -6.474394786666337609e-01 -2.105124548513277460e-01
3.577100000000000000e+04 -1.861654205200835577e-01 -3.748476169773660160e-01 -1.972788748646880919e-01
3.569300000000000000e+04 8.686218244066310490e-01 -4.028753192301017805e-01 -6.757779270050789933e-02
3.554800000000000000e+04 5.769758830867885990e-01 -9.443708396422287876e-01 2.594254676054177366e-01
3.565900000000000000e+04 1.001186571638285727e+00 -4.704419291616446230e-01 4.487980334593384413e-01
3.554100000000000000e+04 -9.380395971711408265e-01 -3.038364110883868818e-01 -1.396291303182284338e-01
3.567300000000000000e+04 -9.330098178050292290e-01 1.034552077621114563e+00 1.332646148573815026e-01
3.567100000000000000e+04 -1.081144477247917735e+00 5.168217151813045973e-01 6.346885370107031576e-01
3.565500000000000000e+04 -1.031561708348320394e+00 3.080628437459438373e-01 1.511594821724258964e+00
3.567600000000000000e+04 8.929590167156646885e-01 4.196785724714757748e-02 -1.520789411564003046e-01
3.565100000000000000e+04 8.826150694376622141e-01 3.019872931063716237e-02 -7.446460472889704363e-02
3.570600000000000000e+04 5.786814123602823656e-01 8.110540909450492109e-02 -3.433109922397115099e-02
3.567700000000000000e+04 9.118785437996450582e-01 7.094506118662309291e-01 1.600414457256320588e-01
3.556200000000000000e+04 6.998412252927721511e-01 7.993259434132937713e-02 1.946749149457840389e-01
3.555700000000000000e+04 8.102012871869703758e-01 9.538350896363567699e-02 3.164958950578196095e-01
3.555100000000000000e+04 1.117489618436238175e+00 1.100565611699160229e-01 7.383429447173348592e-01
3.557700000000000000e+04 1.243889915318163730e-01 7.596718889666966845e-01 7.718132833200304077e-01
3.553800000000000000e+04 -2.230254782679935488e+00 -5.266446607930319601e-02 1.739977007196451098e+00
3.567500000000000000e+04 8.086756444683231848e-01 4.860502233528372074e-01 1.697763274144540091e+00
