# star id 	 star_x_coords [pc] 	 star_y_coords [pc] 	 star_z_coords [pc] 
7.249000000000000000e+03 -7.773401254231782076e-01 -9.729233300590509614e-01 1.004123446270522635e+00
7.250000000000000000e+03 9.894010122800906970e-01 -1.325551027772726265e+00 4.751618089675190837e-01
6.989000000000000000e+03 -9.704782815445334165e-01 -4.797607177483280694e-01 8.746093136041045435e-01
7.237000000000000000e+03 -1.900091439916259617e+00 1.127215589623409286e-01 9.676894638885693567e-01
6.928000000000000000e+03 -1.182152721719047506e+00 -5.145596615302432397e-01 9.197762004983633943e-02
7.026000000000000000e+03 -2.324719214144135293e-01 -8.535025431119276362e-01 3.001176497258402076e-01
7.031000000000000000e+03 4.247681076119533827e-01 -3.644900832014092984e-01 1.111285352538055604e-01
7.179000000000000000e+03 4.233564980742432482e-01 7.755661541702325579e-01 -1.840899305655987472e-01
7.129000000000000000e+03 1.931546831974433331e-01 8.252000294014965043e-01 1.008211603382139776e-01
7.030000000000000000e+03 8.273674120610650107e-01 9.317876367664008619e-01 1.144136233996025376e-01
7.047000000000000000e+03 -8.708435288246594297e-01 -1.161964753540048356e+00 -7.599591078594312155e-01
7.128000000000000000e+03 -6.931749690061792535e-01 1.273617818981875871e-01 -5.720608993886153737e-01
7.127000000000000000e+03 -6.726381833085532946e-01 -9.477895773835687265e-02 -4.961530225011063777e-01
7.025000000000000000e+03 -5.492794694801084177e-01 -1.127765073896497050e+00 -2.991341179045291510e-01
7.048000000000000000e+03 -5.761840206986690305e-02 -1.111059418432747137e-02 -8.343416031738322136e-01
3.353200000000000000e+04 -1.565502004753707155e-01 -5.388930315761664147e-01 -2.522212540513173451e-01
6.930000000000000000e+03 3.507284389540288316e-01 2.604610786071526185e-01 -5.891297305265625894e-01
6.967000000000000000e+03 1.708442071686956609e+00 -4.019981475057319287e-01 1.005390291488762022e+00
1.410000000000000000e+03 6.350613729412071251e-01 -2.966685209228323572e-01 -9.409736996723541136e-01
3.424300000000000000e+04 1.144818123007606658e+00 5.600094472874417306e-01 -1.616412522663905005e+00
7.144000000000000000e+03 -1.131921389585475168e-01 -1.306849481295255799e-01 6.762928681782346407e-01
2.780600000000000000e+04 -1.651076746890165481e-01 -4.435347851154514132e-02 5.592390260638417931e-01
7.050000000000000000e+03 -6.316712617277406849e-01 2.153557761033924045e-01 5.106550193312222596e-01
6.998000000000000000e+03 2.387238259924231443e-01 -4.630652045079131085e-02 1.490001735282245887e-01
7.088000000000000000e+03 3.102113283272700528e-02 -1.079286812554869357e-03 1.782777457493831541e-01
7.024000000000000000e+03 3.102113283272700528e-02 -1.079286812554869357e-03 1.782777457493831541e-01
6.948000000000000000e+03 -1.883293237526473263e-01 -4.059227183010749584e-02 1.112183849241691336e-01
7.277000000000000000e+03 -1.163388885334093459e-01 4.992203910413923751e-01 1.824404816362714676e-01
7.160000000000000000e+03 1.537429213010579332e-01 1.962935073302007893e-01 9.668535905219899362e-02
7.294000000000000000e+03 1.537429213010579332e-01 1.962935073302007893e-01 9.668535905219899362e-02
6.960000000000000000e+03 2.175060758339455447e-01 8.922450307289553351e-02 9.127067335578908924e-02
7.077000000000000000e+03 2.175060758339455447e-01 8.922450307289553351e-02 9.127067335578908924e-02
6.946000000000000000e+03 2.390776608727556152e-01 1.368846451945930909e-01 1.160056095435445522e-01
7.203000000000000000e+03 2.390776608727556152e-01 1.368846451945930909e-01 1.160056095435445522e-01
7.318000000000000000e+03 1.809796576438920113e-01 1.815120148476196960e-01 1.261620127590194484e-01
6.984000000000000000e+03 1.887048582457815371e-01 8.100938243454303134e-02 1.393696409732330110e-01
7.119000000000000000e+03 1.887048582457815371e-01 8.100938243454303134e-02 1.393696409732330110e-01
7.010000000000000000e+03 1.499825786354715973e-01 2.744595056037830716e-01 1.739945718443319245e-01
7.011000000000000000e+03 3.074127354893168018e-01 2.990524021951079803e-01 2.191513468218716509e-01
7.292000000000000000e+03 4.834706689842249716e-02 2.825807638032111768e-01 1.405190920266926602e-01
7.293000000000000000e+03 2.609373290082555030e-01 1.754780543584320007e-01 3.254217734946714402e-01
7.019000000000000000e+03 1.954507571594508164e-01 6.663345231485617859e-02 3.583579646983972022e-01
6.893000000000000000e+03 -5.973366536203172927e-03 2.530893647971304006e-01 9.252579260239346404e-02
6.894000000000000000e+03 -1.178277923264499094e-01 1.198688783407519942e-01 1.729812848431154793e-01
7.101000000000000000e+03 -1.668697363254327826e-01 2.592440975048670992e-01 2.571075017440484500e-01
7.274000000000000000e+03 -1.605843318577395706e-01 1.340191106177721636e-01 2.777589152191733413e-01
7.118000000000000000e+03 -1.605843318577395706e-01 1.340191106177721636e-01 2.777589152191733413e-01
7.134000000000000000e+03 1.821215701294924827e-01 5.295554332686491783e-01 9.728016216206747391e-02
6.952000000000000000e+03 -2.047793986973722724e-02 -5.055718838089973133e-03 -1.567274873035540139e-01
7.137000000000000000e+03 -4.604665026021166341e-01 1.163789841610358700e-01 -1.419485336801389330e-01
7.157000000000000000e+03 -4.604665026021166341e-01 1.163789841610358700e-01 -1.419485336801389330e-01
7.056000000000000000e+03 -6.733783635990953087e-02 2.304522809646982751e-01 -2.187186029444676549e-01
7.007000000000000000e+03 -2.391610065707006072e-02 6.810749468065191436e-02 -1.728416660263160098e-01
7.008000000000000000e+03 -5.312819117341227582e-02 1.049191613216797769e-01 -1.631759644211515647e-01
6.995000000000000000e+03 -5.312819117341227582e-02 1.049191613216797769e-01 -1.631759644211515647e-01
6.871000000000000000e+03 -1.981534076909063913e-02 2.266919285479080948e-01 -1.158893794349284967e-01
7.095000000000000000e+03 -1.981534076909063913e-02 2.266919285479080948e-01 -1.158893794349284967e-01
7.096000000000000000e+03 -8.128406101984708698e-02 1.455247351620236884e-01 -1.122323132578684213e-01
7.057000000000000000e+03 -8.427484805063123474e-02 2.272409810728341917e-01 -8.583030989886131223e-02
7.285000000000000000e+03 -1.125520970542481791e-01 8.780302206542645038e-02 -5.152601992015037879e-02
7.045000000000000000e+03 -1.265820898830956054e-01 2.597058087830168560e-01 4.681257930094506747e-02
6.914000000000000000e+03 -1.265820898830956054e-01 2.597058087830168560e-01 4.681257930094506747e-02
7.194000000000000000e+03 -3.037886240336895582e-02 2.185953772422708496e-01 5.046881544362469274e-02
7.073000000000000000e+03 -3.037886240336895582e-02 2.185953772422708496e-01 5.046881544362469274e-02
7.311000000000000000e+03 1.289853587720468653e-01 -1.637626532510907396e-01 -9.118818566652020507e-02
6.866000000000000000e+03 1.362198187588052889e-01 5.346208783536532394e-03 -2.982058895644301710e-02
6.916000000000000000e+03 1.362198187588052889e-01 5.346208783536532394e-03 -2.982058895644301710e-02
7.098000000000000000e+03 6.001122269051428759e-02 9.335983116791179981e-03 -1.882295085467000639e-03
7.034000000000000000e+03 1.697700941593929258e-01 -3.624774452580492579e-02 6.877878407780857462e-02
7.039000000000000000e+03 2.042841875040402044e-02 6.442228302089541003e-01 -2.274343629356456731e-02
7.013000000000000000e+03 1.534439741801474355e-01 3.557120604463586133e-01 6.891011115417122745e-03
7.286000000000000000e+03 3.208120286464044568e-02 3.659280694171540560e-02 -6.998739905867146227e-02
7.136000000000000000e+03 2.750725863894647460e-01 1.122231556731079216e-01 -2.139940992569575595e-01
6.865000000000000000e+03 2.750725863894647460e-01 1.122231556731079216e-01 -2.139940992569575595e-01
7.262000000000000000e+03 1.080041967791594004e-01 2.418224355652007773e-01 -1.766382642626926902e-01
7.321000000000000000e+03 1.632848810025446795e-01 2.463906563963265128e-01 -1.624407557804006252e-01
7.076000000000000000e+03 9.166475606304125279e-02 1.196668422400062326e-01 -1.349042898563345139e-01
7.110000000000000000e+03 1.930348527088945332e-01 3.106926167107393333e-01 -1.371902231562311947e-01
6.944000000000000000e+03 1.110173247068360070e-01 1.709485768373104619e-01 -9.631235962523820859e-02
7.231000000000000000e+03 1.110173247068360070e-01 1.709485768373104619e-01 -9.631235962523820859e-02
4.002700000000000000e+04 1.110173247068360070e-01 1.709485768373104619e-01 -9.631235962523820859e-02
7.084000000000000000e+03 2.717661611298964885e-01 8.732986346370852360e-02 -9.510102092469541191e-02
6.999000000000000000e+03 2.717661611298964885e-01 8.732986346370852360e-02 -9.510102092469541191e-02
7.035000000000000000e+03 1.077265131947466870e-01 1.273111172969594307e-01 -9.233136639973971160e-02
6.913000000000000000e+03 4.709751115744786887e-02 1.748134657164954753e-01 -1.417011692511723764e-01
7.158000000000000000e+03 5.647868501432640187e-02 2.017200835867645203e-01 -1.261629587427826049e-01
6.985000000000000000e+03 1.893360522613463104e-01 1.400410475758300244e-01 -7.534072130913427312e-02
7.276000000000000000e+03 1.893360522613463104e-01 1.400410475758300244e-01 -7.534072130913427312e-02
7.153000000000000000e+03 4.943173862931082851e-02 8.595121063462274336e-02 -1.031334098930887233e-01
6.994000000000000000e+03 9.025327063157462248e-02 1.945190282730737685e-01 -7.052388582637758585e-02
7.335000000000000000e+03 9.025327063157462248e-02 1.945190282730737685e-01 -7.052388582637758585e-02
7.004000000000000000e+03 7.311875301350845291e-02 2.286475761272996898e-01 -6.550921553473076919e-02
7.314000000000000000e+03 1.880728596080682991e-01 8.976029750505398752e-02 -7.508698166060212564e-02
6.850000000000000000e+03 5.170012655668543289e-02 7.983176576446426864e-02 -7.167255678344541803e-02
6.851000000000000000e+03 5.170012655668543289e-02 7.983176576446426864e-02 -7.167255678344541803e-02
6.911000000000000000e+03 2.974959891140649404e-01 1.896327255021179603e-01 -4.726933058309201741e-02
6.932000000000000000e+03 6.459417788773080815e-02 1.694485868107737936e-01 -4.167426946241525876e-02
6.933000000000000000e+03 6.459417788773080815e-02 1.694485868107737936e-01 -4.167426946241525876e-02
7.258000000000000000e+03 6.459417788773080815e-02 1.694485868107737936e-01 -4.167426946241525876e-02
6.993000000000000000e+03 3.941093714659515967e-02 7.504369633615537438e-02 -1.756659798961063279e-01
7.015000000000000000e+03 3.941093714659515967e-02 7.504369633615537438e-02 -1.756659798961063279e-01
7.183000000000000000e+03 1.993030522097658519e-01 2.254320569186258894e-01 -1.497793455281581920e-02
7.086000000000000000e+03 2.845234414700659187e-01 1.781655363661891478e-01 3.796732478618336515e-03
7.068000000000000000e+03 6.864961742574848813e-02 1.418234611588324867e-01 6.163609348405318933e-03
7.069000000000000000e+03 1.571749642287834092e-02 1.760867414111282336e-01 -1.026787404623300537e-01
7.070000000000000000e+03 1.226442078479177411e-01 1.060755138642783812e-01 1.359544701938875111e-02
7.279000000000000000e+03 1.226442078479177411e-01 1.060755138642783812e-01 1.359544701938875111e-02
7.280000000000000000e+03 2.251558171672307651e-02 2.353151158358675055e-01 3.011956757800848816e-02
6.982000000000000000e+03 3.001769750336791276e-02 1.743087117334543024e-01 3.639815890838959955e-02
7.113000000000000000e+03 1.883200742230677349e-01 2.139607696172203255e-01 4.006643512969820797e-02
7.121000000000000000e+03 1.883200742230677349e-01 2.139607696172203255e-01 4.006643512969820797e-02
7.182000000000000000e+03 9.470228326557972309e-03 1.146484901297828429e-01 -3.064955395482871214e-02
7.211000000000000000e+03 9.470228326557972309e-03 1.146484901297828429e-01 -3.064955395482871214e-02
7.210000000000000000e+03 9.470228326557972309e-03 1.146484901297828429e-01 -3.064955395482871214e-02
7.209000000000000000e+03 1.434377495667895630e-01 2.833018729783365330e-02 9.871036952868728065e-03
7.217000000000000000e+03 1.169972759315154320e-01 2.034973600577325570e-01 4.791466195592297694e-02
7.218000000000000000e+03 1.169972759315154320e-01 2.034973600577325570e-01 4.791466195592297694e-02
7.122000000000000000e+03 8.543741527990533768e-03 2.310660708524663320e-01 5.024480928726249296e-02
7.270000000000000000e+03 8.543741527990533768e-03 2.310660708524663320e-01 5.024480928726249296e-02
7.290000000000000000e+03 1.154068739151323797e-01 1.981794577293505277e-01 5.884339103486380118e-02
7.082000000000000000e+03 -2.116602774625775396e-03 1.759583139057525614e-01 -8.485691241746129432e-02
7.083000000000000000e+03 1.169228609410506436e-01 1.804446893282802833e-01 7.626600534220839833e-02
7.162000000000000000e+03 8.473737186069385530e-02 8.647001403548371101e-02 7.812569131420321611e-02
7.163000000000000000e+03 8.473737186069385530e-02 8.647001403548371101e-02 7.812569131420321611e-02
7.106000000000000000e+03 3.118931688694281945e-02 2.062127866547975863e-01 7.875301498789610832e-02
7.131000000000000000e+03 3.957919800021247880e-01 4.804994110793980866e-02 -1.216351782268043635e-01
7.132000000000000000e+03 4.572438108705085824e-01 2.955073983421860895e-01 -3.567557494446749189e-02
7.016000000000000000e+03 5.050588488135652199e-01 -1.179818798705456473e-02 -1.180779906865995210e-01
7.020000000000000000e+03 4.308786180144981159e-01 3.527339907597077939e-01 -5.048433475085278843e-02
7.146000000000000000e+03 -3.957520837672490188e-02 5.659544694006868326e-01 -2.341508539055300320e-01
6.983000000000000000e+03 -3.900720547712310804e-01 6.967357039572563693e-02 -2.477324106874773113e-01
6.980000000000000000e+03 -3.365816306131286240e-02 2.685945324991800831e-02 -5.150803260292753372e-01
7.226000000000000000e+03 1.325411439116930268e-01 -3.825635739979826866e-02 -4.777345749628387761e-01
7.227000000000000000e+03 6.169265279559787984e-02 -8.830811312967057347e-02 -3.536280536414229125e-01
6.988000000000000000e+03 1.491092199470802626e-01 4.090596318293795441e-01 -2.763125158632042666e-01
7.302000000000000000e+03 9.348984653300540515e-02 1.596128865408088515e-01 -3.081514843533749159e-01
6.970000000000000000e+03 -1.397129683125278632e+00 -3.237952129571763926e+00 8.269287944190817363e-01
7.001000000000000000e+03 -1.725885679815959861e+00 -2.734622437362676628e+00 4.738997598646340625e-01
7.152000000000000000e+03 -4.007603983290017879e-01 -1.599527814567816009e+00 8.804758739768513420e-01
7.216000000000000000e+03 -1.966705512265317424e+00 -3.391176334085088229e+00 3.810376695699812521e-01
7.229000000000000000e+03 -1.204421565482093115e+00 -2.266888523418262302e+00 -4.532413481789510090e-02
