# 		Time[Myr] 		 GC Label		 Age[Myr] 	 TotalOrTruncMass[Msun]		 CoreMass[Msun] 		  TruncRadii[pc]		 CoreRadii[pc] 		 ErrCoreRadii		 FitAlpha 		 ErrFitAlpha		 FitSigma0 		  ErrFitSigma0		 FitSigmaBG 		  ErrFitSigmaBG		 P Value		 Half Mass[pc] 		 Half Light [pc]		 GCTotalLum[erg s^-1 Angstrom-^1 ]
5.829800000000000182e+02 0.000000000000000000e+00 1.307960000000000491e+02 4.501321971954126866e+02 1.170343712708072985e+02 3.828925909160465491e+00 2.772375958477178437e-01 1.115398283030097082e-01 2.837967168013326269e+00 7.512469250737480175e-01 6.450460129542176446e+02 3.388110279199502770e+02 7.489414014628257288e-01 2.303173957788623660e+00 8.667348615351723184e-01 4.199999999999999845e-01 4.199999999999999845e-01 1.469103499280047086e+34
0.000000000000000000e+00 1.000000000000000000e+00 1.344540000000000077e+02 5.941745002979453147e+02 3.240951819806971912e+02 1.711307040155239934e+00 4.496409897593811045e-01 7.949151782630169139e-02 4.460680045045198661e+00 1.162675684204437898e+00 5.157310848901520330e+02 1.443212676043619922e+02 2.648994582803965603e+00 1.942821762906919325e+00 3.721141016056292439e-01 4.199999999999999845e-01 4.199999999999999845e-01 1.851586201048135965e+34
0.000000000000000000e+00 2.000000000000000000e+00 1.102399999999999913e+01 3.715091067519490480e+03 1.272373677405699709e+03 2.044897733433572284e+05 2.178896577820965963e-01 1.973376737339871401e-02 3.042844248905933746e+00 1.598394889443686684e-01 1.005311282272880453e+04 1.375994329846717392e+03 1.349401321481377080e-14 6.855905525191778871e-01 4.295458638668826420e-03 3.300000000000000155e-01 3.200000000000000067e-01 2.653910392440057219e+36
0.000000000000000000e+00 3.000000000000000000e+00 1.334800000000000182e+02 5.941745002979453147e+02 1.260370152147155665e+02 3.338131950698067521e+04 3.326960272291003551e-01 1.077948439419690319e-01 2.996497178032082154e+00 6.564469062318716297e-01 6.548887816256268479e+02 2.975613865349694720e+02 1.350047665229177571e-12 1.486921229561765534e+00 1.558204834165954067e-01 5.400000000000000355e-01 5.400000000000000355e-01 1.877344330915625350e+34
0.000000000000000000e+00 4.000000000000000000e+00 1.291899999999999977e+02 3.421004698685136418e+02 2.700793183172476830e+01 7.116011116041214279e-01 2.545950958590352253e-01 3.849991342139489348e-01 4.295277208341146569e+00 7.939761871695647066e+00 5.532645971842609924e+02 1.724491717494129489e+03 1.322473562221668253e+01 4.369816149179062847e+01 6.716492216550317915e-22 8.900000000000000133e-01 8.599999999999999867e-01 1.245834242586004247e+34
0.000000000000000000e+00 6.000000000000000000e+00 1.290780000000000314e+02 7.922326670639245094e+02 1.260370152147155238e+02 1.405193005727236500e+15 1.501348729112208513e-01 7.106357284913354666e-02 2.377226485752018448e+00 3.597785186112167355e-01 2.008983198884362992e+03 1.365288885568658088e+03 4.332288131931003246e-35 1.290775273737692297e+00 4.810910791730402432e-03 5.200000000000000178e-01 5.200000000000000178e-01 2.625548925707661610e+34
0.000000000000000000e+00 7.000000000000000000e+00 1.190180000000000291e+02 3.042893653040998743e+03 7.202115155126602986e+02 3.489317646073050797e+06 1.919550063448873800e-01 2.462169839532044741e-02 2.607951694531222664e+00 1.525809249772149823e-01 7.870090960408965657e+03 1.390621906065960275e+03 1.838557978153667117e-15 1.426245143585182840e+00 2.575660959414478868e-02 4.000000000000000222e-01 3.900000000000000133e-01 1.117614095391007574e+35
0.000000000000000000e+00 8.000000000000000000e+00 1.236290000000000191e+02 3.273761455513816691e+04 1.099222825551197820e+04 7.800667167346291250e+14 2.467892784417680119e+00 1.085860488827681686e-01 3.047530830642517508e+00 1.272616947062951420e-01 7.008887200716011421e+02 4.060208380500304060e+01 9.079770861168331736e-42 7.816876588350559762e-01 1.587277156622333712e-120 3.600000000000000089e+00 8.660000000000000142e+00 1.065896465677947906e+37
0.000000000000000000e+00 9.000000000000000000e+00 1.918000000000006366e+00 7.602232663744746333e+01 1.000293771545361210e+01 2.260560577310244845e+00 2.046067358565259175e-01 5.498882438233184677e-01 2.569566507305390157e+00 2.984984328965648803e+00 3.688179232549155699e+02 1.512032437053727108e+03 1.535034942827900872e+00 8.800163271299494383e+00 7.139802204215300874e-01 4.100000000000000311e-01 3.300000000000000155e-01 9.043413139163802397e+34
0.000000000000000000e+00 1.300000000000000000e+01 1.738760000000000332e+02 8.642538186151942909e+02 1.620475909903485956e+02 1.488625823944532245e+00 9.917548405942108736e-02 3.149182003599723667e-02 2.918438323380866617e+00 4.933666784886431289e-01 7.728085100122472795e+03 3.689603510372906385e+03 5.698305297487110010e+00 8.830877061966136310e+00 8.600830364487876576e-05 1.499999999999999944e-01 1.499999999999999944e-01 2.005933621840013554e+34
0.000000000000000000e+00 1.400000000000000000e+01 1.272160000000000082e+02 5.941745002979453147e+02 2.520740304294311613e+02 1.578061836339491375e+00 1.779109579955251708e-01 3.561522014796951463e-02 3.746281335869464435e+00 5.893025389117092505e-01 3.247063249089224428e+03 1.068447772415169538e+03 1.824814603643092337e+00 2.128349775627238039e+00 7.455787638160416009e-01 2.000000000000000111e-01 1.900000000000000022e-01 1.989969021634495459e+34
0.000000000000000000e+00 1.800000000000000000e+01 1.727720000000000482e+02 7.202115155126602986e+01 3.601057577563301493e+01 5.453756771241078383e-01 1.826509017815305946e-01 2.112139673438277465e-01 5.071120315812386536e+00 7.861550933973051158e+00 1.403795204556175577e+03 1.144290939102832454e+03 1.090151924692293761e+01 1.149917165602483138e+01 9.037741260588202374e-01 1.000000000000000056e-01 3.200000000000000067e-01 1.976881301047785625e+33
0.000000000000000000e+00 1.900000000000000000e+01 1.284279999999999973e+02 9.542802580542778514e+02 4.681374850832293077e+02 1.107046171102525678e+00 2.717585226329922721e-01 2.886572344560674186e-02 5.391706919773093354e+00 8.549893301991010608e-01 2.283100102854298711e+03 4.611380127844046228e+02 2.346845421906731399e+00 7.380271813651164692e-01 3.732966896779497251e-02 2.800000000000000266e-01 2.800000000000000266e-01 3.193786385637283199e+34
0.000000000000000000e+00 2.000000000000000000e+01 1.203430000000000177e+02 1.062311985381177010e+03 2.970872501489724300e+02 2.187559264494428039e+07 3.025429478523666282e-01 6.610872922168065102e-02 2.910747347353270786e+00 4.057347413869724084e-01 1.338153928240065397e+03 4.135093354658189355e+02 3.560161571956394337e-20 1.150588872610391222e+00 1.085433263481614535e-01 4.700000000000000289e-01 4.700000000000000289e-01 3.863601177274853769e+34
0.000000000000000000e+00 2.100000000000000000e+01 3.674800000000004729e+01 1.217257490593528200e+04 3.990171854694447120e+03 2.891477242870305500e+15 8.293825705461248532e-01 4.670414089526353507e-02 3.085572241157062301e+00 1.249383051455802141e-01 2.164795982003229255e+03 1.800621478721635356e+02 4.779223615795668821e-45 4.622850154919481147e-01 1.481291498078677081e-43 1.459999999999999964e+00 1.370000000000000107e+00 1.792237152247923993e+36
0.000000000000000000e+00 2.300000000000000000e+01 1.310780000000000314e+02 1.494438894688770233e+03 5.401586366344955650e+02 2.244881242874596783e+00 2.677706673647901048e-01 3.646775546808421475e-02 3.511961324943210006e+00 4.589699008438224981e-01 2.667744783803802875e+03 5.197469703799540639e+02 3.047013925164983927e+00 1.571798334759624050e+00 4.403518589299649263e-04 3.200000000000000067e-01 3.200000000000000067e-01 4.942437079664506412e+34
0.000000000000000000e+00 2.400000000000000000e+01 1.448020000000000209e+02 1.647483841735203214e+03 5.041480608588621521e+02 5.432290160149543468e+00 1.144302066533420675e-01 1.602351714668172333e-02 2.951051244874309809e+00 1.886718550306623055e-01 1.521435162314747140e+04 3.335496240297167333e+03 3.435670236667319188e-01 1.554581294460023910e+00 2.476974686422734329e-01 1.799999999999999933e-01 1.799999999999999933e-01 4.591754529180743807e+34
0.000000000000000000e+00 2.900000000000000000e+01 1.348620000000000232e+02 2.610766743733401199e+03 8.642538186151924720e+02 8.063016532164731979e+09 2.274892798653728176e-01 2.795700502518775818e-02 2.964334334534884263e+00 2.008276266622976147e-01 5.955797086425709495e+03 1.101457855669177206e+03 6.362331435948356675e-28 8.700604114225191088e-01 5.801467683598600291e-04 3.900000000000000133e-01 3.900000000000000133e-01 8.098441514372167976e+34
0.000000000000000000e+00 3.000000000000000000e+01 7.384999999999990905e+00 2.249660692205514806e+03 1.021299940747814048e+03 1.476351271236315125e+84 5.125576113106113940e-01 6.849439128197347404e-02 3.516260104336305758e+00 3.865966093689079952e-01 1.239691160135351538e+03 2.496574654632042325e+02 2.587971717172965973e-294 8.589528379402430192e-01 6.243061581835172651e-05 5.300000000000000266e-01 5.300000000000000266e-01 2.748872862103535979e+36
0.000000000000000000e+00 3.400000000000000000e+01 1.272160000000000082e+02 4.150218858141738565e+03 8.912617504469174037e+02 4.874200672969623655e+07 2.030214743482094408e-01 2.373005238005188380e-02 2.572379936998888450e+00 1.255812377945698666e-01 9.146024100375414491e+03 1.497260682005478202e+03 5.067441396684118544e-18 1.017528296659028442e+00 2.655757995154685129e-03 5.500000000000000444e-01 5.500000000000000444e-01 1.405079590218518239e+35
0.000000000000000000e+00 3.500000000000000000e+01 3.519799999999997908e+01 3.219945650604530783e+03 7.942332546070169883e+02 9.986964007684853277e+04 1.334153139408243427e-01 1.520026624993274164e-02 2.626015614141755883e+00 1.182666506045369631e-01 1.770642154963283247e+04 2.903697539145426163e+03 1.328455054583537492e-11 1.175790171176045895e+00 6.765552445568414619e-01 2.700000000000000178e-01 2.700000000000000178e-01 5.227643077080042694e+35
0.000000000000000000e+00 3.700000000000000000e+01 1.360120000000000005e+02 5.050483252532534607e+03 1.485436250744862264e+03 7.832612630936518555e+11 5.057943642372134674e-01 7.383714741778139856e-02 2.273098825696943326e+00 1.602728855956974119e-01 1.215639928101466694e+03 2.129142038980345433e+02 4.752403761750641471e-25 9.029825208986090868e-01 8.115129066656084673e-20 1.219999999999999973e+00 1.219999999999999973e+00 1.542817643954799782e+35
0.000000000000000000e+00 4.100000000000000000e+01 1.248120000000000118e+02 7.832300231200196095e+02 1.080317273268990732e+02 1.292140381892897594e+01 1.423262147854872095e-01 6.553946270210457559e-02 2.311529341649659841e+00 3.587536377454719760e-01 2.477497906055200474e+03 1.466089095028501561e+03 1.475701710340685813e-01 1.786418826685615580e+00 4.486731035547447677e-01 3.599999999999999867e-01 3.300000000000000155e-01 2.714750473981461096e+34
0.000000000000000000e+00 4.400000000000000000e+01 1.360120000000000005e+02 2.520740304294311045e+02 1.350396591586238060e+02 2.273967251239993992e+00 1.299725278903976156e+00 2.505839251163657910e-01 6.939319326527997767e+00 3.793931962937048485e+00 2.925550853094142667e+01 1.218595304284835557e+01 1.181919615268696155e+00 7.388601748577764416e-01 6.289579281176678194e-01 1.209999999999999964e+00 1.209999999999999964e+00 7.796648729201036614e+33
0.000000000000000000e+00 4.500000000000000000e+01 3.645900000000006003e+01 9.002643943908253732e+01 9.002643943908251956e+00 1.204177032779158125e+14 1.200949282099647991e-01 4.366015472380384010e-01 2.152058777099323361e+00 3.501629118439327115e+00 9.217981669376918035e+02 3.808093297066696323e+03 9.600096155096362391e-30 2.895501314872995380e+01 8.281111374290213434e-02 4.400000000000000022e-01 4.400000000000000022e-01 8.265169960067925723e+33
0.000000000000000000e+00 4.700000000000000000e+01 1.283950000000000387e+02 8.680549349470535162e+03 2.385700645135687409e+03 1.050430265093177259e+08 7.837849917054182658e-01 6.391530386374498496e-02 2.681217681251398588e+00 1.377986131769108058e-01 1.474995654284344710e+03 1.572402371057317509e+02 4.776481224747471069e-19 7.265721800803944808e-01 8.977601676856123272e-17 1.640000000000000124e+00 1.679999999999999938e+00 3.003268595935655237e+35
0.000000000000000000e+00 4.900000000000000000e+01 1.337830000000000155e+02 7.202115155126602986e+01 1.800528788781651457e+01 1.788626133202062540e+00 4.076633102106064221e-01 1.059495175084683716e+00 3.503669878127684267e+00 6.846604188083862397e+00 1.639447758879863102e+02 8.011037787487302921e+02 1.833045313882397886e+00 1.098221936622907258e+01 4.881635136876323333e-01 6.600000000000000311e-01 6.600000000000000311e-01 2.280738646923028645e+33
0.000000000000000000e+00 5.600000000000000000e+01 1.358740000000000236e+02 9.452776141103643113e+02 2.790819622611558657e+02 2.554527490993019789e+00 1.737070200425321065e-01 3.804681190641952954e-02 3.039014347141861805e+00 3.940955136390764668e-01 3.561408945406297335e+03 1.109261440840713476e+03 2.016045283579531944e+00 1.781030048786345299e+00 4.469279371718684057e-01 2.300000000000000100e-01 2.300000000000000100e-01 2.827612725163284846e+34
0.000000000000000000e+00 5.800000000000000000e+01 7.399000000000000909e+00 2.936862513257187857e+03 7.682256165468377276e+02 5.379300405850024414e+11 2.442878580812630207e-01 3.628008306717352832e-02 2.610832738170285605e+00 1.810939123562638198e-01 4.393119246455325083e+03 9.226774277601458607e+02 5.233042057138777179e-29 1.123953788491213857e+00 1.555530007608543579e-04 6.400000000000000133e-01 6.500000000000000222e-01 3.665502756020089507e+36
0.000000000000000000e+00 5.900000000000000000e+01 4.402900000000000347e+01 4.645364275056676888e+03 1.512444182576586854e+03 9.354017137289812788e+06 6.607926418924611189e-01 6.737335496419767644e-02 2.942717895296596886e+00 2.335715548341013303e-01 1.370715247313210739e+03 1.874049449336920361e+02 2.481983222400193282e-18 1.383550818894652146e+00 3.209354720393113282e-06 1.060000000000000053e+00 1.040000000000000036e+00 5.786999428840953583e+35
0.000000000000000000e+00 6.100000000000000000e+01 4.416100000000005821e+01 1.773520856949924564e+03 4.051189774758715316e+02 3.070929577536750957e+07 2.928662867822149352e-01 5.864027964894154982e-02 2.613061671710370959e+00 2.734802191904477375e-01 2.022692921931359933e+03 5.520667779320178852e+02 4.452831500010912259e-18 1.532903557943196660e+00 9.874077091195518352e-03 6.600000000000000311e-01 6.600000000000000311e-01 2.205603371366447496e+35
0.000000000000000000e+00 6.200000000000000000e+01 1.524610000000000127e+02 1.575462690183937411e+03 5.941745002979445189e+02 9.968079128939983202e+05 2.726198072686364937e-01 7.266568402251295800e-02 2.521392519384299646e+00 3.354130133699925742e-01 1.545094203163263046e+03 5.098847639728606964e+02 8.748820805209984095e-14 1.488900320769984686e+00 9.147791487681238145e-06 3.599999999999999867e-01 3.599999999999999867e-01 4.178669745098052903e+34
0.000000000000000000e+00 6.300000000000000000e+01 3.922300000000007003e+01 3.619062865451137895e+03 9.902908338299075695e+02 3.877165777358588530e+05 1.593178557878086321e-01 1.824751218233495315e-02 2.659683195694777957e+00 1.325008246254351651e-01 1.460932160253980510e+04 2.333521888168679197e+03 3.021749472109458369e-13 1.934222450847075336e+00 3.018037233819363396e-01 3.200000000000000067e-01 3.200000000000000067e-01 5.166852372973381447e+35
0.000000000000000000e+00 6.400000000000000000e+01 9.844000000000050932e+00 4.451307283376861506e+02 1.490437719602588515e+02 1.195057174285520159e+05 3.528287142712797642e-01 1.392169306120997485e-01 3.029315659100072722e+00 1.050366597132566193e+00 4.657597244382927215e+02 2.628271988387119791e+02 1.650468291818929451e-14 4.588209594199869734e+00 3.082633532694337708e-01 4.600000000000000200e-01 4.500000000000000111e-01 3.434399880828309233e+35
0.000000000000000000e+00 6.700000000000000000e+01 1.225450000000000159e+02 1.890555228220733284e+02 1.800528788781650746e+01 1.280889902546602066e+00 7.291411783707196781e-01 1.607302410849013596e-01 6.877379447560953984e+00 4.428990235559176369e+00 1.444168205694189737e+02 9.837082016501169335e+01 5.872603455942146944e+00 3.527910522987883102e+00 5.995274855522028101e-01 8.699999999999999956e-01 8.699999999999999956e-01 6.730226056075914602e+33
0.000000000000000000e+00 7.100000000000000000e+01 1.247740000000000009e+02 9.722855459420884472e+02 9.002643943908252311e+01 7.113366962095065974e+06 8.015451337679446731e-02 2.734050160444022673e-02 2.731152898245746474e+00 2.735312429481922547e-01 1.750423836477820441e+04 1.015836195286303882e+04 6.863851309123718573e-18 1.993701287229106223e+00 4.074246503545218001e-01 1.700000000000000122e-01 1.700000000000000122e-01 3.376165716493856161e+34
0.000000000000000000e+00 7.200000000000000000e+01 1.260810000000000173e+02 9.875900406467206267e+03 3.240951819806971343e+03 1.053821285932801600e+17 6.315653144923412121e-01 4.355234908347863781e-02 3.035342965690465800e+00 1.363803035800882080e-01 2.855693389390482025e+03 2.854840171790685304e+02 3.026959462518828097e-49 4.293528126268974510e-01 1.048266496155511030e-37 1.080000000000000071e+00 1.080000000000000071e+00 3.381681013644026230e+35
0.000000000000000000e+00 7.400000000000000000e+01 1.535930000000000177e+02 3.916150115600115896e+03 1.206354288483705432e+03 9.237465480909438753e+00 3.183690885809589699e-01 3.486043158745092546e-02 2.801897063715040659e+00 1.993892560598834462e-01 3.705851558456387920e+03 5.212605520355937188e+02 5.912447070420258077e-01 1.500023396885485250e+00 3.765964050440921149e-13 4.799999999999999822e-01 5.100000000000000089e-01 1.072140837918500378e+35
0.000000000000000000e+00 7.900000000000000000e+01 1.239210000000000491e+02 8.102379549517426938e+01 7.202115155126600143e+01 3.265776091519885813e+05 1.208764264439955216e+00 7.241940675504510150e-01 5.784644918615052589e+00 2.971315349519386118e+01 2.287300805219471656e+01 5.384570744547240650e+01 1.738668661624041133e-30 3.201757206448415616e+01 6.437750911443016477e-01 8.699999999999999956e-01 8.699999999999999956e-01 2.748700050035716667e+33
0.000000000000000000e+00 8.200000000000000000e+01 1.288350000000000364e+02 4.078197706590474809e+03 1.026301409605541039e+03 6.996441649957600000e+13 1.609568959244787878e-01 1.880854613641177314e-02 2.706453354218411711e+00 1.367562457983467761e-01 1.584269376459090927e+04 2.650210238277973531e+03 7.644360249407273764e-36 1.637215698688554433e+00 1.442821621212679335e-04 3.400000000000000244e-01 3.400000000000000244e-01 1.358689838627376831e+35
0.000000000000000000e+00 8.400000000000000000e+01 1.288350000000000364e+02 7.202115155126602986e+01 9.002643943908255508e+00 3.136928920794703757e+00 5.262398471752809392e-01 4.268894017130879792e-01 3.464890659475639900e+00 3.198986175342596550e+00 1.046549218627036169e+02 1.412646026333282521e+02 4.300254604198311403e-01 4.634859154321395280e+00 3.939404134882225073e-01 8.399999999999999689e-01 8.399999999999999689e-01 2.407674575652588314e+33
0.000000000000000000e+00 8.500000000000000000e+01 1.271179999999999950e+02 7.868310806975723608e+03 2.187642478369705714e+03 4.760708415591961145e+08 4.018189632353924567e-01 3.671131873548482555e-02 2.637642535256822907e+00 1.244469179374239481e-01 4.046136892373164756e+03 5.122829873808245793e+02 9.441667688797298589e-21 7.259912097672578390e-01 1.003626655490042404e-33 1.030000000000000027e+00 1.030000000000000027e+00 2.668181968256503201e+35
0.000000000000000000e+00 8.700000000000000000e+01 1.727780000000000200e+02 6.031771442418536253e+02 3.781110456441467704e+02 7.349841941998102035e-01 1.440801762443622847e-01 2.000351424116753735e-02 4.561619703715927621e+00 9.165997791395278371e-01 6.483008521113656570e+03 1.573330363369359929e+03 7.663218826143730844e+00 1.470395069510088248e+01 4.670924080227655262e-01 1.100000000000000006e-01 1.100000000000000006e-01 1.371117906605531525e+34
0.000000000000000000e+00 8.800000000000000000e+01 1.000000000000000000e+00 1.014297884346998444e+03 5.701674497808560318e+02 1.172030369110065658e+05 7.587298209209343280e-01 1.011480713243096408e-01 4.537921602561368672e+00 9.760703729547525187e-01 3.494229177755830165e+02 7.660887484136087267e+01 1.985085003602142213e-21 1.784793037504408986e+00 1.687286825184595995e-01 5.899999999999999689e-01 5.700000000000000622e-01 1.904075098686421352e+36
0.000000000000000000e+00 8.900000000000000000e+01 1.745999999999980901e+00 2.820828435757918555e+02 1.750514100204382260e+02 2.779947188353932277e+27 1.194668196421859951e+00 4.823019500721808517e-01 3.323181772290773939e+00 5.172693364363660784e+00 4.440357879244805872e+01 3.931252925227464345e+01 1.008399893099649591e-89 1.309419741995096231e+01 7.108487974737536241e-01 1.060000000000000053e+00 9.400000000000000577e-01 4.659247770942872588e+35
0.000000000000000000e+00 9.100000000000000000e+01 1.212980000000000018e+02 1.980581667659815821e+02 6.301850760735777612e+01 1.238465919764402432e+18 1.077034724331492610e+00 7.923101144390172212e-01 3.194088519768746970e+00 3.346584178675426013e+00 2.695755646991061738e+01 3.024654481995261790e+01 1.107597037818389822e-56 2.261264752484421159e+00 3.804887980407656856e-01 1.600000000000000089e+00 1.810000000000000053e+00 7.730816376976879106e+33
0.000000000000000000e+00 9.400000000000000000e+01 1.219250000000000114e+02 2.862840774162837079e+03 7.922326670639264421e+02 9.927595222654121462e+05 3.107211733841637180e-01 3.996665065053192634e-02 2.692479636488786632e+00 1.715380141031423722e-01 2.963583051628736484e+03 5.249489547978593009e+02 1.818383264492400253e-14 5.426446241709527163e-01 4.713639571280879743e-03 6.199999999999999956e-01 6.199999999999999956e-01 1.017770330007142240e+35
0.000000000000000000e+00 9.500000000000000000e+01 1.236290000000000191e+02 1.710502349342568493e+02 2.700793183172476830e+01 7.723164943076860078e-01 4.425123358470446910e-01 2.372102870216739046e-01 7.785873854739842947e+00 1.488388262433680964e+01 2.383848195402138401e+02 1.615335771573715817e+02 6.158759049055748669e+00 1.090127658200186644e+01 1.602500470343435168e-12 1.140000000000000124e+00 1.140000000000000124e+00 5.411849205430710680e+33
0.000000000000000000e+00 9.600000000000000000e+01 1.546940000000000168e+02 1.503441538632672064e+03 3.150925380367888238e+02 8.185825312340314852e+00 1.215172800374874351e-01 2.450577881605815050e-02 2.597759409558729526e+00 2.183724964279960823e-01 9.544242208517358449e+03 2.619816512841120129e+03 3.395916064002347801e-01 2.053486064018528179e+00 4.992970654164580191e-01 2.200000000000000011e-01 2.200000000000000011e-01 3.932932304106343303e+34
0.000000000000000000e+00 9.700000000000000000e+01 1.296500000000000341e+02 2.565753524013859078e+03 6.481903639613943824e+02 1.220206367857445031e+06 2.821432874205378472e-01 3.795110465111301012e-02 2.816511255649905454e+00 2.040538406450486675e-01 3.210159586353696341e+03 5.916468520821650827e+02 1.310058068331155471e-15 5.662256352681031002e-01 1.510888690920146778e-06 4.000000000000000222e-01 4.000000000000000222e-01 8.468442534356497858e+34
0.000000000000000000e+00 9.900000000000000000e+01 1.347010000000000218e+02 1.035304053549450600e+03 2.610766743733393582e+02 2.596646620114099857e+00 1.306775207110222325e-01 2.470051120352413990e-02 3.248990164278979353e+00 3.941314158560417225e-01 5.500360906950542812e+03 1.573968715386570466e+03 6.660655689535759372e-01 4.455933983023157019e-01 3.908673236011532624e-05 2.300000000000000100e-01 2.000000000000000111e-01 3.217692148839785938e+34
0.000000000000000000e+00 1.000000000000000000e+02 1.327890000000000441e+02 9.002643943908253732e+01 9.002643943908255508e+00 2.454889764784267125e+00 2.946890459771841497e-01 2.460778556586003807e-01 3.390741772208596405e+00 2.515663513576575028e+00 6.023732159987073373e+02 6.288782376611727614e+02 9.095366325935545504e-01 3.358695844052214774e+00 1.341941102576295342e-01 1.000000000000000000e+00 1.000000000000000000e+00 2.759436512151163365e+33
0.000000000000000000e+00 1.010000000000000000e+02 2.244470000000000027e+02 1.620475909903485672e+02 9.902908338299079105e+01 4.016758514979495764e+00 1.605628023508831159e+00 4.546580464111751874e-01 4.789299351028359020e+00 7.865526797663970449e+00 1.889158488368688182e+01 1.264212667468537887e+01 4.620702383317711326e-01 3.925407217481540201e+00 4.999737541585408396e-01 1.320000000000000062e+00 1.459999999999999964e+00 2.988063252694087521e+33
0.000000000000000000e+00 1.020000000000000000e+02 1.289090000000000487e+02 1.620475909903485956e+02 1.800528788781651457e+01 1.796472471571011642e+00 3.994906094539203423e-01 8.947492147107999338e-01 3.070452131725602385e+00 4.182308851002343175e+00 1.568136987016877413e+02 6.034860802954574410e+02 3.071836897262749222e+00 6.440652152629144034e+00 2.723662019553944602e-01 1.010000000000000009e+00 1.010000000000000009e+00 5.398492534177733540e+33
0.000000000000000000e+00 1.030000000000000000e+02 1.232850000000000250e+02 7.472194473443835250e+02 1.800528788781650746e+02 1.808792831308054572e+00 8.821654448451871078e-02 2.507571447026446521e-02 2.762328639230622329e+00 3.666176185453601244e-01 9.953233291958929840e+03 4.059691457413452554e+03 4.733267548365303057e+00 6.211074915854530865e+00 9.365324173428734023e-01 1.799999999999999933e-01 1.799999999999999933e-01 2.636805478639324519e+34
0.000000000000000000e+00 1.050000000000000000e+02 1.235280000000000200e+02 9.902908338299080526e+01 6.301850760735779033e+01 1.430330088769168340e+00 6.094824456234989585e-01 1.697189589560209044e-01 6.540916208265469933e+00 6.047467870507530208e+00 1.723434604797687086e+02 1.180483298225045559e+02 1.295813897313355278e+00 1.723929918081923418e+01 5.553656572396581392e-01 5.100000000000000089e-01 5.100000000000000089e-01 3.436472415394649781e+33
0.000000000000000000e+00 1.090000000000000000e+02 1.356480000000000246e+02 9.902908338299079105e+01 2.700793183172476120e+01 1.179097810876877414e+19 8.616771644279921372e-01 4.987499280682944347e-01 3.790054998193629121e+00 6.996954003915162090e+00 4.291684249109783167e+01 4.850860659144406384e+01 2.549103130005903018e-71 1.204515670693046303e+01 7.863888788553694553e-01 1.000000000000000000e+00 1.150000000000000133e+00 4.367681229206110207e+33
0.000000000000000000e+00 1.100000000000000000e+02 1.339120000000000346e+02 5.311559926905867997e+02 2.250660985977063433e+02 1.161329173106289581e+00 1.722222975342435070e-01 3.677098063453260873e-02 3.955592410746750609e+00 7.709311234004133651e-01 3.118873571051955423e+03 1.118582211422379942e+03 3.282035760573994487e+00 3.152253976271129243e+00 4.480749516834293678e-01 1.700000000000000122e-01 1.700000000000000122e-01 1.664904029884750324e+34
0.000000000000000000e+00 1.110000000000000000e+02 1.376940000000000168e+02 9.542802580542776241e+02 3.601057577563302061e+02 8.356598125127109233e+04 3.280898823905462058e-01 6.121466236989610288e-02 3.215390180827653488e+00 4.390209453929180827e-01 1.317960378020195321e+03 3.700789646343649224e+02 1.092484022423501733e-14 1.307716758779344124e+00 5.813310966027298576e-01 4.299999999999999933e-01 4.299999999999999933e-01 2.822331316897979920e+34
0.000000000000000000e+00 1.120000000000000000e+02 4.234599999999999653e+01 3.042893653041005109e+03 8.462485307273763055e+02 1.000753040058956668e+07 1.395469501762752196e-01 1.626399022729619476e-02 2.693877556431192755e+00 1.464979777912303327e-01 1.673812900489320600e+04 2.719306344145014009e+03 2.305126050569693621e-17 2.781302650648629360e+00 7.382860699433596574e-01 2.500000000000000000e-01 2.500000000000000000e-01 4.035679793089205107e+35
0.000000000000000000e+00 1.140000000000000000e+02 1.327890000000000441e+02 4.051189774758714179e+02 1.710502349342568209e+02 1.492927813861151476e+00 1.515157604517212431e-01 6.222879734428861387e-02 3.202212932486741437e+00 9.892608181542889012e-01 2.765552773414839976e+03 1.782979796225299879e+03 3.638046721943473560e+00 1.273276218233667656e+01 3.800331162134857887e-01 1.700000000000000122e-01 2.000000000000000111e-01 1.292080281976159004e+34
0.000000000000000000e+00 1.150000000000000000e+02 1.400900000000000318e+02 1.476433606800947473e+03 3.961163335319629368e+02 1.556790275812591892e+06 1.236479630599648105e-01 1.833478269268359190e-02 3.086820386606044408e+00 2.394945638050933190e-01 1.207917099176186093e+04 2.767944755248549427e+03 2.927582904857095091e-18 1.394453639362309261e+00 1.862820157474155344e-02 1.799999999999999933e-01 1.799999999999999933e-01 4.244669180851036233e+34
0.000000000000000000e+00 1.160000000000000000e+02 2.073660000000000423e+02 6.481903639613933592e+02 3.240951819806970775e+02 1.720136397275652371e+03 1.875689669928072290e-01 3.690681961397172806e-02 3.472531802136989754e+00 5.897318617472800950e-01 3.078009523533193260e+03 8.902930248068948913e+02 1.070861607260732359e-10 5.040999916241971412e+00 4.406191134471507675e-01 1.799999999999999933e-01 1.799999999999999933e-01 1.178507895428018651e+34
0.000000000000000000e+00 1.170000000000000000e+02 1.236290000000000191e+02 1.170343712708072985e+02 2.700793183172476120e+01 7.024362371032539798e-01 3.294950621407121139e-01 6.461669390759685605e-01 5.951505171356845203e+00 1.414729399983816549e+01 3.244598078267025585e+02 1.223091042515266963e+03 7.092722849436745136e+00 3.127597454086183060e+00 9.605854862348649492e-01 9.000000000000000222e-01 1.120000000000000107e+00 3.883903496597255370e+33
0.000000000000000000e+00 1.230000000000000000e+02 3.519799999999997908e+01 9.902908338299079105e+01 9.002643943908255508e+00 3.052834284065632420e+20 3.780491096850497890e-01 1.335934298454499292e+00 2.432834002231264225e+00 6.071404434136291606e+00 1.146417894830660629e+02 5.293235225193336646e+02 3.138595533048745091e-49 1.780757257992701170e+01 7.920218165243401165e-01 7.900000000000000355e-01 7.900000000000000355e-01 5.270939365858533178e+33
0.000000000000000000e+00 1.240000000000000000e+02 1.721810000000000400e+02 1.080317273268990448e+02 2.700793183172476120e+01 1.349930042481700454e+00 2.530020718538203428e-01 1.311700329451390146e-01 4.507127257976947909e+00 2.886745489841970436e+00 1.925243543128315650e+03 1.142880773339276629e+03 2.031240397606494330e+00 2.420004683968740355e+00 9.422022039072828203e-01 5.000000000000000000e-01 5.000000000000000000e-01 2.990838188376175078e+33
0.000000000000000000e+00 1.250000000000000000e+02 1.238389999999999986e+02 9.002643943908253732e+01 1.800528788781650746e+01 1.933845724237869141e+13 5.699047551173634929e-01 8.605066850913472010e-01 3.601244842629206300e+00 1.134295771703346034e+01 9.608639211137949587e+01 2.919366714419402342e+02 3.602616486018390903e-47 3.951084741000497758e+01 3.989448241865910516e-01 6.900000000000000577e-01 6.900000000000000577e-01 2.947697056786755943e+33
0.000000000000000000e+00 1.260000000000000000e+02 1.736310000000000286e+02 8.102379549517429780e+01 1.800528788781651102e+01 1.304276884909421064e+00 5.195271770915299570e-01 5.235782312925166826e-01 4.896574988880646018e+00 7.041630937779063792e+00 1.095122771319351074e+02 2.178813207167270889e+02 2.389279090759051094e+00 3.938691777220169055e+00 3.740724698226784994e-01 5.400000000000000355e-01 5.400000000000000355e-01 2.334616224459343763e+33
0.000000000000000000e+00 1.300000000000000000e+02 1.333970000000000482e+02 9.002643943908253732e+01 2.700793183172476120e+01 1.125595681179381469e+00 6.565090318418719262e-01 8.900922438775464851e-01 6.485234538504409230e+00 1.452070331312695828e+01 8.107786986863395384e+01 3.672625626711545692e+02 4.769819605145891650e+00 6.320021778708533766e+00 5.700266601306205327e-01 8.100000000000000533e-01 8.100000000000000533e-01 2.844461107447920027e+33
0.000000000000000000e+00 1.340000000000000000e+02 1.323530000000000086e+02 6.842009397370261468e+02 1.170343712708072843e+02 5.318197186344119309e+00 1.159845136560267026e-01 3.696454625273738054e-02 2.623917776692924253e+00 3.584475661253713197e-01 4.899462331731177983e+03 2.167402251676829565e+03 4.284259499056118359e-01 2.504235266334747578e+00 8.929386422410883206e-01 2.000000000000000111e-01 2.000000000000000111e-01 2.191863942376223018e+34
