# star id 	 star_x_coords [pc] 	 star_y_coords [pc] 	 star_z_coords [pc] 
3.536800000000000000e+04 -9.140684819436728503e-01 -8.571956335392041382e-01 -7.958195006612829303e-01
3.544300000000000000e+04 8.341221166607368787e-01 -4.515475004294202677e-01 -3.070090944767258634e-01
3.538900000000000000e+04 6.392204371000786978e-02 -3.331532402628489820e-01 -4.880398557697294137e-01
3.538500000000000000e+04 1.097108470666938729e-01 -2.305330741555078333e-01 -3.599542644111153322e-01
3.539200000000000000e+04 5.357848215655280910e-02 1.621774869984946577e-01 -5.632666221321009914e-01
3.544900000000000000e+04 2.049881831189281911e-01 6.842363922864258541e-02 -3.425026087156464172e-01
3.542900000000000000e+04 4.920620846227734546e-01 3.740500492657616860e-03 -2.985163178551317742e-01
3.535700000000000000e+04 5.690804828088857903e-02 -4.368153010265238834e-01 -2.568004456896488819e-01
3.535600000000000000e+04 3.965506086266969987e-01 -4.860280119034179336e-01 -2.273192359871867296e-01
3.542200000000000000e+04 -9.041440655659869208e-01 -4.348616848214810204e-01 -2.809152070306026872e-01
3.540300000000000000e+04 -1.393982127512174429e-01 -3.921198889018313594e-01 -6.259441978889892511e-01
3.540100000000000000e+04 -3.684864978520181467e-01 -4.082493339235480079e-01 -5.407727564895932204e-01
3.542700000000000000e+04 -4.376934459016155188e-01 -6.516800628903673953e-02 -4.443502622959112358e-01
3.538000000000000000e+04 -3.110124896436445852e-01 -4.840335199927903176e-01 -3.777954692344742682e-01
3.541000000000000000e+04 -1.681471561061016473e-01 -1.019874815127312928e-01 -3.729327499245833621e-01
3.539700000000000000e+04 -3.575998786453311595e-01 -1.755267724782552108e-01 -3.604694588910355435e-01
3.539500000000000000e+04 -1.078313536140314000e-01 -2.523950940011516764e-01 -3.539007539698921789e-01
3.540900000000000000e+04 -2.436107912535163678e-01 -1.410117696864112702e-01 -2.402568270032467979e-01
3.543600000000000000e+04 4.587611920042462543e-01 8.867585063538463430e-01 -6.104369850357915794e-01
3.537000000000000000e+04 2.122584233879976523e+00 1.550524427425079566e+00 -7.461700296903721608e-01
3.543700000000000000e+04 1.236082141295185011e+00 8.431525383728892820e-01 -1.105805609564161074e-01
3.538700000000000000e+04 -3.588389467760748630e-01 1.037892774488309300e+00 -4.872820207959094319e-02
3.545500000000000000e+04 1.254788066694345616e-01 1.159976752784103837e+00 8.135819218843955980e-01
3.534800000000000000e+04 2.073360834544217823e-01 8.541157774807146552e-01 6.760954062918163032e-01
3.538400000000000000e+04 -3.265798247878564098e-01 -4.527108858341080122e-01 8.637584052444431393e-01
3.545200000000000000e+04 -1.530100264679532529e-01 -5.431705428185278350e-01 7.679509166894042949e-01
3.539900000000000000e+04 -1.879034796683924924e-01 4.913001921471327194e-02 1.306654066077928888e+00
3.536500000000000000e+04 2.827727869660492388e-01 -2.170549476173562198e-01 5.813143566553566899e-01
3.541900000000000000e+04 1.846621782594311867e+00 4.772623946742928780e-01 3.938312789410840509e-01
3.535800000000000000e+04 7.554655813400188435e-01 2.153944363618869318e-01 1.002528031900947525e+00
3.541500000000000000e+04 -3.060242455178467935e-01 -8.305118855573567771e-02 3.850857130363216640e-02
3.539100000000000000e+04 -2.052754736034358984e-01 -1.621303192309788699e-01 3.258889783866791845e-02
3.537100000000000000e+04 -2.437664721136343360e-01 3.886699002000426617e-02 1.486061979287711665e-02
3.545700000000000000e+04 4.402404456506303632e-02 -1.392520050983350188e-01 7.681138393158803979e-02
3.537600000000000000e+04 1.354588004632262255e-02 -2.626628034336810913e-01 1.855597109982074500e-01
3.541600000000000000e+04 5.478230917570670044e-02 -3.060752349633943936e-01 1.981372141700354916e-01
3.537800000000000000e+04 -9.528934202195671332e-02 -3.449334834185915355e-01 3.176863239582434773e-01
3.539400000000000000e+04 -5.044526008467897782e-01 -6.207343540495990908e-02 1.423287660657290843e-01
1.705500000000000000e+04 -1.956272640083227543e-01 2.571733499938986256e-01 3.897337054950806845e-01
3.537200000000000000e+04 -6.154521145195701592e-01 2.035215556917382429e-01 7.968396024852530957e-01
3.538800000000000000e+04 -4.247895247322617251e-01 4.243847910090288167e-01 6.775237262726641063e-02
3.538300000000000000e+04 -3.852371240424190546e-01 5.141245855915279606e-01 5.617726150441395561e-01
3.538200000000000000e+04 1.218797478125424050e-01 1.214444790032729315e-01 1.832997238473055290e-02
3.537500000000000000e+04 3.224311434723716729e-01 -3.537136804732377016e-02 4.565376721620317824e-02
3.542000000000000000e+04 2.951675404616622700e-01 -1.275191906580275258e-02 3.086660548852293573e-02
3.537900000000000000e+04 4.170314863722666132e-01 1.535409964183127585e-01 1.916969747166898941e-01
3.535100000000000000e+04 1.891646338129504556e-01 2.515135451634229469e-01 5.193321113804376665e-01
3.541800000000000000e+04 -1.866500457256279333e-01 -1.583920355462353768e-02 -1.680961133223686232e-01
3.541200000000000000e+04 -1.194160034192464082e-01 6.364911155621832961e-02 -1.974602547978623335e-01
3.537400000000000000e+04 -2.126165801180945891e-02 -2.676048771234533774e-01 -2.123485090181596036e-01
3.542500000000000000e+04 -1.820621017982944068e-01 -3.037096426631737955e-01 -1.583613050994898686e-01
3.535300000000000000e+04 2.109763598214442482e-02 -5.144708492039740122e-04 -1.918837127780577134e-01
3.539800000000000000e+04 -3.224765198357459894e-01 -7.155174705181543970e-02 -1.398503339221228714e-01
3.544100000000000000e+04 -1.973650359886818251e-01 -2.108547554517379297e-01 -1.112432551419519910e-01
3.535400000000000000e+04 -1.631907935890808403e-02 -8.160007107479039234e-02 -9.848489167751317552e-02
3.536600000000000000e+04 -1.370664725783967697e-01 1.042124943530708947e-01 -1.242260058623987362e-01
3.534900000000000000e+04 -2.787335334228373540e-01 -3.076502424042359962e-02 -9.903258634737355237e-02
3.540600000000000000e+04 2.047600005133176637e-02 3.898317207827517450e-02 -5.983831458840782602e-02
3.535500000000000000e+04 3.439746784846420269e-02 9.674321599816515516e-02 -2.202619270815198149e-02
3.542300000000000000e+04 -2.189620261598008710e-01 1.492749932023560433e-01 -4.170668267287780395e-02
3.534600000000000000e+04 2.387331498775466798e-01 -3.889015655718530695e-02 -2.095827273912451716e-01
3.538600000000000000e+04 2.387331498775466798e-01 -3.889015655718530695e-02 -2.095827273912451716e-01
3.541400000000000000e+04 7.923843606734237710e-02 -2.437569322909691749e-01 -3.564077956109734657e-02
3.541700000000000000e+04 -1.700857408452485231e+00 -4.606776446909286449e-01 9.027590973309713718e-01
