# star id 	 star_x_coords [pc] 	 star_y_coords [pc] 	 star_z_coords [pc] 
5.830000000000000000e+02 -9.930664163849627357e-01 1.204406131578259931e+00 6.123174764024881256e-01
4.890000000000000000e+02 -6.880623205882230309e-01 1.439997334664542272e+00 8.664571220630463699e-01
4.020000000000000000e+02 -1.192733552820961052e+00 -1.614944938823711595e+00 -6.880186751280703561e-01
2.300000000000000000e+01 -1.139821599430931087e+00 1.188401055883527846e+00 4.076639986920831404e-01
2.100000000000000000e+01 1.081639984980192537e+00 -4.591735500494937838e-01 1.454695356750846713e+00
5.160000000000000000e+02 1.275204904806415129e-01 -2.092563324841005823e-01 1.489526626553029587e+00
5.670000000000000000e+02 -1.327188820580573747e-01 9.091116138179700101e-02 2.497337835994599686e+00
4.700000000000000000e+02 -1.327188820580573747e-01 9.091116138179700101e-02 2.497337835994599686e+00
1.709400000000000000e+04 -1.327188820580573747e-01 9.091116138179700101e-02 2.497337835994599686e+00
5.230000000000000000e+02 6.820779561084293618e-01 1.738230057843594523e+00 -5.074378207489189663e-01
4.600000000000000000e+02 3.563779626305816350e-01 -1.078669662868461998e+00 -6.516105580921625062e-01
5.500000000000000000e+02 1.175291271832961115e-01 -1.387010274577372471e+00 2.764912695641150719e-01
2.200000000000000000e+01 -1.973626769751376742e+00 -1.190226607136928294e+00 -8.643481699896753412e-01
4.030000000000000000e+02 -2.020598784823391725e+00 -2.591806188474876649e+00 -4.086204363383387772e-01
4.980000000000000000e+02 -2.778466046340291484e+00 -5.189412267940785028e-01 -1.443685996675100114e+00
5.290000000000000000e+02 1.291085020507146908e+00 1.155207718279143592e+00 -1.334650253296565836e+00
5.710000000000000000e+02 8.517884733571179368e-02 1.021805275110670763e+00 -1.871659697695953639e+00
5.720000000000000000e+02 -1.123469227230067702e+00 -2.911909570564104044e+00 -1.745244483746510866e-01
5.480000000000000000e+02 1.960970953571958830e-01 -3.197639427644055843e+00 4.661174803175072157e-01
5.080000000000000000e+02 -3.743948086927204599e-01 -3.447862382243693347e+00 9.140971108439970294e-01
5.150000000000000000e+02 1.781996634688645997e+00 1.763700585839917068e+00 -1.280034302289369208e+00
2.088000000000000000e+04 2.031852274572727879e+00 2.097716995857848765e+00 -1.190537496995638378e-01
4.430000000000000000e+02 1.506347822627922994e+00 -2.042062980771461866e-01 7.972014576390016316e-01
4.150000000000000000e+02 1.390519887981277236e+00 -3.843739668433396872e-01 6.419544106036596531e-01
5.300000000000000000e+02 -5.362261158307717324e-01 4.713779782205893554e-01 1.086441202090107083e-01
4.140000000000000000e+02 -2.537551887602091938e-01 4.414480002912739565e-01 -3.369632385040333133e-02
4.130000000000000000e+02 4.222747547712160099e-01 -5.759246218761493452e-01 8.669194434986522424e-01
5.200000000000000000e+02 8.524682884443279818e-02 -6.084136489228484379e-01 6.869746104446967649e-01
5.880000000000000000e+02 -1.906121777079690105e-01 3.547109622787569805e-01 6.176433737927524703e-01
5.380000000000000000e+02 2.872214888323370019e-01 7.712428343494970306e-02 7.720993136085212427e-01
5.390000000000000000e+02 -5.919482464798875299e-02 -3.251909823211036610e-01 2.106098273915009145e-01
4.350000000000000000e+02 -6.922930709265529003e-03 4.993026275161369654e-01 6.781895057078202171e-02
5.610000000000000000e+02 -6.922930709265529003e-03 4.993026275161369654e-01 6.781895057078202171e-02
5.460000000000000000e+02 -1.452849167741021574e-03 9.085505747172106794e-02 2.363054034859501940e-02
4.650000000000000000e+02 -1.452849167741021574e-03 9.085505747172106794e-02 2.363054034859501940e-02
4.410000000000000000e+02 1.624397183923989019e-01 1.154417429369356540e-01 1.654762939285348011e-03
4.540000000000000000e+02 1.624397183923989019e-01 1.154417429369356540e-01 1.654762939285348011e-03
4.620000000000000000e+02 9.506664871329917332e-02 1.407021553566423222e-03 1.183438565647847440e-01
4.470000000000000000e+02 5.822602681901400956e-02 1.843872268913138157e-01 -9.075255816620142468e-02
5.360000000000000000e+02 5.822602681901400956e-02 1.843872268913138157e-01 -9.075255816620142468e-02
5.960000000000000000e+02 2.033257774215968539e-02 1.995708576344945584e-01 -1.724902305779707490e-02
4.860000000000000000e+02 2.033257774215968539e-02 1.995708576344945584e-01 -1.724902305779707490e-02
4.426300000000000000e+04 -2.412457920152633051e-02 2.198032154655393811e-02 2.495242817803848823e-01
1.903700000000000000e+04 -2.412457920152633051e-02 2.198032154655393811e-02 2.495242817803848823e-01
5.100000000000000000e+02 -8.905015801084203986e-02 1.959334479529140083e-02 5.127643082451172063e-02
5.330000000000000000e+02 -8.905015801084203986e-02 1.959334479529140083e-02 5.127643082451172063e-02
4.850000000000000000e+02 -1.073743022869564356e-01 2.882240673057463454e-01 -1.575029725003318504e-02
4.590000000000000000e+02 -6.469458596736643585e-02 6.796833731399249956e-01 -5.264712733998706540e-01
4.630000000000000000e+02 -6.840383509064906775e-03 4.672126828745959415e-01 -7.097204511631289847e-01
5.490000000000000000e+02 -6.840383509064906775e-03 4.672126828745959415e-01 -7.097204511631289847e-01
5.640000000000000000e+02 -4.587763794139476659e-02 8.125240132863833509e-01 -4.879207924690476261e-01
5.030000000000000000e+02 -4.587763794139476659e-02 8.125240132863833509e-01 -4.879207924690476261e-01
5.930000000000000000e+02 -3.937729832076541925e-01 -5.269355643119002508e-01 -5.116819891691051225e-01
4.010000000000000000e+02 -6.487529608150595095e-01 -6.047438017155961631e-01 -2.662825660230510039e-01
5.760000000000000000e+02 -1.685111076328240642e-01 1.984741510780860807e-01 -1.668915919918418922e-01
6.080000000000000000e+02 8.194097694721591552e-02 1.592669133887625321e-01 -5.651520196689396869e-01
4.990000000000000000e+02 1.110216004568300718e-01 -9.150930579634319884e-02 -4.174498364824863472e-01
4.930000000000000000e+02 1.110216004568300718e-01 -9.150930579634319884e-02 -4.174498364824863472e-01
4.390000000000000000e+02 2.890920316588108108e-02 2.493624811454786538e-02 -6.986628294986196863e-01
5.370000000000000000e+02 1.667033895547618272e-01 3.222354896538703883e-02 -2.535442960306468763e-01
4.550000000000000000e+02 -8.549032923498600667e-02 1.698711136595729698e-01 -2.133898561448646092e-01
5.220000000000000000e+02 -8.549032923498600667e-02 1.698711136595729698e-01 -2.133898561448646092e-01
5.140000000000000000e+02 -8.549032923498600667e-02 1.698711136595729698e-01 -2.133898561448646092e-01
4.940000000000000000e+02 -5.553374749993622572e-04 -5.441330011513478837e-02 -2.006381840040596387e-01
5.260000000000000000e+02 4.902979090681469643e-02 3.706741040245233876e-01 -1.945181578341852457e-01
5.270000000000000000e+02 3.928125279427518990e-02 8.843284604964019024e-02 -1.668671429193686606e-01
5.130000000000000000e+02 2.243795833920216864e-01 1.518783034674626720e-01 -1.578772615372692201e-01
5.440000000000000000e+02 -1.466981352548657469e-01 6.632173244543793089e-02 -1.420750700986594950e-01
4.330000000000000000e+02 -1.466981352548657469e-01 6.632173244543793089e-02 -1.420750700986594950e-01
5.070000000000000000e+02 -1.888370480055527878e-01 -1.904708606802074655e-02 -4.564107125584051516e-01
4.710000000000000000e+02 -1.888370480055527878e-01 -1.904708606802074655e-02 -4.564107125584051516e-01
4.320000000000000000e+02 -1.940512883652942833e-01 1.335048790857715773e-01 -5.394974728591499513e-01
4.240000000000000000e+02 -1.940512883652942833e-01 1.335048790857715773e-01 -5.394974728591499513e-01
4.250000000000000000e+02 1.079081673142610498e+00 -7.163814830620562901e-01 9.871520200205416984e-01
5.570000000000000000e+02 6.308613412641363993e-01 -1.895192406999868240e-01 -2.340937926604098607e-01
5.450000000000000000e+02 7.623044853476059757e-01 2.869501205396964849e-01 -1.752087571867377847e-01
4.900000000000000000e+02 5.229818762313200864e-01 3.878227506897928833e-01 1.034732662065280806e-01
4.720000000000000000e+02 5.229818762313200864e-01 3.878227506897928833e-01 1.034732662065280806e-01
5.060000000000000000e+02 4.194986972359444621e-01 1.002997581547752759e+00 -9.083768302668708827e-01
