# star id 	 star_x_coords [pc] 	 star_y_coords [pc] 	 star_z_coords [pc] 
1.131600000000000000e+04 1.166714783211872941e-01 -9.285305793895481941e-02 -2.905430844414080838e-01
6.152000000000000000e+03 1.166714783211872941e-01 -9.285305793895481941e-02 -2.905430844414080838e-01
6.151000000000000000e+03 9.617505058224935510e-01 -2.134180404892216387e-01 -7.116833376565541158e-01
1.864300000000000000e+04 1.258390712701036307e+00 -2.911656419421291275e-01 -5.476113440901269058e-01
3.960500000000000000e+04 -9.250891925512405578e-02 2.230986309132596546e-01 9.642387141645780702e-01
3.943300000000000000e+04 4.187163528601445250e-02 -2.797533809076391265e-01 7.408092046137273456e-01
1.548800000000000000e+04 -2.216919026055634845e-01 -8.057598647232513400e-01 1.290671948425123006e+00
4.174400000000000000e+04 -8.573808011212378233e-01 8.120135714209357758e-01 -1.337601856835473058e-01
9.370000000000000000e+03 -1.323774190593077549e+00 7.406908402344019038e-01 -1.021578836557006653e+00
