# star id 	 star_x_coords [pc] 	 star_y_coords [pc] 	 star_z_coords [pc] 
4.423900000000000000e+04 5.158555198431571398e-01 4.559084928087440147e-01 1.155873776658872032e+00
4.440100000000000000e+04 5.158555198431571398e-01 4.559084928087440147e-01 1.155873776658872032e+00
4.435700000000000000e+04 -3.252629976475986950e-01 5.788727710270880067e-02 1.506936930225180049e+00
4.441900000000000000e+04 -1.274872288976254708e+00 1.524152845282396029e-01 1.697876157343003456e+00
4.437200000000000000e+04 -1.375715061557613694e+00 5.083601885392274866e-01 1.292743505722810937e+00
4.418600000000000000e+04 -1.690001440227995033e+00 -4.059495315288232931e-01 1.417200766725734695e+00
4.437300000000000000e+04 2.246655888911135435e-01 -2.345989164756970169e+00 -4.726098314392572775e-01
4.438700000000000000e+04 9.910477284919494423e-01 -1.649094128543584503e-01 -6.572140630659646376e-01
4.438800000000000000e+04 7.755126189249494928e-02 2.591468647078265519e-02 -6.749036995946156026e-01
4.426400000000000000e+04 -1.330873247617134325e+00 1.893915785668277341e+00 -5.635150727400457527e-01
4.441000000000000000e+04 -1.129067660781252869e+00 1.431710760831792495e+00 -2.785603060072361359e-01
4.443300000000000000e+04 -7.614673958271254151e-01 3.570462354204018141e-01 -3.685707613872040156e-01
4.435800000000000000e+04 6.885216933399789241e-01 -9.875393755736734391e-01 -4.313038133538000807e-01
4.438200000000000000e+04 -1.152969127439838815e+00 -3.976503869586345274e-01 -5.458861304899969014e-01
4.418800000000000000e+04 5.821416049244021451e-01 -4.893300038767831595e-01 -7.201925136171425379e-01
4.425800000000000000e+04 3.872908947237192478e-01 -3.264321383392587705e-01 -5.585473588415581503e-01
4.417400000000000000e+04 1.030191434170092180e+00 -7.342367559126161680e-01 -9.070571600201873252e-01
4.425200000000000000e+04 7.749734430426116205e-01 -4.153019290126174212e-01 -1.164816528554986519e+00
4.418500000000000000e+04 1.311373215702232642e+00 7.708334646544390267e-02 -2.005562716953591007e+00
4.422900000000000000e+04 -1.436885601535209389e-03 -6.262839839024891830e-02 -3.638964114497014180e-01
4.424100000000000000e+04 2.717853262080183185e-01 1.418660241711311443e-02 -2.743271086458918262e-01
4.416800000000000000e+04 1.354849759379845864e-01 2.596370091127742086e-02 -3.004237344858040615e-01
4.438600000000000000e+04 2.405004800993140179e-01 4.398669674640753868e-02 -1.821211412229999382e-01
4.441300000000000000e+04 2.096889472540510724e-01 1.498078006117609107e-01 -3.967263436142900446e-01
4.429400000000000000e+04 -5.584903190974443987e-02 2.130716465806257176e-01 -2.743060857108474693e-01
4.418200000000000000e+04 2.128974711115603213e-01 1.936874707429052656e-01 -2.684500471861923643e-01
4.429300000000000000e+04 9.458778253379307444e-02 -2.766002121190389573e-01 -5.130759225750409769e-01
4.424300000000000000e+04 1.577970878805103894e-01 -4.513564584336737795e-02 -1.866981465811079488e-01
4.415900000000000000e+04 1.577970878805103894e-01 -4.513564584336737795e-02 -1.866981465811079488e-01
4.443000000000000000e+04 1.357110412174193925e-01 2.199205829158472625e-01 -1.496350221130526847e-01
4.442900000000000000e+04 5.823950598994542815e-02 3.482044492071785236e-01 -1.930282659770838904e-01
4.442800000000000000e+04 4.594746429860663284e-02 7.584639873947640609e-02 -1.989890502491462598e-01
4.443200000000000000e+04 4.594746429860663284e-02 7.584639873947640609e-02 -1.989890502491462598e-01
4.443100000000000000e+04 -8.845351330554507285e-01 -1.030530741012655405e+00 -1.636232618010211581e-01
4.431000000000000000e+04 2.995997748674739114e-01 -8.309761533077875129e-02 -1.458769948526565940e-01
4.430900000000000000e+04 5.279522958554139223e-02 -2.027290116571656142e-02 -1.331540662991486101e-01
4.430800000000000000e+04 5.279522958554139223e-02 -2.027290116571656142e-02 -1.331540662991486101e-01
4.430300000000000000e+04 1.799621356749838696e-01 1.398848842280973059e-01 -1.393252727162135329e-01
4.442300000000000000e+04 2.420601920270826213e-03 1.301216674726539679e-01 -8.458898821426430459e-02
4.442200000000000000e+04 3.708761721635340791e-01 -1.119733443816272711e+00 -1.466449294068894460e-01
4.419100000000000000e+04 1.165915770379086780e-01 9.707235119237189735e-02 -1.108691452292021040e-01
4.433700000000000000e+04 1.165915770379086780e-01 9.707235119237189735e-02 -1.108691452292021040e-01
4.433200000000000000e+04 1.764381053445305270e-01 4.223736659883048361e-02 -2.596202250533963252e-02
4.416500000000000000e+04 1.764381053445305270e-01 4.223736659883048361e-02 -2.596202250533963252e-02
4.416400000000000000e+04 3.871989323251199266e-01 -6.269694294227941000e-01 -1.028946999800623985e-01
4.438300000000000000e+04 -3.798439893454741423e-02 1.541476921949285206e-01 -1.301593545572217181e-01
4.425700000000000000e+04 2.400510944824105763e-01 -9.295821415344462935e-02 -1.214725373655483054e-01
4.425500000000000000e+04 2.400510944824105763e-01 -9.295821415344462935e-02 -1.214725373655483054e-01
4.420300000000000000e+04 -2.835535110990861085e-02 1.737552166347504645e-01 -3.613873623432084514e-02
4.420400000000000000e+04 2.691366065750315784e-01 -1.081840418356545541e-01 -4.835060425838832998e-02
4.431800000000000000e+04 2.691366065750315784e-01 -1.081840418356545541e-01 -4.835060425838832998e-02
7.360000000000000000e+03 2.248100675692370487e-01 1.020302028172821451e-01 5.562124238527843545e-02
4.419500000000000000e+04 2.248100675692370487e-01 1.020302028172821451e-01 5.562124238527843545e-02
4.435600000000000000e+04 6.864630214623446136e-02 7.650238686130350629e-03 -4.629353951884240814e-02
4.417600000000000000e+04 1.135536343940373172e-01 9.301759766998696222e-02 4.607135575908927194e-02
4.435900000000000000e+04 -4.721876867451157977e-02 3.519804093346432516e-01 -2.650657632504760386e-02
4.419700000000000000e+04 -2.553766819026037638e-02 6.098043782729778428e-02 -5.263379174465399046e-03
4.439300000000000000e+04 2.053464672257234724e-01 2.068594186161121229e-02 2.336421108515196465e-02
4.436700000000000000e+04 8.702831621742745938e-02 -2.681163340856773658e-01 7.665441369073988653e-02
4.437500000000000000e+04 1.957076237725345891e-01 -1.179958315083045051e-01 4.557831140299128947e-02
4.435100000000000000e+04 1.957076237725345891e-01 -1.179958315083045051e-01 4.557831140299128947e-02
4.437600000000000000e+04 -6.034556935088630780e-02 -3.617957179808497514e-01 4.428332776134169535e-02
4.441800000000000000e+04 1.301631817832458182e-01 3.851413604942548474e-01 4.543726940648440404e-02
4.440000000000000000e+04 7.712205513949754732e-02 2.449232688340963193e-03 2.431293157492575574e-02
4.415800000000000000e+04 -2.849960412507854812e-01 8.731590247721143783e-02 6.981255154638432714e-02
4.418100000000000000e+04 -2.849960412507854812e-01 8.731590247721143783e-02 6.981255154638432714e-02
4.431200000000000000e+04 2.458352224302871036e-01 7.710549076253681022e-02 8.578441880953135978e-02
4.417700000000000000e+04 1.723479903885305475e-01 -5.865285069467063295e-02 8.193508727015341719e-02
4.435000000000000000e+04 1.723479903885305475e-01 -5.865285069467063295e-02 8.193508727015341719e-02
4.419300000000000000e+04 1.723479903885305475e-01 -5.865285069467063295e-02 8.193508727015341719e-02
4.431600000000000000e+04 3.265362092431303154e-01 1.233979455356033483e-01 6.866945667655244279e-02
4.425600000000000000e+04 3.265362092431303154e-01 1.233979455356033483e-01 6.866945667655244279e-02
4.431700000000000000e+04 1.022675728721225141e-01 8.091207636154074123e-02 1.334779391449032460e-01
4.427800000000000000e+04 1.022675728721225141e-01 8.091207636154074123e-02 1.334779391449032460e-01
4.435200000000000000e+04 1.022675728721225141e-01 8.091207636154074123e-02 1.334779391449032460e-01
4.438900000000000000e+04 9.972596250474907720e-02 2.980306039601159362e-01 1.727475479856508400e-01
4.439000000000000000e+04 1.997965043079545922e-01 3.445637162507253493e-02 1.124716826112077683e-01
4.419000000000000000e+04 1.997965043079545922e-01 3.445637162507253493e-02 1.124716826112077683e-01
4.418400000000000000e+04 1.210708367563739785e-01 2.875469071337377613e-02 1.150074421999534025e-01
4.424700000000000000e+04 2.208469759477935668e-01 -6.781718034693620112e-01 1.980991705152561622e-01
4.434600000000000000e+04 1.175894235390870790e-01 4.493738270382805489e-01 2.363872358940071194e-01
4.433500000000000000e+04 2.383184755747862482e-01 -8.307956553739614947e-02 3.078563985688163029e-01
4.416300000000000000e+04 1.556879993425141606e+00 -8.002914345917320205e-01 4.477996239097237208e-01
4.426200000000000000e+04 -2.014655670182747826e-01 2.247668737445152054e-01 4.001561587483095650e-01
4.417500000000000000e+04 2.417472006227683323e-02 -3.878502554049614304e-01 4.619569875464648590e-01
4.433800000000000000e+04 -4.119637153114226180e-01 6.498217187518191551e-01 5.124718711539699711e-01
4.424000000000000000e+04 3.731148952525131790e-02 2.307095650824466659e-01 6.184357093234282843e-01
4.417100000000000000e+04 3.032005945475475528e-01 -1.964862183206479429e-01 1.070590900359675857e+00
4.432000000000000000e+04 -2.397296670919509154e+00 -3.690049789731260077e-01 1.235019355172582323e+00
4.439500000000000000e+04 -2.251671558834303255e+00 8.754672335990196785e-01 3.019829841390873071e-01
4.439400000000000000e+04 -2.166414960906394072e+00 1.210473194931514840e+00 -1.058432888614134981e+00
