# star id 	 star_x_coords [pc] 	 star_y_coords [pc] 	 star_z_coords [pc] 
4.406400000000000000e+04 -9.962199718432884765e-01 7.431305595469908098e-01 -2.532446703712055047e+00
4.406600000000000000e+04 -6.802119641488886259e-01 2.694129281607104076e+00 6.241295744268828827e-01
4.384800000000000000e+04 5.741539079385660216e-01 -1.241018802140288813e+00 2.337797408121335518e+00
4.384900000000000000e+04 1.297583756316470271e+00 -1.004954052914008855e+00 2.678663442977705422e+00
4.388000000000000000e+04 -9.293041989810717496e-01 -2.464805130333537875e+00 9.674397992030097093e-01
4.410000000000000000e+04 -6.390400453739886188e-01 -4.176646100194432165e-01 -5.515412680764741893e-01
4.363800000000000000e+04 -9.641280128314591025e-01 -4.427977674801439889e-01 -5.927249702272918697e-01
4.407800000000000000e+04 -6.934452704178610816e-01 -5.798844558519604675e-01 -3.461479644484297680e-01
4.407900000000000000e+04 2.766797896986545879e-01 -8.907158115447657565e-01 -5.791885603030015872e-01
4.369400000000000000e+04 -8.155872624336524268e-01 -5.257146097944342955e-02 -6.965946217833565157e-01
4.395500000000000000e+04 7.798263200377846260e-01 5.387433556276732816e-02 -8.379096718844269986e-01
4.409900000000000000e+04 -3.564845133338678806e-02 -1.193472578615512703e+00 -3.615946394616553761e-01
4.363900000000000000e+04 1.097057292796421279e+00 -1.318073014553263533e+00 -6.723328498066720726e-01
4.400500000000000000e+04 3.462656697764998626e-02 -2.938974014212405450e-01 -8.412463794139828366e-01
4.396800000000000000e+04 1.592980045611440687e-01 1.831876401796748155e-01 -6.186328058856700451e-01
4.396700000000000000e+04 -6.690010990414805292e-01 -1.254363497237541480e+00 1.940970506022763331e-01
4.387500000000000000e+04 6.399566443247408642e-01 -1.133683443873643171e+00 -3.257420054544546417e-03
4.387400000000000000e+04 4.772492425324230680e-01 -1.570667280609754357e+00 1.383995523461152288e-01
4.403800000000000000e+04 1.076264099697041843e-01 -1.274447454165986926e+00 -5.984166487789188693e-02
4.394800000000000000e+04 8.222444418664736077e-01 -1.703773152526011359e-01 -2.946769288358419558e-01
4.369500000000000000e+04 -4.294148984091918919e-01 -8.154919517781493710e-01 3.347451738246967068e-01
4.400400000000000000e+04 1.846601017662365507e+00 -1.737589927259861611e+00 -6.913838769838003273e-01
4.400300000000000000e+04 5.955987029014409018e-02 7.578701968973717840e-01 -5.543597748357411703e-01
4.400200000000000000e+04 5.597536829885427778e-01 -9.786647988531882447e-01 9.959906968078096057e-01
4.405300000000000000e+04 -7.852787748635208231e-01 1.748216452942372712e-01 9.808696428401231238e-01
4.393200000000000000e+04 -9.763269067948314728e-01 1.391381605252888676e+00 -8.121254083003943691e-01
4.393100000000000000e+04 -5.452183199043290074e-01 4.304768556865923301e-02 6.185512251914055959e-01
4.369800000000000000e+04 1.357362510980877346e-01 -3.626992841211773566e-01 6.794054102063604716e-01
4.395400000000000000e+04 1.297663277517045799e+00 -3.193044464294843010e-01 5.945906432057550539e-01
4.389500000000000000e+04 -2.190821975801213739e-01 1.203480076810542698e+00 -7.419067987548526588e-01
4.369100000000000000e+04 -6.640804222494054443e-01 -8.762767200493541964e-01 1.216699523395733173e+00
4.402100000000000000e+04 -9.921941755841672261e-01 -1.011192070075843219e+00 1.276675722391513723e+00
4.396100000000000000e+04 7.013847084579083457e-01 -5.873202742257674913e-01 9.909924853724283444e-01
4.407700000000000000e+04 6.549892927744878079e-01 -8.277053472823823199e-01 1.393675776132990762e+00
4.383700000000000000e+04 5.889895663737121367e-02 -7.034232704626575128e-01 1.005597634847955391e+00
4.392000000000000000e+04 1.708126222202892563e-01 -1.001766281246126766e+00 1.174965313703824066e+00
4.391900000000000000e+04 1.808179141198706930e-02 5.539195905504996631e-01 1.532972871664197712e-01
4.389700000000000000e+04 1.573667259430067134e-02 4.274984232468028722e-01 -6.708690084160195966e-03
4.366300000000000000e+04 4.352070090567394800e-01 -1.691006483647392145e+00 8.756360678271217779e-01
4.408100000000000000e+04 2.374288497954708532e-01 -1.308852768565387237e-01 1.180161676269016802e+00
4.394000000000000000e+04 -2.001919342689575387e-01 6.788381702000236828e-01 4.365902108178278951e-01
4.393900000000000000e+04 6.810807568977281790e-01 1.025381750353361099e+00 -7.211330801010982228e-01
4.379100000000000000e+04 6.190836168484850077e-01 1.231402507368912325e+00 -4.122719533582639428e-01
4.388300000000000000e+04 1.597317480071694717e+00 5.113141080708061281e-02 -3.485737651017082328e-01
4.372700000000000000e+04 3.373643533073291678e-01 8.070329927878105991e-01 1.097142849828669497e-01
4.371300000000000000e+04 5.869790360425213294e-01 8.495268894146121852e-01 6.474260339337600811e-02
4.388800000000000000e+04 1.774055673210199302e+00 1.198093688453155892e+00 5.571942900435780111e-01
4.388700000000000000e+04 1.774055673210199302e+00 1.198093688453155892e+00 5.571942900435780111e-01
4.386500000000000000e+04 2.465822550535392566e-01 1.167307183194878917e+00 -7.257105621367099246e-02
4.377200000000000000e+04 1.020705388514855372e-01 9.335317271647554094e-01 1.558064711933817570e+00
4.377100000000000000e+04 2.470938427927364955e-01 1.813215116276850836e+00 7.680305056381655504e-01
4.391800000000000000e+04 2.641368199683284956e-01 -1.523662024271771998e+00 1.565107189883811589e+00
4.374300000000000000e+04 2.045339703103508100e+00 -8.478119432877235795e-01 9.768696721231457936e-01
4.363000000000000000e+04 1.991084845004209569e+00 -2.429203063023166465e-01 1.324284186121452933e+00
4.365700000000000000e+04 4.294323200080185643e-01 -5.776315999305268178e-01 1.458383875425345977e+00
4.369000000000000000e+04 8.587387284363927620e-01 -2.281525989005643851e-01 1.759923334820908902e+00
4.363500000000000000e+04 8.032516466723080839e-01 -5.370746684704386098e-03 1.552234152040153248e+00
4.363400000000000000e+04 5.783259700930614144e-01 1.694965958637880021e+00 2.054674616424704503e+00
4.363300000000000000e+04 1.378843333759832035e+00 1.609951031338475502e+00 1.606231483052926290e+00
4.371000000000000000e+04 -5.829698184530585081e-01 -7.876109958467978345e-01 -1.415944770870553704e+00
4.402200000000000000e+04 -1.124312703476320507e+00 -1.070466961095775105e+00 -9.740370173230763484e-01
4.389600000000000000e+04 -7.012571104347102846e-01 6.955785003525249977e-02 -9.195080687659418217e-01
4.385700000000000000e+04 -7.462497647928501010e-02 -1.520820654401219940e+00 -1.249762435304475616e+00
4.409400000000000000e+04 7.776043032090029783e-01 -4.559293463667799529e-01 -1.135725164685132071e+00
4.365600000000000000e+04 3.385887104790228364e-01 3.707891418969211372e-04 -1.449915628966445880e+00
4.399800000000000000e+04 4.251280128853807128e-02 -1.965052112951610752e-01 -1.340043086871167688e+00
4.367000000000000000e+04 8.178905670265237404e-01 -1.556941470647714709e-01 -1.185331644175059651e+00
4.412100000000000000e+04 1.003164764426003330e+00 -1.779311023948103809e+00 -1.689168550920843614e+00
4.109000000000000000e+04 1.003164764426003330e+00 -1.779311023948103809e+00 -1.689168550920843614e+00
4.108900000000000000e+04 5.082859593956641220e-01 -1.045150800329537333e-01 3.240960456475345808e-01
4.363100000000000000e+04 1.075545044508103842e-01 7.489800310917615889e-02 2.461684582180394543e-01
4.394100000000000000e+04 -4.179616298755206572e-01 -2.231282935578065008e-01 5.225483428386357154e-01
4.386200000000000000e+04 3.550796081876228527e-02 -7.697048243419857272e-02 5.895911749890547782e-02
4.410800000000000000e+04 9.026464018590019123e-02 -3.157435456316406430e-01 3.736582088736914997e-01
4.407000000000000000e+04 -2.271855881587327985e-01 -2.552386076210311217e-01 3.651085968292449024e-01
4.377700000000000000e+04 -3.458498803347112016e-01 1.463723194028432317e-02 4.173043268709282216e-01
4.398100000000000000e+04 1.019310136243305465e-01 -1.104142378886336928e-01 2.032248906503273389e-01
4.398000000000000000e+04 6.719460531898135969e-02 2.518579849396758163e-01 7.249303508243944982e-01
4.395800000000000000e+04 1.234626549049551159e-01 1.707775644965323636e-01 3.038955292484635251e-01
4.373800000000000000e+04 1.273051098083683996e-01 1.464777402933634676e-01 2.710785559709245618e-01
4.373000000000000000e+04 2.761229772448103859e-02 1.681402694274112264e-01 2.178139138149948195e-01
4.396500000000000000e+04 1.886183380183652503e-01 5.106002029952350085e-02 2.756033836300408879e-01
4.392800000000000000e+04 2.642907506365972381e-01 4.920569193346722159e-01 3.384715631447186013e-01
4.387700000000000000e+04 1.050415669152542364e-01 -4.766694352321820816e-02 1.551774507208190101e-01
4.394400000000000000e+04 1.166286446751030326e-01 5.346858530627329742e-01 3.353259322565858014e-01
4.394300000000000000e+04 1.166286446751030326e-01 5.346858530627329742e-01 3.353259322565858014e-01
4.399300000000000000e+04 3.543732561313532869e-01 -2.862572496990054560e-01 2.669766918075211493e-02
4.405400000000000000e+04 8.565188006952695332e-02 -1.896168086093297234e-01 -2.706956333850385477e-02
4.405700000000000000e+04 6.665534918370497053e-02 -7.456159325347755384e-02 6.948900671842128673e-02
4.405200000000000000e+04 6.665534918370497053e-02 -7.456159325347755384e-02 6.948900671842128673e-02
4.386900000000000000e+04 1.254596912211027870e-01 -4.136068193880717558e-01 7.740927075251580192e-02
4.364000000000000000e+04 3.400982339761213780e-01 -2.696161274441806199e-01 2.003644174594585436e-01
4.377600000000000000e+04 1.873165390303697109e-01 2.074040637872727189e-01 -1.392569022993761507e-02
4.373300000000000000e+04 -5.939809854288569113e-02 -8.546503586994447232e-02 5.225280568200840747e-02
4.372400000000000000e+04 -5.939809854288569113e-02 -8.546503586994447232e-02 5.225280568200840747e-02
4.413700000000000000e+04 -8.425237870734747503e-02 8.119118717787898731e-02 1.184311549153962417e-01
4.402800000000000000e+04 -2.020163971612447540e-01 2.357952995492027526e-01 1.510795734045702332e-01
4.402300000000000000e+04 -2.020163971612447540e-01 2.357952995492027526e-01 1.510795734045702332e-01
4.368000000000000000e+04 -4.472385751562768519e-02 2.167289249749373425e-01 2.434378395851899413e-01
4.406100000000000000e+04 3.802003791944486011e-02 -1.042725388538130460e-01 1.205912891609779436e-01
4.365500000000000000e+04 3.802003791944486011e-02 -1.042725388538130460e-01 1.205912891609779436e-01
4.365400000000000000e+04 -7.183521246960822282e-02 -1.736558376272512305e-03 1.277485569181697755e-01
4.367900000000000000e+04 9.028813047447670215e-02 -1.109564781739109662e-01 1.620709969744513756e-01
4.399000000000000000e+04 9.028813047447670215e-02 -1.109564781739109662e-01 1.620709969744513756e-01
4.413800000000000000e+04 1.821660258620383388e-01 5.772446148704091229e-02 2.441117808526973576e-01
4.362900000000000000e+04 2.410507572704787549e-01 1.772876293271821169e-01 2.308330649250152078e-01
4.410700000000000000e+04 -1.281903192018489790e-01 -3.521965498912038584e-03 5.057092714251609777e-02
4.401800000000000000e+04 2.025381820595697491e-01 -5.121688177330696590e-01 9.589649292097579547e-02
4.371400000000000000e+04 -3.266360037742543909e-02 -4.267710228641874437e-02 -1.977990163492604481e-01
4.392200000000000000e+04 1.237741940989423028e-02 -1.668652875720937345e-01 -1.499639229398397333e-01
4.415300000000000000e+04 -1.343954708457459901e-01 4.589183400121044087e-02 1.888305081482970493e-01
4.411900000000000000e+04 -1.343954708457459901e-01 4.589183400121044087e-02 1.888305081482970493e-01
4.412000000000000000e+04 1.084476590561322951e-01 -2.986607064006037149e-01 3.555730647678281287e-01
4.390200000000000000e+04 -5.077173450615859451e-01 -3.562462483902990584e-01 -1.652258713329084472e-01
4.387200000000000000e+04 8.938779933056650862e-02 -1.535633297870688807e-01 1.225753573668759699e-01
3.078100000000000000e+04 -1.927222787838189788e-02 -2.192333280925140571e-02 1.299501021209739093e-01
4.392900000000000000e+04 1.684669514984875605e-01 1.829835147994316458e-01 -1.555995952272484217e-01
4.372500000000000000e+04 7.783584397891729623e-03 -2.506593794728360081e-01 -2.749405200586512166e-01
4.386000000000000000e+04 3.016865956304570773e-01 1.527399424586448617e-01 1.317174026234448903e-01
4.409500000000000000e+04 3.016865956304570773e-01 1.527399424586448617e-01 1.317174026234448903e-01
4.368700000000000000e+04 3.301893740397616739e-01 5.049426800653833425e-02 -5.558084260529838616e-03
4.397500000000000000e+04 2.203533123599612509e-01 1.444178023796851562e-01 -1.410203174098416667e-01
4.398600000000000000e+04 9.793216932728654456e-02 1.323434843313435749e-01 -5.425318530112654969e-02
4.403500000000000000e+04 1.538645966511680285e-01 1.973968065723852305e-02 -2.623916335462883609e-02
4.393600000000000000e+04 -2.259329138094301470e-02 2.515694943961293006e-01 -6.422466775897994751e-02
4.400000000000000000e+04 3.088636730262166452e-01 -8.269952023599813629e-02 2.349943052960874468e-01
4.399600000000000000e+04 2.665219546605541723e-01 -1.761947475639971117e-01 2.154048922367923780e-01
4.372300000000000000e+04 -6.803340567590510091e-02 4.301985907562624334e-01 -9.203064005092187472e-03
4.398900000000000000e+04 -1.043485760796158957e-03 6.911711309792423208e-02 2.606749287260621273e-01
4.367500000000000000e+04 1.029681673016185073e-01 3.070688947142485858e-02 1.486303395870240962e-01
4.385500000000000000e+04 -9.168448251359251344e-02 2.502929131119486783e-01 3.273658638864018755e-01
4.378800000000000000e+04 -6.534539433797448282e-02 3.886789328207029826e-01 -1.939202643507620394e-02
4.408800000000000000e+04 -1.723720025685935298e-01 2.813762068144001205e-01 -1.336304855907393119e-01
4.389000000000000000e+04 1.187710593772024481e-01 9.198177418047492893e-02 2.705636193192368921e-01
4.376800000000000000e+04 -1.023639181108109142e-01 -9.471446001221295319e-03 2.203818766367389159e-01
4.398500000000000000e+04 -1.023639181108109142e-01 -9.471446001221295319e-03 2.203818766367389159e-01
4.388400000000000000e+04 -1.334271351144167284e-02 -1.407855095349432872e-01 3.089950202483571218e-02
4.396400000000000000e+04 5.741830203936615362e-02 -2.023196984967512435e-02 -1.000388460629952903e-02
4.405100000000000000e+04 5.741830203936615362e-02 -2.023196984967512435e-02 -1.000388460629952903e-02
4.383800000000000000e+04 1.643622927534522660e-01 2.199946640644157014e-03 2.291284940521105540e-01
4.389800000000000000e+04 4.050941453876077958e-03 6.670221693930500351e-02 -1.577766599868244413e-01
4.385800000000000000e+04 1.363623635519886079e-01 1.202198766342590375e-01 2.729920595915320547e-01
4.403900000000000000e+04 1.363623635519886079e-01 1.202198766342590375e-01 2.729920595915320547e-01
4.391300000000000000e+04 3.421516046771557740e-01 5.894181527820308020e-02 1.891304092721561858e-01
4.405900000000000000e+04 -1.388169302863104804e-01 2.777525605535657860e-02 1.533407685822467670e-01
4.408000000000000000e+04 -1.491811323535330303e-02 -9.766731087823643520e-02 1.375754473418560053e-01
4.411000000000000000e+04 -1.737347106463928981e-01 3.186791676851683519e-01 -5.470779422184168794e-02
4.387800000000000000e+04 7.048170009043275286e-02 -2.167310278117611233e-01 6.903969488708572300e-02
4.391000000000000000e+04 -1.388430753675464757e-01 -5.274719587666254483e-02 -3.157040801189747725e-02
4.388100000000000000e+04 -1.388430753675464757e-01 -5.274719587666254483e-02 -3.157040801189747725e-02
4.403000000000000000e+04 2.298581289831957974e-02 -6.790300588455977504e-03 -6.895716072023905241e-02
4.365000000000000000e+04 -7.194376085122655695e-02 2.839090881711427983e-01 1.090943642682953296e-01
4.395600000000000000e+04 -7.194376085122655695e-02 2.839090881711427983e-01 1.090943642682953296e-01
4.410900000000000000e+04 -7.194376085122655695e-02 2.839090881711427983e-01 1.090943642682953296e-01
4.373200000000000000e+04 -7.194376085122655695e-02 2.839090881711427983e-01 1.090943642682953296e-01
4.364300000000000000e+04 -3.146133536540958175e-01 1.961560946573754904e-01 2.002237800934567602e-01
4.401700000000000000e+04 -5.341454606919171511e-02 -7.755062595194317510e-03 1.033842878686108691e-01
4.407300000000000000e+04 8.508578116290266280e-02 -1.251518914241955827e-02 -5.294917036605539806e-02
4.394900000000000000e+04 8.508578116290266280e-02 -1.251518914241955827e-02 -5.294917036605539806e-02
4.372900000000000000e+04 -1.123111048868707940e-01 -9.947818086317283814e-02 4.890114288988556268e-02
4.372800000000000000e+04 -1.123111048868707940e-01 -9.947818086317283814e-02 4.890114288988556268e-02
4.406200000000000000e+04 -1.173029734415180769e-01 -9.895027200066408568e-03 1.000767720499942115e-01
4.390400000000000000e+04 -1.173029734415180769e-01 -9.895027200066408568e-03 1.000767720499942115e-01
4.391200000000000000e+04 -1.404751465692584134e-01 1.387898564523197820e-01 3.880003199105974687e-02
4.391100000000000000e+04 4.522862381505916574e-01 1.231020838387877347e-01 6.935488925899502277e-02
4.391700000000000000e+04 1.173626140684973507e-01 1.024256371689560297e-01 5.868195333682368897e-02
4.410400000000000000e+04 1.173626140684973507e-01 1.024256371689560297e-01 5.868195333682368897e-02
4.410300000000000000e+04 1.047078609951483941e-01 7.742062113210579355e-02 -1.372112305397514831e-01
4.406300000000000000e+04 -4.399952130354733981e-02 -1.249530452819413995e-02 1.445602023697700744e-01
4.409600000000000000e+04 -4.399952130354733981e-02 -1.249530452819413995e-02 1.445602023697700744e-01
4.365300000000000000e+04 -2.487230725972722212e-02 -2.751841589639525409e-02 9.371457259530924233e-02
4.376600000000000000e+04 -2.487230725972722212e-02 -2.751841589639525409e-02 9.371457259530924233e-02
4.400800000000000000e+04 8.725304226082641890e-02 6.314977886952277686e-02 4.800976360091091522e-02
4.400700000000000000e+04 8.725304226082641890e-02 6.314977886952277686e-02 4.800976360091091522e-02
4.385400000000000000e+04 -6.047420802228486991e-02 2.500493008520479066e-01 1.767217973993799873e-01
4.409300000000000000e+04 -6.047420802228486991e-02 2.500493008520479066e-01 1.767217973993799873e-01
4.390600000000000000e+04 -9.996936356086649766e-02 2.956868081249552915e-02 1.089627516502247317e-01
4.397600000000000000e+04 -9.996936356086649766e-02 2.956868081249552915e-02 1.089627516502247317e-01
4.409100000000000000e+04 -3.090652576895962511e-01 6.484484092549536172e-02 2.152070350591426262e-01
4.402500000000000000e+04 -3.090652576895962511e-01 6.484484092549536172e-02 2.152070350591426262e-01
4.402400000000000000e+04 -8.358209518061698873e-02 -2.449989796183160706e-03 -1.368354748817610655e-01
4.404600000000000000e+04 -1.387215854700230011e-02 1.296174686680444665e-01 -7.136226248696253549e-03
4.362700000000000000e+04 -1.387215854700230011e-02 1.296174686680444665e-01 -7.136226248696253549e-03
4.406000000000000000e+04 -1.387215854700230011e-02 1.296174686680444665e-01 -7.136226248696253549e-03
4.371800000000000000e+04 -1.564166486929963185e-01 -1.998588666597100882e-02 1.472381089533385534e-01
4.408700000000000000e+04 -1.564166486929963185e-01 -1.998588666597100882e-02 1.472381089533385534e-01
4.373700000000000000e+04 -1.570231130630119765e-01 1.024135466851561205e-02 -4.890940364361640036e-02
4.385200000000000000e+04 -2.263514985991790240e-01 2.524098794656026712e-02 4.134019044896497519e-02
4.401400000000000000e+04 5.506510638021921977e-02 -1.155425166105743529e-01 1.250758751260292456e-01
4.396300000000000000e+04 1.791970932487529922e-01 -8.145082037396633723e-02 1.789475505148647727e-01
4.392500000000000000e+04 -1.439937097423893420e-02 7.522076317901138509e-02 -1.534368103543197748e-01
4.390700000000000000e+04 -1.439937097423893420e-02 7.522076317901138509e-02 -1.534368103543197748e-01
4.364500000000000000e+04 2.308916534818195032e-02 -1.082243145070691526e-01 -2.724688206197853901e-01
4.374600000000000000e+04 -1.085700447357211829e-01 1.255639867565321310e-01 8.040611989559298678e-02
4.368200000000000000e+04 -1.085700447357211829e-01 1.255639867565321310e-01 8.040611989559298678e-02
4.374500000000000000e+04 1.539711682937507931e-01 1.836274624682943113e-02 -7.528331473724048095e-02
4.413000000000000000e+04 1.539711682937507931e-01 1.836274624682943113e-02 -7.528331473724048095e-02
4.367600000000000000e+04 2.269464957349214274e-01 -4.219993432234048214e-02 1.415811385226337649e-01
4.412800000000000000e+04 5.264702762413975279e-02 5.544372563107202723e-02 2.713320373474177316e-01
4.370300000000000000e+04 3.021591789980959675e-03 -1.619285395108107650e-01 1.679734016924312456e-01
4.370200000000000000e+04 2.134074658280908920e-01 1.598725575071213711e-01 3.978871509885717472e-02
4.363700000000000000e+04 -5.308565941743381700e-02 -9.830479493701460569e-02 -2.739402136885704664e-02
4.401200000000000000e+04 -5.308565941743381700e-02 -9.830479493701460569e-02 -2.739402136885704664e-02
4.401100000000000000e+04 -5.877920576831741073e-02 2.288953553731900570e-01 1.449157259073388104e-01
4.364400000000000000e+04 -1.943562900144470973e-01 3.113748572015353488e-01 -3.305890196430061323e-01
4.370900000000000000e+04 5.214290978064894944e-02 2.586337584262068390e-01 2.623411593707656309e-01
4.370800000000000000e+04 -4.691750748051504161e-03 3.207194357958158548e-01 -2.123145916853186321e-02
4.394200000000000000e+04 -4.691750748051504161e-03 3.207194357958158548e-01 -2.123145916853186321e-02
4.397800000000000000e+04 -1.921516297517840144e-01 3.300747927352389866e-01 -2.005537221006825632e-01
4.397700000000000000e+04 -1.091379124132032530e-01 4.933447379763578056e-02 -1.246675833974109082e-02
4.371900000000000000e+04 -9.678954972547870739e-02 3.555888645953899641e-01 7.616131201886133795e-02
4.401600000000000000e+04 9.710315996325391552e-02 9.980871256818346637e-02 -1.106159321584687660e-02
4.371200000000000000e+04 -4.049402199751952480e-01 3.272587435112654930e-01 3.566040350364101386e-01
4.395200000000000000e+04 6.273502698864490412e-01 5.161458837373444908e-01 1.727448096952306500e-01
4.064400000000000000e+04 6.620876897680574302e-01 -7.496627582744253004e-02 -2.827744255291513298e-01
4.409000000000000000e+04 6.435504528886895059e-01 -4.008695481706752162e-01 6.575108070298441021e-01
4.364700000000000000e+04 5.884080214073748039e-01 -5.961293604606510144e-03 3.591845411063649962e-01
4.383600000000000000e+04 1.200063942340676704e-01 -3.593354511739761392e-01 -2.242816977762371877e-01
4.401000000000000000e+04 2.588022466300898827e-01 -1.374030368073704267e-01 -2.353661021640043316e-01
4.415100000000000000e+04 5.412749119447681778e-01 -1.657422293504424715e-01 -1.654402808735397912e-01
4.383300000000000000e+04 6.540247946701498449e-01 -1.395591726489868734e-01 -2.699200408543678265e-01
4.400900000000000000e+04 -1.690491363776231992e-01 -1.752886031292888447e-01 -8.711164837933171867e-02
4.389300000000000000e+04 -2.647015334376874307e-01 -8.013599258114822987e-02 1.548556049374187893e-01
4.389400000000000000e+04 -2.492703048965623225e-01 -2.777016235361244867e-01 1.029929872585917394e-01
4.415200000000000000e+04 -3.751592105198255922e-01 -1.242963296059684808e-01 -3.441029291358530529e-01
4.385300000000000000e+04 -1.410954734019540524e-01 -1.288433384549563243e-01 -8.856076857476580244e-02
4.395000000000000000e+04 -2.687974619820039379e-01 -1.063628597582422231e-01 -1.137230296797708817e-01
4.395100000000000000e+04 -1.509526286999900435e-01 -2.299450891397398777e-01 -2.078737426612926598e-01
4.394500000000000000e+04 1.021842209826644421e-01 -6.567311208463877392e-02 -7.589867031418506826e-03
4.401500000000000000e+04 1.021842209826644421e-01 -6.567311208463877392e-02 -7.589867031418506826e-03
4.395300000000000000e+04 2.415487333584067642e-01 -1.211477577085915414e-01 -1.539945153071275996e-02
4.374100000000000000e+04 -1.833887622562215824e-01 1.411128979154554486e-01 2.922520316682142294e-02
4.414900000000000000e+04 5.592061839942772394e-01 -2.324520964581822113e-01 -2.623863673526711793e-01
4.365800000000000000e+04 5.592061839942772394e-01 -2.324520964581822113e-01 -2.623863673526711793e-01
4.393800000000000000e+04 3.351072922038440538e-01 1.004015518984289201e-01 1.344097622517157475e-01
4.407200000000000000e+04 -2.616523774708809924e-01 1.735011363105840587e-01 2.896818484365581980e-02
4.399400000000000000e+04 -1.524631834098428840e-01 1.198509726203553782e-01 -1.758487517835947145e-01
2.094200000000000000e+04 -1.524631834098428840e-01 1.198509726203553782e-01 -1.758487517835947145e-01
4.401300000000000000e+04 -3.199305579302773594e-01 2.693134192479078592e-01 -1.217736005059819604e-01
4.365100000000000000e+04 2.067338346527947124e-02 -1.568711118882646360e-01 1.747531369410992852e-02
4.393700000000000000e+04 -6.430272312545426416e-01 1.906596723888611677e-01 2.474928730296177548e-02
4.369600000000000000e+04 6.809472169293542265e-01 1.346148824457813475e-01 -2.023886280303353047e-01
4.397300000000000000e+04 1.107479211944450981e-02 -3.567850145708462151e-02 1.494124076468636986e-01
4.412900000000000000e+04 -1.159034538057710506e-01 1.873408569658039369e-01 -7.976999347507884863e-02
4.390900000000000000e+04 3.448161587514988469e-01 1.935972452452432435e-01 -9.477091056241881972e-02
4.406800000000000000e+04 -7.852110859474237259e-02 4.957845260517501629e-02 -3.479700064006898685e-01
4.411100000000000000e+04 -7.852110859474237259e-02 4.957845260517501629e-02 -3.479700064006898685e-01
4.369700000000000000e+04 -1.902014782105680979e-01 -5.259283052812691039e-02 -7.489204209432998027e-02
4.386100000000000000e+04 2.520570215567872197e-01 1.132897142301914073e-02 -3.361494592181664132e-01
4.404400000000000000e+04 -1.485481746861623265e-01 1.225739830095733396e-01 6.179156343506519988e-03
4.395900000000000000e+04 -1.708938132414630218e-01 -9.294514878838100458e-02 -1.797217863400879523e-01
4.367700000000000000e+04 9.543402460705152635e-02 2.840349220110169881e-01 2.285425994904768388e-01
4.390100000000000000e+04 -1.100848373550959991e-01 2.852372045058615413e-01 -2.512189256442187713e-01
4.404700000000000000e+04 -1.675198329941949282e-01 -7.313797102798957894e-02 -4.667144229017861079e-02
4.366000000000000000e+04 5.873127715999970633e-02 -1.713265189835055935e-02 1.361530217515900532e-01
4.370600000000000000e+04 5.873127715999970633e-02 -1.713265189835055935e-02 1.361530217515900532e-01
4.396000000000000000e+04 -5.761560654504194190e-02 1.439841101785077626e-01 -1.813307971731434876e-01
4.368400000000000000e+04 -6.813460703858709167e-02 2.350786849367949571e-01 -5.468661032715971260e-02
4.395700000000000000e+04 -1.406328194746748750e-01 1.662750926729614775e-01 -1.792788441664994181e-01
4.362800000000000000e+04 -4.028142690892622113e-02 3.629710646665884610e-01 -2.034560715738580328e-01
4.385900000000000000e+04 -4.028142690892622113e-02 3.629710646665884610e-01 -2.034560715738580328e-01
4.397200000000000000e+04 3.151729146780937185e-01 4.513753841727563554e-01 -4.098071415637001280e-01
4.372100000000000000e+04 1.116360531409412715e-01 3.406077038901003107e-01 -2.169586023212923820e-01
4.394600000000000000e+04 2.679928407045508720e-01 3.210618989911893095e-01 8.574131773341608920e-02
4.370500000000000000e+04 -1.330544518557204015e-01 -3.426913864222953521e-01 -2.888181534023379626e-01
4.403200000000000000e+04 3.287208530015774954e-01 -4.924770405934282280e-01 3.659635712268727303e-02
4.364800000000000000e+04 -5.733062230335406184e-02 -2.687948834156301814e-01 -6.295364960407985322e-01
4.396900000000000000e+04 2.483534239426745671e-01 2.006859682969377445e-01 -6.726743746162924253e-01
4.411600000000000000e+04 1.569662334923194180e-01 -5.237723655069004280e-02 -3.980610710889251891e-01
4.374000000000000000e+04 7.154250413484959381e-01 8.408376928713323650e-02 -6.393289053997488480e-01
4.373900000000000000e+04 1.790268339543814591e-01 9.580538639321645178e-02 -6.677981741550560457e-01
4.407100000000000000e+04 -4.251860577836907851e-02 -3.795086678072507880e-01 2.224758543893825546e-01
4.411300000000000000e+04 -1.242401602144902029e+00 2.220293475048165988e+00 -2.298236487672745909e+00
4.410500000000000000e+04 -1.215204073388761685e+00 1.757894262080661463e+00 -1.472492839346347004e+00
4.386400000000000000e+04 -1.387260677273950193e+00 -1.914996983617740511e-01 -2.805599282823143525e-01
4.404300000000000000e+04 -1.121897522886257548e+00 8.817302113702680799e-01 -2.741685901602821218e+00
4.387600000000000000e+04 -1.521912992776172757e+00 4.391260812812518566e-01 -2.685473351851314305e+00
4.408500000000000000e+04 -1.583554731569570606e+00 -1.140429550208388321e+00 -5.783956160131369373e-01
4.412500000000000000e+04 -3.599654046299484378e+00 -3.485561183196494994e-02 -1.750485870361804253e+00
4.412400000000000000e+04 -2.696208045735438930e+00 -4.257502442265348463e-02 -1.939579449800087119e+00
4.394700000000000000e+04 -2.835602050617289649e+00 1.017332920033375387e+00 -8.192285043632541175e-01
4.399100000000000000e+04 -2.393973215424153977e+00 8.731591681899999458e-01 4.179026397213512212e-01
4.397000000000000000e+04 -2.267109047929999122e+00 1.792855373840538391e-01 -3.287153058347365153e+00
4.097700000000000000e+04 -1.654299167087806666e+00 1.053129329061093244e+00 3.803663792666522880e-02
4.413600000000000000e+04 -1.917879202300362351e+00 7.004854093587695729e-01 1.425468130306732917e-01
