# star id 	 star_x_coords [pc] 	 star_y_coords [pc] 	 star_z_coords [pc] 
1.914100000000000000e+04 2.769991380060998765e-01 -4.803856816931357798e-01 -1.051577645273660266e-01
1.915600000000000000e+04 -1.329742164787881542e-01 2.379533402387679075e-02 -3.599902888082375796e-01
1.915700000000000000e+04 -3.343617504536373630e-01 -2.642606061063723644e-01 -2.831867170724891025e-01
1.920800000000000000e+04 -1.854002576460702656e-01 -3.768426945406133655e-02 -2.596258538419036199e-01
1.916700000000000000e+04 -1.712754147294131002e-01 -3.703712306755768680e-01 -1.800294528778572101e-01
1.919900000000000000e+04 2.964055877017983676e-01 -1.946267024855146133e-01 -2.295452128020585292e-01
1.919200000000000000e+04 2.015449312541583993e-01 9.338672270817482968e-02 -1.780908009911996714e-01
1.916300000000000000e+04 2.015449312541583993e-01 9.338672270817482968e-02 -1.780908009911996714e-01
1.913900000000000000e+04 3.543810276936625314e-01 -1.698623714965243892e-01 -1.159155552715773752e-01
1.917900000000000000e+04 -8.549764505557000405e-03 2.216837020235296052e-02 -8.584094555823895689e-02
1.913800000000000000e+04 -8.549764505557000405e-03 2.216837020235296052e-02 -8.584094555823895689e-02
1.920200000000000000e+04 -2.513108473326237657e-01 -2.268996274512371514e-01 -5.234659393057228272e-02
1.916400000000000000e+04 -2.513108473326237657e-01 -2.268996274512371514e-01 -5.234659393057228272e-02
1.918600000000000000e+04 -3.108948981511439058e-02 4.509770174549743160e-02 -4.258139619782852492e-02
1.915200000000000000e+04 -3.108948981511439058e-02 4.509770174549743160e-02 -4.258139619782852492e-02
1.918700000000000000e+04 -3.108948981511439058e-02 4.509770174549743160e-02 -4.258139619782852492e-02
1.916500000000000000e+04 -2.360273105513455150e-02 1.920105575050570224e-01 -4.048395238306667920e-02
1.914800000000000000e+04 -1.101010212926434306e-02 -1.642775152258764138e-01 -3.934327083697652938e-02
1.917400000000000000e+04 1.092209724007111582e-01 3.417183724666106315e-01 -3.219490383737166894e-02
1.952600000000000000e+04 -1.839664159574621038e-01 -6.645961933379496145e-02 5.058719623570340218e-02
1.946300000000000000e+04 -1.115480775753860954e-01 -1.347941469530233860e-02 1.038111891361488404e-01
1.918800000000000000e+04 -2.353255631326791608e-01 -6.062721082157906949e-02 1.155132120136563856e-01
1.915900000000000000e+04 -1.452535938579724295e-01 -4.488026015694757120e-02 1.396365162545123439e-01
1.948600000000000000e+04 -2.185362687659795355e-01 -6.160659257471579053e-02 1.648628365165301091e-01
1.952700000000000000e+04 -7.377998817138875509e-02 -1.754925354226948286e-01 1.723298355895614975e-01
1.917500000000000000e+04 1.832217491490069072e-01 2.440831688408984235e-02 1.307793672904402627e-01
1.917200000000000000e+04 3.902768205994773254e-01 -2.804240821781878168e-01 1.755498628359077884e-01
1.917100000000000000e+04 6.749572129029157708e-02 7.516290109437662181e-03 2.023128137058698428e-01
1.920500000000000000e+04 1.673219064823285862e-01 -1.257757758417277216e-02 3.028582378574604661e-01
1.920600000000000000e+04 -1.828720330835631458e-01 4.433790162702777593e-02 1.042020108238794762e-01
1.915400000000000000e+04 -1.252206619735178883e-01 3.326408093587414072e-01 2.292205425445104083e-02
1.915500000000000000e+04 1.950001828850611574e-02 1.966867047886964315e-01 5.704059867075983448e-02
1.917300000000000000e+04 -8.590412901535815493e-02 1.107037391922975900e-01 4.055620643753492516e-01
1.950200000000000000e+04 2.756897702160046038e-01 7.638877573940678900e-01 1.825849471046581129e-03
1.953300000000000000e+04 3.023678919890553374e-01 5.012662549308579685e-01 2.960004252743573261e-01
