# star id 	 star_x_coords [pc] 	 star_y_coords [pc] 	 star_z_coords [pc] 
3.707900000000000000e+04 -2.037595982589707200e-01 1.019931002359752981e-01 4.230000174412662517e-01
3.655700000000000000e+04 3.939395535564520490e-01 1.746184587884584971e-01 5.337464389550188315e-01
3.713500000000000000e+04 1.973963541159267088e-01 1.003179929870112730e-01 4.200850523080443821e-01
3.686300000000000000e+04 4.683400358859746149e-02 -1.627443049778181106e-01 4.246288806304114871e-01
3.681800000000000000e+04 4.683400358859746149e-02 -1.627443049778181106e-01 4.246288806304114871e-01
3.708000000000000000e+04 1.628813901833496836e-01 -1.895737654421862928e-01 -2.080353009578530532e-01
3.687200000000000000e+04 1.628813901833496836e-01 -1.895737654421862928e-01 -2.080353009578530532e-01
3.686000000000000000e+04 1.628813901833496836e-01 -1.895737654421862928e-01 -2.080353009578530532e-01
3.655000000000000000e+04 1.628813901833496836e-01 -1.895737654421862928e-01 -2.080353009578530532e-01
3.650900000000000000e+04 -1.745656211499055921e-01 -1.851165880387757312e-01 -3.010021341227364644e-02
3.650800000000000000e+04 -2.516327639235118596e-01 -2.108401989348855921e-01 4.371250435557527680e-04
3.555400000000000000e+04 -7.328684107085980948e-03 -3.475721331748635734e-01 9.413163475874242181e-02
3.688100000000000000e+04 -7.328684107085980948e-03 -3.475721331748635734e-01 9.413163475874242181e-02
3.673700000000000000e+04 -7.328684107085980948e-03 -3.475721331748635734e-01 9.413163475874242181e-02
3.673800000000000000e+04 -5.704348890800015059e-02 -2.531284000459468331e-01 1.824708748791188384e-01
3.673900000000000000e+04 1.614861547414869758e-02 -5.709393769238610972e-01 1.709997237840994444e-01
3.684300000000000000e+04 -2.087320824286990062e-01 8.248492215092539936e-02 -2.482934894996517983e-01
3.650700000000000000e+04 -2.087320824286990062e-01 8.248492215092539936e-02 -2.482934894996517983e-01
3.677800000000000000e+04 -1.927503328040970354e-01 3.400219726882891536e-02 -1.770594615865892507e-01
3.678200000000000000e+04 -1.927503328040970354e-01 3.400219726882891536e-02 -1.770594615865892507e-01
3.675900000000000000e+04 -1.927503328040970354e-01 3.400219726882891536e-02 -1.770594615865892507e-01
3.676000000000000000e+04 -9.994712162618235585e-02 2.075609450772653020e-01 -3.783225659776032757e-01
3.664000000000000000e+04 1.444557201948513114e-01 1.061243909309199651e-01 -3.062826798508329063e-01
3.672900000000000000e+04 1.207929597940700095e-01 -2.624177905371904984e-02 -1.930315286473458514e-01
3.678100000000000000e+04 1.207929597940700095e-01 -2.624177905371904984e-02 -1.930315286473458514e-01
3.655800000000000000e+04 1.207929597940700095e-01 -2.624177905371904984e-02 -1.930315286473458514e-01
3.673100000000000000e+04 -9.740429459226174203e-02 -6.503538420513699236e-02 -1.430848205408530305e-01
3.691500000000000000e+04 -9.740429459226174203e-02 -6.503538420513699236e-02 -1.430848205408530305e-01
3.716200000000000000e+04 -9.740429459226174203e-02 -6.503538420513699236e-02 -1.430848205408530305e-01
3.684900000000000000e+04 -2.261061245222480975e-01 1.545374274028761263e-01 -1.092592691807841021e-01
3.685000000000000000e+04 -2.261061245222480975e-01 1.545374274028761263e-01 -1.092592691807841021e-01
3.685100000000000000e+04 -2.261061245222480975e-01 1.545374274028761263e-01 -1.092592691807841021e-01
3.686900000000000000e+04 -1.719020710703085264e-01 2.447804338580841232e-01 1.029726715685441718e-01
3.687000000000000000e+04 -1.173365788950722077e-01 1.234284836300973964e-01 1.824841376676555882e-01
3.687100000000000000e+04 -1.681847568371965806e-01 2.164085001392965779e-01 2.350213341979809911e-01
3.654800000000000000e+04 7.138302709494048770e-02 2.605723917422340108e-01 -2.342723638976629275e-02
3.654900000000000000e+04 7.138302709494048770e-02 2.605723917422340108e-01 -2.342723638976629275e-02
3.673000000000000000e+04 3.838479980964124572e-01 1.421881310825909850e-01 -1.992638976004101892e-02
3.713900000000000000e+04 6.596221600235208093e-02 8.953148258250998026e-03 -7.727594466034304332e-02
3.651000000000000000e+04 -6.382513678304202465e-02 -5.789001521661329974e-02 2.439133298646112280e-02
3.713800000000000000e+04 1.200078400520407929e-01 -7.380169228574562368e-02 2.162583855882047601e-01
3.679400000000000000e+04 1.200078400520407929e-01 -7.380169228574562368e-02 2.162583855882047601e-01
3.649500000000000000e+04 -1.269107323839273604e-01 3.915699543099968594e-01 -8.687694995655981245e-02
3.714000000000000000e+04 -1.269107323839273604e-01 3.915699543099968594e-01 -8.687694995655981245e-02
3.674100000000000000e+04 4.593011352101330491e-01 1.333486951226916517e-01 -1.560591872903671629e-01
3.712600000000000000e+04 4.146649330154763557e-01 2.734937562110530962e-01 5.780562666841646546e-01
