# star id 	 star_x_coords [pc] 	 star_y_coords [pc] 	 star_z_coords [pc] 
2.352000000000000000e+03 -5.848288515702702028e-01 -4.452963240559881797e-01 -1.334613544136686869e-02
2.400000000000000000e+03 -8.015815774484735812e-02 -8.662071709251648599e-01 -2.640174713735028433e-01
2.401000000000000000e+03 -2.953309382247111259e-01 -3.249828835257488890e-01 -2.663894522642245022e-01
2.348000000000000000e+03 -1.640531844663772887e-01 -3.888995739671656793e-01 -1.732398926433340591e-01
2.341000000000000000e+03 1.346294641357408395e-01 -5.083483358487512760e-01 1.239836417249513545e-01
2.318000000000000000e+03 1.257284317643101446e-01 -3.284847428924848600e-01 2.048067081031597070e-01
2.413000000000000000e+03 5.332463746746078925e-01 -2.915958171365247154e-01 3.823534353474045133e-01
2.403000000000000000e+03 2.371266495588173484e-01 1.547762000715280806e+00 7.197733100974765819e-01
2.337000000000000000e+03 -6.224476248240007337e-01 -2.409887987923298169e-03 -1.300383333186871937e-02
2.351000000000000000e+03 -6.033259716198742240e-01 -4.984887330778065007e-03 2.443264946620971045e-01
2.418000000000000000e+03 -9.906843234104050211e-01 -8.993666770321340209e-02 6.247932134187692554e-01
2.369000000000000000e+03 7.861638605793075385e-01 8.700708801772805145e-02 -2.600829518732474810e-01
2.336000000000000000e+03 9.087222121762366100e-01 2.576733423487951313e-01 6.045264447738674107e-02
2.363000000000000000e+03 -9.113349311682483744e-02 -2.324681240031765128e-01 -7.363725430267109573e-02
2.399000000000000000e+03 -9.113349311682483744e-02 -2.324681240031765128e-01 -7.363725430267109573e-02
2.365000000000000000e+03 -9.113349311682483744e-02 -2.324681240031765128e-01 -7.363725430267109573e-02
2.316000000000000000e+03 -1.843151171324119986e-01 5.131063666726873862e-01 -2.712820237289044201e-01
2.327000000000000000e+03 1.126842704941459772e-01 2.835052483613651475e-01 -2.055973789442937516e-01
2.332000000000000000e+03 2.172259123822897209e-01 1.226761157150235704e-02 -2.017009814404993051e-01
2.331000000000000000e+03 8.812548361155236876e-02 6.598442150838934595e-02 -1.072896314777977977e-01
2.375000000000000000e+03 2.318700168930387662e-02 6.627487246106511520e-03 -1.182080755475105605e-01
2.394000000000000000e+03 6.577839787864192544e-02 4.821132312914500062e-01 -1.063868625726023254e-01
2.322000000000000000e+03 -1.123176506686096587e-02 7.490935062432413361e-02 4.867604368509859114e-03
2.346000000000000000e+03 -1.354096037598928604e-01 6.367564710767794622e-01 1.262604603229746658e-01
2.386000000000000000e+03 1.515296119671081243e-01 -8.928344822507483514e-02 1.793280227301998764e-01
2.383000000000000000e+03 3.140608964030633388e-01 -4.333954076427914970e-02 2.455069122607334009e-01
2.343000000000000000e+03 1.655785691750502053e-01 3.210991188989709144e-01 4.351867485395644053e-01
2.349000000000000000e+03 1.655785691750502053e-01 3.210991188989709144e-01 4.351867485395644053e-01
2.353000000000000000e+03 3.857494487235850755e-01 -2.287668661083017696e-01 -1.532345656329745509e-01
2.325000000000000000e+03 4.331162014646849912e-02 8.635339585096346582e-02 5.180969912073720707e-01
2.324000000000000000e+03 1.203559522888397737e-01 -2.576429380059011010e-01 2.752817123889705897e-01
2.335000000000000000e+03 -9.309004471213544463e-02 -5.363139124019795645e-01 -7.582826845544659022e-01
2.417000000000000000e+03 9.029916270615423457e-02 -3.379783699341345482e-01 -4.997705219452477365e-01
2.391000000000000000e+03 -5.910174379217432161e-01 6.724600758109886556e-01 -3.437563660621449912e-01
2.362000000000000000e+03 2.855700177300990461e-01 1.681624671462600418e-02 -4.817663723233991391e-01
2.339000000000000000e+03 -3.387108747820493093e-01 -2.097595368663007775e-02 -3.618404876739802489e-01
2.364000000000000000e+03 -3.714721218944960768e-01 -2.034575866194927585e-01 -3.519116190733022620e-01
2.395000000000000000e+03 2.047220056163840951e-01 3.751391067866904905e-02 -3.268106536181640820e-01
2.359000000000000000e+03 4.180549988826598451e-02 3.983019843002182370e-01 -3.058982573378550285e-01
2.372000000000000000e+03 1.382970987077989378e-01 -1.550471970048619141e-01 1.224523336130673101e+00
