# star id 	 star_x_coords [pc] 	 star_y_coords [pc] 	 star_z_coords [pc] 
4.570000000000000000e+03 -1.093381737315084479e-01 -1.851102073397640879e+00 1.026718845232480248e+00
4.548000000000000000e+03 2.490615393679647127e-01 -1.841963277579878877e-01 1.794163316448418755e+00
4.559000000000000000e+03 1.123505370212839694e+00 1.671543330915042702e+00 -4.199902692965782336e-01
4.710000000000000000e+03 -1.912223218320612261e+00 -2.237197938404463571e+00 1.854072675081503974e-01
4.576000000000000000e+03 -6.247484934155238534e-01 1.881706740722393079e+00 -8.815795430705577473e-01
4.606000000000000000e+03 -6.439783797233431528e-01 -1.240831402264177541e-01 1.325571921429176570e+00
4.716000000000000000e+03 -5.261505164459023831e-01 5.177800713799314281e-01 4.596672732567732567e-01
4.657000000000000000e+03 -5.565944235838244936e-01 9.811786277494292108e-01 8.407127483438685545e-01
4.706000000000000000e+03 5.183209804819455258e-03 -6.203564761136703964e-03 5.752082797296225181e-01
4.696000000000000000e+03 8.790700500302648379e-01 3.136129192648127173e-01 5.156227619579247801e-01
4.674000000000000000e+03 -1.423995458551985394e-01 6.297122539296395871e-01 5.883542274910453784e-01
4.588000000000000000e+03 2.395088663823372599e-01 7.114080202358508132e-01 6.181383447265034192e-01
4.662000000000000000e+03 1.282976518078889683e+00 4.467266808878065376e-01 8.774812735922523643e-01
4.691000000000000000e+03 1.379251045009553422e+00 6.423370213007046914e-01 7.765285150924263746e-01
4.598000000000000000e+03 2.916877141080362890e-01 1.235337720296655561e+00 -1.113691954234496961e-03
4.687000000000000000e+03 -1.449476589273785976e+00 -8.293313126908969934e-01 3.448313070476309861e-01
4.679000000000000000e+03 -1.391375791714082766e+00 -1.107048686842091456e+00 4.134536148323206817e-01
4.699000000000000000e+03 1.347139516803835591e+00 1.052879079127293949e+00 3.975413214322216504e-01
4.692000000000000000e+03 -1.049726815593814422e-01 -9.330745368025361586e-01 2.537649703921225353e-01
4.663000000000000000e+03 -5.215258912291602655e-01 2.919362728309948807e-01 1.721155336041917394e-01
4.715000000000000000e+03 3.530191873153967208e-01 -1.072995537128946353e+00 3.639117253829908805e-01
4.761000000000000000e+03 6.560771268041278859e-01 1.328133962766173681e-01 4.467380115213082092e-01
4.641000000000000000e+03 -7.707830498242742578e-01 -1.433618524885105217e-01 9.334686903870093033e-02
4.644000000000000000e+03 -6.750225130132392337e-01 -5.483557071388815984e-01 4.253497924980322864e-01
4.681000000000000000e+03 -3.993910788689092328e-01 1.028407465522576558e+00 4.077360970569934295e-01
4.602000000000000000e+03 -6.995690251417840955e-02 -7.732622897959373631e-01 -2.608210595515210173e-01
4.593000000000000000e+03 3.119309585230851667e-01 -1.118491802430298776e+00 -1.420469738539615889e-01
4.611000000000000000e+03 3.608315616523540825e-01 -8.871457461967224845e-01 -6.059046787571915615e-01
4.698000000000000000e+03 -8.125225782234437588e-01 5.327482747049856471e-01 -6.381094082011440349e-01
4.647000000000000000e+03 1.017460720740501756e-01 -4.011546732488682210e-01 -6.112016101570105775e-01
4.622000000000000000e+03 -7.032067837992883597e-02 -1.382264507527537489e-01 -4.512870208171975150e-01
4.781000000000000000e+03 -6.214076139041253555e-01 -2.673209758996506480e-01 -5.180335207223869531e-01
4.747000000000000000e+03 -7.122629596184140155e-01 5.295488856930035126e-01 -1.397493690229261176e-01
4.703000000000000000e+03 7.749886683597608794e-01 -2.862122246152125626e-01 -3.218735242331280944e-01
4.594000000000000000e+03 3.481993409102912551e-01 -5.731757069485041711e-01 -1.669951577946413579e-01
4.544000000000000000e+03 -6.578120636609696703e-02 -1.281276546073513600e+00 -1.131180489780192033e+00
4.653000000000000000e+03 4.806055731783800411e-01 -1.379084553592107909e+00 -1.330712319803218691e+00
4.744000000000000000e+03 -4.290892659293703559e-01 1.048148954111766784e+00 -1.384998372490631624e+00
4.743000000000000000e+03 -1.393926612523941344e-01 1.705537250035149555e-01 1.737509475788421298e-01
4.746000000000000000e+03 -2.053975339550362378e-01 1.581229451612102821e-01 3.050043707264293857e-01
4.684000000000000000e+03 -2.305537140056230783e-01 -2.845497013251474527e-02 2.221108025301639088e-01
4.683000000000000000e+03 1.560765446386938038e-01 2.777095157123028457e-01 3.653360041440940620e-01
4.682000000000000000e+03 -1.006332973691570487e-02 1.287094291843970950e-01 -1.119605040424502818e-01
4.621000000000000000e+03 -6.802092546502080950e-02 -3.292045929434550544e-02 -1.122140679127348051e-01
4.597000000000000000e+03 -6.704180265762005320e-02 1.874035278241166225e-01 -8.882962528820925741e-02
4.812000000000000000e+03 -4.517496200813297946e-02 6.023553723338181953e-02 -7.997503470517486335e-02
4.617000000000000000e+03 1.486910674753261219e-02 3.768682435824644017e-02 -2.674996993046363514e-02
4.608000000000000000e+03 -1.343731104617873484e-01 -7.396543495957530467e-03 -1.136326719476699054e-02
4.616000000000000000e+03 -3.477915049538182757e-02 -3.841552749520360521e-02 2.105756069327568980e-02
4.626000000000000000e+03 5.505489478862557462e-02 -2.691745805100254074e-02 1.977262198690254991e-02
4.561000000000000000e+03 6.278641156578856908e-02 6.732860067447177244e-02 4.267598747011902560e-02
4.713000000000000000e+03 5.044207609657291869e-03 9.490423298400685326e-02 5.070958795217350712e-02
4.555000000000000000e+03 5.044207609657291869e-03 9.490423298400685326e-02 5.070958795217350712e-02
4.779000000000000000e+03 5.829296426215080373e-02 -2.090714456122100273e-02 4.490995482462878385e-02
4.587000000000000000e+03 -1.625898438341977226e-02 5.945523455324064344e-02 4.277315226278943783e-02
4.586000000000000000e+03 -3.088822983163908020e-02 1.276532502815541648e-02 8.171568003811557901e-02
4.545000000000000000e+03 -3.088822983163908020e-02 1.276532502815541648e-02 8.171568003811557901e-02
4.580000000000000000e+03 -8.296894718929337387e-02 -6.496356044442563871e-02 -9.730542938741848502e-02
4.778000000000000000e+03 -8.097375867645695280e-02 1.641290681955211994e-01 1.288975262141214273e-01
4.672000000000000000e+03 6.903863539378818359e-02 -1.616904810586561325e-02 2.177659563552580835e-02
4.607000000000000000e+03 1.582828256080119900e-01 -1.900621572090699374e-02 -1.110056502021592451e-01
4.709000000000000000e+03 8.502314417866330132e-02 1.397339727206770021e-02 -6.438254086543082622e-02
4.650000000000000000e+03 2.865748487598409611e-01 9.709324877178460156e-03 -3.417427740024336913e-02
4.665000000000000000e+03 2.538943406415654636e-01 7.776370252724973398e-02 -2.224898662712604391e-02
4.765000000000000000e+03 1.832260972069335025e-01 1.213380182471581747e-01 6.291154591337999591e-04
4.766000000000000000e+03 2.575313280978548391e-01 6.911256137715326986e-02 1.049296419203216146e-02
4.669000000000000000e+03 1.520303811744980749e-01 3.933309285855557391e-02 1.266729618451378769e-02
4.661000000000000000e+03 2.413999422092985014e-01 -2.672562778707288089e-02 2.541696378603219841e-02
4.609000000000000000e+03 -2.636246917811959634e-01 2.451157016450622450e-02 1.474714741661244943e-01
4.563000000000000000e+03 -1.608260031526356215e-01 3.445214913858336558e-01 -8.186044115409885080e-02
4.630000000000000000e+03 -1.278316620530333125e-01 2.384219761307662111e-01 2.887049611845071695e-02
4.676000000000000000e+03 -1.903821884649872231e-01 2.514390776822779117e-01 3.495837277489144412e-02
4.579000000000000000e+03 -1.006827107069554472e-01 3.494449284732894512e-01 1.675373945067946124e-01
4.631000000000000000e+03 -3.425459728020996408e-02 -2.191296008664238570e-01 -5.690121277291382285e-02
4.628000000000000000e+03 -1.769307626641705156e-01 -2.028070892875462050e-01 -2.268241638796908433e-02
4.673000000000000000e+03 -2.866814278706186769e-02 -1.691466325995065745e-01 2.298378257194855223e-02
4.560000000000000000e+03 -2.866814278706186769e-02 -1.691466325995065745e-01 2.298378257194855223e-02
4.651000000000000000e+03 8.428972266175094319e-02 -1.302053303520693817e-01 -6.408960953498876734e-02
4.659000000000000000e+03 8.428972266175094319e-02 -1.302053303520693817e-01 -6.408960953498876734e-02
4.613000000000000000e+03 8.428972266175094319e-02 -1.302053303520693817e-01 -6.408960953498876734e-02
4.667000000000000000e+03 1.185815106166145938e-01 -1.283402335128300820e-01 -5.775389137358999392e-02
4.577000000000000000e+03 1.061898684479913868e-01 -9.307521037328569946e-02 -2.299695525446665556e-02
4.702000000000000000e+03 1.061898684479913868e-01 -9.307521037328569946e-02 -2.299695525446665556e-02
4.567000000000000000e+03 2.004624111143442633e-01 -1.475272415588619879e-01 -2.002892266612477101e-02
4.620000000000000000e+03 2.460441257703465112e-01 -1.699053051846419748e-01 8.740257351893276905e-02
4.810000000000000000e+03 2.188852028452856757e-01 -1.605956799278516201e-01 1.208691575714624378e-01
4.652000000000000000e+03 -2.793906977579823092e-01 -1.441087975692170176e-01 8.417589264100300284e-02
4.590000000000000000e+03 2.640193301653255276e-01 2.384715530880896495e-01 8.489576593666470217e-02
4.595000000000000000e+03 2.627011828535046334e-01 2.905528433380624165e-01 1.085024343823874915e-01
4.792000000000000000e+03 2.188516508716844555e-01 2.094715625365211054e-01 1.576841366746570827e-01
4.583000000000000000e+03 -2.502528536813315441e-01 4.423981169241812950e-01 -3.841170112148972748e-02
4.688000000000000000e+03 -2.706216997526880164e-01 3.118208858693520824e-01 7.300257575748503314e-02
4.705000000000000000e+03 -1.775560316075868172e-01 -1.160345938981777181e-02 -2.915097724422146541e-01
4.578000000000000000e+03 4.707063990354498628e-02 9.665602228764669235e-03 -2.770849383299172075e-01
4.756000000000000000e+03 1.264755888001900530e-02 -6.350679365259281894e-02 -1.335678192265703501e-01
4.612000000000000000e+03 -3.401727637603357834e-02 5.116359277465676314e-02 -1.226821236647239743e-01
4.591000000000000000e+03 -1.169871874573473747e-01 -2.614592581709018759e-02 -1.139956677954359066e-01
4.701000000000000000e+03 3.322221092218597960e-01 -7.420450131620270895e-02 -1.351033673681740765e-01
4.614000000000000000e+03 1.375806653311499872e-01 4.044110174748993813e-02 -3.226843670051966484e-01
4.615000000000000000e+03 7.460624319869424426e-02 3.080623078095356959e-02 -2.138844280747704829e-01
4.569000000000000000e+03 9.654511115429897927e-02 1.877433741562128944e-01 -1.504367100636727628e-01
4.568000000000000000e+03 6.584372984126929396e-02 1.584186953107149520e-01 -3.370913339072352244e-01
4.603000000000000000e+03 1.169562686283356356e-01 8.878400365051675180e-02 -1.377084068337488532e-01
4.624000000000000000e+03 -1.136766032995311093e-01 3.626245339205809159e-01 -3.423189991110628938e-01
4.704000000000000000e+03 -9.015042176486787184e-02 3.220050913161287554e-01 -2.837984175923331520e-01
4.564000000000000000e+03 1.187364688070999819e-01 2.319163090966185337e-01 -1.363921980174467308e-01
4.680000000000000000e+03 2.132032398058427702e-01 4.224239522129664692e-01 -1.233752208024476715e-01
4.755000000000000000e+03 8.302146839482560381e-02 2.434555066480470487e-01 -1.159376069643052176e-01
4.711000000000000000e+03 2.209413504171919840e-02 -7.866344628503441072e-02 -2.461053658594707372e-01
4.754000000000000000e+03 5.939148035793095914e-03 -2.129990479294576744e-01 -2.480854613878484827e-01
4.623000000000000000e+03 -1.432934534897611911e-02 -1.041678488570170202e-01 -2.295083423299821845e-01
4.737000000000000000e+03 5.338480981170334871e-02 -2.537420193902875099e-01 -1.568443086357262928e-01
4.605000000000000000e+03 3.633516410415893461e-02 -1.439462065854257844e-01 -1.202059624112798986e-01
4.600000000000000000e+03 3.633516410415893461e-02 -1.439462065854257844e-01 -1.202059624112798986e-01
4.693000000000000000e+03 1.359537044036045472e-01 -8.069202151408205737e-02 -2.448540701494259508e-01
4.670000000000000000e+03 2.833232924463757740e-01 -2.427920583737943616e-01 -2.087274337548237213e-01
4.757000000000000000e+03 2.954893301980874298e-01 -9.524196701906362250e-02 -1.929267321183125716e-01
4.554000000000000000e+03 1.445119147605140597e-01 -1.248335415476020671e-01 -1.207941315932892223e-01
4.694000000000000000e+03 -2.905987533206157991e-01 -1.880945908341971062e-01 -3.382874312852575116e-01
