# star id 	 star_x_coords [pc] 	 star_y_coords [pc] 	 star_z_coords [pc] 
3.729200000000000000e+04 8.701614985689438697e-01 -9.991339356605521971e-02 1.789502445439645761e+00
3.733800000000000000e+04 7.236222153267455326e-01 -1.226941059444619953e+00 1.722509267764852581e+00
3.734600000000000000e+04 4.733667214343491025e-01 1.179804734675755640e-01 7.274553913611550016e-01
3.728900000000000000e+04 4.700387804834704752e-02 -3.625140213544284506e-01 7.835216811205043541e-01
3.731600000000000000e+04 -8.501608595187093442e-02 -4.351840287007249231e-01 9.683499842914429223e-01
3.731700000000000000e+04 -3.988138062415806928e-01 -5.809844324821327177e-01 9.405198803880381320e-01
3.731300000000000000e+04 1.710446938026350949e+00 2.318396145051195845e-01 5.842219300801696491e-01
3.732900000000000000e+04 -1.035218769212654877e+00 2.739363824550920867e+00 -6.601039859583757163e-02
3.730300000000000000e+04 4.186522550105244989e-01 2.031869144261932547e+00 -9.005404391021016863e-01
3.733500000000000000e+04 -1.587189075378415026e+00 1.378052278562734045e+00 -3.593757021103378690e-01
3.738800000000000000e+04 -5.783350207602779847e-01 1.999768278420702927e+00 4.384726758301127347e-02
3.722500000000000000e+04 -1.382354895117874349e+00 -4.945518472372825158e-01 -8.804564078552523654e-02
3.728200000000000000e+04 2.752306909909734145e-01 6.822438960911796357e-01 -4.081539607586037732e-01
3.719700000000000000e+04 2.277134974522176947e-01 1.041170219973366784e+00 -5.216012834397112385e-01
3.732100000000000000e+04 3.141174502844954475e-01 7.785116438061621125e-01 -3.819277405498713307e-01
3.732200000000000000e+04 -3.512066491596392837e-01 3.884225192867702958e-01 -2.908496009567453910e-01
3.735400000000000000e+04 -8.408056512773782742e-01 2.650452750170586569e-01 -2.081867303696913751e-01
3.734800000000000000e+04 -4.082799890608512783e-01 3.678414900138946564e-01 -5.835418178720708227e-02
3.732300000000000000e+04 4.278330178138318729e-01 9.541553890040006536e-01 -6.963950424309395260e-02
3.723000000000000000e+04 -4.579267504441766334e-01 -9.679852327757032526e-01 -3.767509601846086298e-01
3.724700000000000000e+04 -3.126355900213511063e-01 -6.533492400401499367e-01 -6.078218444852083735e-01
3.734700000000000000e+04 -5.803157589554786000e-01 -1.348987547827960043e-01 -6.676660610302000975e-01
3.730100000000000000e+04 -4.868794722367404404e-01 -1.229061682573515668e-01 -7.413636163746417651e-01
3.725300000000000000e+04 -7.188539670855362829e-01 -4.877576028065035985e-01 -5.845794771635581810e-02
3.737500000000000000e+04 -8.751815092458627987e-01 9.874934590662576284e-03 -3.220889885435944677e-01
3.725000000000000000e+04 1.413150503422144766e-02 -9.450866892786464746e-01 1.408019570807361731e-01
3.733000000000000000e+04 7.392421364850534360e-01 -8.016097133969708466e-01 -5.044687990240959152e-01
3.725400000000000000e+04 7.711150295137194632e-01 -7.021911046606987838e-03 -8.331341717728903973e-01
3.730400000000000000e+04 4.905401750568856301e-01 -2.931634496546138280e-01 -7.821564416421757926e-01
3.727900000000000000e+04 5.234635271689782599e-01 1.745029549411114544e-01 -3.439451350485605019e-01
3.736000000000000000e+04 5.596690112802882311e-01 -5.770154946327679113e-01 7.144120502700346265e-02
3.735900000000000000e+04 1.717496226515891067e-02 -5.913112337894688153e-02 -1.735255402642934541e+00
3.737100000000000000e+04 6.432944869160088786e-01 7.751883567310358103e-02 -1.646368522404413781e+00
3.733100000000000000e+04 -4.847406095793616032e-02 -1.682945293006383736e-01 -5.477590957848832431e-02
3.731800000000000000e+04 -2.279214874252026846e-01 -8.197439872793665927e-02 -2.249546973517801973e-02
3.735200000000000000e+04 -1.110726010103917361e-01 -1.210310810528909542e-01 -7.461440939386321247e-02
3.737400000000000000e+04 -1.151707635767600379e-01 -1.177608444926505626e-01 -3.720474832631204265e-02
3.731400000000000000e+04 -8.207058456537552615e-02 -1.826668815831098414e-01 1.067622139592820929e-01
3.724200000000000000e+04 -1.207589287245625087e-01 -1.504637757107616380e-01 4.083609324769810200e-02
3.728000000000000000e+04 -2.522709425495754942e-01 -2.338943403062572202e-01 1.450058759308898715e-01
3.720600000000000000e+04 -2.983893895039493316e-01 -1.483914046034584544e-01 1.713377899284616035e-01
3.729600000000000000e+04 1.947125179494335612e-02 -1.707643648665779779e-01 3.966243806150515638e-04
3.737600000000000000e+04 9.275149967571394427e-04 -1.220555424815259471e-01 -4.981470203647475614e-03
3.729100000000000000e+04 9.275149967571394427e-04 -1.220555424815259471e-01 -4.981470203647475614e-03
3.733300000000000000e+04 8.980284242423408614e-02 -7.952583357254638941e-02 -3.965613669701717470e-02
3.724600000000000000e+04 2.061131331262089361e-02 -7.316298252053599072e-02 -9.412157388821107418e-02
3.726700000000000000e+04 -1.281886406562904313e-02 -5.651081505718735798e-02 -6.489709999208415070e-02
3.739200000000000000e+04 1.605771796875998803e-02 -1.317551833216157320e-01 -1.386938727816122707e-02
3.735500000000000000e+04 1.605771796875998803e-02 -1.317551833216157320e-01 -1.386938727816122707e-02
3.736600000000000000e+04 5.346869045751390104e-02 -5.779322766245087450e-02 -1.424332372668857261e-02
3.729900000000000000e+04 5.346869045751390104e-02 -5.779322766245087450e-02 -1.424332372668857261e-02
3.735100000000000000e+04 -3.706815121897122367e-02 -1.504997338928788508e-01 7.189033092143581882e-02
3.719300000000000000e+04 4.973996032640926046e-02 -9.296527514668184722e-02 2.064257106735212233e-02
3.734000000000000000e+04 2.973505616397531526e-02 -1.715620907366997017e-01 2.066081253992280153e-02
3.737000000000000000e+04 -6.919693908262303239e-03 -2.035886060719747093e-01 -1.832341771507017825e-02
3.737800000000000000e+04 -6.919693908262303239e-03 -2.035886060719747093e-01 -1.832341771507017825e-02
3.730700000000000000e+04 6.143763003565538838e-02 -2.389565939392710447e-01 8.826560488726542530e-03
3.739100000000000000e+04 -1.119090623186274058e-01 -1.713952854006635107e-01 6.912782689836127759e-02
3.733900000000000000e+04 1.179085984077019589e-01 -3.279480875578784094e-01 -3.374105902233814902e-02
3.721900000000000000e+04 1.488708705114092368e-01 -1.265502775553102310e-01 1.859281014848885860e-01
3.721300000000000000e+04 1.089020987518338757e-01 -8.091666956111964737e-02 1.833001123639217411e-01
3.733400000000000000e+04 -1.184537104420009257e-01 -5.409425732467738612e-01 6.947241552523131247e-02
3.735700000000000000e+04 5.643803889447340794e-02 -3.918578973181752190e-01 1.139695816020775965e-01
3.726800000000000000e+04 -1.250878717558663311e-01 -4.796310661349423299e-02 1.402342741379030144e-01
3.732400000000000000e+04 -1.250878717558663311e-01 -4.796310661349423299e-02 1.402342741379030144e-01
3.738900000000000000e+04 -1.402249827296415674e-01 2.006073510990589170e-01 6.870974929089612715e-03
3.736500000000000000e+04 -8.386540248173801615e-02 -2.026669107397083280e-02 1.294974773702914916e-01
3.738300000000000000e+04 -5.388225233053489660e-02 -6.164673223808847524e-02 -1.173954465036075590e-02
3.733200000000000000e+04 6.452705679878789624e-02 -2.831417950537939987e-02 5.028923723794598288e-02
3.736800000000000000e+04 -4.220735485593607450e-02 -3.403805482712130015e-03 -3.604982468345241386e-02
3.739400000000000000e+04 1.394652388178485580e-02 -1.825171902221001119e-02 -1.142546085276308077e-02
3.739800000000000000e+04 2.654471708337879932e-02 1.962078351369456186e-02 -6.610295482822614588e-02
3.734100000000000000e+04 2.654471708337879932e-02 1.962078351369456186e-02 -6.610295482822614588e-02
3.720800000000000000e+04 -5.508546575562434100e-03 6.164424517398714443e-02 -5.733197847396453994e-03
3.727700000000000000e+04 1.634664289600351594e-03 -1.240073271215891282e-02 -2.268942827459596856e-02
3.729400000000000000e+04 1.820364617923004857e-01 4.570133691188971170e-03 -5.544733486288322410e-02
3.731500000000000000e+04 1.876190225780618448e-01 1.250267374047737690e-01 -1.248486768579581963e-03
3.735800000000000000e+04 1.070553217583736227e-01 8.164670352250169572e-02 -9.677568200629593775e-02
3.727200000000000000e+04 -5.579121203944836793e-02 2.623929191028651076e-02 3.939379762575967447e-03
3.725700000000000000e+04 2.806760586769030397e-02 6.694709584203906161e-02 -1.024191476733982142e-02
3.738700000000000000e+04 2.806760586769030397e-02 6.694709584203906161e-02 -1.024191476733982142e-02
3.723800000000000000e+04 -2.973783866259793740e-03 5.787605049178523586e-03 8.584895838683870295e-02
3.725600000000000000e+04 -2.786614524026731488e-02 1.234576454009399527e-01 7.863073632011285952e-02
3.740200000000000000e+04 -3.842395599327730338e-02 1.072149679316964921e-01 -7.565110718722500849e-02
3.728700000000000000e+04 -4.130926112821953211e-02 -1.068555402783744057e-02 -4.458156408757218969e-02
3.728800000000000000e+04 1.355752621521020274e-01 8.575608259441480641e-02 1.277395003467827195e-01
3.732600000000000000e+04 1.355752621521020274e-01 8.575608259441480641e-02 1.277395003467827195e-01
3.736200000000000000e+04 6.686573638364379235e-02 -9.216196752942806825e-02 4.217931319324108586e-02
3.728400000000000000e+04 2.659505299405040546e-02 -2.827720024822610867e-02 5.736588247354923453e-02
3.728100000000000000e+04 1.194224065450200101e-02 1.878885112806614188e-01 1.335892241129954527e-01
3.738600000000000000e+04 1.226303824790164754e-03 -3.417647448278415823e-02 9.383961289211306678e-02
3.727600000000000000e+04 1.400841901444742632e-01 5.382974641604221233e-02 1.222752964796853803e-01
3.730900000000000000e+04 -2.226783935987057816e-01 -1.258935030804977373e-01 -2.742727491450551724e-01
3.739500000000000000e+04 5.756553673926134707e-02 -1.156795835399293537e-01 -1.806397789126759079e-01
3.736900000000000000e+04 6.564237007427564663e-02 -9.666929302490245846e-02 -1.645636120562219418e-01
3.734300000000000000e+04 -3.990683609611878069e-02 -6.587639584519422442e-02 -7.465322216035374936e-02
3.726400000000000000e+04 -3.990683609611878069e-02 -6.587639584519422442e-02 -7.465322216035374936e-02
3.726900000000000000e+04 5.828472372612125696e-02 -2.959531489496498580e-01 -1.219810389876769818e-01
3.734500000000000000e+04 3.665378154743699213e-01 -5.375632312085727449e-01 -1.234421049496141620e-01
3.734900000000000000e+04 -4.674143280898945818e-02 -5.368145894911435789e-02 -6.553189424020189335e-02
3.721700000000000000e+04 -1.694169385837831499e-01 -3.396668988833795311e-02 -2.092381470605175764e-01
3.731100000000000000e+04 -1.254857141022398537e-01 2.856403852634770146e-02 -2.633242474616128703e-01
3.727000000000000000e+04 -6.035226130397575162e-02 7.651294715910950117e-02 -1.362426728389376507e-01
3.734200000000000000e+04 -6.698219800805560453e-02 -4.177404355279179526e-02 -1.012709639716558030e-01
3.719600000000000000e+04 1.735890264571793296e-02 -4.260929787313045836e-01 -2.581502912843447461e-01
3.722400000000000000e+04 -1.086620312360864204e-02 -7.828237631834156218e-03 -3.606840000253885847e-01
3.733700000000000000e+04 9.581945760901788844e-02 1.972288128978050281e-02 -3.209805562778953458e-01
3.724900000000000000e+04 4.876882605491417166e-02 1.242537250033919349e-01 -2.716350633372890400e-01
3.738000000000000000e+04 9.956804119325468605e-02 -5.290204758921390749e-03 -2.042312933742476133e-01
3.726200000000000000e+04 8.103644470724447046e-02 3.313035754961646262e-02 -1.425099839503882748e-01
3.739600000000000000e+04 3.147547940250561282e-02 2.029391788546490716e-01 -2.306370353032942688e-01
3.723100000000000000e+04 9.850019562649237059e-02 7.007622077992436971e-04 -1.643452568998799990e-01
3.730200000000000000e+04 -3.715808413105037289e-04 8.955524258544755867e-02 -1.321834752641066757e-01
3.726600000000000000e+04 -1.264413475938397369e-02 -4.686124847578554409e-02 -6.016571284640370720e-02
3.739300000000000000e+04 -1.264413475938397369e-02 -4.686124847578554409e-02 -6.016571284640370720e-02
3.735300000000000000e+04 2.817637011934550628e-01 3.826068820154944206e-01 -1.960317476847830420e-01
3.729700000000000000e+04 -6.219496104927557667e-02 2.082037563526526469e-01 3.553380573418252197e-03
3.727300000000000000e+04 5.505240968334845775e-02 -3.269862669788565768e-01 -4.466776645331673734e-01
3.739000000000000000e+04 -1.102694954682341688e-01 7.913187135153521012e-02 -4.537897101166183944e-01
3.735000000000000000e+04 -4.589682162468378124e-02 -4.586489493986789512e-02 1.840283494458940794e-01
3.732700000000000000e+04 1.451684266790707056e-01 -1.638068955495697310e-01 2.354246269609525655e-01
3.736400000000000000e+04 -8.692887730623155562e-02 -8.161945077329590958e-02 2.494704949406827410e-01
3.736300000000000000e+04 -7.641854982489348913e-02 7.787225529801133916e-02 2.649364925035122553e-01
3.732500000000000000e+04 -5.504094779877988231e-02 7.311044964875890173e-02 2.180987352745784591e-01
3.729300000000000000e+04 1.683859956947877379e-01 4.096303227850128792e-01 2.283341428637353232e-01
3.736700000000000000e+04 1.604834807070254499e-01 8.991142463291623699e-02 2.521076443132219680e-01
3.738500000000000000e+04 -5.832972468874331184e-02 5.792235325457539830e-02 2.528035797753993563e-01
3.730500000000000000e+04 -2.392219163931272874e-01 4.516709809256980179e-02 2.825305650841425376e-01
3.727800000000000000e+04 -1.023565567123831954e-01 4.804386686409358731e-01 2.780747660645506159e-01
3.733600000000000000e+04 -4.932289699519643023e-02 1.868542991812560672e-01 2.542032134475888938e-01
3.726500000000000000e+04 2.017283555139286477e-01 6.412722059082014425e-01 2.970258283917743825e-01
3.726300000000000000e+04 -1.383939787799306487e-01 4.481526003616593812e-01 3.322547890758844602e-01
3.722700000000000000e+04 2.363450507703959147e-01 -2.273663044097560260e-01 3.231852373682375656e-01
3.722800000000000000e+04 -1.591646252603560185e-01 -1.586872221914816805e-01 3.181851170869585133e-01
3.719800000000000000e+04 -4.962396971834657222e-01 -4.580629519456422827e-01 3.930973755307203277e-01
3.731900000000000000e+04 7.785156441775846758e-01 6.021378349826278509e-02 4.174161643602758431e-01
3.738200000000000000e+04 -3.677591804669262388e-01 -4.477153574155963156e-01 4.769459411053258435e-01
3.730600000000000000e+04 -7.308918818135978768e-02 -3.723962940719118819e-01 5.151774223983691670e-01
3.731000000000000000e+04 4.261649788005534845e-01 -3.351101230196746883e-01 5.355931036590106942e-01
3.737900000000000000e+04 2.616235718264228183e-01 1.190888755800756371e-01 5.557767304818508336e-01
3.731200000000000000e+04 4.619670930454873314e-01 -1.451281037335320434e+00 5.747952263159321618e-01
3.732800000000000000e+04 -1.019865503935584172e-01 1.254147581803607636e+00 5.978617574464282214e-01
