# star id 	 star_x_coords [pc] 	 star_y_coords [pc] 	 star_z_coords [pc] 
3.945600000000000000e+04 5.312945543629581380e-01 5.261152865911356002e-02 -5.923810800713624758e-02
3.945700000000000000e+04 5.312945543629581380e-01 5.261152865911356002e-02 -5.923810800713624758e-02
3.929100000000000000e+04 -1.253413117816819522e-01 -1.054862731205759019e-01 -2.160163789977005422e-01
3.928600000000000000e+04 -2.863830082004881206e-01 -1.853364958284942077e-02 -1.463293039612025837e-01
3.930200000000000000e+04 -1.407264763372921834e-01 1.289954474830494746e-01 -5.656636648647150878e-02
3.926400000000000000e+04 3.037581398225768226e-01 -8.487014577022478079e-02 2.538486554094276926e-03
3.929600000000000000e+04 -1.094900617798657549e-01 -1.908661700262825889e-02 3.878047406905693606e-02
3.930600000000000000e+04 -5.181513450930452791e-01 6.661148574430342251e-02 2.114815159323484295e-01
3.926600000000000000e+04 -1.922041140368406786e-01 -7.563537957528865263e-02 2.862819430751528671e-01
