# star id 	 star_x_coords [pc] 	 star_y_coords [pc] 	 star_z_coords [pc] 
9.396000000000000000e+03 -1.529514387204141457e+00 -1.219072411448471005e+00 -4.179481017789918873e-01
3.572700000000000000e+04 -3.485441250404051061e-01 -3.982933889393827087e-01 -9.251665116814140610e-01
1.209300000000000000e+04 -1.473247005225172046e+00 -1.086492802925825618e+00 2.732432709805272530e-01
9.648000000000000000e+03 5.412496593985380855e-01 -7.738441299177294397e-01 -4.348068415815520282e-02
1.467600000000000000e+04 1.088702927013297739e+00 1.133920011034246667e+00 -7.339036528326623454e-01
2.764000000000000000e+03 -1.421468317182608132e-01 6.855323891799814939e-01 -4.621648683355550347e-02
2.264100000000000000e+04 3.639389728531448043e-01 9.144366197198555701e-01 2.784984513333168543e-01
2.349300000000000000e+04 -9.232528824888035501e-01 -1.602445155492997486e-01 7.526550614206799494e-01
3.202000000000000000e+03 -5.915775933687896782e-01 -3.355617795862124719e-01 -1.209856985952212360e+00
8.330000000000000000e+02 -1.490699911018111834e-02 -3.597784915287678409e-01 3.418413048637254370e-01
2.763000000000000000e+03 6.481149491238440419e-01 3.748842999650126018e-02 1.338094107598001514e+00
8.027000000000000000e+03 6.481149491238440419e-01 3.748842999650126018e-02 1.338094107598001514e+00
2.671900000000000000e+04 1.733068360414875997e+00 1.524421637903952131e+00 -9.458538866663785960e-01
