# star id 	 star_x_coords [pc] 	 star_y_coords [pc] 	 star_z_coords [pc] 
4.038300000000000000e+04 9.338251601378075861e-01 9.372872610460545317e-01 -6.083353422099104790e-01
4.012200000000000000e+04 -7.302637251591761469e-01 -9.949304513255288196e-01 -2.735243313477422333e-01
4.036600000000000000e+04 2.712331493209489963e-01 7.394149215430245725e-02 -2.773051433635629337e-01
4.033300000000000000e+04 8.926039285717166649e-01 3.943641063039178274e-01 -2.068369863564605282e-01
1.383900000000000000e+04 3.327636491907597360e-01 -5.520961187452195773e-01 -1.003505705411047444e-01
4.036700000000000000e+04 1.358757348702965828e-01 8.780159825798303785e-01 -6.999838603024777228e-02
4.034200000000000000e+04 -6.460452096866191596e-01 -7.344848843695563900e-01 -3.025859174505995952e-02
4.011000000000000000e+04 2.418995954302260998e-02 -7.336472375436657867e-01 2.276094068905649692e-01
4.033000000000000000e+04 5.436394881905499687e-01 1.619196528580840067e+00 -7.026028993067292561e-01
4.012400000000000000e+04 -1.944831810700975439e-01 1.507081320132020785e+00 4.683323845987175105e-02
4.033100000000000000e+04 -1.944831810700975439e-01 1.507081320132020785e+00 4.683323845987175105e-02
4.014300000000000000e+04 -6.221095223596719848e-01 -1.949728693183512274e-01 1.034386532397983061e+00
4.013600000000000000e+04 -3.277743152968071172e-02 -1.638283894219836556e+00 4.237883990271278378e-01
4.036800000000000000e+04 -7.282095905508114697e-01 -1.801148373922294876e+00 4.754185174169105466e-01
