# star id 	 star_x_coords [pc] 	 star_y_coords [pc] 	 star_z_coords [pc] 
4.350000000000000000e+02 -8.322280249492450821e-01 -2.959349464823048947e-01 -1.455966111034044275e+00
4.720000000000000000e+02 1.811543580697900779e-01 -5.772311257582032340e-01 1.005108874612531622e+00
4.020000000000000000e+02 1.811543580697900779e-01 -5.772311257582032340e-01 1.005108874612531622e+00
4.320000000000000000e+02 3.423599878704806088e-01 -8.931884146028608029e-01 -2.598702993339117029e-01
4.330000000000000000e+02 7.439389654823003184e-02 -1.015822578641575546e+00 3.839427089927482939e-02
5.390000000000000000e+02 4.376909682717951000e-01 -1.016970231800428337e+00 -1.010322325993655568e+00
5.380000000000000000e+02 7.323470100102724700e-01 -1.089899514170724615e-01 1.077471252587827166e+00
4.710000000000000000e+02 -1.502375038290608700e+00 9.377234058682404338e-01 1.755838201703170398e-01
5.030000000000000000e+02 1.111140759668529654e+00 -7.490177677148324165e-01 2.056846513715399283e+00
5.260000000000000000e+02 8.276325700749396219e-01 9.994095071200774782e-01 1.961168794294707141e+00
5.270000000000000000e+02 6.143679256836946934e-01 1.162314560814735387e+00 2.887549170253564057e+00
5.230000000000000000e+02 -2.507127851554571407e-01 -4.265717037763749886e-02 -3.571895275479448628e-01
4.130000000000000000e+02 -3.129740741961484218e-01 2.871668155408713119e-02 -3.237627156346292168e-01
4.140000000000000000e+02 -3.129740741961484218e-01 2.871668155408713119e-02 -3.237627156346292168e-01
4.150000000000000000e+02 -2.653692385501358331e-01 2.888660545234245092e-02 -2.714862482376787511e-01
4.600000000000000000e+02 -2.653692385501358331e-01 2.888660545234245092e-02 -2.714862482376787511e-01
5.370000000000000000e+02 -2.558576614800927018e-01 5.340901745253745503e-02 -2.559149992055296252e-01
5.070000000000000000e+02 -2.558576614800927018e-01 5.340901745253745503e-02 -2.559149992055296252e-01
5.440000000000000000e+02 -2.504277011046553980e-01 -1.323323825171911494e-01 -2.164299922911112617e-01
4.890000000000000000e+02 -2.504277011046553980e-01 -1.323323825171911494e-01 -2.164299922911112617e-01
5.290000000000000000e+02 -2.564317861016434108e-01 -1.745457359417486032e-01 -5.473618494401932821e-02
5.300000000000000000e+02 -2.564317861016434108e-01 -1.745457359417486032e-01 -5.473618494401932821e-02
4.900000000000000000e+02 -3.502485329027251737e-01 -2.150544401985854392e-01 -1.478139040773811530e-01
4.640000000000000000e+02 -3.502485329027251737e-01 -2.150544401985854392e-01 -1.478139040773811530e-01
4.790000000000000000e+02 -2.229454863222315453e-01 -1.088541732660530670e-02 -7.403925406254074915e-02
5.060000000000000000e+02 -2.229454863222315453e-01 -1.088541732660530670e-02 -7.403925406254074915e-02
5.650000000000000000e+02 2.317059000216659115e-02 3.147797343838476536e-02 -2.896646296015177313e-01
4.850000000000000000e+02 5.850522069863473007e-04 3.339657025088627051e-02 -2.853215165524574104e-01
3.960000000000000000e+02 -1.289490689032390947e-01 1.949670397057019500e-01 -2.237665873179111031e-01
5.760000000000000000e+02 -1.289490689032390947e-01 1.949670397057019500e-01 -2.237665873179111031e-01
5.130000000000000000e+02 -1.220309174309477385e-01 1.977201317191372709e-01 -2.104097585658735170e-01
5.140000000000000000e+02 -3.847115495392472440e-02 -2.197769572166379248e-01 -1.133931640889898063e-01
5.450000000000000000e+02 -3.847115495392472440e-02 -2.197769572166379248e-01 -1.133931640889898063e-01
4.470000000000000000e+02 -3.847115495392472440e-02 -2.197769572166379248e-01 -1.133931640889898063e-01
5.100000000000000000e+02 -1.716178021378880203e-01 -9.180168633420748847e-02 -1.577696142721549677e-01
4.030000000000000000e+02 -1.080107086710881958e-01 -9.389290209114165009e-02 -1.203686738895726194e-01
5.720000000000000000e+02 -1.111108833186449374e-01 -1.287904838336970670e-01 -7.446054466905138725e-02
5.180000000000000000e+02 8.151403932816947417e-02 -1.206212435928364357e-01 -5.798606729482003175e-02
4.390000000000000000e+02 8.151403932816947417e-02 -1.206212435928364357e-01 -5.798606729482003175e-02
5.160000000000000000e+02 -6.108807875298793988e-02 -7.053226377746568687e-02 -5.320292673482640566e-02
5.460000000000000000e+02 -6.805596729498120112e-02 -2.567891884193329588e-02 1.078372560600513452e-01
5.500000000000000000e+02 -6.805596729498120112e-02 -2.567891884193329588e-02 1.078372560600513452e-01
4.650000000000000000e+02 -1.852409851204583902e-02 -2.337685591752745040e-01 -1.193022556246461363e-01
6.080000000000000000e+02 -1.852409851204583902e-02 -2.337685591752745040e-01 -1.193022556246461363e-01
4.700000000000000000e+02 1.713309564417784259e-01 2.344892830507205872e-02 2.042769366484264992e-02
4.550000000000000000e+02 -4.988839940779143944e-03 1.781461450869272767e-01 -8.334424312209876007e-03
4.540000000000000000e+02 -1.467151269361011146e-02 1.928093056667279370e-01 5.273498048944702532e-02
5.880000000000000000e+02 -6.777877731751971169e-01 -2.716417313416599200e-01 6.568758576280941952e-01
5.570000000000000000e+02 2.223000323380404097e-01 -3.466379428440262700e-01 4.278253441815706992e-01
4.940000000000000000e+02 -5.516378831222823464e-01 1.532878779188280305e-01 3.707457410495891281e-01
5.490000000000000000e+02 -2.619276110174837413e-01 9.843541167141154347e-01 4.369858116273661608e-01
5.960000000000000000e+02 6.318376539545056403e-02 -3.448321652357861922e-01 -5.353134754838606568e-01
5.610000000000000000e+02 6.318376539545056403e-02 -3.448321652357861922e-01 -5.353134754838606568e-01
4.430000000000000000e+02 -3.290025413772639240e-01 3.048322776916450039e-01 -5.993887323941038403e-01
5.080000000000000000e+02 -7.992121803489169451e-01 3.715853033509972647e-01 -4.719364099583884808e-01
4.990000000000000000e+02 4.207270206237012644e-02 1.404800532207985952e-01 -6.874862237411321075e-01
5.830000000000000000e+02 -1.409516519448487770e+00 3.144729766873410881e-02 -2.255304468391301498e-01
5.710000000000000000e+02 -4.031311236076362547e-01 5.332742584502057070e-01 -8.466566865915297058e-01
4.620000000000000000e+02 -4.694563489082383967e-01 5.293532219535705963e-01 -5.112813079601323807e-01
4.630000000000000000e+02 6.437649811035441871e-01 -1.258649044977602216e-01 -7.900330835233830840e-01
4.240000000000000000e+02 5.122303448429761374e-01 9.497602874950104024e-01 -3.635770129281041818e-01
4.250000000000000000e+02 6.124447582126606449e-01 4.100381471874783301e-01 7.119491133138922123e-02
5.480000000000000000e+02 4.396924761193190534e-01 3.265627872664538245e-01 1.092787542809361412e-01
5.640000000000000000e+02 5.497485274505038433e-01 1.895576301128727437e-01 1.153005677603999857e-01
4.930000000000000000e+02 6.623997437106368125e-01 -2.898989280274690827e-01 5.299820736819924605e-01
5.150000000000000000e+02 6.623997437106368125e-01 -2.898989280274690827e-01 5.299820736819924605e-01
4.590000000000000000e+02 7.440892053012930774e-01 4.329523125929455318e-01 -8.974947515035154311e-01
5.200000000000000000e+02 7.633805926832337718e-01 5.098254209288057837e-01 -5.702670277005665866e-01
5.360000000000000000e+02 5.143312729580600262e-01 -2.326298487357831846e-01 6.697968553370969857e-01
4.980000000000000000e+02 5.294473984351952822e-01 6.132847831058541033e-02 2.096741332301803595e-01
5.930000000000000000e+02 5.704613078050897457e-01 9.635670325316425533e-02 5.241038946607261551e-01
