# star id 	 star_x_coords [pc] 	 star_y_coords [pc] 	 star_z_coords [pc] 
1.568800000000000000e+04 -3.145705278218819956e-01 -9.835794325497477786e-01 9.874677077124971447e-03
1.548400000000000000e+04 -1.273158508083032103e-01 3.553156325677822025e-01 3.967679537736223949e-01
1.528200000000000000e+04 5.534144312540263400e-01 -1.334260191164116094e-01 -5.672213347696128949e-01
1.536500000000000000e+04 1.848891826097744939e-01 -6.650129249857474889e-01 -1.233649574648126190e+00
1.536400000000000000e+04 5.679402891701812450e-02 -5.602555147717680484e-02 8.622373353149193065e-02
1.541000000000000000e+04 5.679402891701812450e-02 -5.602555147717680484e-02 8.622373353149193065e-02
1.575600000000000000e+04 5.679402891701812450e-02 -5.602555147717680484e-02 8.622373353149193065e-02
1.575500000000000000e+04 9.786334196285473297e-02 1.096407231840146324e-02 2.234922060508690578e-01
1.544800000000000000e+04 9.786334196285473297e-02 1.096407231840146324e-02 2.234922060508690578e-01
1.544700000000000000e+04 -1.030620645654884981e-01 4.853607259706294030e-02 3.190416277189100924e-01
1.568600000000000000e+04 -1.030620645654884981e-01 4.853607259706294030e-02 3.190416277189100924e-01
1.568500000000000000e+04 -8.433423903955450385e-02 4.370305986397404752e-02 8.399183611886051892e-02
1.528300000000000000e+04 -8.433423903955450385e-02 4.370305986397404752e-02 8.399183611886051892e-02
1.525600000000000000e+04 -2.571187754831782968e-02 6.849539571091511903e-02 2.343216107758028244e-01
1.528100000000000000e+04 2.096333058480119860e-01 4.013943525706817894e-01 3.494608027168712994e-01
1.526300000000000000e+04 2.096333058480119860e-01 4.013943525706817894e-01 3.494608027168712994e-01
1.547400000000000000e+04 -3.554747577855010832e-03 -2.386815397418171614e-01 4.319134965998099318e-01
1.573800000000000000e+04 -2.718549549438495916e-01 2.226636911449162426e-01 1.291328927688439876e-01
9.670000000000000000e+03 7.732506682601147929e-02 3.728088933979023523e-03 -6.395233526821364478e-02
1.554800000000000000e+04 1.009169724729730433e-02 6.973716067887991699e-03 -3.012210025667449997e-02
1.549900000000000000e+04 1.009169724729730433e-02 6.973716067887991699e-03 -3.012210025667449997e-02
1.549400000000000000e+04 1.008538063840163090e-01 -6.580792971874771524e-02 1.472059005314108049e-03
1.542700000000000000e+04 1.008538063840163090e-01 -6.580792971874771524e-02 1.472059005314108049e-03
1.542600000000000000e+04 1.008538063840163090e-01 -6.580792971874771524e-02 1.472059005314108049e-03
1.545900000000000000e+04 5.396462796028700382e-02 -5.924113973435574110e-02 -3.061966301524776668e-02
1.545800000000000000e+04 5.396462796028700382e-02 -5.924113973435574110e-02 -3.061966301524776668e-02
1.537500000000000000e+04 5.396462796028700382e-02 -5.924113973435574110e-02 -3.061966301524776668e-02
1.571100000000000000e+04 2.270274437357073793e-01 4.727777490993645415e-02 7.414122872270034748e-02
1.571000000000000000e+04 2.270274437357073793e-01 4.727777490993645415e-02 7.414122872270034748e-02
1.538900000000000000e+04 3.073563584123917281e-04 -6.741026992614962410e-02 3.929107605497961231e-02
1.548000000000000000e+04 3.073563584123917281e-04 -6.741026992614962410e-02 3.929107605497961231e-02
1.545400000000000000e+04 -3.562673393766324637e-02 -1.303243593966829650e-01 -9.798862176975475791e-02
1.545300000000000000e+04 -7.653944628971487418e-02 1.804488400190429331e-02 -5.517519386254043923e-02
1.545200000000000000e+04 -7.653944628971487418e-02 1.804488400190429331e-02 -5.517519386254043923e-02
1.551600000000000000e+04 -8.986264665080412328e-02 7.492924377315368645e-02 -2.915822259608624734e-02
1.551500000000000000e+04 -8.986264665080412328e-02 7.492924377315368645e-02 -2.915822259608624734e-02
1.551400000000000000e+04 -4.563169385468945904e-02 1.188282995329448255e-01 2.844273519557560803e-02
1.549500000000000000e+04 -1.265510016905526669e-01 2.688102193071806312e-02 2.061248540675997276e-02
1.547900000000000000e+04 -1.265510016905526669e-01 2.688102193071806312e-02 2.061248540675997276e-02
1.544000000000000000e+04 -1.008007648398994149e-01 -1.421004248066761733e-01 -1.562004460313328735e-01
1.525700000000000000e+04 -1.008007648398994149e-01 -1.421004248066761733e-01 -1.562004460313328735e-01
1.525500000000000000e+04 -1.008007648398994149e-01 -1.421004248066761733e-01 -1.562004460313328735e-01
1.548500000000000000e+04 -7.479727824344806209e-02 -1.598719825025955998e-01 -1.888159980745207633e-02
1.533900000000000000e+04 3.737712146764238241e-02 -1.839236881358647935e-01 -1.235561910222244819e-01
1.534000000000000000e+04 1.459611254269344016e-01 1.790532742006103462e-01 4.023865882941635164e-02
1.534100000000000000e+04 1.459611254269344016e-01 1.790532742006103462e-01 4.023865882941635164e-02
1.536600000000000000e+04 1.459611254269344016e-01 1.790532742006103462e-01 4.023865882941635164e-02
1.546200000000000000e+04 -1.005737094750376315e-01 3.508342443426997193e-01 -2.872576486157107922e-02
1.557800000000000000e+04 -2.671569649758165355e-01 3.406331643678335297e-01 -1.330455593995694130e-03
1.557900000000000000e+04 -1.019437170073516086e-01 6.926568264468002667e-02 -2.278741154450951711e-01
1.558000000000000000e+04 -1.019437170073516086e-01 6.926568264468002667e-02 -2.278741154450951711e-01
1.547500000000000000e+04 -1.019437170073516086e-01 6.926568264468002667e-02 -2.278741154450951711e-01
1.542200000000000000e+04 -1.798463117202828698e-01 3.630178063033540070e-02 -2.260196684132189660e-01
