# star id 	 star_x_coords [pc] 	 star_y_coords [pc] 	 star_z_coords [pc] 
3.539500000000000000e+04 -1.169610337332227523e-01 1.506936535099967500e-02 -3.177415721224914336e-01
3.300300000000000000e+04 -9.375419124544759342e-03 3.852441247064106733e-01 -2.747847765154602939e-01
3.304100000000000000e+04 1.676903267174911782e-01 -2.735024837901764982e-01 1.690113198660849747e-01
3.789600000000000000e+04 1.676903267174911782e-01 -2.735024837901764982e-01 1.690113198660849747e-01
3.436000000000000000e+04 -8.794311106753660567e-02 -3.343897943014741969e-01 2.772026724939689046e-01
3.306600000000000000e+04 9.839535607654292804e-02 2.235967141504424660e-02 -1.164620483247240657e-01
3.789700000000000000e+04 -4.631363970685153930e-02 9.283034583028104691e-02 -4.668934068506302992e-02
3.325500000000000000e+04 -4.631363970685153930e-02 9.283034583028104691e-02 -4.668934068506302992e-02
3.325600000000000000e+04 1.890945094334695042e-02 3.485440487465893966e-01 5.612920620043126974e-02
3.428200000000000000e+04 -1.457786159944554072e-01 -7.548314067907391234e-02 1.310125588856259071e-01
