# star id 	 star_x_coords [pc] 	 star_y_coords [pc] 	 star_z_coords [pc] 
3.525600000000000000e+04 7.207031400390571108e-01 9.586045761902628470e-02 -9.934813873005587936e-01
2.829200000000000000e+04 -7.012428319183428016e-01 1.547415648829449708e+00 1.933804383818369388e+00
5.966000000000000000e+03 -5.028651817644167465e-01 -1.414900479596283844e+00 -1.811213499829175788e+00
7.224000000000000000e+03 1.742401727932000099e+00 4.324103823871583430e-01 -3.857618487027565379e-01
2.790500000000000000e+04 -6.873565654474482756e-01 -1.218439600982721416e-01 6.455409266509448685e-02
2.790600000000000000e+04 -8.941861579002861049e-01 9.616132718796048806e-01 7.767361312993443789e-01
2.888700000000000000e+04 -8.941861579002861049e-01 9.616132718796048806e-01 7.767361312993443789e-01
1.307000000000000000e+04 6.935774233736635708e-01 -6.064546968328619059e-01 3.480490617064759817e-01
1.714400000000000000e+04 3.922935321771578998e-01 -7.185274783109774077e-01 -1.499461339204799515e-01
2.835900000000000000e+04 1.308610735106414680e-01 -1.137186415762196923e+00 -5.594769290306338405e-01
