# star id 	 star_x_coords [pc] 	 star_y_coords [pc] 	 star_z_coords [pc] 
2.952100000000000000e+04 -6.695685606593890782e-01 -8.419420658361076448e-02 -1.290564526451696281e+00
2.900300000000000000e+04 -1.603812324298292680e+00 -1.062257866287843910e+00 -4.357974781685172161e-01
2.951200000000000000e+04 -1.024500906726171223e+00 -3.519565040105092635e-01 -1.345401932562992897e-01
2.949400000000000000e+04 3.385884469541622366e-01 -4.803469313494943549e-01 -4.029715597581429165e-02
2.950800000000000000e+04 -1.269057739377533522e+00 2.702416104096982963e-02 -1.392524312075238413e-02
2.950600000000000000e+04 6.110067543155395242e-02 6.539334565663779131e-02 1.210504231289490917e-01
2.948100000000000000e+04 6.452274988309731896e-01 3.984803062592519041e-01 1.606886868125343426e-01
2.949900000000000000e+04 1.761011454346821381e+00 7.439288493047726547e-01 8.166927423907139882e-01
2.948200000000000000e+04 1.761011454346821381e+00 7.439288493047726547e-01 8.166927423907139882e-01
