# star id 	 star_x_coords [pc] 	 star_y_coords [pc] 	 star_z_coords [pc] 
4.072000000000000000e+04 -1.313033709240290392e+00 -8.438928211119609557e-01 -8.982869871892360525e-01
4.078500000000000000e+04 -1.400606487406395928e+00 -2.136457419988630591e+00 -1.382672739209726220e+00
4.063300000000000000e+04 1.531245985338003379e-01 -8.670038375802491259e-02 -1.440071546261339375e+00
4.072300000000000000e+04 -6.174465162343771851e-01 -1.345853823017108652e+00 -5.530725087301719967e-01
4.060200000000000000e+04 -1.296527579196276037e+00 5.996154289074340227e-01 -2.950234383150581730e-01
4.077100000000000000e+04 9.447817015592896439e-01 -2.604038514850941510e-01 -2.350507436288657992e-01
4.100900000000000000e+04 9.940431807971599198e-01 -1.374247849000447275e-01 4.944050815395495402e-02
4.072100000000000000e+04 9.130373932900610612e-01 -2.047085791142322364e-01 1.203990776167738752e-01
4.096700000000000000e+04 9.736266971367193435e-01 6.640005125247725459e-01 1.237444647913077955e-01
4.067600000000000000e+04 2.104642419346802740e+00 3.806169549444859967e-02 4.201023571764613829e-01
4.082500000000000000e+04 -9.953149522015038997e-01 -1.085226903112889829e+00 5.622895220307821962e-01
4.096600000000000000e+04 -6.849144309107195738e-01 -1.436510667524864004e+00 1.653795610141555406e+00
4.065400000000000000e+04 4.206785848350058643e-01 -1.414481596323668100e+00 5.681932365211108671e-01
4.095100000000000000e+04 3.302541251508728237e-01 -4.258934372917693167e-01 1.354325551131882133e+00
4.066200000000000000e+04 1.548093615337819529e+00 4.046061681644381736e-01 5.691314870137131887e-01
4.068900000000000000e+04 1.340479937872196103e+00 8.980117729276670957e-02 6.039110701394545533e-01
4.062000000000000000e+04 -2.312521122109956195e-01 3.843460010813757322e-01 1.098147364086324629e+00
4.095700000000000000e+04 -3.159023891837939857e-01 2.226487184700829403e-01 6.277520461387987583e-01
4.071900000000000000e+04 -3.142812935647967265e-01 -2.233674828072693685e-01 5.642889849278057701e-01
4.075500000000000000e+04 1.871047109057499824e-02 -4.390203779926871164e-01 5.068294976310179223e-01
4.082400000000000000e+04 8.799833777332821683e-02 -5.742953094311324946e-01 5.617853320181511734e-01
4.095600000000000000e+04 -2.701992207939021284e-01 5.227688357463513569e-01 7.727829502045617804e-01
4.061000000000000000e+04 -8.241947693815419029e-01 -6.118815878182424228e-01 6.314713246895486964e-01
4.061100000000000000e+04 5.888371407508508071e-01 7.011669680015515382e-01 1.051807299539335050e+00
4.078200000000000000e+04 -1.179648617233794994e-01 4.009058625687345057e-03 -8.539334369082351994e-02
4.060000000000000000e+04 4.804317956186210381e-02 -1.991938847981487015e-01 -9.458360335986926160e-02
4.065200000000000000e+04 4.804317956186210381e-02 -1.991938847981487015e-01 -9.458360335986926160e-02
4.063200000000000000e+04 1.773337547249020929e-01 -5.542420238690226597e-03 -6.068460153749100083e-02
4.074300000000000000e+04 -1.941833730836393102e-01 -5.655117768263551170e-03 -8.567793991053851421e-02
4.066100000000000000e+04 -1.941833730836393102e-01 -5.655117768263551170e-03 -8.567793991053851421e-02
4.066800000000000000e+04 -2.076915357343622759e-02 -3.196448055298333202e-01 -1.646851240750907275e-01
4.064300000000000000e+04 -2.470272952049299420e-01 -1.136740336429866716e-01 -3.135406200284862610e-02
4.062700000000000000e+04 -2.779881364252645426e-01 -1.144192484836956680e-01 -3.681302969955635440e-02
4.063400000000000000e+04 -1.292638328007456039e-02 -9.291190825059203462e-02 -3.401324080437695407e-02
4.062800000000000000e+04 -1.292638328007456039e-02 -9.291190825059203462e-02 -3.401324080437695407e-02
4.067100000000000000e+04 -2.495280498061624996e-01 -4.308287809567801219e-02 -3.975353562416994446e-02
4.074400000000000000e+04 -2.495280498061624996e-01 -4.308287809567801219e-02 -3.975353562416994446e-02
4.052500000000000000e+04 1.370132762727038767e-01 -3.214505554181421587e-01 -1.232048157607270600e-01
4.081600000000000000e+04 1.923777244916422546e-01 7.675025805368917986e-02 -1.086627046321951839e-01
4.071000000000000000e+04 -2.487356628694570304e-02 -2.549914272973872187e-01 9.443871023967331801e-02
4.056800000000000000e+04 -3.106900711467730503e-02 -3.797336926278376268e-01 5.776723870883082590e-02
4.066700000000000000e+04 -3.106900711467730503e-02 -3.797336926278376268e-01 5.776723870883082590e-02
4.067800000000000000e+04 1.467112074696466095e-01 -4.389857650981099368e-03 3.670399850101932482e-01
4.073100000000000000e+04 -3.941128907220594613e-01 -6.411103559772612925e-02 8.595147227083277386e-02
4.073200000000000000e+04 -5.124220359175453154e-01 6.131821687719352099e-02 2.686972049019473729e-01
4.082000000000000000e+04 6.881890845957876479e-01 -1.105529248041925428e-01 -1.832851587477791755e-01
4.082100000000000000e+04 6.881890845957876479e-01 -1.105529248041925428e-01 -1.832851587477791755e-01
4.078600000000000000e+04 5.065504424353193258e-01 -6.629126500905613284e-02 -1.067266154253830868e-01
4.072900000000000000e+04 2.945172351691631718e-01 1.838641136294860701e-01 1.011449856279069692e-01
4.065900000000000000e+04 2.438805161387236353e-01 -2.788385401902182537e-01 1.783484281465365084e-01
4.064200000000000000e+04 2.557235649056721627e-01 7.298640442598625100e-02 2.392151269015604931e-01
4.060600000000000000e+04 -6.548326128209680519e-02 -9.346067144070602239e-01 2.100650693971698457e-01
4.080400000000000000e+04 -1.393327329954949789e-01 5.400101891094273299e-01 -1.021315328111448428e-01
4.081700000000000000e+04 -2.788908133348080298e-01 2.901982077137397198e-01 -5.407277717966951780e-02
4.075900000000000000e+04 -2.788908133348080298e-01 2.901982077137397198e-01 -5.407277717966951780e-02
4.055900000000000000e+04 -2.348901611204503581e-01 4.556283845905966245e-01 4.587971831367743114e-02
4.065800000000000000e+04 -3.838752078434701787e-01 -5.672122696392740693e-01 2.035623067522976393e-01
4.067500000000000000e+04 -3.838752078434701787e-01 -5.672122696392740693e-01 2.035623067522976393e-01
4.068800000000000000e+04 3.526356168827966542e-01 2.245735375752353491e-01 -6.050061329213396455e-02
4.098500000000000000e+04 3.526356168827966542e-01 2.245735375752353491e-01 -6.050061329213396455e-02
4.102700000000000000e+04 7.252090828000383738e-01 6.108825950650249581e-01 3.676691466299579769e-01
4.076700000000000000e+04 -3.227311095307001665e-01 7.907077210193946826e-02 -5.739290316850897966e-01
4.078300000000000000e+04 -3.405982737621400247e-01 -1.836512311558280430e-02 -4.371963685056010629e-01
4.078400000000000000e+04 -3.405982737621400247e-01 -1.836512311558280430e-02 -4.371963685056010629e-01
4.061500000000000000e+04 -1.232187472197558975e-01 -1.281188625581322071e-01 -4.110946767735590424e-01
4.074700000000000000e+04 -1.553263811448957199e-01 -6.369799758848415649e-02 -4.198359775995930132e-01
4.074800000000000000e+04 -1.553263811448957199e-01 -6.369799758848415649e-02 -4.198359775995930132e-01
4.068100000000000000e+04 -1.673591824702924669e-02 -2.038852720932347040e-01 -3.877616800330726532e-01
4.099000000000000000e+04 -7.415594653044266238e-02 -1.163600777353259730e-01 -3.858449337077856089e-01
4.064500000000000000e+04 -2.103380970339365774e-01 7.595094678312719338e-02 -3.581246346478096365e-01
4.064600000000000000e+04 -2.103380970339365774e-01 7.595094678312719338e-02 -3.581246346478096365e-01
4.059600000000000000e+04 -2.509177020526820456e-02 1.700565798465198952e-01 -3.449420106248856088e-01
4.059700000000000000e+04 -2.509177020526820456e-02 1.700565798465198952e-01 -3.449420106248856088e-01
4.060800000000000000e+04 -1.299663314941774672e-01 1.115313577496799269e-01 -3.432320115598120891e-01
4.060900000000000000e+04 -1.299663314941774672e-01 1.115313577496799269e-01 -3.432320115598120891e-01
4.075800000000000000e+04 -1.428502684738575113e-01 -1.608905723456288683e-01 -3.316228723231544606e-01
4.078100000000000000e+04 -2.133222121264175541e-01 -3.761707196121868435e-01 -7.217985187977973283e-01
4.098400000000000000e+04 -2.781356220829458437e-01 2.079815469990009547e-02 -3.177679706376629332e-01
4.065000000000000000e+04 -2.781356220829458437e-01 2.079815469990009547e-02 -3.177679706376629332e-01
4.070200000000000000e+04 -2.795034420432180866e-01 -1.649706539720341425e-01 -2.170938765482492983e-01
4.062900000000000000e+04 4.785882726046963853e-03 -1.579644902565178199e-01 -2.068520934960200730e-01
4.067400000000000000e+04 4.785882726046963853e-03 -1.579644902565178199e-01 -2.068520934960200730e-01
4.080500000000000000e+04 -8.566516119862903622e-01 -2.792562633234609848e-01 -6.917465210203035397e-01
4.059300000000000000e+04 -9.534080846036516732e-01 -6.637907962801747885e-02 -6.647310717393681845e-01
4.062500000000000000e+04 -1.168398911342904967e-02 5.030959838120843131e-01 -3.554373895620163148e-01
4.063800000000000000e+04 2.208301312036518027e-01 5.165569532513814011e-01 -2.758935539817658489e-01
4.070000000000000000e+04 7.529461228312079868e-01 -4.043832501840292082e-01 -6.518739997599090064e-01
4.067300000000000000e+04 7.529461228312079868e-01 -4.043832501840292082e-01 -6.518739997599090064e-01
4.077800000000000000e+04 2.496976678561608765e-01 -7.362908586071910122e-01 -4.131714777792505622e-01
4.060100000000000000e+04 4.130928207481510128e-01 4.191396776459193063e-01 -5.182408316052302677e-01
4.070500000000000000e+04 -4.975794747582860111e-01 4.317850089290331539e-01 -8.765174081609150569e-01
4.070600000000000000e+04 -6.667916608084709651e-01 1.159908145926440426e+00 -6.737808462669006015e-01
4.057000000000000000e+04 -1.319191295963157984e+00 1.860213503179995342e+00 2.253784589294308138e-01
4.065600000000000000e+04 -6.023362003694749944e-01 1.974279761378120668e+00 1.310841764598074555e+00
4.068000000000000000e+04 6.201206144934161557e-01 1.618870188378426889e+00 1.331468684512662204e+00
4.077700000000000000e+04 1.516731608304851875e+00 2.213222234179642811e+00 8.439118259442297543e-01
4.076500000000000000e+04 1.147258603902681529e+00 1.827083940640228832e+00 2.353015051371865063e+00
