# star id 	 star_x_coords [pc] 	 star_y_coords [pc] 	 star_z_coords [pc] 
1.560700000000000000e+04 -1.134001322400081335e+00 2.818294910223585248e+00 -8.952639109342633850e-01
1.549400000000000000e+04 -1.883996209257375654e+00 3.845838728408949692e+00 -7.722137194823892603e-01
1.552800000000000000e+04 -1.883996209257375654e+00 3.845838728408949692e+00 -7.722137194823892603e-01
1.563600000000000000e+04 1.239609307656479587e-01 2.255472604777331469e+00 3.295647884512742376e-01
1.557400000000000000e+04 -2.237238740317621932e-01 2.842912095903677994e+00 3.258563872554957608e-01
1.563500000000000000e+04 -8.687879980922161849e-01 1.485414996765840101e+00 -3.141004099281773793e-02
1.561200000000000000e+04 -1.056290673828527815e+00 2.472228681996902822e+00 -1.930076553208590062e-02
1.550300000000000000e+04 -3.528098276673858891e-01 -4.381150549376400249e-01 1.653588154578049751e+00
1.591400000000000000e+04 1.373658593789869542e+00 -1.305972763175446971e-01 2.255061314438249642e+00
1.582400000000000000e+04 2.106638927718421428e+00 2.506450081719080458e-01 1.337998370765945966e+00
1.561100000000000000e+04 5.653663952704590656e-01 1.273459529871452389e+00 1.419329956814558535e+00
1.549500000000000000e+04 -1.006267608350839282e-01 2.471220882554092668e-02 -7.323366863218083722e-01
1.550100000000000000e+04 -5.722855712605934286e-01 1.156287243283671273e-01 -5.282906117530952184e-01
1.557000000000000000e+04 -5.722855712605934286e-01 1.156287243283671273e-01 -5.282906117530952184e-01
1.550400000000000000e+04 -7.263366303223648401e-01 -4.710972477605466224e-01 -4.576165724070060392e-01
1.585600000000000000e+04 -2.334049738913392957e-01 -2.269919998640830272e-01 -4.093888810798083644e-01
1.556700000000000000e+04 5.101589315245291800e-03 -4.843396909306463272e-01 -4.081608198816193966e-01
1.556800000000000000e+04 4.145093207057470863e-02 -6.888611811337739255e-01 -3.611368566666811608e-01
1.550200000000000000e+04 -6.120247620138030697e-01 -1.255967220249232241e-02 -3.683779272798879956e-01
1.577600000000000000e+04 -3.925141194959991253e-01 -1.295307944481294271e-01 -2.157241925309227870e-01
1.569400000000000000e+04 6.629452300761329298e-02 -1.702113674902818730e-01 -1.889301449901070740e-01
1.554100000000000000e+04 6.629452300761329298e-02 -1.702113674902818730e-01 -1.889301449901070740e-01
1.554200000000000000e+04 8.312279883310225159e-02 -7.400648006899857023e-01 -1.484762142524829187e-01
1.545400000000000000e+04 -3.542119093933990825e-01 7.922399069565955187e-02 -8.928271180150394726e-02
1.563300000000000000e+04 -1.154499232680450405e-02 7.596599408216064830e-02 -4.779916743740746099e-02
1.576600000000000000e+04 -3.674856780464921258e-01 -6.365491448264535279e-01 -5.731215295141597887e-02
1.560300000000000000e+04 -1.395978277799798661e-01 -1.231065254648626706e-01 -4.908943007225816113e-02
1.554300000000000000e+04 -1.876686683204411565e-01 -6.787915545611866719e-02 5.929015137283677461e-02
1.583300000000000000e+04 -1.876686683204411565e-01 -6.787915545611866719e-02 5.929015137283677461e-02
1.583400000000000000e+04 -2.591581189212490699e-01 -6.984390247394713924e-01 1.036675827106071368e-01
1.559400000000000000e+04 1.606185741578514126e-01 -7.408607426394908657e-01 1.658762546418955930e-01
1.578700000000000000e+04 -8.620435610507115598e-02 -3.285910640043496755e-01 1.835368407325573825e-01
1.562100000000000000e+04 -4.323451102164739268e-01 -2.399323846502312563e-01 1.839256770180752731e-01
1.577200000000000000e+04 9.020831001170392938e-02 -5.841492019494864962e-02 1.973604663172954243e-01
1.575100000000000000e+04 -3.376139759420340170e-01 -3.450702487749595093e-01 1.986636819814958654e-01
1.554000000000000000e+04 1.996599867851969634e+00 -1.588114581757480437e-01 7.927071679999747600e-02
1.553500000000000000e+04 5.812153763897214276e-01 -1.606578465870285299e-01 -7.657695693997191855e-01
1.553600000000000000e+04 3.032317965457025366e-01 -4.933955585533809085e-01 -3.977599840572903500e-01
1.586800000000000000e+04 3.206542837919528210e-01 -6.100138028077779495e-01 -3.020627180551819224e-01
1.558500000000000000e+04 4.659412628194559147e-01 -1.300663908836696692e-02 -1.361445537199150457e-01
1.582100000000000000e+04 4.659412628194559147e-01 -1.300663908836696692e-02 -1.361445537199150457e-01
1.559700000000000000e+04 4.068135514551300957e-01 -5.768863990953292387e-01 -1.407322877215544388e-01
1.557100000000000000e+04 3.188989568535589569e-01 2.401090217978065766e-01 -8.225878918012841101e-02
1.583600000000000000e+04 2.485381297904183384e-01 -1.192247054774213666e-01 -7.572713308500303442e-02
1.556300000000000000e+04 2.301558900808799990e-01 1.519788197604157176e-01 -1.043981483972681451e-02
1.569600000000000000e+04 2.301558900808799990e-01 1.519788197604157176e-01 -1.043981483972681451e-02
1.577100000000000000e+04 3.429276714124682712e-01 -3.826657982647887479e-01 -5.671133759745188713e-03
1.519500000000000000e+04 5.615951759597521686e-01 -6.732005383680572663e-01 5.421095518587738804e-02
1.519600000000000000e+04 2.131172570689017221e-01 -2.266640764488982995e-01 -3.397597165643642669e-01
1.557500000000000000e+04 2.512912274703609228e-01 -1.747616413898001042e-01 9.407302826362252957e-02
1.586200000000000000e+04 -1.306987953281307568e+00 -4.165954485743839086e-02 -4.464021702976321282e-01
1.574900000000000000e+04 -1.548456427252759227e+00 -1.630816183202767888e-01 -1.949491667016244600e-01
1.575000000000000000e+04 -1.760815955927739651e+00 -3.152728988216253470e-01 -1.300251240935302796e-02
1.573600000000000000e+04 -7.256575128148199383e-01 4.282865907322488397e-01 -3.532368867290187064e-01
1.573400000000000000e+04 -3.146577010990085910e-01 9.771882928083925890e-01 -1.638176924296391723e-02
1.558400000000000000e+04 -2.840033123703733509e-03 5.601759873066995965e-01 -6.810212969741692712e-03
1.583100000000000000e+04 5.811972908750817624e-01 1.156125597948836514e+00 -7.360772102503457814e-01
1.591200000000000000e+04 1.050695530129516442e+00 3.012178279122394997e-01 -7.929002404577244478e-01
1.591300000000000000e+04 1.050695530129516442e+00 3.012178279122394997e-01 -7.929002404577244478e-01
1.550000000000000000e+04 1.050695530129516442e+00 3.012178279122394997e-01 -7.929002404577244478e-01
1.556400000000000000e+04 3.366762833052092674e-01 5.740153352747157101e-01 -9.897705010990323626e-02
1.575400000000000000e+04 6.957897713463410128e-01 5.741054556484499471e-01 -9.122341957034074689e-02
1.582800000000000000e+04 6.957897713463410128e-01 5.741054556484499471e-01 -9.122341957034074689e-02
1.557300000000000000e+04 -1.547947892070126841e+00 9.110132374582065040e-01 -5.559456262307808094e-01
1.550600000000000000e+04 -7.471904792835175613e-01 1.715072577049951974e-01 2.530157971118507376e-01
1.553700000000000000e+04 1.445853698411383448e-01 -6.355481362074542062e-01 3.438125455917048767e-01
1.560200000000000000e+04 1.014642803885124067e-02 6.221816927264001151e-02 3.805918202239917947e-01
1.562400000000000000e+04 -3.492217174811571567e-01 -3.396605902818166101e-01 3.904321960493862265e-01
1.579300000000000000e+04 -3.492217174811571567e-01 -3.396605902818166101e-01 3.904321960493862265e-01
1.552700000000000000e+04 -1.801344073339947727e-01 -4.899214776230778057e-01 5.683539749261536933e-01
1.591100000000000000e+04 -7.470525717893536921e-01 -7.598717153430243343e-01 5.901178067425159046e-01
1.554800000000000000e+04 -3.150737641730643190e-01 -1.691185644756458828e-01 8.169011219120319023e-01
1.549700000000000000e+04 1.264833150667925565e+00 -4.535857301542094433e-01 2.727612703493632051e-01
1.555000000000000000e+04 4.395089711575792535e-01 -6.405106398987996386e-01 5.594382224297832495e-01
1.559200000000000000e+04 4.395089711575792535e-01 -6.405106398987996386e-01 5.594382224297832495e-01
1.558300000000000000e+04 3.267639860793849493e-01 2.070802506451769887e-01 6.606306243572491743e-01
1.557900000000000000e+04 5.703634364901546405e-01 3.642607676835041275e-02 8.909855110857559657e-01
1.569500000000000000e+04 3.542190359821546508e-01 -7.802978408191947324e-01 4.105378754926072293e-01
1.560600000000000000e+04 3.840914031367645975e-01 -2.580721695128431747e-01 1.084447343383166507e+00
1.552000000000000000e+04 1.631368217254774322e+00 7.391286427974179674e-01 4.004737487859823530e-01
1.555600000000000000e+04 2.027784481878711631e-01 8.356102969588619089e-01 4.865253846920399861e-01
1.555700000000000000e+04 7.786126796835048935e-01 4.062381141585191813e-01 3.837486734980815051e-01
1.548500000000000000e+04 4.577304267620547762e-01 1.050629221141008429e+00 1.093250579321457971e+00
1.545500000000000000e+04 4.577304267620547762e-01 1.050629221141008429e+00 1.093250579321457971e+00
1.552400000000000000e+04 7.906860762105338836e-03 6.081416118803417703e-03 -1.284058353755628712e+00
1.577900000000000000e+04 8.364764690589083784e-01 1.309369262226312003e-01 -1.015943665091859849e+00
1.578300000000000000e+04 2.592656425040900103e-01 -7.195557483223780082e-01 -9.388899500720069291e-01
1.578400000000000000e+04 2.592656425040900103e-01 -7.195557483223780082e-01 -9.388899500720069291e-01
1.549900000000000000e+04 -7.830343568249702457e-01 5.274661398654458822e-01 -1.259929768215251489e+00
1.562500000000000000e+04 2.432145507189034106e-01 1.018024672716215662e+00 -9.015559742280685462e-01
1.555500000000000000e+04 -3.916099936913894908e-01 -2.206146692804829001e+00 8.019188842448409238e-01
1.591900000000000000e+04 -4.616209314368688865e-01 -1.337365051960723861e+00 2.441242615044986408e+00
1.549100000000000000e+04 -4.276085229980708391e-01 -1.049661362735022863e+00 -7.387961500326348796e-01
1.549200000000000000e+04 -4.276085229980708391e-01 -1.049661362735022863e+00 -7.387961500326348796e-01
1.551000000000000000e+04 -2.950750919577558307e-01 -9.680330184432008878e-01 -4.844574254481399112e-01
1.550800000000000000e+04 -8.806894641214029207e-01 -9.793611071531955758e-01 -4.076837155364614329e-01
1.549300000000000000e+04 2.587529475923133759e-01 -8.693458513209790794e-01 -5.778103045705674790e-01
1.564900000000000000e+04 8.495218953002137141e-01 -8.996514768695860198e-01 -3.552552594902023131e-01
1.552500000000000000e+04 -5.834463162829024441e-01 -1.012938593306337509e+00 3.379136945931570657e-01
1.577400000000000000e+04 -1.364609482969711962e-01 -1.058022107073519180e+00 6.424321507181457447e-01
1.516100000000000000e+04 -1.772401805515144702e+00 -1.258367451822749672e+00 1.027547824050865088e+00
6.718000000000000000e+03 6.586322050941362249e-02 -1.576740209413934224e+00 1.694677434621629564e+00
6.717000000000000000e+03 -4.332849875680722107e-03 -8.977851141607118279e-01 -9.123114656472224304e-01
1.575300000000000000e+04 4.152689674302223466e-01 -8.311538369388387082e-01 -1.070626110328788849e+00
1.558900000000000000e+04 1.296620197210046399e+00 -9.142625560238073490e-01 -9.950528270846702439e-01
