# star id 	 star_x_coords [pc] 	 star_y_coords [pc] 	 star_z_coords [pc] 
1.671000000000000000e+04 -3.588528569488789177e+00 -6.834547727122739502e-01 2.100493002514278729e+00
2.076400000000000000e+04 -3.572249045293665937e+00 7.091695637170047917e-02 2.645417597362953455e+00
1.751800000000000000e+04 -3.460990982296681118e+00 -1.823322506496475981e+00 1.688571757639067750e+00
1.226700000000000000e+04 -4.831950183891884798e+00 -2.126525260782019089e+00 -2.333705577163689426e+00
2.076500000000000000e+04 -3.449940860285036326e+00 -2.505175221481923842e+00 -2.560115390565462334e+00
1.752900000000000000e+04 -4.597947424138204120e+00 -1.581277727830947555e+00 -1.353903383844265562e+00
1.670600000000000000e+04 -4.036706714562203757e+00 -2.007678083911894618e+00 -8.798231075802149803e-01
1.726100000000000000e+04 -5.202438464904513005e+00 -2.734385269812444008e+00 -4.564797425360040961e-01
1.736600000000000000e+04 8.146694797877566119e-01 2.748803120136003031e-01 7.316649618973612768e+00
1.665600000000000000e+04 8.146694797877566119e-01 2.748803120136003031e-01 7.316649618973612768e+00
1.735200000000000000e+04 -2.620123554440066727e+00 -4.786112842380731536e+00 1.459708437021877803e+00
1.237500000000000000e+04 -1.965921672867056103e+00 -4.729219242897610087e+00 2.201555548941033891e+00
1.658300000000000000e+04 -3.276510765996197616e+00 -5.341556309835018723e+00 1.574521081403634781e+00
1.657500000000000000e+04 -1.109959531590905879e+00 -3.743915504315950216e+00 1.143423353732838432e+00
1.756100000000000000e+04 -2.361103813229524562e+00 -2.435983195015994696e+00 2.226229442362621214e+00
1.673700000000000000e+04 -2.318455321943241110e+00 -1.988303196345936996e+00 2.929117422300564044e+00
1.250400000000000000e+04 5.925429771693920822e-01 -3.822778011311569912e+00 -4.455106974717450541e+00
1.670500000000000000e+04 6.705773271300494720e-01 -3.504882152006885576e+00 -3.348136975987146435e+00
1.658600000000000000e+04 -7.415198273252958661e-01 -3.511003605523983495e+00 -3.091088421175110845e+00
1.885700000000000000e+04 -2.095487296992701864e+00 -2.296790094191027976e+00 -3.163529225938130907e+00
1.659600000000000000e+04 8.344392952450907508e-01 -1.622136092794693951e+00 -4.298443360027433435e+00
1.732700000000000000e+04 -3.303288604354519542e-01 -2.443183599593353961e+00 -3.793872922997646668e+00
1.532800000000000000e+04 4.127988982394404927e-01 -1.989457811344387039e+00 -3.516885416579953016e+00
1.925100000000000000e+04 -2.149573894979047495e+00 -4.868088484646126091e+00 -1.425005367624328834e+00
1.243100000000000000e+04 -1.570466137290993602e+00 -3.613521468306558404e+00 -1.390049690130616966e+00
1.938100000000000000e+04 -1.570466137290993602e+00 -3.613521468306558404e+00 -1.390049690130616966e+00
1.670100000000000000e+04 -2.868822022141369832e+00 -1.585045390375693586e+00 -1.206606069117660773e+00
1.656600000000000000e+04 1.516995832202027605e+00 -1.474046344080992554e+00 -1.881237857779907152e+00
1.922900000000000000e+04 -1.201016618731481023e+00 -2.059303523276014403e+00 -1.877313110676607444e+00
1.532700000000000000e+04 -2.191502829283314302e+00 -5.126988853925707801e+00 -2.924722702672086783e-01
1.925200000000000000e+04 -3.112743439019900915e+00 -3.556773577426774580e+00 1.000851333654592334e+00
1.723400000000000000e+04 -2.136331195959732199e+00 -6.253271699044830712e+00 -6.981354702847610838e-01
1.723500000000000000e+04 -3.017241042139926055e+00 -6.596924406477224778e+00 9.107175900451021100e-01
1.754200000000000000e+04 -1.068040416096768253e+00 -6.139870288598103798e+00 -3.421641671558450781e-01
1.666400000000000000e+04 -2.038582104267249395e+00 -8.618804278335048252e-01 3.092764172044284443e+00
1.729500000000000000e+04 2.822894743234707793e+00 -2.835259002116536919e-01 2.260685708480608014e+00
1.732200000000000000e+04 1.150756851784539014e+00 -1.208285573685660808e+00 1.390629921202617858e+00
1.687400000000000000e+04 1.120748542314866647e+00 -7.897142754112849161e-01 2.306544895287548691e+00
1.729200000000000000e+04 1.120748542314866647e+00 -7.897142754112849161e-01 2.306544895287548691e+00
1.731000000000000000e+04 2.026043706083723528e+00 3.581924210072561010e+00 1.222838511964472019e+00
1.733400000000000000e+04 -2.375485763574260556e+00 -6.894394342429421840e-01 -2.950567559851940302e+00
1.730700000000000000e+04 -1.778633291846758002e+00 -1.150944467346040057e+00 -2.739063784046735783e+00
1.736100000000000000e+04 2.143424767856289215e+00 -5.875086529572257632e-01 -1.918318474891123060e+00
1.733200000000000000e+04 2.676407361477719959e+00 3.154167511381231748e-01 5.817995070230924881e+00
1.733100000000000000e+04 1.332521268694805139e+00 1.351158371253831092e-01 6.272206144528963634e+00
1.734200000000000000e+04 1.276536149258024500e+00 3.186062836367039353e+00 -2.703648366003986503e+00
1.734700000000000000e+04 1.276536149258024500e+00 3.186062836367039353e+00 -2.703648366003986503e+00
1.730200000000000000e+04 -5.469012176683027970e-01 2.176443013184190534e-01 1.614014771308157625e+00
1.730300000000000000e+04 7.519506542650018499e-01 5.913063212121087986e-01 1.247945415578405104e+00
2.043100000000000000e+04 7.895065836138485116e-01 5.724744291562373633e-01 1.423073149616824740e+00
1.733900000000000000e+04 6.531986914815758327e-01 -8.672893705698925260e-02 1.690988534298090817e+00
1.672200000000000000e+04 -1.071578657442883609e+00 -3.432096248293348140e-01 1.826229340577926408e+00
1.750400000000000000e+04 -1.141693690335817912e+00 -3.749360798663801120e-01 1.735429711092690175e+00
1.658400000000000000e+04 4.703192188233032311e+00 1.162480541828045943e-01 1.450679833092563875e+00
1.733500000000000000e+04 4.871946754705927418e+00 -8.614569433276386690e-01 1.812206616948054405e+00
1.734300000000000000e+04 4.691919533309606649e+00 2.012781475554525912e-01 2.225743367756259250e+00
1.735700000000000000e+04 3.358409570236592145e+00 -3.554524888340253597e-01 2.342247228842416540e+00
1.734600000000000000e+04 3.810581617009570099e+00 -8.517050966182289073e-01 3.008013265751754428e+00
1.689100000000000000e+04 4.189735092096294466e-02 2.658923088773384791e+00 1.924337703678903555e+00
1.657900000000000000e+04 2.934173315615467015e+00 4.157435814643488214e+00 1.091932413429293369e+00
1.246200000000000000e+04 2.934173315615467015e+00 4.157435814643488214e+00 1.091932413429293369e+00
1.249500000000000000e+04 3.152892571302052804e+00 -6.227162318322356782e-01 -1.828779737577184150e+00
1.237300000000000000e+04 3.169757566359230783e+00 2.950850578550522130e+00 -2.279894154053245359e+00
1.248900000000000000e+04 3.232050043180092036e+00 3.256830704120307729e+00 -1.957249051446510180e+00
1.251500000000000000e+04 3.100156278659704778e+00 2.844044269020809423e+00 -2.880855211572500352e+00
1.231200000000000000e+04 3.100156278659704778e+00 2.844044269020809423e+00 -2.880855211572500352e+00
1.248000000000000000e+04 -1.324401069141129206e+00 7.265185164368119786e-01 1.873631284925830975e+00
1.735800000000000000e+04 1.243430505618623005e+00 1.972721179363873034e+00 -5.918882308684384697e+00
1.731600000000000000e+04 1.897055332995934318e+00 7.984066549866959406e-01 1.801461512319586955e+00
1.229000000000000000e+04 2.157224247042282883e+00 1.561980552145925571e+00 2.391916242117053670e+00
1.731500000000000000e+04 2.236764109535301248e+00 1.812094289521947843e+00 2.908519011430322543e+00
1.730800000000000000e+04 1.720850186261505765e+00 8.255636014413489931e-01 3.044723992200453644e+00
1.729800000000000000e+04 -1.635946682531420393e+00 1.536832810440820651e+00 -1.147145130834150706e+00
1.732300000000000000e+04 2.210147828103212753e+00 1.970096645792409618e+00 -2.648495354709242022e+00
1.735100000000000000e+04 1.191246807156590704e+00 1.525321696933961135e+00 7.084111407187657861e+00
1.733000000000000000e+04 3.179765681911707609e-01 1.400732679975629225e+00 -5.273444748810694804e+00
1.932300000000000000e+04 3.188779600179869611e-01 2.260195813310112101e+00 1.709011472127292652e+00
1.671300000000000000e+04 6.492531240409491478e-01 1.759955519569157190e+00 2.904203674808268687e+00
1.930200000000000000e+04 6.492531240409491478e-01 1.759955519569157190e+00 2.904203674808268687e+00
1.658200000000000000e+04 2.951164203356669180e+00 1.431762532726548187e+00 2.439230935940937428e+00
1.732100000000000000e+04 2.951164203356669180e+00 1.431762532726548187e+00 2.439230935940937428e+00
1.731800000000000000e+04 7.102916464256343598e-01 1.038965198813762925e+00 7.073359610163569400e+00
1.731700000000000000e+04 7.102916464256343598e-01 1.038965198813762925e+00 7.073359610163569400e+00
2.020000000000000000e+04 4.337071318815581833e+00 1.943406125150456631e+00 -2.748556409604280049e+00
1.938600000000000000e+04 4.337071318815581833e+00 1.943406125150456631e+00 -2.748556409604280049e+00
1.656800000000000000e+04 -2.634841639394638335e+00 -9.662830944503646435e-01 -3.842262176257183803e+00
1.732600000000000000e+04 -2.305442809144371274e+00 -4.010460578321826119e-01 3.609787051494355747e+00
1.752200000000000000e+04 -2.546516231909105699e+00 -1.216656059159291203e+00 4.214516625016503149e+00
1.674500000000000000e+04 2.089056803737633139e+00 -2.149440801546340651e-01 -3.816805537619181621e+00
1.666100000000000000e+04 1.978250884085790195e+00 4.108477658722975434e-01 3.205029750228281848e+00
1.666000000000000000e+04 1.582579148542672565e+00 1.075073682817659915e-01 4.132829564527336075e+00
1.736400000000000000e+04 1.682785874717113161e+00 4.419636288990069772e-01 4.467231202872278040e+00
1.735600000000000000e+04 1.133301868242699850e+00 5.348861858374718281e-01 4.563594352707374568e+00
1.741700000000000000e+04 -2.080231240757699496e+00 3.725895513294464223e+00 4.098301933380259499e+00
1.256300000000000000e+04 2.093822296502420244e+00 3.183729624196224961e+00 -3.929043559089796744e+00
1.247200000000000000e+04 2.729620138614556435e+00 2.688573903644087437e+00 -3.818171527336775561e+00
1.658000000000000000e+04 -2.327577407591973291e+00 7.541620395275927535e-02 -1.426114404228973065e-01
1.257500000000000000e+04 1.340402334671787266e+00 -7.221544807561635082e-01 2.349788328844528706e-01
1.657700000000000000e+04 2.215607026388802581e+00 4.199223103185563133e+00 3.614459263348401841e-01
1.749500000000000000e+04 2.215607026388802581e+00 4.199223103185563133e+00 3.614459263348401841e-01
1.660300000000000000e+04 2.568438451766916764e+00 3.026768360153205606e+00 -2.172095168409784449e-01
1.228800000000000000e+04 1.078304945646849422e+00 3.497799504565161754e+00 4.838781796715561079e-01
1.754800000000000000e+04 9.398126592449005390e-01 3.065544539948870550e+00 -2.755428646322322095e-02
1.734800000000000000e+04 4.603640849679163649e-02 -4.386736446205681261e-01 -4.733442349963112861e+00
2.075000000000000000e+04 -1.134324933175051564e+00 9.737334057668078913e-03 -4.209687687679548596e+00
1.672300000000000000e+04 -1.056403803590202140e+00 -5.662139215133663583e-01 3.948533345482599710e+00
1.672400000000000000e+04 1.428045054415328918e-01 -3.996680074909981784e-01 4.379954715418195477e+00
1.240000000000000000e+04 -8.989322174579112978e-01 -1.215018103473330058e+00 3.636437575141217682e+00
1.731200000000000000e+04 3.187075417957773382e+00 -4.278096506572524049e-01 4.207413046335649831e+00
2.030700000000000000e+04 1.551431821286308188e-01 3.471393272971369015e+00 -3.172377004670764222e+00
2.059000000000000000e+04 -2.622247261330934442e-01 3.546136186229272624e+00 3.232153586310566151e+00
2.051300000000000000e+04 2.215646713942568125e-01 3.288059060538145673e+00 4.089600135691920713e+00
1.754600000000000000e+04 4.394842158772200857e-01 2.664315207150522724e+00 4.305537480600307276e+00
1.732500000000000000e+04 -9.478939105335877358e-01 2.505368252852520072e-01 -1.017723783526487402e-01
1.753500000000000000e+04 -9.478939105335877358e-01 2.505368252852520072e-01 -1.017723783526487402e-01
1.753400000000000000e+04 7.807952419336584571e-01 -5.065515842240095878e-01 4.548657426982938290e-01
2.060000000000000000e+04 -3.627833549726557916e-01 3.602417727547972959e-01 4.901544978050988988e-01
1.658100000000000000e+04 6.367234598241944266e-01 -7.344378352877320992e-01 7.645260339983748210e-01
1.682200000000000000e+04 4.556434427369276285e+00 -6.235516822495057454e-01 1.039931965031098304e+00
1.671100000000000000e+04 -2.213834162433467423e+00 2.553263704798180100e+00 3.277679221942122023e+00
1.656300000000000000e+04 -2.213834162433467423e+00 2.553263704798180100e+00 3.277679221942122023e+00
1.736000000000000000e+04 -1.529147002160596180e+00 1.486019356862776419e+00 3.342151598232331988e+00
2.046900000000000000e+04 -1.573612410510055959e+00 1.013062173512796704e+00 4.303171841299108458e+00
1.754300000000000000e+04 1.011327945466089062e+00 1.003833781450168772e+00 -4.683339533421930767e+00
1.732400000000000000e+04 1.960741874265961471e+00 1.194362518633365511e+00 -3.217431126785503359e+00
3.233000000000000000e+03 1.316364196249663721e+00 1.313328217780014739e+00 -4.154720326829393962e+00
1.685100000000000000e+04 2.280987372790054479e+00 1.475045531156638390e+00 -3.062438084146561046e+00
1.751900000000000000e+04 8.224916535866544365e-01 6.060142607126799419e-01 -4.352232820497933474e+00
1.247400000000000000e+04 8.224916535866544365e-01 6.060142607126799419e-01 -4.352232820497933474e+00
1.234000000000000000e+04 2.572726545244194085e+00 2.023812432855379484e+00 3.993086098973446241e+00
1.728600000000000000e+04 2.572726545244194085e+00 2.023812432855379484e+00 3.993086098973446241e+00
1.675200000000000000e+04 1.943039455615300337e+00 7.054609353367773394e-01 3.815014265966104823e+00
1.220900000000000000e+04 1.943039455615300337e+00 7.054609353367773394e-01 3.815014265966104823e+00
1.731400000000000000e+04 1.673539053426362111e+00 7.033484928189537300e-01 5.144687342004879760e+00
1.686700000000000000e+04 -2.235829455115686315e+00 5.252353286701534785e+00 3.841370236007035643e+00
1.929500000000000000e+04 -2.235829455115686315e+00 5.252353286701534785e+00 3.841370236007035643e+00
2.053000000000000000e+04 1.280938668888190302e+00 1.986392255177406696e+00 -9.502648350549769418e-02
1.929900000000000000e+04 1.206898159529953052e+00 2.136553410049216950e+00 1.803613316299745861e-01
1.930000000000000000e+04 1.690992693781981915e+00 2.490601653973925522e+00 7.961182617026083541e-01
1.668000000000000000e+04 8.543463201463775691e-01 1.101309715661134447e+00 8.236031419614637805e-01
1.668100000000000000e+04 -2.794375398560903223e-01 1.225599112467570251e+00 -4.515885017872134810e+00
1.350400000000000000e+04 -3.556556752518507114e-01 6.573996948084932512e-01 4.168007413342343703e+00
1.253200000000000000e+04 -1.695478358145511844e-01 2.320511038711789098e+00 3.898900641265389044e+00
1.248700000000000000e+04 -3.127282084669952278e-01 2.363778651359769611e+00 3.345518097648858546e+00
1.735400000000000000e+04 -2.284900897830787203e-01 2.547534593836150663e+00 3.796395758416335475e+00
1.933200000000000000e+04 -2.021164220156151381e-01 9.805544212853973818e-01 4.401407378459989417e+00
1.752000000000000000e+04 -3.787970008046396275e-01 1.325793805833075822e+00 4.927793657304436081e+00
2.626000000000000000e+03 3.618130633190398626e+00 2.485976748825866167e+00 -3.460946370332351307e+00
1.929600000000000000e+04 3.175382936511910614e+00 1.808027719308331172e+00 -3.047801990369332970e+00
1.658700000000000000e+04 -8.687433645040665287e-01 4.816347270355986865e+00 3.662291201856751499e+00
1.682600000000000000e+04 7.026462765853814796e-01 1.779689188815535061e+00 -2.019482452397318717e-01
1.682500000000000000e+04 -6.421257435529222901e-01 1.234428363075537050e+00 5.025801789635213623e-01
1.660400000000000000e+04 3.687502373065930650e-01 2.216019202359870377e+00 7.554371557166970064e-01
1.667300000000000000e+04 -2.296953550111412667e+00 -2.015978197838771635e+00 1.510670804307082005e+00
1.680800000000000000e+04 -8.354469677388334237e-01 -1.659622039526464476e+00 1.671019973638054212e+00
1.681500000000000000e+04 -6.341861013437821715e-01 -1.710284456687652721e+00 1.705566567008566237e+00
1.755600000000000000e+04 -2.180024928135885443e+00 -1.938628933947102340e+00 1.958398876206257189e+00
1.692900000000000000e+04 -1.934301870619534736e+00 -1.824704742824021508e+00 1.165779462131105948e+00
8.464000000000000000e+03 -1.786661143353374559e+00 -1.925729259488596412e+00 1.499706639319242640e+00
1.685000000000000000e+04 -1.759257890779520661e+00 -1.664818650374016329e+00 1.141971836335565538e+00
1.755100000000000000e+04 -1.683293159231769476e+00 -2.368219252696780686e+00 1.540868892914277977e+00
1.755000000000000000e+04 -2.218881995318873201e+00 -1.804993678569651649e+00 1.891647067970527285e+00
1.684800000000000000e+04 -2.924761743310330342e+00 -2.843689986776700707e+00 9.616236595223481842e-01
1.753800000000000000e+04 -1.392538437436534382e+00 -2.502418021764180267e+00 7.437311214030155604e-01
1.251700000000000000e+04 -2.296552025630440586e+00 -2.071424300449459466e+00 4.379155190283858801e-01
1.246100000000000000e+04 -1.047312399880699907e+00 -1.878090389691408291e+00 2.203478061286543443e-01
1.235400000000000000e+04 -1.047312399880699907e+00 -1.878090389691408291e+00 2.203478061286543443e-01
1.656200000000000000e+04 -2.259692917043496951e+00 -1.609888685492332883e+00 8.168520452987970693e-01
1.247300000000000000e+04 -2.157042541214096332e+00 -1.493083557008734630e+00 9.367924326367256249e-01
1.234600000000000000e+04 -2.148970734473350408e+00 -1.612738440725333788e+00 6.817142017312312063e-01
1.754700000000000000e+04 -2.124607508850880233e+00 -1.724410010375297730e+00 6.963043632944008188e-01
1.662900000000000000e+04 -1.831225260912832109e+00 -1.642317245837560336e+00 5.718227929129877651e-01
1.729100000000000000e+04 -1.498722703401896172e+00 -1.767879408581475076e+00 4.142014438945653687e-01
1.665700000000000000e+04 -1.568066491367506421e+00 -1.530862120543226013e+00 7.717462870643427841e-01
1.228700000000000000e+04 -2.007650809528727986e+00 -1.522450633894223415e+00 7.824487886787188096e-01
1.229300000000000000e+04 -1.993310933244218042e+00 -1.453686646405234484e+00 8.201351038477917577e-01
1.235800000000000000e+04 -1.993310933244218042e+00 -1.453686646405234484e+00 8.201351038477917577e-01
1.235900000000000000e+04 -2.060349377894611145e+00 -1.473444530089761173e+00 7.917176684154396682e-01
1.242500000000000000e+04 -1.643186659514389358e+00 -1.995921992970398406e+00 9.447897070439563727e-01
1.242600000000000000e+04 -1.311606670765708138e+00 -1.995200264305884374e+00 9.568792031933437414e-01
1.236500000000000000e+04 -1.734248830793103657e+00 -1.740539298359728093e+00 9.982043615035731676e-01
1.245300000000000000e+04 -1.734248830793103657e+00 -1.740539298359728093e+00 9.982043615035731676e-01
1.252500000000000000e+04 -2.146347987220693643e+00 -1.761914416527162075e+00 1.000264683165985158e+00
1.240800000000000000e+04 -2.146347987220693643e+00 -1.761914416527162075e+00 1.000264683165985158e+00
1.241000000000000000e+04 -2.034023732006138729e+00 -1.451796982614151688e+00 1.021058002480983440e+00
1.230300000000000000e+04 -1.917432939907867784e+00 -2.215181516666984152e+00 1.030058247826628914e+00
1.241200000000000000e+04 -1.464877699223231966e+00 -1.758636824151750488e+00 1.072269411468367295e+00
1.235200000000000000e+04 -1.472605540697349946e+00 -3.229919290561495515e+00 -4.524551572330861582e-01
1.226500000000000000e+04 -2.766498759702784138e+00 -1.812181130314948874e+00 3.560082995450031262e-02
1.226600000000000000e+04 -2.009361047889582252e+00 -2.431284449572487461e+00 -3.062969521435858766e-01
1.733600000000000000e+04 -1.682515224523877029e+00 -1.475049819249136362e+00 -8.504110242093672056e-01
1.729400000000000000e+04 -2.414915739143305817e+00 -1.314220216456188695e+00 1.111670843973653788e+00
1.735000000000000000e+04 -1.781080591402253166e+00 -8.154644489732802981e-01 1.299698688946667069e+00
1.755700000000000000e+04 -1.781080591402253166e+00 -8.154644489732802981e-01 1.299698688946667069e+00
1.247800000000000000e+04 3.308112697605971597e-01 -9.169322862702600219e-01 -3.004424272586646794e+00
1.250800000000000000e+04 2.976902717197184023e-01 -7.044373937987877810e-01 -2.712621535330503875e+00
1.246500000000000000e+04 6.074982978136057588e-01 -7.447433740241784506e-01 -2.655827704629235342e+00
1.250100000000000000e+04 -2.229827507524606012e-01 -1.044450031392525347e+00 -2.411924722208934391e+00
1.733300000000000000e+04 8.137112661914903677e-01 4.316132439086217687e-01 -2.411328664662150345e+00
1.231100000000000000e+04 1.293576079699744197e+00 -6.894072351579794145e-02 -2.992166322104524490e+00
1.231000000000000000e+04 1.072116567935806675e+00 5.607147631998081749e-01 -2.603072866032313470e+00
1.237900000000000000e+04 9.847465317218612180e-01 5.883204094505103399e-01 -2.569773937658221818e+00
1.244800000000000000e+04 1.019996952531699419e+00 5.944384774251396664e-01 -2.306278705908262339e+00
1.253400000000000000e+04 -1.406647372139966934e-01 -3.800135534245328017e-01 -2.293553739324703855e+00
1.227000000000000000e+04 3.431158723094981378e-01 5.242283070088902264e-01 -2.834117433821981002e+00
1.236300000000000000e+04 3.229363256222579359e-01 4.881004444523213692e-01 -2.665278045495934833e+00
1.242400000000000000e+04 5.897148598343205927e-01 5.636841459257517783e-01 -2.761718026058240127e+00
1.235100000000000000e+04 5.231714144900874164e-01 3.911990741935795768e-01 -2.566764218931248287e+00
1.229100000000000000e+04 6.541156357406869848e-01 -5.342268873498312587e-03 -2.552892226470246051e+00
1.245600000000000000e+04 4.850570541630391252e-01 3.878786669847968938e-01 -2.560285966894690901e+00
1.245500000000000000e+04 4.850570541630391252e-01 3.878786669847968938e-01 -2.560285966894690901e+00
1.241900000000000000e+04 4.573790256277042166e-01 5.649629652350327547e-01 -2.534156722883865953e+00
1.237400000000000000e+04 4.121819145645562177e-01 -1.641906363331600005e-01 -2.499310685520923947e+00
1.244300000000000000e+04 2.081141512748418965e-01 5.677795964845699928e-02 -2.450428585856890606e+00
1.242200000000000000e+04 7.271324120675406455e-01 5.910816515644441438e-01 -2.369032570999167753e+00
1.230000000000000000e+04 2.277849439535719611e-01 -9.486590550643825281e-03 -2.364552593504581246e+00
1.249400000000000000e+04 6.160492000602113549e-01 1.726186866076275805e-01 -2.350143932534915159e+00
1.240300000000000000e+04 6.981687950398427489e-01 5.520340102678780170e-01 -2.329601946897024156e+00
1.240500000000000000e+04 -6.757640163094830177e-02 5.800934271397650832e-01 -2.239672843057016749e+00
1.735300000000000000e+04 -1.936949261330904726e-01 -5.650441936492249795e-01 -1.517224215276307575e+00
1.734500000000000000e+04 1.216481740190430649e+00 1.440611768220954048e-01 -1.812627577389892330e+00
1.230700000000000000e+04 -6.211730132332927701e-01 5.255779739819033125e-02 -1.426425924935845302e+00
1.735500000000000000e+04 1.781299072711420295e-02 3.648114410931455609e-01 -1.762835892225372625e+00
1.233100000000000000e+04 4.282769201574941897e-01 3.627141635043358292e-01 -1.768397065446464467e+00
1.656500000000000000e+04 1.066509707364692972e+00 6.375418424094370096e-01 -2.880466068415684866e+00
1.661100000000000000e+04 1.202702784414403592e+00 1.592342495207951458e+00 -2.936109279206012168e+00
1.253300000000000000e+04 9.992819385959660350e-01 1.004054485251369755e+00 -2.497054578895597565e+00
1.252100000000000000e+04 1.213854313419624908e+00 6.818986870789593979e-01 -2.298915743229072994e+00
1.671200000000000000e+04 1.213854313419624908e+00 6.818986870789593979e-01 -2.298915743229072994e+00
1.748500000000000000e+04 7.952246652340263511e-01 8.365763538727861715e-01 -2.701021236873737408e+00
2.085600000000000000e+04 1.798920095710359934e+00 1.547495106806803022e+00 -1.718803966679621986e+00
1.754900000000000000e+04 1.485077543309139436e+00 1.287788271879907853e+00 -1.000674344677800143e+00
1.884000000000000000e+04 -1.017975637162924718e+00 1.165672973167012572e+00 -2.115114170933830806e+00
2.082200000000000000e+04 4.695455714555399340e-01 7.160402912612475745e-01 -2.488944605458996762e+00
2.010900000000000000e+04 2.579346177106581761e-01 7.589774548996786052e-01 -2.726712430534512954e+00
1.731300000000000000e+04 7.581293814802239073e-01 9.337288112804706941e-01 -2.481146932565399865e+00
1.929800000000000000e+04 7.581293814802239073e-01 9.337288112804706941e-01 -2.481146932565399865e+00
1.929700000000000000e+04 4.852117419068200377e-01 8.572474427663614449e-01 -2.469655835623727036e+00
1.751300000000000000e+04 7.103625778314209827e-01 7.428218052810002803e-01 -2.758338938728383205e+00
1.751200000000000000e+04 6.187553520451247735e-01 9.100843058231191662e-01 -2.434343199854603235e+00
1.728800000000000000e+04 5.162012676905275432e-01 7.466126878306305059e-01 -2.358082930014670175e+00
1.728700000000000000e+04 7.810177484571784179e-01 7.131429950812417928e-01 -2.178773616452967410e+00
1.688400000000000000e+04 7.649959419962831797e-01 6.920981393036775842e-01 -2.110712371869581716e+00
2.011000000000000000e+04 5.563308573733476425e-01 6.245344161260284466e-01 -2.557102664052284702e+00
1.731900000000000000e+04 5.563308573733476425e-01 6.245344161260284466e-01 -2.557102664052284702e+00
1.940800000000000000e+04 -2.298948196062902682e-01 1.377776512286573052e+00 -1.595413313364693053e+00
1.725100000000000000e+04 -2.162542370763954391e+00 -1.108093459713160200e+00 7.062435718816031383e-01
1.738200000000000000e+04 -1.804449335498679474e+00 -1.342311086945620957e+00 9.161341565510197071e-01
1.736900000000000000e+04 -1.748942242011156889e+00 -1.361820853230277351e+00 7.126779761389276935e-01
1.725200000000000000e+04 -1.727799851420040778e+00 -1.314899190671280138e+00 1.022905727956853195e+00
1.729900000000000000e+04 -2.086488124056443461e+00 -1.382556782596164879e+00 9.000434016075686827e-01
1.734900000000000000e+04 -2.004812043223124007e+00 -1.419761768766541365e+00 5.628617158284257016e-01
1.731100000000000000e+04 -1.112248943528901357e+00 -1.321115074458774075e+00 8.297692520223112211e-01
1.662800000000000000e+04 -7.583913883046315974e-01 -8.815630517243704389e-01 1.000997739288372212e+00
1.729000000000000000e+04 1.334486698173402708e+00 -8.483123192491497377e-01 -3.763352059134525085e+00
1.734100000000000000e+04 1.077851070899010999e+00 -1.152721977227400885e+00 -3.045947399904355812e+00
1.730600000000000000e+04 -5.118307372163646285e-01 -8.355708554860328263e-01 -3.081405825105723473e+00
3.191000000000000000e+03 9.501620250778858301e-01 6.691615198476199566e-01 -3.107639409486188775e+00
1.734400000000000000e+04 -5.731051677947894829e-01 -1.954530610062477081e-02 -3.063545211925454481e+00
1.732000000000000000e+04 6.317545442404123301e-01 5.415155235014204038e-01 -3.385030510318024710e+00
1.676000000000000000e+04 3.293516632917667386e-01 4.339335479409989205e-01 -3.023606136209998851e+00
1.733700000000000000e+04 -5.055758501538478722e-01 8.250128470695550220e-01 -3.465396344612779345e+00
1.660200000000000000e+04 -1.025619816203217960e+00 2.119246364324375520e+00 -2.596002211817346250e+00
1.724800000000000000e+04 5.904223055558164290e-01 1.806518222624138303e+00 -3.886289527124630716e+00
1.732900000000000000e+04 5.037412714438679551e+00 -2.325273006564820832e-01 2.003946334453565292e+00
