# star id 	 star_x_coords [pc] 	 star_y_coords [pc] 	 star_z_coords [pc] 
1.705800000000000000e+04 -1.308708745067445278e+00 2.091360609758673661e+00 -6.266213243016309775e-01
1.796700000000000000e+04 -5.210800477959409704e-01 1.791626278237298919e+00 2.138521893531688534e-01
1.797500000000000000e+04 -5.942637265405501523e-01 1.825192740302959749e+00 -9.386635554780440316e-01
1.786600000000000000e+04 2.128483344914471331e-01 -1.217894747891147489e+00 -6.586402347213251574e-01
1.701600000000000000e+04 1.314348831628063152e+00 -1.526428032969487703e+00 7.705459622940225017e-01
1.702200000000000000e+04 8.040101510349764169e-01 -7.639773566241849778e-01 -5.028740400683560097e-01
1.790200000000000000e+04 -1.013082823178358183e+00 -6.700463998976609048e-01 -5.131752221268115477e-01
1.798800000000000000e+04 2.343832751777341628e-01 -8.304969136986741773e-01 -1.065737411587548422e-01
1.707100000000000000e+04 -4.674859096617396403e-01 3.058529932680933427e-01 2.842618576318685086e-01
1.704400000000000000e+04 -6.659492531755475397e-01 1.112595355725087387e+00 2.959022165581899344e-01
1.713900000000000000e+04 2.145837728681510015e+00 -1.941996962003962324e+00 1.880602947430062954e+00
