# star id 	 star_x_coords [pc] 	 star_y_coords [pc] 	 star_z_coords [pc] 
1.647100000000000000e+04 1.616780782214148893e+00 3.209127973258251387e+00 -2.620810741267893818e+00
1.638800000000000000e+04 1.616780782214148893e+00 3.209127973258251387e+00 -2.620810741267893818e+00
1.634800000000000000e+04 1.616780782214148893e+00 3.209127973258251387e+00 -2.620810741267893818e+00
1.635000000000000000e+04 1.616780782214148893e+00 3.209127973258251387e+00 -2.620810741267893818e+00
1.634900000000000000e+04 1.616780782214148893e+00 3.209127973258251387e+00 -2.620810741267893818e+00
3.985000000000000000e+03 1.616780782214148893e+00 3.209127973258251387e+00 -2.620810741267893818e+00
3.172000000000000000e+03 1.616780782214148893e+00 3.209127973258251387e+00 -2.620810741267893818e+00
3.984000000000000000e+03 2.961185839944147968e+00 3.496425851486129943e+00 -2.327809957511542294e+00
4.114000000000000000e+03 2.961185839944147968e+00 3.496425851486129943e+00 -2.327809957511542294e+00
4.113000000000000000e+03 2.961185839944147968e+00 3.496425851486129943e+00 -2.327809957511542294e+00
4.115000000000000000e+03 2.961185839944147968e+00 3.496425851486129943e+00 -2.327809957511542294e+00
3.793000000000000000e+03 7.416525101922522012e-01 3.684022173571563030e+00 -3.047807048569893595e+00
1.624900000000000000e+04 1.325583967435965960e+00 -7.429029602081129724e-01 -4.113102378609607257e+00
2.932000000000000000e+03 1.325583967435965960e+00 -7.429029602081129724e-01 -4.113102378609607257e+00
4.004000000000000000e+03 1.325583967435965960e+00 -7.429029602081129724e-01 -4.113102378609607257e+00
3.791000000000000000e+03 1.588153450713238435e+00 -5.543119203538555695e-01 -3.921231570266476396e+00
2.931000000000000000e+03 1.135098613410906232e+00 -3.159284538264142128e-01 -3.872169455142145722e+00
2.930000000000000000e+03 1.821986447275985466e+00 -7.688631295899490681e-01 -4.116430978404800101e+00
1.605000000000000000e+04 1.269861479680719718e+00 2.397289720200781460e-01 4.516872289385467809e+00
1.604900000000000000e+04 1.269861479680719718e+00 2.397289720200781460e-01 4.516872289385467809e+00
1.638200000000000000e+04 1.661533266801089148e+00 7.900535079601240795e-01 4.796479853141029537e+00
3.178100000000000000e+04 -1.677029840492243018e+00 -2.735976971706470806e-01 -4.350396806355563584e+00
2.038000000000000000e+03 -2.116463732533537367e+00 -9.825294611799879618e-01 -3.750391743200660599e+00
2.037000000000000000e+03 -2.358581241549703833e+00 8.155915906769024559e-01 4.130655941191111680e+00
3.792000000000000000e+03 -1.505659278681266144e+00 1.039109149857956993e+00 4.590449482515673196e+00
2.061000000000000000e+03 -1.508344684267571623e+00 -5.949260909434919142e-01 3.312341214053674321e+00
1.645900000000000000e+04 -1.508344684267571623e+00 -5.949260909434919142e-01 3.312341214053674321e+00
1.646000000000000000e+04 -1.508344684267571623e+00 -5.949260909434919142e-01 3.312341214053674321e+00
4.120000000000000000e+03 -1.474741359464559309e+00 2.232720080975951760e-01 4.819711025282281014e+00
1.330000000000000000e+03 -1.474741359464559309e+00 2.232720080975951760e-01 4.819711025282281014e+00
4.161000000000000000e+03 -1.474741359464559309e+00 2.232720080975951760e-01 4.819711025282281014e+00
9.360000000000000000e+02 -2.007757654749635634e-01 9.133929005688727898e-01 -4.008708813988553388e+00
3.178000000000000000e+03 8.887268641874479513e-01 2.978980125104158105e-01 -3.688744723355556587e+00
2.797000000000000000e+03 8.887268641874479513e-01 2.978980125104158105e-01 -3.688744723355556587e+00
1.231000000000000000e+03 8.113369624836419547e-01 3.779173461820022339e-01 -3.272224067122589730e+00
3.271000000000000000e+03 -5.913294240922697398e-01 6.248911666889220839e-01 -3.054457354200399877e+00
2.924000000000000000e+03 1.426526385320254775e-01 -7.087057403040120107e-02 -3.178173642081693728e+00
8.188000000000000000e+03 2.143098675951078391e-01 4.578560051222488880e-01 3.851993465241594805e+00
3.799000000000000000e+03 2.143098675951078391e-01 4.578560051222488880e-01 3.851993465241594805e+00
7.920000000000000000e+02 2.143098675951078391e-01 4.578560051222488880e-01 3.851993465241594805e+00
7.930000000000000000e+02 5.047514366387808593e-01 4.685236128955807544e-01 3.924671359313524732e+00
7.754000000000000000e+03 2.963170074772554230e-01 -2.897218907598642090e-02 4.325991649646500292e+00
3.934000000000000000e+03 -5.624585802236206078e-01 2.611726763035946419e-01 4.506091975736339350e+00
3.935000000000000000e+03 -5.624585802236206078e-01 2.611726763035946419e-01 4.506091975736339350e+00
4.020000000000000000e+03 -5.624585802236206078e-01 2.611726763035946419e-01 4.506091975736339350e+00
3.222000000000000000e+03 -1.038918188671897447e+00 8.560327026221834501e-01 4.557839324492093169e+00
2.303000000000000000e+04 -3.885140361951959775e-01 -5.747308581771441993e-01 3.484734957381068199e+00
9.530000000000000000e+02 7.399089827491929228e-01 7.618256989571214888e-01 3.743026223780031359e+00
1.201000000000000000e+03 7.399089827491929228e-01 7.618256989571214888e-01 3.743026223780031359e+00
7.770000000000000000e+02 7.116048798625973504e-01 1.037309821721382974e+00 3.635166021308023687e+00
3.141000000000000000e+03 7.156089456024528062e-01 1.030677316009800393e-01 3.294500874066141449e+00
7.390000000000000000e+02 7.156089456024528062e-01 1.030677316009800393e-01 3.294500874066141449e+00
1.154000000000000000e+03 -5.231443555560453262e+00 2.810377166182099984e+00 -3.605107981597416966e+00
1.153000000000000000e+03 -5.231443555560453262e+00 2.810377166182099984e+00 -3.605107981597416966e+00
3.089000000000000000e+03 2.838241297220076564e+00 2.689638884887166626e+00 -3.151831496148387757e+00
1.214000000000000000e+03 2.838241297220076564e+00 2.689638884887166626e+00 -3.151831496148387757e+00
3.916000000000000000e+03 2.033057125967727696e+00 1.834162374098518455e+00 4.995395124571711420e+00
1.215000000000000000e+03 2.033057125967727696e+00 1.834162374098518455e+00 4.995395124571711420e+00
1.392300000000000000e+04 -3.073603341446400350e+00 2.826967410661069380e+00 -3.985376804253881744e+00
1.392200000000000000e+04 -1.655846148241706395e+00 1.370834159966971555e+00 -3.401025847186835094e+00
1.255000000000000000e+03 -2.314473102711545494e+00 2.043645033194490424e+00 -3.091453940625564556e+00
4.072000000000000000e+03 -1.714803522563596694e+00 3.162398882568655978e+00 3.655464063934516616e+00
2.821000000000000000e+03 -1.578021443457559236e+00 1.858974439287891300e+00 4.593645571064520539e+00
4.206000000000000000e+03 -1.578021443457559236e+00 1.858974439287891300e+00 4.593645571064520539e+00
1.653400000000000000e+04 -1.775244174614625692e+00 1.566036565310437112e+00 4.987833599213729485e+00
2.507600000000000000e+04 -2.677771534480800852e+00 1.111320075342597136e+00 4.792656509558078426e+00
1.658000000000000000e+04 -5.079950651554938190e+00 1.959205663279121268e+00 -4.239208722709403077e+00
1.641300000000000000e+04 -4.702420314701672766e+00 2.686154568667536324e+00 -3.271477540883084956e+00
1.248000000000000000e+03 -4.702420314701672766e+00 2.686154568667536324e+00 -3.271477540883084956e+00
1.167200000000000000e+04 -3.937898988669884304e+00 3.010656942781427148e+00 -3.228032007510554635e+00
1.637000000000000000e+04 3.743239742132187686e+00 2.302766247234330876e+00 -3.417549979014991024e+00
1.303000000000000000e+03 3.743239742132187686e+00 2.302766247234330876e+00 -3.417549979014991024e+00
3.163000000000000000e+03 3.743239742132187686e+00 2.302766247234330876e+00 -3.417549979014991024e+00
3.164000000000000000e+03 8.625061969818945684e-01 2.552255118182610971e+00 -3.988462238258948744e+00
1.650700000000000000e+04 8.625061969818945684e-01 2.552255118182610971e+00 -3.988462238258948744e+00
3.165000000000000000e+03 -3.063887363873005754e-01 2.843704500487231002e+00 -3.609533249247162345e+00
1.639600000000000000e+04 2.953353747717004651e-01 2.802313593198132224e+00 -3.386039544743747243e+00
1.642900000000000000e+04 6.071525132198480890e-01 1.678807693744804652e+00 -3.400023823154462832e+00
1.643000000000000000e+04 6.071525132198480890e-01 1.678807693744804652e+00 -3.400023823154462832e+00
3.922000000000000000e+03 4.341686766533925379e-02 1.557953148150872380e+00 -3.221498089142551535e+00
1.643100000000000000e+04 9.220322501130837622e-01 1.574289385435999833e+00 -3.792812634289125739e+00
1.640500000000000000e+04 9.260496972897858114e-01 1.628166772071452328e+00 3.908422520947517853e+00
1.639500000000000000e+04 -8.520555665438847015e-01 2.052922083300448008e+00 4.966848494965677929e+00
1.636900000000000000e+04 9.865174595197165885e-01 1.412930736384751640e+00 3.886505199558779822e+00
1.631500000000000000e+04 7.268999206288144777e-01 1.674508371041675048e+00 3.444669975278696228e+00
1.612500000000000000e+04 9.167248893222383899e-01 1.696340162217037317e+00 4.861933640021330660e+00
6.780000000000000000e+02 3.361485736176037964e+00 -8.765014911026636213e-01 -2.871140921005919111e+00
3.976000000000000000e+03 -9.137433513378176997e-01 9.914124031140403304e-02 5.366395720420737092e+00
3.948000000000000000e+03 -5.676398407644073885e+00 2.898803907661761770e+00 -2.987660530803502468e+00
3.949000000000000000e+03 -5.676398407644073885e+00 2.898803907661761770e+00 -2.987660530803502468e+00
2.737000000000000000e+03 -5.374217470237169891e+00 3.028735260323735190e+00 -2.086035354181033696e+00
3.146000000000000000e+03 1.665329728912406715e+00 1.681463574507898073e+00 5.707497935017695312e+00
3.727000000000000000e+03 1.590943543839107299e+00 1.251872093792513851e+00 5.299412367933552304e+00
8.790000000000000000e+02 1.943678852133141177e+00 2.126647499357169124e+00 6.636585557704211880e+00
8.700000000000000000e+02 2.478614202372229069e+00 2.469014483107745406e+00 6.962157578260310231e+00
8.620000000000000000e+02 -1.184407475408123744e+00 1.421146771504549378e+00 5.854502656016340012e+00
3.970000000000000000e+03 -1.918033078712499062e+00 1.629354388779720608e+00 6.497559252247189221e+00
1.654800000000000000e+04 -2.765125277731957709e+00 1.703869455614420048e+00 6.938170184680043207e+00
3.267000000000000000e+03 -3.250115939735637838e+00 2.780486512470918825e+00 -2.625041956740579607e+00
3.268000000000000000e+03 -3.900931521312616113e+00 2.077805373463597505e+00 -2.646391696290312012e+00
1.640400000000000000e+04 -3.999006947175963944e+00 2.707251725168809742e+00 -1.987870515901470014e+00
1.640600000000000000e+04 -3.613150682935842184e+00 1.480289307766266660e+00 -1.956420779278673194e+00
4.167000000000000000e+03 3.100837023625888644e+00 2.008790701449271410e+00 -2.062502334281088423e+00
4.168000000000000000e+03 3.465474808584783961e+00 1.920858355967098419e+00 -1.649357047388754438e+00
1.636400000000000000e+04 -3.471756598997682630e+00 2.015500565799971611e+00 7.366386809706966687e+00
1.638900000000000000e+04 3.287627121538504227e+00 2.502965101720111107e+00 7.027821575255934761e+00
1.639000000000000000e+04 -2.559126306803634066e-01 1.390693875529407819e+00 5.499860214302835004e+00
1.639100000000000000e+04 -2.559126306803634066e-01 1.390693875529407819e+00 5.499860214302835004e+00
1.645400000000000000e+04 2.805493299184238509e-01 2.136861087303731921e+00 5.796057539657009983e+00
1.639700000000000000e+04 2.315573511753969083e+00 5.031337109557231457e+00 -4.137633012681014577e-01
1.647900000000000000e+04 2.315573511753969083e+00 5.031337109557231457e+00 -4.137633012681014577e-01
2.975000000000000000e+03 2.891504637818329115e+00 3.438121496569561231e+00 -4.058407732462985251e-01
3.843000000000000000e+03 2.791480182176908631e+00 4.606351630532547148e+00 -2.042959325749666988e-01
3.844000000000000000e+03 2.791660282240336688e+00 4.560558949141825025e+00 1.539844623169202009e-01
1.415000000000000000e+03 1.368496339049913857e+00 3.400065673884771655e+00 -5.467150763776604805e-01
7.080000000000000000e+02 2.438103531159994120e+00 3.381286383352577474e+00 -6.743098667968840942e-01
7.090000000000000000e+02 -3.220234093315893276e+00 -5.264680657472755598e-01 3.203314021429015668e-02
1.634200000000000000e+04 -3.326187396168867494e+00 3.287478213437680097e-01 9.240481467089320944e-01
1.651400000000000000e+04 3.489964357960123831e+00 6.069605278322853792e-01 -6.264740189394224501e-01
1.611300000000000000e+04 -3.993748066263190566e+00 3.323651480567857419e+00 5.934991797016611059e-01
1.637400000000000000e+04 3.329040214402978037e+00 3.531181399395265430e+00 -7.156649731214237420e-02
1.638500000000000000e+04 4.220633550901798259e+00 4.034574536451483340e+00 4.981176984761397364e-01
1.655200000000000000e+04 -2.580433218326218636e+00 1.948917677075716171e+00 7.434536079845376122e+00
1.646400000000000000e+04 -2.580433218326218636e+00 1.948917677075716171e+00 7.434536079845376122e+00
1.639400000000000000e+04 -3.670511740656948518e+00 1.915420313345538972e+00 -7.089393870561373490e-01
1.638100000000000000e+04 -3.735982390999849301e+00 2.468110035346768427e+00 -7.225894666645604758e-01
1.643300000000000000e+04 -3.735982390999849301e+00 2.468110035346768427e+00 -7.225894666645604758e-01
1.643400000000000000e+04 3.217520146267760506e+00 1.588224411505592570e+00 5.523482287824172943e-01
1.639800000000000000e+04 2.135748117511707900e+00 3.272591214048848229e+00 3.036783256918475615e+00
1.639900000000000000e+04 3.492847360564917736e+00 4.385152865246357834e+00 2.786105942956867310e+00
1.640000000000000000e+04 3.440664018868940577e+00 3.295580534678553164e+00 2.317911305708344472e+00
9.100000000000000000e+02 5.536552290806482368e+00 1.506914654418501698e+00 1.720271501131561465e+00
9.110000000000000000e+02 -3.746726751526500365e+00 2.571860483126510388e+00 1.476178934819348143e+00
1.645600000000000000e+04 -3.746726751526500365e+00 2.571860483126510388e+00 1.476178934819348143e+00
1.645700000000000000e+04 -3.487977457709108720e+00 1.495547091075220436e+00 1.656161537055202970e+00
1.633500000000000000e+04 4.264507621066494281e+00 2.257241750462906538e+00 1.582777690577719554e+00
1.635500000000000000e+04 4.235021474362048011e+00 1.748389071816635720e+00 2.113784514929893277e+00
1.635600000000000000e+04 4.235021474362048011e+00 1.748389071816635720e+00 2.113784514929893277e+00
1.646300000000000000e+04 4.919139424529397786e+00 1.599878613210272249e+00 2.736055914044380089e+00
1.655100000000000000e+04 4.919139424529397786e+00 1.599878613210272249e+00 2.736055914044380089e+00
2.069000000000000000e+03 4.919139424529397786e+00 1.599878613210272249e+00 2.736055914044380089e+00
6.280000000000000000e+02 -2.995138670306033646e+00 3.532149144258053042e+00 1.600320067919779987e+00
3.287000000000000000e+03 -2.855449060407394768e+00 3.215675548821494090e+00 1.599221634920459323e+00
3.996000000000000000e+03 -2.855449060407394768e+00 3.215675548821494090e+00 1.599221634920459323e+00
3.972000000000000000e+03 -2.855449060407394768e+00 3.215675548821494090e+00 1.599221634920459323e+00
3.309000000000000000e+03 -4.342133500513881472e+00 -3.884994227182016147e+00 5.933783652769420769e+00
1.018000000000000000e+03 -4.117613991030054876e+00 -2.856782808999522416e+00 5.785481071124674912e+00
4.048000000000000000e+03 -4.262080021065074220e+00 -1.819702920307930682e+00 6.101030017618192858e+00
7.280000000000000000e+02 -3.222882874694867894e+00 -2.807361413913113779e+00 6.570264148328938347e+00
3.997000000000000000e+03 -1.513115699587914698e+00 -1.781003319883296854e+00 4.743056415028057415e+00
1.829000000000000000e+03 -3.658503374813379949e-01 -1.023235311613488463e+00 3.756815411008442851e+00
1.911000000000000000e+03 -7.661955167826759450e-01 -1.491861132886263874e+00 4.186440601186749433e+00
1.910000000000000000e+03 1.523371551526775391e-02 -3.034063940115338198e+00 4.038578559949169033e+00
1.909000000000000000e+03 1.523371551526775391e-02 -3.034063940115338198e+00 4.038578559949169033e+00
1.908000000000000000e+03 -1.936307486909713660e+00 -2.917405611233341745e+00 7.232882176607486002e+00
1.825000000000000000e+03 -2.376840931476056795e+00 -2.931848363078042752e+00 6.254327414712598454e+00
1.824000000000000000e+03 -1.511118288157054401e+00 -2.234936339262628024e+00 5.870096236168102166e+00
3.821000000000000000e+03 1.559197245675719046e+00 -2.148666967471513090e-03 -7.384533902091252600e-01
3.998000000000000000e+03 1.334566497874622115e+00 -6.245769706685546652e-01 -4.043403960713440881e-01
2.878000000000000000e+03 1.199562366292067139e+00 -1.263898402175165359e-01 -2.200175468402889578e-01
1.653200000000000000e+04 2.277276555208549436e+00 -7.843921667552216093e-01 -4.906217614897521173e-01
1.638300000000000000e+04 1.107783247707147645e+00 1.123237753200605482e-01 -5.905475887578237604e-01
3.258000000000000000e+03 1.426844537611062336e+00 8.870314983564995259e-01 -7.480490678629845291e-01
3.257000000000000000e+03 1.269735981234724420e+00 8.274338930764457700e-01 -4.852108013984981483e-01
3.256000000000000000e+03 1.269735981234724420e+00 8.274338930764457700e-01 -4.852108013984981483e-01
3.065000000000000000e+03 1.673781623558783238e+00 7.311957132204014442e-01 -3.467387467901996700e-01
3.064000000000000000e+03 1.258897684107949111e+00 9.944188603093770951e-01 -2.832868940694748261e-01
3.063000000000000000e+03 1.077505407381309510e+00 3.797964887904399234e-01 -2.144448666981144669e-01
3.198000000000000000e+03 1.011590720296131174e+00 8.005983719610334504e-01 2.372774846053538056e-02
4.026000000000000000e+03 1.011590720296131174e+00 8.005983719610334504e-01 2.372774846053538056e-02
1.651100000000000000e+04 1.011590720296131174e+00 8.005983719610334504e-01 2.372774846053538056e-02
8.270000000000000000e+02 1.011590720296131174e+00 8.005983719610334504e-01 2.372774846053538056e-02
2.715000000000000000e+03 1.011590720296131174e+00 8.005983719610334504e-01 2.372774846053538056e-02
7.040000000000000000e+02 1.373822665809538712e+00 1.018153048789649517e-01 -2.134616769398789415e-01
7.030000000000000000e+02 1.040151710196428603e+00 6.207330361646228312e-01 4.692420245006445612e-02
1.250000000000000000e+02 1.469770027515103550e+00 1.035956034265350212e+00 -5.833725702891356946e-02
1.823000000000000000e+03 1.469770027515103550e+00 1.035956034265350212e+00 -5.833725702891356946e-02
1.822000000000000000e+03 1.350550801963991354e+00 7.863254174386611339e-01 9.043904673722202858e-02
1.821000000000000000e+03 2.883352351879190589e+00 2.695274091650290416e-01 -5.820018249350997763e-01
1.820000000000000000e+03 1.182910268016659217e+00 -6.172604220839321698e-01 3.294768103262963876e-01
1.051800000000000000e+04 1.182910268016659217e+00 -6.172604220839321698e-01 3.294768103262963876e-01
8.540000000000000000e+02 1.219325955194304534e+00 -3.070549447239443452e-01 4.696348347854453209e-01
2.243400000000000000e+04 1.859090441717333952e+00 -8.449881231695499650e-01 2.431584775183850411e-01
2.826000000000000000e+03 1.164056794838190356e+00 -9.068363520558140323e-01 1.001397633679497190e+00
2.315400000000000000e+04 1.724112727886049079e+00 -3.184619715497305492e-02 9.776033929692253821e-01
1.929000000000000000e+03 1.724112727886049079e+00 -3.184619715497305492e-02 9.776033929692253821e-01
3.897000000000000000e+03 1.724112727886049079e+00 -3.184619715497305492e-02 9.776033929692253821e-01
3.180000000000000000e+03 1.690655481060346688e+00 2.422512394733722374e-01 5.772164732570850276e-01
1.207000000000000000e+03 1.875104059869983075e+00 2.783160841197265256e-01 2.691349503574240742e-01
3.028000000000000000e+03 1.152537969890353509e+00 1.011645278920934032e+00 1.321842824638679303e-01
3.029000000000000000e+03 1.453636599979498456e+00 8.072114390517377558e-01 4.105714470038996922e-01
3.030000000000000000e+03 1.931163358492531401e+00 9.017815403683258069e-01 5.805524334003653308e-01
3.031000000000000000e+03 1.672776413389175154e+00 7.582667591688228015e-01 7.808944610628447691e-01
3.032000000000000000e+03 1.073665871178084430e+00 6.978372317983811968e-01 6.697635348318033977e-01
2.824300000000000000e+04 1.373601182584310187e+00 5.481100476021829593e-01 8.694265097502302808e-01
1.956000000000000000e+03 1.373601182584310187e+00 5.481100476021829593e-01 8.694265097502302808e-01
1.234000000000000000e+03 1.123664102138087983e+00 5.731098727295602657e-01 3.692061292207551304e-01
2.254600000000000000e+04 2.038199981232569069e+00 7.544008976188578686e-01 3.280254427183635357e-01
2.055000000000000000e+03 2.038199981232569069e+00 7.544008976188578686e-01 3.280254427183635357e-01
1.819000000000000000e+03 1.876613278290793385e+00 6.370206330157799357e-01 9.874520693706543284e-01
1.223000000000000000e+03 1.658395906786869212e+00 9.406187738629157025e-02 3.921560712120868430e-01
8.137000000000000000e+03 1.314933717647106981e+00 6.856320531786401773e-01 1.051805699337235112e+00
8.630000000000000000e+03 1.314933717647106981e+00 6.856320531786401773e-01 1.051805699337235112e+00
1.650200000000000000e+04 1.314933717647106981e+00 6.856320531786401773e-01 1.051805699337235112e+00
2.893000000000000000e+03 -2.338010429244580024e+00 -7.775374593979673676e-01 -7.332318817135803357e-01
3.868000000000000000e+03 -1.920123528649079425e+00 -8.853522943995422168e-01 -3.211532236856573519e-01
3.869000000000000000e+03 -1.299064803634553122e+00 -7.326765287597236664e-01 -2.160846798808027103e-01
2.687000000000000000e+03 -1.068982549071787247e+00 8.913736795829052539e-02 -8.499449693734657529e-01
8.180000000000000000e+02 -2.407386939929047287e+00 -7.119816875073858853e-01 5.037938015982703632e-01
1.649000000000000000e+04 -1.406191471798204695e+00 -1.705609351581038879e-01 7.478983788014286205e-01
3.295000000000000000e+03 -1.406191471798204695e+00 -1.705609351581038879e-01 7.478983788014286205e-01
3.343000000000000000e+03 -6.055663068942225280e-01 -7.340929250129732964e-01 -2.857920419468324980e-01
1.657000000000000000e+04 -6.055663068942225280e-01 -7.340929250129732964e-01 -2.857920419468324980e-01
1.648200000000000000e+04 -9.486082943242886145e-01 -9.807283674135831575e-01 -7.567424320336844090e-01
3.814000000000000000e+03 -9.486082943242886145e-01 -9.807283674135831575e-01 -7.567424320336844090e-01
4.198000000000000000e+03 -9.486082943242886145e-01 -9.807283674135831575e-01 -7.567424320336844090e-01
1.642100000000000000e+04 -9.486082943242886145e-01 -9.807283674135831575e-01 -7.567424320336844090e-01
4.129000000000000000e+03 -9.486082943242886145e-01 -9.807283674135831575e-01 -7.567424320336844090e-01
1.117000000000000000e+03 1.275328575159054623e+00 1.396854597958906652e+00 -5.628310137490899479e-01
2.825000000000000000e+03 1.509325711267666570e+00 2.046210819785120094e+00 -3.095042875838949215e-01
4.196000000000000000e+03 1.086236718283993596e+00 1.570194542797317183e+00 1.834701459379672883e-02
4.195000000000000000e+03 7.769119467845237992e-01 -4.271655104173284201e-01 -6.116745696087999562e-01
1.963000000000000000e+03 1.889152658275889962e-01 -5.771586777737649498e-01 -3.672313259292980803e-01
1.962000000000000000e+03 -1.026911358190914392e+00 8.540400860404666616e-01 -6.023398462230726835e-01
2.789000000000000000e+03 -1.026911358190914392e+00 8.540400860404666616e-01 -6.023398462230726835e-01
1.961000000000000000e+03 -1.079406503324004341e+00 9.058855805317413967e-01 -5.133822480048717551e-01
3.128000000000000000e+03 -1.079406503324004341e+00 9.058855805317413967e-01 -5.133822480048717551e-01
3.127000000000000000e+03 -3.655536859615349243e-01 -6.450632510202467529e-01 2.920216168322511407e-01
3.293000000000000000e+03 -3.655536859615349243e-01 -6.450632510202467529e-01 2.920216168322511407e-01
1.759000000000000000e+03 -9.921018363360518677e-01 -8.637033911880056536e-01 4.726716516395725876e-01
8.165000000000000000e+03 -1.101986842829356661e-01 -6.457210749340447364e-02 1.109315966360751915e+00
7.880000000000000000e+02 -3.519874002829750381e-01 -3.181116225701785538e-02 1.082237644465227078e+00
1.233000000000000000e+03 -3.252994351322593403e-01 -8.205696171118397331e-01 1.091138156790174563e+00
2.790000000000000000e+03 -3.252994351322593403e-01 -8.205696171118397331e-01 1.091138156790174563e+00
4.085000000000000000e+03 1.914710225356198059e+00 1.767230799433697541e+00 7.224446609338315284e-01
3.196000000000000000e+03 1.914710225356198059e+00 1.767230799433697541e+00 7.224446609338315284e-01
8.147000000000000000e+03 1.914710225356198059e+00 1.767230799433697541e+00 7.224446609338315284e-01
2.714000000000000000e+03 1.483665072982964794e+00 1.730249865511002128e+00 1.187677361737828008e+00
7.795000000000000000e+03 4.042442792045797262e-03 -9.713918963453629374e-01 2.604301750763529100e-01
1.644600000000000000e+04 4.042442792045797262e-03 -9.713918963453629374e-01 2.604301750763529100e-01
2.844000000000000000e+03 2.461553725696381534e-01 -5.497895275414332872e-01 1.011175179451930362e+00
2.371800000000000000e+04 2.461553725696381534e-01 -5.497895275414332872e-01 1.011175179451930362e+00
2.609000000000000000e+03 3.560314106257589373e-01 -7.934837456936012501e-01 8.088294665519359938e-01
2.608000000000000000e+03 4.512938626923865826e-01 -2.046300122525828158e-01 9.407033906188040362e-01
2.860000000000000000e+03 4.512938626923865826e-01 -2.046300122525828158e-01 9.407033906188040362e-01
1.164000000000000000e+03 4.512938626923865826e-01 -2.046300122525828158e-01 9.407033906188040362e-01
2.772000000000000000e+03 5.950727907408204231e-02 -9.554135604728699604e-01 2.632449089246780005e-01
3.817000000000000000e+03 2.507521192661018361e+00 1.333933948554335558e+00 7.193288112870934725e-01
9.470000000000000000e+02 2.507521192661018361e+00 1.333933948554335558e+00 7.193288112870934725e-01
8.136000000000000000e+03 2.346524857156726096e+00 1.292595255644421570e+00 8.108971250692817989e-01
2.894000000000000000e+03 -1.282400905470667318e+00 1.588046830132519460e+00 6.822870497190294259e-01
7.870000000000000000e+02 -1.966655290802632905e+00 1.565987962468856409e+00 1.037702586277942984e+00
2.920000000000000000e+03 -1.966655290802632905e+00 1.565987962468856409e+00 1.037702586277942984e+00
4.079000000000000000e+03 -1.127655624006737689e+00 2.048818374677686904e+00 1.154667509018926452e+00
3.211000000000000000e+03 -8.101197810385816211e-01 8.026153345893511926e-01 3.790512675716399826e-01
1.271000000000000000e+03 -5.171352874001975408e-01 2.183710041017690173e-01 6.088364299347386321e-01
1.974000000000000000e+03 -5.171352874001975408e-01 2.183710041017690173e-01 6.088364299347386321e-01
7.720000000000000000e+02 -6.741062614375934459e-01 1.412972692205514136e-01 3.831616094328413880e-01
7.710000000000000000e+02 -4.385206655384079610e-01 5.327110912743897586e-01 1.125006385973001954e+00
7.700000000000000000e+02 -9.982833827686858896e-01 4.286168050325755985e-01 1.120857372210421588e+00
7.774000000000000000e+03 5.128035958445318343e-01 4.879073102902538039e-01 7.735259338397195705e-01
3.087000000000000000e+03 3.812762154368725120e-01 1.607305648063679371e-01 9.197569466306152464e-01
3.229000000000000000e+03 9.569561137191868738e-01 4.847102268769063471e-01 6.327188835000825406e-01
3.228000000000000000e+03 3.106753294743151983e-01 8.936699165446277959e-01 7.867691058639287860e-01
3.227000000000000000e+03 3.106753294743151983e-01 8.936699165446277959e-01 7.867691058639287860e-01
1.658200000000000000e+04 3.106753294743151983e-01 8.936699165446277959e-01 7.867691058639287860e-01
2.965000000000000000e+03 3.470799906817223501e-01 1.008050669287030132e+00 8.315849874756899851e-01
1.654500000000000000e+04 3.470799906817223501e-01 1.008050669287030132e+00 8.315849874756899851e-01
2.613000000000000000e+03 8.605800107673431398e-01 1.087230160999812512e+00 8.020354832790683730e-01
2.612000000000000000e+03 7.533269482460767108e-01 8.285558654623628172e-01 6.885293949357738086e-01
2.582000000000000000e+03 7.533269482460767108e-01 8.285558654623628172e-01 6.885293949357738086e-01
3.732000000000000000e+03 9.013495946169536310e-01 7.558514930062720794e-01 1.033959965447586171e+00
2.583000000000000000e+03 -3.871126184491817668e-01 1.764542539735874271e+00 -6.571467355858793269e-01
1.651600000000000000e+04 -3.035948481274237665e-01 1.583023881990857973e+00 -6.743031896602289521e-01
1.975000000000000000e+03 -5.198742769414685938e-01 1.684765075038107796e+00 -3.763643251368087306e-01
3.145000000000000000e+03 4.146885689413606357e-01 1.854095072746087425e+00 -9.395852073776413960e-01
3.144000000000000000e+03 4.061945324944327140e-01 1.483922741611372942e+00 -8.660715526681634913e-01
1.637600000000000000e+04 1.663341728814335951e-01 1.349588492411676555e+00 -2.782120356832127328e-01
4.071000000000000000e+03 1.100780729864787588e-01 1.369701593802073347e+00 -1.423147806237512469e-01
4.070000000000000000e+03 -4.047649933169985559e-01 2.002657754462774164e+00 1.983045296065739649e-01
3.929000000000000000e+03 -2.167424845703136427e-01 1.538963764646105403e+00 3.120763020686805334e-01
3.928000000000000000e+03 -4.156883783843490221e-02 1.506535535859054420e+00 6.553585192016839756e-01
1.636800000000000000e+04 -6.809287596322164404e-01 1.481504986832380411e+00 7.413363078538353079e-01
1.642500000000000000e+04 -6.809287596322164404e-01 1.481504986832380411e+00 7.413363078538353079e-01
3.728000000000000000e+03 -5.731224248771082941e-01 1.409927630691267808e+00 8.286284556046723537e-01
3.729000000000000000e+03 -5.747302526160602554e-02 1.285681533565284695e+00 1.140216561547410024e+00
3.730000000000000000e+03 2.428462487871163589e-01 1.202564916766242220e+00 3.216966573097934656e-01
3.731000000000000000e+03 2.428462487871163589e-01 1.202564916766242220e+00 3.216966573097934656e-01
1.651700000000000000e+04 2.428462487871163589e-01 1.202564916766242220e+00 3.216966573097934656e-01
8.030000000000000000e+02 7.688737860159342574e-01 1.294195863113742462e+00 9.100952055598536816e-01
3.344000000000000000e+03 2.994460610277309698e-01 1.218569286462528822e+00 9.208815975351924976e-01
2.655000000000000000e+03 8.953661016472223011e-01 1.102906072858601760e+00 7.168711166516725797e-01
3.131000000000000000e+03 1.118699397710446242e+00 -5.292529308626185980e-01 1.157081392994061986e+00
4.055000000000000000e+03 1.118699397710446242e+00 -5.292529308626185980e-01 1.157081392994061986e+00
4.056000000000000000e+03 1.745149408170198591e+00 -6.649954624218903376e-01 1.775517237546107907e+00
2.987000000000000000e+03 1.552774636686736542e+00 -9.231170792002494352e-01 1.663890315579344303e+00
1.177000000000000000e+03 -2.262804034900535832e+00 -5.479472737003376892e-02 1.777851773195058271e+00
4.003000000000000000e+03 2.526639825362512859e+00 -9.087412718896441532e-01 1.744493013831860395e+00
2.763000000000000000e+03 -1.076916944405844845e+00 -1.656183801686310630e-01 1.828469042219570184e+00
2.764000000000000000e+03 -1.938697551374289674e+00 -9.351325780020776079e-01 1.437279608919169505e+00
4.077000000000000000e+03 -1.180217346723658522e+00 -8.455610719896711203e-01 2.010405085397692915e+00
1.640900000000000000e+04 1.282255244786059123e+00 3.173495166389201927e-01 1.457786032730414405e+00
4.100000000000000000e+03 1.293946420186065538e+00 7.469420317514519070e-01 2.127269553502605604e+00
1.647200000000000000e+04 1.293946420186065538e+00 7.469420317514519070e-01 2.127269553502605604e+00
1.644500000000000000e+04 1.293946420186065538e+00 7.469420317514519070e-01 2.127269553502605604e+00
2.813000000000000000e+03 -2.770681572198727238e+00 4.753838186860583903e-01 1.178693115630844446e+00
3.963000000000000000e+03 -2.770681572198727238e+00 4.753838186860583903e-01 1.178693115630844446e+00
3.964000000000000000e+03 2.717863753501956303e+00 2.259883233623796173e-01 1.675647328599362496e+00
3.965000000000000000e+03 -1.523426950874709362e+00 1.036464904789468733e+00 1.454411635456313689e+00
2.936000000000000000e+03 -1.927039150235472675e+00 8.750047713131010596e-01 1.796356419522119552e+00
4.076000000000000000e+03 1.445187146170843207e+00 -1.317606972285965128e-01 2.120920679931680652e+00
2.853000000000000000e+03 1.445187146170843207e+00 -1.317606972285965128e-01 2.120920679931680652e+00
2.031000000000000000e+03 -2.332700407639878293e+00 -7.180274383311537889e-01 2.596580764384295748e+00
4.021000000000000000e+03 -2.353481689084039985e+00 -2.860020271937102621e-01 2.834718652175022058e+00
4.022000000000000000e+03 -2.006452983954794433e+00 -4.911368363729096131e-02 2.300014557000652715e+00
1.012000000000000000e+03 -1.046097155887703245e+00 -3.534752413081481137e-01 2.266944360244334433e+00
1.013000000000000000e+03 -1.046097155887703245e+00 -3.534752413081481137e-01 2.266944360244334433e+00
2.699000000000000000e+03 -1.305973727954170549e+00 -4.905565864243150997e-01 2.686394232017581984e+00
3.139000000000000000e+03 -1.223589250421895258e+00 -7.751968328111651374e-01 3.111060661731965382e+00
3.140000000000000000e+03 -1.223589250421895258e+00 -7.751968328111651374e-01 3.111060661731965382e+00
3.285000000000000000e+03 1.415595358292701889e+00 6.876706530184506505e-01 2.666948158898525989e+00
2.996000000000000000e+03 2.782826817282870735e+00 6.499845794134948562e-01 2.284475816389793579e+00
2.997000000000000000e+03 2.782826817282870735e+00 6.499845794134948562e-01 2.284475816389793579e+00
3.930000000000000000e+03 -1.502711331700234076e+00 3.896946101030600573e-01 2.823238365008606365e+00
3.318000000000000000e+03 -1.001881717930035443e+00 -1.865073230744656030e-01 1.419784047688612105e+00
2.596000000000000000e+03 -1.001881717930035443e+00 -1.865073230744656030e-01 1.419784047688612105e+00
1.168000000000000000e+03 -7.949956207406874142e-01 -8.467841215901987795e-01 1.438927133393127278e+00
1.169000000000000000e+03 -8.287783963501160756e-01 2.666328126229799977e-02 1.978557928783171604e+00
3.156000000000000000e+03 8.363968561325716422e-01 -1.978869533334837172e-01 1.205560108855447510e+00
3.982000000000000000e+03 9.772689003248888895e-01 -8.260743205055565141e-01 1.551953542797138041e+00
8.330000000000000000e+02 -8.335328756254796190e-01 8.997056886494796402e-01 1.362082428106941023e+00
4.037000000000000000e+03 -8.335328756254796190e-01 8.997056886494796402e-01 1.362082428106941023e+00
4.038000000000000000e+03 -7.288335628530226984e-01 4.538953649025465609e-01 1.792828185685781506e+00
3.153000000000000000e+03 8.291931936247065593e-01 6.237809294774621094e-02 1.256738710650532553e+00
7.950000000000000000e+02 9.299132754050205563e-01 8.251292135488341728e-01 1.139359307762122242e+00
7.960000000000000000e+02 9.299132754050205563e-01 8.251292135488341728e-01 1.139359307762122242e+00
3.945000000000000000e+03 5.838618248014268985e-01 5.105774748957685460e-01 1.325728898132730649e+00
1.636500000000000000e+04 -2.977956205630949427e-02 5.775636635471350644e-01 1.544610090670511582e+00
4.110000000000000000e+03 4.992996931662991855e-01 6.650809412278881894e-01 1.562274549188744643e+00
2.704000000000000000e+03 4.722166942919772126e-01 1.783561064663352624e-01 1.518568055969856445e+00
3.207000000000000000e+03 1.466305416638222781e-01 8.995656914236924706e-01 1.770155951558377794e+00
3.208000000000000000e+03 1.466305416638222781e-01 8.995656914236924706e-01 1.770155951558377794e+00
1.291000000000000000e+03 1.466305416638222781e-01 8.995656914236924706e-01 1.770155951558377794e+00
1.046000000000000000e+03 1.466305416638222781e-01 8.995656914236924706e-01 1.770155951558377794e+00
3.261000000000000000e+03 5.570799540946280715e-01 6.851758871900130998e-01 1.859251891966930970e+00
3.796000000000000000e+03 2.907585809154529244e-01 1.140806329488526671e+00 1.984268445922436896e+00
4.097000000000000000e+03 5.324540161207336197e-01 6.201069287899123594e-01 2.072279404375077405e+00
3.950000000000000000e+03 6.451672934996919295e-01 4.967643599877220595e-01 2.121050474339376990e+00
4.082000000000000000e+03 6.451672934996919295e-01 4.967643599877220595e-01 2.121050474339376990e+00
6.350000000000000000e+02 6.451672934996919295e-01 4.967643599877220595e-01 2.121050474339376990e+00
4.005000000000000000e+03 6.451672934996919295e-01 4.967643599877220595e-01 2.121050474339376990e+00
2.712000000000000000e+03 6.451672934996919295e-01 4.967643599877220595e-01 2.121050474339376990e+00
3.888000000000000000e+03 -2.540954774435153496e-01 -1.534192279733410658e-01 2.560595097806960041e+00
2.711000000000000000e+03 -1.144103216371608056e-01 -5.052151319042152977e-02 2.307671609480793862e+00
1.990000000000000000e+03 -3.360647171597390681e-01 2.920623585397237321e-01 2.912032865839098150e+00
3.154000000000000000e+03 6.357056762790591620e-02 3.954402989280865199e-01 2.383246539276694165e+00
3.284000000000000000e+03 6.357056762790591620e-02 3.954402989280865199e-01 2.383246539276694165e+00
2.653000000000000000e+03 1.195542563891287990e+00 1.455213997113023794e+00 1.578797908068786171e+00
2.654000000000000000e+03 1.195542563891287990e+00 1.455213997113023794e+00 1.578797908068786171e+00
1.636300000000000000e+04 1.195542563891287990e+00 1.455213997113023794e+00 1.578797908068786171e+00
4.054000000000000000e+03 1.195542563891287990e+00 1.455213997113023794e+00 1.578797908068786171e+00
2.832000000000000000e+03 2.561083368775862734e+00 1.710694142413931473e+00 1.316116446510424254e+00
2.833000000000000000e+03 2.561083368775862734e+00 1.710694142413931473e+00 1.316116446510424254e+00
8.550000000000000000e+02 2.561083368775862734e+00 1.710694142413931473e+00 1.316116446510424254e+00
4.125000000000000000e+03 2.490419545628340892e+00 1.761232317770403455e+00 1.476352274072729287e+00
9.010000000000000000e+02 2.490419545628340892e+00 1.761232317770403455e+00 1.476352274072729287e+00
3.273000000000000000e+03 3.007537608020569575e+00 1.619449952672610493e+00 1.605302406090286738e+00
4.135000000000000000e+03 3.007537608020569575e+00 1.619449952672610493e+00 1.605302406090286738e+00
3.093000000000000000e+03 2.349621887808816645e+00 1.290968339077974036e+00 2.025469349128915297e+00
3.152000000000000000e+03 2.349621887808816645e+00 1.290968339077974036e+00 2.025469349128915297e+00
3.316000000000000000e+03 -1.174900583711435686e+00 1.924598014274327085e+00 1.630397551702925441e+00
2.841000000000000000e+03 -1.425846094903984174e+00 1.585094096063357938e+00 1.338385778705022844e+00
2.710000000000000000e+03 -1.425846094903984174e+00 1.585094096063357938e+00 1.338385778705022844e+00
2.869000000000000000e+03 1.593650157113494892e+00 2.107206977058158515e+00 2.627611760065041935e+00
3.959000000000000000e+03 1.043086995574313391e+00 1.379448139431747933e+00 2.665495335858640402e+00
4.040000000000000000e+03 1.043086995574313391e+00 1.379448139431747933e+00 2.665495335858640402e+00
3.281000000000000000e+03 1.953199617120700005e+00 1.932225863770646868e+00 3.042669137964669090e+00
3.282000000000000000e+03 1.953199617120700005e+00 1.932225863770646868e+00 3.042669137964669090e+00
3.787000000000000000e+03 9.112734705995286788e-01 1.587100213892519207e+00 1.194310260149954672e+00
1.648700000000000000e+04 9.112734705995286788e-01 1.587100213892519207e+00 1.194310260149954672e+00
1.648800000000000000e+04 5.589594597728249070e-01 1.943052818666014758e+00 2.879446694672861184e+00
3.244000000000000000e+03 -1.671219172608963355e+00 1.448623770432927671e+00 -5.072444445662149803e-01
3.245000000000000000e+03 -1.925159812874185583e+00 2.150671057062382374e+00 -5.246682962449185084e-01
6.630000000000000000e+02 2.665634447465351275e+00 1.389073622032785948e+00 -6.395540906655430291e-01
2.778000000000000000e+03 2.665634447465351275e+00 1.389073622032785948e+00 -6.395540906655430291e-01
2.779000000000000000e+03 2.064730630705674752e+00 1.326859555615847341e+00 -5.086096094207306351e-01
3.108000000000000000e+03 2.064730630705674752e+00 1.326859555615847341e+00 -5.086096094207306351e-01
4.143000000000000000e+03 2.136899357637375374e+00 1.589411532479331868e+00 -5.238169987924603532e-01
7.570000000000000000e+02 2.136899357637375374e+00 1.589411532479331868e+00 -5.238169987924603532e-01
8.590000000000000000e+02 1.613556406723220427e+00 -7.553820328828457775e-01 -1.853479853616041950e+00
8.600000000000000000e+02 1.169722266346415296e+00 -7.916996378682394919e-01 -1.698012139726374770e+00
4.089000000000000000e+03 1.722501070435862758e+00 -5.448099231867846726e-01 -1.020974325645090275e+00
4.090000000000000000e+03 1.829679177847804983e+00 -1.110877214099588173e-01 -9.973583007704789338e-01
1.632000000000000000e+04 1.829679177847804983e+00 -1.110877214099588173e-01 -9.973583007704789338e-01
3.968000000000000000e+03 1.829679177847804983e+00 -1.110877214099588173e-01 -9.973583007704789338e-01
1.644000000000000000e+04 -1.265245903917890047e+00 -3.246525930705708163e-01 -1.329557116189212351e+00
1.647700000000000000e+04 -1.265245903917890047e+00 -3.246525930705708163e-01 -1.329557116189212351e+00
3.925000000000000000e+03 -1.373216395438604742e+00 -8.556991375455691440e-01 -1.391611875016753430e+00
3.926000000000000000e+03 -1.373216395438604742e+00 -8.556991375455691440e-01 -1.391611875016753430e+00
4.059000000000000000e+03 -1.369966191305589831e+00 -5.136898347464295966e-01 -1.166986901407275568e+00
1.992000000000000000e+03 -1.529400149591949365e+00 -2.352099220109682420e-01 -1.096011650261512926e+00
3.892000000000000000e+03 1.344963626922531574e+00 2.742583779150535861e-01 -1.647373511674082636e+00
1.261000000000000000e+03 -1.022717757909555658e+00 6.151892121861237683e-01 -1.750283075579387670e+00
1.262000000000000000e+03 -1.022717757909555658e+00 6.151892121861237683e-01 -1.750283075579387670e+00
1.263000000000000000e+03 -6.026170698877697518e-01 -5.706433640025014853e-01 -2.078234273600411797e+00
1.616600000000000000e+04 -2.389660813740874801e-01 -2.195710944418998167e-01 -1.966152001036158836e+00
1.616700000000000000e+04 -1.860595333341317215e-01 -3.715826679745592998e-01 -1.523648492656265674e+00
1.616100000000000000e+04 -9.822758630723660289e-01 -5.162316849262857943e-01 -1.163774868833010956e+00
1.616200000000000000e+04 1.128738025460362948e-01 -4.823015716305736333e-01 -1.735553613098877790e+00
1.656500000000000000e+04 1.128738025460362948e-01 -4.823015716305736333e-01 -1.735553613098877790e+00
1.637100000000000000e+04 4.916491131261686576e-01 -3.952369948899061569e-01 -1.744394384319891245e+00
1.055300000000000000e+04 2.158480777547415741e-01 -1.826124125482273541e-01 -1.988724098486381209e+00
3.291000000000000000e+03 2.158480777547415741e-01 -1.826124125482273541e-01 -1.988724098486381209e+00
3.292000000000000000e+03 9.261711629208342345e-01 -3.617333677819321025e-01 -1.621795527420864858e+00
1.602300000000000000e+04 9.261711629208342345e-01 -3.617333677819321025e-01 -1.621795527420864858e+00
2.728000000000000000e+03 7.365928819562128638e-02 -5.510180855189794613e-01 -1.407174976468636984e+00
8.090000000000000000e+02 1.772268070236986404e-01 -6.880365608739591465e-01 -1.502451156792254494e+00
8.920000000000000000e+02 1.772268070236986404e-01 -6.880365608739591465e-01 -1.502451156792254494e+00
2.701000000000000000e+03 -5.048469767192447222e-01 4.699016476878590254e-01 -1.919260702564656640e+00
2.727000000000000000e+03 -3.824624614608360673e-01 3.514605873471623454e-01 -1.736019064408663937e+00
8.450000000000000000e+02 -1.943604792416762095e-01 4.837521323452875777e-01 -1.678792922391888709e+00
8.460000000000000000e+02 7.247926976939114141e-01 6.379040722070925540e-01 -1.820847763462580815e+00
3.812000000000000000e+03 7.247926976939114141e-01 6.379040722070925540e-01 -1.820847763462580815e+00
3.917000000000000000e+03 6.196790667851157508e-01 3.986461074146667727e-01 -1.930449494189916848e+00
3.918000000000000000e+03 6.196790667851157508e-01 3.986461074146667727e-01 -1.930449494189916848e+00
3.919000000000000000e+03 9.576608131018637948e-02 4.332604810923044170e-01 -1.171687655331769662e+00
3.733000000000000000e+03 9.969601048476572913e-02 6.354767738108151320e-01 -1.179154248740061917e+00
3.734000000000000000e+03 9.969601048476572913e-02 6.354767738108151320e-01 -1.179154248740061917e+00
3.735000000000000000e+03 9.683655702783511288e-04 9.145368683854115943e-01 -1.089682024723582998e+00
7.890000000000000000e+02 9.683655702783511288e-04 9.145368683854115943e-01 -1.089682024723582998e+00
3.873000000000000000e+03 1.616449597109146374e+00 1.661107035449486347e+00 -1.889172529687623836e+00
1.226000000000000000e+03 1.616449597109146374e+00 1.661107035449486347e+00 -1.889172529687623836e+00
3.279000000000000000e+03 1.322046147296790153e+00 1.664449716385103528e+00 -1.110994179640965029e+00
3.280000000000000000e+03 1.322046147296790153e+00 1.664449716385103528e+00 -1.110994179640965029e+00
3.255000000000000000e+03 1.322046147296790153e+00 1.664449716385103528e+00 -1.110994179640965029e+00
9.880000000000000000e+02 1.322046147296790153e+00 1.664449716385103528e+00 -1.110994179640965029e+00
8.100000000000000000e+02 -2.867054532183953341e+00 1.897325484739003087e+00 -1.974326163565450543e+00
2.854400000000000000e+04 -2.867054532183953341e+00 1.897325484739003087e+00 -1.974326163565450543e+00
4.171000000000000000e+03 2.660626580906842342e+00 2.080908083962526689e+00 -1.649637017829700625e+00
8.930000000000000000e+02 2.660626580906842342e+00 2.080908083962526689e+00 -1.649637017829700625e+00
2.765000000000000000e+03 -1.244650314830098914e+00 1.777755441637356881e+00 -1.762511344417259096e+00
2.766000000000000000e+03 1.642117539717143693e+00 2.514516602218790808e+00 -1.815574091762007569e+00
4.182000000000000000e+03 1.642117539717143693e+00 2.514516602218790808e+00 -1.815574091762007569e+00
4.183000000000000000e+03 1.642117539717143693e+00 2.514516602218790808e+00 -1.815574091762007569e+00
4.184000000000000000e+03 1.710676447132588596e+00 3.089525288560182048e+00 -1.050620978772482061e+00
4.185000000000000000e+03 2.964280856129017483e+00 3.059764088014777172e+00 -1.433980547845525422e+00
3.805000000000000000e+03 -1.598638575516844185e-01 1.274928798423520249e+00 -1.935440558403783484e+00
3.806000000000000000e+03 -6.396876684595138585e-01 1.355593292507432324e+00 -1.711106094202097694e+00
8.070000000000000000e+02 6.704779245318324143e-01 1.680313733061794323e+00 -1.460182635677622187e+00
8.080000000000000000e+02 4.096157909909070582e-01 1.486307557692772008e+00 -1.331685774791871779e+00
2.897000000000000000e+03 5.927297469466470403e-01 2.873184079921824008e+00 -1.258442875536335492e+00
3.113000000000000000e+03 -2.235892985088634433e+00 4.607246753239095938e-01 -4.904387527452040985e-01
3.114000000000000000e+03 -2.120393026032871830e+00 2.039244665533445300e+00 -4.193333911731080832e-01
3.115000000000000000e+03 -2.120393026032871830e+00 2.039244665533445300e+00 -4.193333911731080832e-01
3.954000000000000000e+03 -2.772484498776206507e+00 1.786655966331412770e+00 1.296554489533772170e-01
4.159000000000000000e+03 2.261747849826464929e+00 2.689512337734662140e+00 -5.666805691740055551e-01
4.109000000000000000e+03 2.261747849826464929e+00 2.689512337734662140e+00 -5.666805691740055551e-01
2.729000000000000000e+03 2.261747849826464929e+00 2.689512337734662140e+00 -5.666805691740055551e-01
2.730000000000000000e+03 2.287205847163615857e+00 2.362708174584408738e+00 -2.642511790312820352e-01
1.240000000000000000e+03 2.287205847163615857e+00 2.362708174584408738e+00 -2.642511790312820352e-01
1.634500000000000000e+04 2.287205847163615857e+00 2.362708174584408738e+00 -2.642511790312820352e-01
2.263200000000000000e+04 2.922185908068198668e+00 2.112668198179335377e+00 7.838243713654513556e-02
2.263100000000000000e+04 -1.272743832405034858e+00 2.646803612361619429e+00 -7.692492782111628458e-01
2.309200000000000000e+04 -2.832832644678310530e+00 1.904418180564956486e+00 5.910479077872796694e-01
7.050000000000000000e+02 -2.282315145770484222e+00 1.241929256691790329e+00 9.217075244876991036e-01
2.650000000000000000e+03 -2.282315145770484222e+00 1.241929256691790329e+00 9.217075244876991036e-01
2.651000000000000000e+03 1.161772260710383087e+00 2.156451296934882578e+00 5.270407339260092527e-01
2.652000000000000000e+03 1.881011869165553296e+00 2.221140075214851350e+00 2.382588273337820084e-01
3.234000000000000000e+03 1.173036206563386585e+00 2.830892538680686243e+00 7.827458784323173546e-01
4.202000000000000000e+03 1.119450485483720392e+00 2.521043192495405094e+00 9.113070710595589929e-01
7.380000000000000000e+02 2.264037583346071081e+00 2.507925635817407795e+00 7.093194177027850600e-01
2.251600000000000000e+04 2.474115832692094230e-01 2.152856931772802795e+00 -4.069552347626448352e-02
1.637500000000000000e+04 2.474115832692094230e-01 2.152856931772802795e+00 -4.069552347626448352e-02
8.720000000000000000e+02 6.823454730126305989e-01 2.973513491606539105e+00 -4.771639150716122657e-01
2.864900000000000000e+04 6.823454730126305989e-01 2.973513491606539105e+00 -4.771639150716122657e-01
4.190000000000000000e+03 4.373477274642265655e-01 2.489394756063070702e+00 -1.937349094231421986e-01
2.993000000000000000e+03 9.951312461718986313e-01 2.109281656864457233e+00 1.322473290305712368e-01
7.370000000000000000e+02 9.951312461718986313e-01 2.109281656864457233e+00 1.322473290305712368e-01
2.992000000000000000e+03 3.629767720560828081e-02 2.621659692680115228e+00 9.638309991117903763e-01
1.642800000000000000e+04 -2.919459230746211276e+00 1.539604898306770053e+00 1.343107982606637663e+00
1.615900000000000000e+04 -2.919459230746211276e+00 1.539604898306770053e+00 1.343107982606637663e+00
8.970000000000000000e+02 2.289009405293303878e+00 3.099386927061370756e+00 1.511279154043970507e+00
1.647400000000000000e+04 2.944973302975954610e+00 2.663264290897629394e+00 2.036845450553588677e+00
3.742000000000000000e+03 -1.209753290495133804e+00 1.871931952293177659e+00 2.241201317250601122e+00
3.741000000000000000e+03 -1.357253322077816016e+00 1.693678688433408297e+00 2.841369118603958910e+00
1.645200000000000000e+04 -1.357253322077816016e+00 1.693678688433408297e+00 2.841369118603958910e+00
1.650900000000000000e+04 2.362500787116044165e+00 2.274626568625663481e+00 2.452115903351442583e+00
1.655400000000000000e+04 2.456268734182090796e+00 3.090066407294514761e+00 2.969783317939743483e+00
1.655300000000000000e+04 -1.399135705769363192e+00 2.323113765573523892e+00 2.842384902664957025e+00
7.010000000000000000e+02 -5.951111858800626209e-01 2.147313723581959266e+00 2.227843250503172001e+00
9.760000000000000000e+02 5.250121417725939210e-01 2.190572165676023531e+00 1.703319696893757396e+00
2.784600000000000000e+04 5.250121417725939210e-01 2.190572165676023531e+00 1.703319696893757396e+00
1.530700000000000000e+04 4.509871262248354995e-01 2.243599427014096648e+00 1.958624278441721600e+00
1.143000000000000000e+03 4.509871262248354995e-01 2.243599427014096648e+00 1.958624278441721600e+00
1.144000000000000000e+03 -2.765211644056435603e-01 2.120827529175521420e+00 3.011785164436634687e+00
1.652400000000000000e+04 2.313227173548693116e+00 -5.701007289607922246e-01 -2.634400824386638362e+00
7.640000000000000000e+02 -1.553315316057994444e+00 -9.593538108209447302e-01 -2.770830728735473869e+00
7.650000000000000000e+02 1.112057658052464149e+00 9.113435999936605469e-01 -2.099416176695555691e+00
1.645500000000000000e+04 1.112057658052464149e+00 9.113435999936605469e-01 -2.099416176695555691e+00
2.760000000000000000e+03 2.440242217958013882e+00 3.958791086299626727e-01 -2.500523157359742399e+00
2.991000000000000000e+03 -1.307032821362700936e+00 1.005132566543291972e+00 -2.744916497258325094e+00
7.310000000000000000e+02 -1.856186432102196804e+00 2.957662121537971700e-01 -2.417198901037490799e+00
1.826000000000000000e+03 -6.066285673847815474e-02 -2.400514921903589283e-01 -2.424292343618148493e+00
1.646900000000000000e+04 -1.246379880563051046e-01 -5.975585843872828207e-01 -2.603564985614253757e+00
2.974000000000000000e+03 -5.996822489578406135e-01 1.023915025750451235e+00 -2.035794397140641365e+00
1.641400000000000000e+04 1.019788261656118245e+00 3.710023265589690311e-01 -2.082401626872727007e+00
2.045000000000000000e+03 1.019788261656118245e+00 3.710023265589690311e-01 -2.082401626872727007e+00
1.649700000000000000e+04 1.019788261656118245e+00 3.710023265589690311e-01 -2.082401626872727007e+00
8.000000000000000000e+02 1.796699949590256473e+00 1.147994879611729857e+00 -2.728017843329036296e+00
1.610600000000000000e+04 1.202405551761408731e+00 1.150147283752819050e+00 -2.048863862233607946e+00
4.017000000000000000e+03 1.202405551761408731e+00 1.150147283752819050e+00 -2.048863862233607946e+00
1.654300000000000000e+04 -2.343906549731130440e+00 1.492160714196749893e+00 -3.012589574062280562e+00
1.649100000000000000e+04 -2.343906549731130440e+00 1.492160714196749893e+00 -3.012589574062280562e+00
1.652300000000000000e+04 -2.318054310535947238e+00 2.091505994225904885e+00 -2.999127448174586874e+00
8.040000000000000000e+02 2.121543972348677531e+00 1.829192373508981007e+00 -2.822706204979443356e+00
1.610700000000000000e+04 2.121543972348677531e+00 1.829192373508981007e+00 -2.822706204979443356e+00
1.610800000000000000e+04 2.121543972348677531e+00 1.829192373508981007e+00 -2.822706204979443356e+00
1.610900000000000000e+04 1.762507444299264314e+00 2.159310478573924996e+00 -2.949194446807947401e+00
1.611000000000000000e+04 1.028339554471044970e+00 3.111685251628319548e+00 -2.286476860047482518e+00
2.867000000000000000e+03 1.028339554471044970e+00 3.111685251628319548e+00 -2.286476860047482518e+00
1.788000000000000000e+03 1.792351211564787050e+00 2.258850444419838510e+00 -2.053887543548206907e+00
1.827000000000000000e+03 2.419730696860761032e+00 2.392706238009495223e+00 -2.555287941786795969e+00
1.972000000000000000e+03 9.252585352975950528e-01 1.290206085393744928e+00 -2.162608775536986272e+00
3.329000000000000000e+03 -3.273482312418067863e-01 2.167472541930781205e+00 -2.977947274329538985e+00
3.235000000000000000e+03 -3.868779660022294564e-01 2.146891802808493566e+00 -2.504084724735070822e+00
3.236000000000000000e+03 -9.860797888502208508e-01 3.100707063019523702e+00 -2.549679383706928704e+00
4.015000000000000000e+03 -3.493041313998013209e-01 2.682035995284845598e+00 -2.145984846818379310e+00
3.328000000000000000e+03 -3.680918084311581850e-01 2.319757577084640587e+00 -2.311483226736365637e+00
4.141000000000000000e+03 9.631074329571802650e-01 2.339298216415777176e+00 -2.556030695205194547e+00
3.177000000000000000e+03 5.763724910432710402e-02 4.513624583168684978e-01 5.975269640589431219e-01
2.695000000000000000e+03 1.906354922925848072e-01 4.030085943123111747e-01 2.088575249634310183e-01
2.849000000000000000e+03 1.906354922925848072e-01 4.030085943123111747e-01 2.088575249634310183e-01
2.723000000000000000e+03 1.906354922925848072e-01 4.030085943123111747e-01 2.088575249634310183e-01
2.722000000000000000e+03 3.638710932586679547e-01 2.806241064599710455e-01 3.230397413625745173e-01
3.923000000000000000e+03 3.638710932586679547e-01 2.806241064599710455e-01 3.230397413625745173e-01
2.708000000000000000e+03 5.156902684370443524e-01 1.051893575157016869e-01 1.252152054642419188e-01
1.168300000000000000e+04 1.965419899774243362e-01 -3.137105797431711807e-01 6.498527502761497487e-02
1.654600000000000000e+04 1.890174247330014268e-01 -1.013738971695907765e-01 4.160225819646719003e-01
1.625100000000000000e+04 5.515940227821758413e-02 3.584040840330260380e-03 3.841474238677271558e-01
1.625000000000000000e+04 2.067989799185792066e-01 -3.093338831633669628e-01 4.270500668128054400e-01
1.971000000000000000e+03 2.067989799185792066e-01 -3.093338831633669628e-01 4.270500668128054400e-01
1.888000000000000000e+03 1.994203890904868715e-01 6.831356250388189721e-01 1.989129450308446678e-01
1.641800000000000000e+04 3.957252503044275116e-01 1.110914616399448107e+00 9.140468788117139809e-02
1.652800000000000000e+04 1.424610342261027895e-01 1.016185429409855345e+00 3.115411859907055714e-01
4.095000000000000000e+03 -2.597143005343394151e-02 1.019764365441041321e+00 3.130090632076765189e-01
4.096000000000000000e+03 3.253720198764202820e-01 5.731288183256850743e-01 2.042491845408012097e-01
1.968000000000000000e+03 5.736437374091742925e-01 -1.707969477220991905e-01 2.067002299306963664e-01
1.969000000000000000e+03 -2.877405530861896210e-01 9.622560134468010062e-01 5.257365778879456997e-01
2.885000000000000000e+03 7.834550430322018144e-01 8.124151857477492911e-01 4.193279583919036213e-01
2.886000000000000000e+03 -8.248264828413454097e-03 3.057046477915861260e-01 -4.408457592970229655e-01
3.277000000000000000e+03 3.482490779780356149e-01 5.487796767820789512e-01 -9.120676473175848287e-02
3.042000000000000000e+03 3.482490779780356149e-01 5.487796767820789512e-01 -9.120676473175848287e-02
3.043000000000000000e+03 3.482490779780356149e-01 5.487796767820789512e-01 -9.120676473175848287e-02
3.044000000000000000e+03 4.262801020812734265e-02 5.441500690086016334e-01 -2.211696042973478882e-01
3.924000000000000000e+03 4.262801020812734265e-02 5.441500690086016334e-01 -2.211696042973478882e-01
3.978000000000000000e+03 1.389239802441570859e-01 8.291614117800705230e-02 -3.381232553836124310e-01
3.218000000000000000e+03 1.389239802441570859e-01 8.291614117800705230e-02 -3.381232553836124310e-01
3.219000000000000000e+03 1.389239802441570859e-01 8.291614117800705230e-02 -3.381232553836124310e-01
3.220000000000000000e+03 1.389239802441570859e-01 8.291614117800705230e-02 -3.381232553836124310e-01
9.960000000000000000e+02 1.902531825027384826e-01 4.762247714394582943e-01 -6.397734372782615253e-02
3.881000000000000000e+03 1.902531825027384826e-01 4.762247714394582943e-01 -6.397734372782615253e-02
4.094000000000000000e+03 5.380220226795531246e-01 6.383711751568696968e-01 -1.784356859574671716e-01
3.882000000000000000e+03 4.913377935395386586e-01 1.652933633783639777e-01 7.663770810145464907e-03
2.792000000000000000e+03 4.230470510983357357e-01 3.799248719069296953e-01 7.669126983414820131e-02
3.839000000000000000e+03 4.230470510983357357e-01 3.799248719069296953e-01 7.669126983414820131e-02
1.241000000000000000e+03 4.230470510983357357e-01 3.799248719069296953e-01 7.669126983414820131e-02
1.179000000000000000e+03 4.230470510983357357e-01 3.799248719069296953e-01 7.669126983414820131e-02
1.180000000000000000e+03 4.230470510983357357e-01 3.799248719069296953e-01 7.669126983414820131e-02
1.181000000000000000e+03 4.230470510983357357e-01 3.799248719069296953e-01 7.669126983414820131e-02
1.182000000000000000e+03 4.230470510983357357e-01 3.799248719069296953e-01 7.669126983414820131e-02
2.858000000000000000e+03 5.279389365004849566e-02 1.613698731744399595e-01 1.004556619415595264e-01
2.859000000000000000e+03 5.279389365004849566e-02 1.613698731744399595e-01 1.004556619415595264e-01
4.053000000000000000e+03 -5.421470901916931595e-01 1.434565331245707398e-01 -3.137212591774716230e-01
3.969000000000000000e+03 -5.421470901916931595e-01 1.434565331245707398e-01 -3.137212591774716230e-01
3.021000000000000000e+03 -1.465000180678250885e-01 1.163719405753020908e-01 -2.963835503736689247e-03
3.022000000000000000e+03 -1.465000180678250885e-01 1.163719405753020908e-01 -2.963835503736689247e-03
3.023000000000000000e+03 -1.465000180678250885e-01 1.163719405753020908e-01 -2.963835503736689247e-03
3.024000000000000000e+03 8.922184284630487738e-01 1.003572009566724432e-01 -3.584996519568530715e-01
3.025000000000000000e+03 8.922184284630487738e-01 1.003572009566724432e-01 -3.584996519568530715e-01
3.026000000000000000e+03 1.028014913595397317e+00 3.118121071353847640e-01 -2.614519608976202392e-01
3.027000000000000000e+03 1.028014913595397317e+00 3.118121071353847640e-01 -2.614519608976202392e-01
3.838000000000000000e+03 5.132556278825477492e-01 -2.721700816494969644e-01 2.865213443996950105e-02
2.791000000000000000e+03 3.362215551885574527e-01 6.330693787678391971e-01 -3.245063179567697631e-01
1.641900000000000000e+04 3.362215551885574527e-01 6.330693787678391971e-01 -3.245063179567697631e-01
2.998000000000000000e+03 3.362215551885574527e-01 6.330693787678391971e-01 -3.245063179567697631e-01
2.976000000000000000e+03 -4.509886106221747681e-01 5.989988062656337320e-02 8.555841700037092323e-03
9.050000000000000000e+02 7.238107785585716769e-01 -3.195453094260489735e-01 -3.223277946207705469e-01
1.657400000000000000e+04 9.821931970527044697e-01 -1.533957489351678305e-02 -1.548047582454703530e-01
1.657900000000000000e+04 9.821931970527044697e-01 -1.533957489351678305e-02 -1.548047582454703530e-01
1.603500000000000000e+04 9.821931970527044697e-01 -1.533957489351678305e-02 -1.548047582454703530e-01
1.603400000000000000e+04 -1.119135689901016306e-01 7.122709350327340871e-01 -1.683534805153197311e-01
6.480000000000000000e+02 -5.837788218711423838e-01 9.375741154361492136e-01 -2.054391759497065095e-01
2.929000000000000000e+03 -5.837788218711423838e-01 9.375741154361492136e-01 -2.054391759497065095e-01
1.633700000000000000e+04 5.941580010534206480e-01 6.519616392927147785e-01 -4.184315668761264817e-01
3.184000000000000000e+03 5.941580010534206480e-01 6.519616392927147785e-01 -4.184315668761264817e-01
3.185000000000000000e+03 2.719723464618741815e-01 3.132750386485803062e-01 -8.849445886856059929e-01
6.650000000000000000e+02 6.375914483502205243e-01 3.546766389120747931e-01 -4.968802292351490735e-01
3.675000000000000000e+03 2.636246974625402473e-01 2.829513067835165430e-02 -6.157225199810696381e-01
3.674000000000000000e+03 -1.643379942049261189e-02 -4.408341079967925680e-02 -5.783429912437227927e-01
9.490000000000000000e+02 -1.643379942049261189e-02 -4.408341079967925680e-02 -5.783429912437227927e-01
1.612400000000000000e+04 2.920177754809314408e-01 6.473804711370689802e-01 -9.537439710034067986e-01
1.636700000000000000e+04 2.920177754809314408e-01 6.473804711370689802e-01 -9.537439710034067986e-01
1.638000000000000000e+04 4.950851439780441510e-01 7.787871734136864177e-01 -5.197223897116778346e-01
9.040000000000000000e+02 9.305206418802498547e-01 -9.937137506917128604e-01 -1.091107561991709218e+00
2.999000000000000000e+03 -1.631552909497406390e+00 -9.910993568939332476e-01 -1.283470829475207964e+00
1.633800000000000000e+04 -2.711095687439346591e-02 -9.528294758454016744e-01 2.293033106767916607e+00
1.621100000000000000e+04 -6.365729080220567937e-01 -9.285280213441655661e-01 1.649398999940647315e+00
4.142000000000000000e+03 2.361575784561973812e+00 -9.588078142916742763e-01 2.081817790251326628e+00
2.923000000000000000e+03 2.361575784561973812e+00 -9.588078142916742763e-01 2.081817790251326628e+00
4.186000000000000000e+03 1.331747612128349800e+00 -9.782822148555823105e-01 -5.491805800445739294e-01
4.187000000000000000e+03 -1.469393101302647331e+00 -1.039284884101274287e+00 -3.550178243536645795e-01
3.951000000000000000e+03 1.129434575506791383e+00 -1.006448066743697467e+00 -1.754783123958260305e+00
3.952000000000000000e+03 1.129434575506791383e+00 -1.006448066743697467e+00 -1.754783123958260305e+00
4.045000000000000000e+03 -5.376547832887926148e+00 -1.010894536260767751e+00 4.736793419370144420e-01
4.012000000000000000e+03 -2.760089285134581516e-01 -1.059136856115745928e+00 1.503809232132409690e+00
1.652500000000000000e+04 -2.760089285134581516e-01 -1.059136856115745928e+00 1.503809232132409690e+00
1.654000000000000000e+04 -2.760089285134581516e-01 -1.059136856115745928e+00 1.503809232132409690e+00
1.640300000000000000e+04 -6.628384404151628218e-01 -1.063511552295159035e+00 3.365321406562348017e+00
1.033000000000000000e+03 -6.628384404151628218e-01 -1.063511552295159035e+00 3.365321406562348017e+00
1.637300000000000000e+04 -6.628384404151628218e-01 -1.063511552295159035e+00 3.365321406562348017e+00
7.400000000000000000e+02 1.983076241350677726e+00 -1.071059543178870754e+00 5.267291952427477497e-02
1.654400000000000000e+04 -3.988008282354300604e+00 -1.083442890825681459e+00 2.382247053579733986e+00
1.621200000000000000e+04 -1.756785385671771671e+00 -1.102165503185142725e+00 -8.268359494701353896e-01
3.936000000000000000e+03 1.146719549485436751e+00 -1.437807995020964569e+00 -4.387887637681046726e+00
1.621000000000000000e+04 2.012966409513654575e+00 -1.363481512246547567e+00 -3.957493126933622207e+00
1.887000000000000000e+03 -3.751428088254357363e+00 -1.583345197991894437e+00 -7.947728209177835623e-01
2.879000000000000000e+03 -4.285479621923009574e+00 -1.376025275609496390e+00 -3.869764967415729728e-01
3.205000000000000000e+03 4.450052873204120019e-01 -2.347854400113028817e+00 -4.088481373000254493e+00
6.710000000000000000e+02 1.752175820118051952e+00 -3.868314645187158618e-01 -6.369857218564749957e+00
2.842000000000000000e+03 1.216236052787590616e+00 -1.051452303951000644e+00 -5.906052048638386509e+00
1.603300000000000000e+04 1.216236052787590616e+00 -1.051452303951000644e+00 -5.906052048638386509e+00
1.603200000000000000e+04 1.216236052787590616e+00 -1.051452303951000644e+00 -5.906052048638386509e+00
1.603100000000000000e+04 1.216236052787590616e+00 -1.051452303951000644e+00 -5.906052048638386509e+00
1.603000000000000000e+04 -3.330255166463574668e+00 -2.858868864506584728e+00 3.915476763123670878e-02
1.602900000000000000e+04 -4.372644674399992937e+00 -1.827410177065607044e+00 7.782725029479262702e-01
6.590000000000000000e+02 -4.349165973083138681e+00 -2.503890538638907870e+00 1.518197819159036399e+00
6.580000000000000000e+02 3.164591502146582247e+00 -2.868887580276851423e+00 7.830588865237384510e-01
4.066000000000000000e+03 3.719555078155399208e+00 -2.939965683240725269e+00 1.178682343106096653e+00
4.065000000000000000e+03 1.337448078516820793e+00 -2.348499848652858546e+00 2.970113052220895611e+00
2.883000000000000000e+03 1.337448078516820793e+00 -2.348499848652858546e+00 2.970113052220895611e+00
9.520000000000000000e+02 1.820910804968303598e+00 -1.515002078432818422e+00 -6.074916909600025505e+00
2.914000000000000000e+03 1.820910804968303598e+00 -1.515002078432818422e+00 -6.074916909600025505e+00
2.705000000000000000e+03 1.161533697926926401e+00 -2.455297325078481308e+00 -5.320772093794715829e+00
1.654900000000000000e+04 1.161533697926926401e+00 -2.455297325078481308e+00 -5.320772093794715829e+00
1.100000000000000000e+03 1.755577808268625972e+00 -1.987866778933362610e+00 -4.920015833910968084e+00
9.240000000000000000e+02 -2.914609132671753144e+00 -2.898654314180026503e+00 2.890185648685752895e+00
2.864000000000000000e+03 -1.452318029909291930e+00 -1.711338229857272353e+00 3.041951067226687400e+00
3.150000000000000000e+03 -1.081120752598455859e+00 -2.676553704709267123e+00 3.870703682055040673e+00
7.180000000000000000e+02 -4.312362840994714119e+00 -1.875514538900239003e+00 2.074577730788210062e+00
3.101000000000000000e+03 -4.312362840994714119e+00 -1.875514538900239003e+00 2.074577730788210062e+00
3.955000000000000000e+03 -5.654462944833849036e-02 -2.893406196818332887e+00 3.302833251822637095e+00
3.870000000000000000e+03 -8.342419617814487154e-01 -2.338219057876074203e+00 3.555584229140734465e+00
3.956000000000000000e+03 3.374678502274193193e-01 -2.975897501746214147e+00 3.388153574738193896e+00
1.093000000000000000e+03 -1.708613225696700155e-01 -1.827238627937743942e+00 2.902814172466872122e+00
1.094000000000000000e+03 -1.708613225696700155e-01 -1.827238627937743942e+00 2.902814172466872122e+00
2.856000000000000000e+03 -1.789869266406594051e-01 -1.803026303060914159e+00 3.554812265705098895e+00
4.145000000000000000e+03 -8.584503760792427940e-01 -1.341970287658986294e+00 3.874532232790802055e+00
1.098000000000000000e+03 1.145500844733202683e-01 -1.627478207714968761e+00 2.850357261708209577e+00
1.099000000000000000e+03 1.145500844733202683e-01 -1.627478207714968761e+00 2.850357261708209577e+00
3.867000000000000000e+03 1.145500844733202683e-01 -1.627478207714968761e+00 2.850357261708209577e+00
7.980000000000000000e+02 4.525067213588718218e-01 -2.001998471427807402e+00 3.186325860765553131e+00
7.070000000000000000e+02 2.806245762943897049e+00 -3.384158250596076556e+00 -3.145629634786381246e+00
3.224000000000000000e+03 1.366669978829603060e+00 -6.582686358982439145e-01 -7.376007280952204148e+00
3.191000000000000000e+03 1.211286544175471214e+00 -4.633134093492122574e+00 -1.413826832936635469e-01
2.735000000000000000e+03 1.837834836188425136e+00 -3.834176932185341613e+00 3.187414474783629714e-01
6.730000000000000000e+02 2.617402585814206706e+00 -3.400820372216212917e+00 -7.445307229513163705e+00
6.720000000000000000e+02 2.193391339856873845e+00 -3.337061798064894447e+00 -6.881698797587914029e+00
7.320000000000000000e+02 2.193391339856873845e+00 -3.337061798064894447e+00 -6.881698797587914029e+00
1.622300000000000000e+04 -2.534648574674262633e+00 -3.585974325478670011e+00 -2.097389143519485799e-01
2.810000000000000000e+03 -2.073002120530568426e+00 -3.302832978521916374e+00 1.331614964958108160e+00
2.809000000000000000e+03 4.074144119995400715e+00 -3.987725251229482737e+00 -2.929726548272903131e+00
2.898000000000000000e+03 3.286485884384912737e+00 -3.347936991276892371e+00 -2.582071335834385195e+00
2.024000000000000000e+03 2.339059527960722917e-01 -4.442658936706926909e+00 -2.467410046582353189e+00
2.023000000000000000e+03 -4.938124468278381585e+00 -4.032939548182532974e+00 1.056460206523723855e-01
2.022000000000000000e+03 -4.831604265342644311e+00 -3.442482670634500863e+00 2.774845283622440206e-02
1.656200000000000000e+04 -4.831604265342644311e+00 -3.442482670634500863e+00 2.774845283622440206e-02
3.994000000000000000e+03 -3.164549762810034750e+00 -3.832921020527196632e+00 3.401517663211350850e-01
3.993000000000000000e+03 -4.548923306849154358e+00 -3.612659072720513009e+00 1.048842365668335219e+00
4.176000000000000000e+03 3.299873209413360264e+00 -3.671490680356491509e+00 1.431978146011044117e+00
4.175000000000000000e+03 3.299873209413360264e+00 -3.671490680356491509e+00 1.431978146011044117e+00
3.225000000000000000e+03 3.431756692134467990e+00 -3.582563240696496010e+00 1.410970041766606897e+00
3.015000000000000000e+03 3.496500198148288163e+00 -3.657697995337777286e+00 1.545311279513496672e+00
3.016000000000000000e+03 7.130949894635332242e-01 -4.458500630292842715e+00 -2.447352214104370205e-01
2.673000000000000000e+03 5.520859174138390557e-01 -3.827757178763064871e+00 -1.371228427898856239e-01
2.674000000000000000e+03 5.520859174138390557e-01 -3.827757178763064871e+00 -1.371228427898856239e-01
3.167000000000000000e+03 8.255008796627398837e-01 -4.366360652865322933e+00 6.172467539424104643e-01
3.173000000000000000e+03 -9.617622661474047874e-01 -3.250546887841215593e+00 1.581248088348571557e+00
2.887000000000000000e+03 1.977134536813001109e+00 -3.101745003057727601e+00 -7.684013289949802150e+00
2.739000000000000000e+03 1.882149843299401049e+00 -2.071394398219648991e+00 -8.546956864172923218e+00
2.740000000000000000e+03 2.179759309932958189e+00 -1.869412493831211108e+00 -7.805917790120172839e+00
8.400000000000000000e+02 2.312726155954281104e+00 -1.516353612042969701e+00 -7.063769024267556595e+00
8.410000000000000000e+02 2.312726155954281104e+00 -1.516353612042969701e+00 -7.063769024267556595e+00
8.420000000000000000e+02 2.249797776340977773e+00 -1.326855646482686168e+00 -7.118833407215520381e+00
4.073000000000000000e+03 2.177258833698703100e+00 -4.281995122656587327e+00 -1.607280479825504926e+00
4.139000000000000000e+03 2.177258833698703100e+00 -4.281995122656587327e+00 -1.607280479825504926e+00
3.891000000000000000e+03 1.154660391308626188e+00 -3.724008419730648001e+00 -1.247664873940664165e+00
2.785000000000000000e+03 1.963340928476600133e+00 -5.211783916481284251e+00 -8.489274090112459703e-01
2.784000000000000000e+03 1.963340928476600133e+00 -5.211783916481284251e+00 -8.489274090112459703e-01
3.862000000000000000e+03 -1.131571311484991682e+00 -4.053083653111125173e+00 -1.628066594923858190e+00
1.636000000000000000e+04 -2.371726474717817723e+00 -3.671041535899348673e+00 -7.705409193776802113e-01
1.636100000000000000e+04 -2.046435457787154633e+00 -4.903421027856555980e+00 -5.428946987132814428e-01
4.044000000000000000e+03 -2.046435457787154633e+00 -4.903421027856555980e+00 -5.428946987132814428e-01
3.957000000000000000e+03 -1.160076859881028710e+00 -3.355305632247324255e+00 -3.954623259201692775e-01
3.958000000000000000e+03 -1.738492563022567161e+00 -5.126626016715672307e+00 -3.175276774522721723e-01
3.966000000000000000e+03 -2.541615733006636901e+00 -3.206079658700664581e+00 2.782328634291230784e+00
1.638600000000000000e+04 9.609520003243732233e-01 -5.138085179867399432e+00 -2.181488536712336668e+00
1.638700000000000000e+04 -2.277275060210337543e-01 -3.680653304310224527e+00 -2.251701688666482681e+00
2.805000000000000000e+03 8.767216239859703109e-01 -4.805723374987506347e+00 -1.423019990069215979e+00
1.639200000000000000e+04 1.093558264959211712e+00 -1.310544264560453698e+00 -7.051317300206960681e-02
1.659900000000000000e+04 -2.758475738016150203e+00 -1.966335671850217182e+00 -1.845686484659854187e-01
4.144000000000000000e+03 -2.758475738016150203e+00 -1.966335671850217182e+00 -1.845686484659854187e-01
1.391700000000000000e+04 -2.175641134648704345e+00 -1.988736261160411800e+00 -7.004269352777114932e-02
1.642700000000000000e+04 -2.669318697599274870e+00 -1.796017502057958737e+00 -4.090011607535970484e-02
1.650000000000000000e+04 -2.940914190677364815e+00 -1.374649332409475733e+00 1.005415443107740003e-01
4.014000000000000000e+03 -2.940914190677364815e+00 -1.374649332409475733e+00 1.005415443107740003e-01
2.734000000000000000e+03 -2.940914190677364815e+00 -1.374649332409475733e+00 1.005415443107740003e-01
1.162000000000000000e+03 -2.590008772650644886e+00 -1.887116323226807779e+00 1.323674912969607931e-01
1.161000000000000000e+03 -2.901310316386892296e+00 -1.530428012517274894e+00 1.725290201242142274e-01
3.920000000000000000e+03 -1.505286198672849629e+00 -2.119667167428186616e+00 -1.736044209444873587e-01
1.650600000000000000e+04 -1.229343472235150614e+00 -1.603476845286390784e+00 -1.369542295066796811e-01
2.720000000000000000e+03 -1.970675025537103942e+00 -1.574213695446701422e+00 -9.374757057067384380e-02
2.777000000000000000e+03 -1.960203466460719746e+00 -2.021234999938171129e+00 -6.871535932324590590e-03
2.719000000000000000e+03 -1.270320133419790665e+00 -1.303317511349396440e+00 2.081906019507915317e-01
2.008000000000000000e+03 -1.867552247277918909e+00 -1.951516218273164682e+00 2.131956650868822578e-01
1.964000000000000000e+03 -1.261541735255309327e+00 -1.861159366418148053e+00 4.867758928651078065e-02
3.133000000000000000e+03 -1.651205038651050394e+00 -1.853973369182252640e+00 1.719609260585315269e-01
3.132000000000000000e+03 -1.215418543239883853e+00 -1.744687888223301897e+00 5.936660899281829273e-01
1.642000000000000000e+04 1.201635722361057645e+00 -2.048978532088387539e+00 1.178073463476401628e+00
2.506600000000000000e+04 1.457053518373526479e+00 -1.168550908395683763e+00 1.155946566677462428e+00
1.639300000000000000e+04 -2.704456685295177465e+00 -2.059806340937415214e+00 1.012185403234154180e+00
7.800000000000000000e+02 -3.113566403051892806e+00 -2.031643203220101057e+00 9.421270686399143557e-01
1.634600000000000000e+04 -3.113566403051892806e+00 -2.031643203220101057e+00 9.421270686399143557e-01
1.657300000000000000e+04 -2.519604436455255225e+00 -1.717512262419333524e+00 1.594368196943749538e+00
2.646000000000000000e+03 2.124763409896839761e+00 -1.603945436652415069e+00 1.053736105358574093e+00
4.123000000000000000e+03 2.124763409896839761e+00 -1.603945436652415069e+00 1.053736105358574093e+00
1.988000000000000000e+03 2.464386652427624114e+00 -1.807918499522774169e+00 1.577058596794541856e+00
3.206000000000000000e+03 -1.637639890930618236e+00 -1.515875152067359011e+00 8.121563504362701025e-01
1.646700000000000000e+04 -1.637639890930618236e+00 -1.515875152067359011e+00 8.121563504362701025e-01
1.646800000000000000e+04 -1.964793131467390097e+00 -1.956417682836443461e+00 1.600303420310279279e+00
2.645000000000000000e+03 -8.394774902994655008e-01 -1.590018307410744569e+00 -7.351657215875206930e-02
3.202000000000000000e+03 -9.691784071683651192e-01 -1.713356968059214225e+00 -4.796552782727481201e-02
4.007000000000000000e+03 -7.273988891781204558e-01 -1.514976190127965694e+00 2.197734023612447629e-01
4.008000000000000000e+03 -2.940671196782140839e-02 -1.281615643365991986e+00 6.862935691507789926e-01
3.823000000000000000e+03 -8.171992729607966410e-01 -1.553019457438436390e+00 7.307073069834242318e-01
2.909000000000000000e+03 3.693952851719117803e-02 -2.144357646690849606e+00 1.948117213865518949e-01
6.600000000000000000e+02 5.073072032801277942e-01 -1.537534984964100460e+00 -2.238613717292690097e-01
2.783000000000000000e+03 5.073072032801277942e-01 -1.537534984964100460e+00 -2.238613717292690097e-01
2.935000000000000000e+03 6.967420063436176036e-01 -2.090374918165657903e+00 1.953045782786926310e-01
3.902000000000000000e+03 6.089430714148482693e-01 -1.743953320245392291e+00 5.812701400984607858e-01
2.644000000000000000e+03 -7.583759291030052196e-01 -2.099564150257942075e+00 8.078777059748034617e-01
2.642000000000000000e+03 8.641784785934616409e-01 -1.219949461586599782e+00 9.290590417591566563e-01
1.643200000000000000e+04 8.641784785934616409e-01 -1.219949461586599782e+00 9.290590417591566563e-01
4.006000000000000000e+03 4.333467455132851143e-01 -1.358684733767642427e+00 9.643962143277367005e-01
3.864000000000000000e+03 3.850270413527772106e-01 -1.918469944103323499e+00 1.281337683964466123e+00
3.109000000000000000e+03 1.675644955186852414e-01 -1.130814342870749556e+00 1.536185526906766796e+00
3.174000000000000000e+03 1.675644955186852414e-01 -1.130814342870749556e+00 1.536185526906766796e+00
6.660000000000000000e+02 1.335695128722264258e+00 -1.960115919419351371e+00 2.406851633010910874e+00
2.643000000000000000e+03 1.382679558589078539e+00 -1.312734415830046686e+00 2.602573610584025587e+00
1.648300000000000000e+04 1.382679558589078539e+00 -1.312734415830046686e+00 2.602573610584025587e+00
4.016000000000000000e+03 -2.216296898675012450e+00 -1.697006970987990471e+00 2.174157096615276785e+00
3.265000000000000000e+03 -1.752664443725768351e+00 -1.172031466831166213e+00 2.832769143154566294e+00
3.266000000000000000e+03 -3.255956450020747184e-01 -1.624088161091311378e+00 2.761947035173280440e+00
7.790000000000000000e+02 -3.977730477730991865e-01 -2.089643330658212506e+00 2.226820356144132873e+00
1.001000000000000000e+03 1.943311199633948050e-01 -1.706341954610090639e+00 2.252802546664938177e+00
2.850000000000000000e+03 1.791918074433800800e+00 -1.796509771781169107e+00 -1.231523350216185975e+00
3.107000000000000000e+03 1.369320902489934433e+00 -1.528464145870403357e+00 -8.631507980842361150e-01
3.903000000000000000e+03 3.092749758217901324e+00 -1.396599420055862240e+00 -7.966884807771315025e-01
3.314000000000000000e+03 3.092749758217901324e+00 -1.396599420055862240e+00 -7.966884807771315025e-01
4.029000000000000000e+03 -2.297772634424865679e+00 -1.596752716926459925e+00 -8.105603513833461449e-01
2.602000000000000000e+03 -2.720880005238260679e+00 -1.474899949952643397e+00 -6.363544696443774740e-01
2.601000000000000000e+03 -2.297813462674433538e+00 -1.753799150781377492e+00 -4.040170660788326984e-01
3.260000000000000000e+03 -9.812487801931117914e-01 -1.951071279070916376e+00 -1.254722092248547582e+00
3.259000000000000000e+03 -9.812487801931117914e-01 -1.951071279070916376e+00 -1.254722092248547582e+00
2.676000000000000000e+03 -1.016929539961060058e+00 -1.749356182207520760e+00 -8.751544123540675457e-01
2.600000000000000000e+03 -1.016929539961060058e+00 -1.749356182207520760e+00 -8.751544123540675457e-01
3.148000000000000000e+03 -1.016929539961060058e+00 -1.749356182207520760e+00 -8.751544123540675457e-01
3.938000000000000000e+03 -6.651995706208975179e-01 -1.355741628201812432e+00 -8.056198292934926286e-01
3.937000000000000000e+03 -6.651995706208975179e-01 -1.355741628201812432e+00 -8.056198292934926286e-01
4.000000000000000000e+03 -9.883374090071663787e-01 -2.049029072757210912e+00 -5.484973133144919188e-01
2.808000000000000000e+03 -9.883374090071663787e-01 -2.049029072757210912e+00 -5.484973133144919188e-01
1.277000000000000000e+03 -9.883374090071663787e-01 -2.049029072757210912e+00 -5.484973133144919188e-01
1.646200000000000000e+04 -1.201231262752109785e+00 -2.063535879372350834e+00 -1.159036831257845179e+00
1.646100000000000000e+04 -1.201231262752109785e+00 -2.063535879372350834e+00 -1.159036831257845179e+00
2.603000000000000000e+03 -2.017324594732971654e+00 -1.194960323127796542e+00 -9.272240273588661097e-01
8.630000000000000000e+02 -2.017324594732971654e+00 -1.194960323127796542e+00 -9.272240273588661097e-01
1.632600000000000000e+04 -1.394746468852197552e+00 -1.384277510991443805e+00 -9.699398705484245653e-01
3.820000000000000000e+03 -1.761945209900444453e+00 -1.546491381898487560e+00 -9.481471390824207646e-01
3.904000000000000000e+03 -1.219132612526217407e+00 -1.654505530071940456e+00 -8.909623763469394220e-01
3.147000000000000000e+03 -1.841745840486190389e+00 -1.470487311164282218e+00 -8.370898995205919846e-01
2.892000000000000000e+03 -1.841745840486190389e+00 -1.470487311164282218e+00 -8.370898995205919846e-01
1.654200000000000000e+04 -1.108820991650757648e+00 -1.685528632805270988e+00 -8.057890181041145183e-01
3.751000000000000000e+03 -1.276252357398393933e+00 -1.692948093840893620e+00 -7.283994319338802370e-01
3.819000000000000000e+03 -1.276252357398393933e+00 -1.692948093840893620e+00 -7.283994319338802370e-01
3.711000000000000000e+03 -2.014024591835205769e+00 -1.169112240438661132e+00 -6.019693140087998273e-01
2.768000000000000000e+03 -2.014024591835205769e+00 -1.169112240438661132e+00 -6.019693140087998273e-01
3.709000000000000000e+03 -1.685773011916298358e+00 -1.728331475706985643e+00 -6.751107353875731576e-01
3.240000000000000000e+03 -1.685773011916298358e+00 -1.728331475706985643e+00 -6.751107353875731576e-01
4.087000000000000000e+03 -1.659710158548199033e+00 -1.627191515754089934e+00 -6.086653957754357691e-01
2.025000000000000000e+03 -1.287562676985316124e+00 -1.471180297589565811e+00 -5.925235839234535007e-01
6.940000000000000000e+02 -1.287562676985316124e+00 -1.471180297589565811e+00 -5.925235839234535007e-01
3.722000000000000000e+03 -1.931588049565720056e+00 -1.929782098926635214e+00 -4.806041084928249774e-01
1.927000000000000000e+03 -1.931588049565720056e+00 -1.929782098926635214e+00 -4.806041084928249774e-01
3.160000000000000000e+03 -1.392896310949168104e+00 -1.242370617816467515e+00 -3.797041854302687369e-01
2.767000000000000000e+03 -1.392896310949168104e+00 -1.242370617816467515e+00 -3.797041854302687369e-01
1.640800000000000000e+04 -1.338089168625934633e+00 -1.145983285895461279e+00 -3.600056000819726876e-01
1.640700000000000000e+04 -1.384313763575869771e+00 -1.486239354653042355e+00 -3.348357336455052291e-01
2.754000000000000000e+03 -1.384313763575869771e+00 -1.486239354653042355e+00 -3.348357336455052291e-01
2.753000000000000000e+03 -1.384313763575869771e+00 -1.486239354653042355e+00 -3.348357336455052291e-01
4.043000000000000000e+03 -1.048016516051215596e+00 -1.699260263654130299e+00 -3.344307020429848620e-01
2.904000000000000000e+03 -1.754247469111450464e+00 -1.578591067961991001e+00 -3.098638122603283307e-01
4.002000000000000000e+03 -1.836671578727591125e+00 -1.443577326308504993e+00 -2.928921672423712153e-01
3.931000000000000000e+03 1.853653702840709627e-01 -1.452475060191785516e+00 -8.438318968790099461e-01
4.042000000000000000e+03 2.994043987953313390e+00 -1.737115113766039443e+00 -2.080610867709680178e-01
9.140000000000000000e+02 2.994043987953313390e+00 -1.737115113766039443e+00 -2.080610867709680178e-01
4.019000000000000000e+03 1.461672369144276118e+00 -1.978093899225806140e+00 -2.137803118759292076e+00
3.942000000000000000e+03 1.600000795586654867e+00 -1.585904832526720654e+00 -1.753942774865938858e+00
2.624000000000000000e+03 1.600000795586654867e+00 -1.585904832526720654e+00 -1.753942774865938858e+00
3.159000000000000000e+03 2.154908074924895001e+00 -1.573134295354872592e+00 -1.338350492375866452e+00
2.625000000000000000e+03 -2.131426466243708795e+00 -2.058317790329411423e+00 -2.165423525149863693e+00
7.290000000000000000e+02 -2.302683201440499872e+00 -1.648316839871910133e+00 -1.598546018195193597e+00
4.010000000000000000e+03 -2.616951621019229179e+00 -1.340997249059617147e+00 -1.486614703828504247e+00
4.011000000000000000e+03 -8.976441712001586026e-01 -2.120862960845805389e+00 -1.335443956205233818e+00
4.041000000000000000e+03 4.077326611634584097e-01 -1.597587241138063163e+00 -2.274665696761283940e+00
7.300000000000000000e+02 2.064376243090426666e+00 -2.440078409636413426e+00 5.450149195685831671e-01
1.198000000000000000e+03 2.064376243090426666e+00 -2.440078409636413426e+00 5.450149195685831671e-01
1.199000000000000000e+03 2.064376243090426666e+00 -2.440078409636413426e+00 5.450149195685831671e-01
2.579000000000000000e+03 -2.198771397649724513e+00 -2.243785369896261983e+00 3.844516593497271373e-01
2.944000000000000000e+03 -2.198771397649724513e+00 -2.243785369896261983e+00 3.844516593497271373e-01
2.880000000000000000e+03 -3.059792515308778604e+00 -2.574586345152169997e+00 7.328220001332184097e-01
9.290000000000000000e+02 -3.059792515308778604e+00 -2.574586345152169997e+00 7.328220001332184097e-01
2.580000000000000000e+03 -7.193864981164450612e-01 -2.291618244559206374e+00 1.686542819187835107e-01
9.280000000000000000e+02 -1.001715557853660066e+00 -2.236381440824917632e+00 6.148217768157913099e-01
3.941000000000000000e+03 9.393379828538739318e-01 -2.961787441612630190e+00 -1.852492030292161473e+00
4.181000000000000000e+03 -1.381940811653814549e+00 -2.997914783249150616e+00 2.188620128616705074e-01
3.317000000000000000e+03 -1.569298213221726357e+00 -2.249375269537379651e+00 3.832974821667463061e-01
3.710000000000000000e+03 -1.569298213221726357e+00 -2.249375269537379651e+00 3.832974821667463061e-01
3.720000000000000000e+03 -1.236620306760237042e+00 -2.583577000398424417e+00 6.083785063198234866e-01
9.300000000000000000e+02 9.651468925714059566e-01 -2.937178463628898228e+00 2.449936430898791428e-01
3.212000000000000000e+03 8.860197197689219095e-01 -2.660611770642656637e+00 4.538528437409432570e-01
2.900000000000000000e+03 3.339932473971716220e-01 -2.309929716916022002e+00 7.539220813226936713e-01
3.913000000000000000e+03 -2.925561176377296846e+00 -2.965422481986855985e+00 -5.271377194645374686e-01
3.914000000000000000e+03 -2.925561176377296846e+00 -2.965422481986855985e+00 -5.271377194645374686e-01
3.890000000000000000e+03 -7.361710506432777024e-01 -2.568575254757611503e+00 -8.340281264104376646e-01
2.912000000000000000e+03 -9.775948189609771077e-01 -2.408130316960656714e+00 -6.476501121908047054e-01
2.846000000000000000e+03 -2.974654533205825402e+00 -3.049815443486291855e+00 1.316533058510351850e+00
4.064000000000000000e+03 -2.492804164393172428e+00 -2.277314400245947112e+00 1.464019169508507190e+00
3.112000000000000000e+03 -2.317358916742298547e+00 -2.210733123871570172e+00 1.662712219932922508e+00
2.939000000000000000e+03 -2.317358916742298547e+00 -2.210733123871570172e+00 1.662712219932922508e+00
1.254000000000000000e+03 -2.317358916742298547e+00 -2.210733123871570172e+00 1.662712219932922508e+00
3.974000000000000000e+03 -2.317358916742298547e+00 -2.210733123871570172e+00 1.662712219932922508e+00
3.721000000000000000e+03 -2.317358916742298547e+00 -2.210733123871570172e+00 1.662712219932922508e+00
3.294000000000000000e+03 -1.773397822136715263e-01 -2.562669111168865754e+00 1.428952660716934275e+00
3.893000000000000000e+03 -1.884825819604924568e+00 -2.590818868661989072e+00 -9.652988322620501549e-01
3.175000000000000000e+03 -2.058088059026005112e+00 -3.164750219582808555e+00 -1.208798471458589319e+00
2.828000000000000000e+03 4.884890793205265425e-01 -2.582038668973005713e+00 -1.186641986778226965e+00
6.540000000000000000e+02 1.000749661462367435e+00 -2.713844404318821901e+00 -1.148119035192781467e+00
3.911000000000000000e+03 3.634919584496048017e-01 -3.040715103822538623e+00 -5.498104318641967581e-01
6.370000000000000000e+02 2.986741390997259771e+00 -2.414879740635749172e+00 9.639436700630437116e-01
3.912000000000000000e+03 5.127995940736260749e-01 -3.053257503672998752e+00 1.662114001748516756e+00
4.081000000000000000e+03 -2.398757996993989394e+00 -2.691268283027321573e+00 2.571469217816760633e+00
3.940000000000000000e+03 -1.017243050092830892e+00 -2.459651399526086024e+00 2.069423635397754424e+00
2.717000000000000000e+03 4.902942597438872951e-01 -2.265658359909432207e+00 1.825404798925374550e+00
3.195000000000000000e+03 2.804485107921359521e+00 -2.653212245944624570e+00 -3.132257613500005533e+00
3.242000000000000000e+03 2.258720554276716364e+00 -2.217522446657786972e+00 -3.338787806524196711e+00
3.243000000000000000e+03 3.353891417292089727e-01 -2.497706767706713293e+00 -2.700935516509694878e+00
4.031000000000000000e+03 -5.320137717062163318e-01 -1.502944169347989245e+00 -3.135378966430600656e+00
4.032000000000000000e+03 -5.320137717062163318e-01 -1.502944169347989245e+00 -3.135378966430600656e+00
4.023000000000000000e+03 -9.739973634616321263e-01 -1.444245104487459130e+00 -2.495613010651320351e+00
2.827000000000000000e+03 2.909661533406556089e+00 -2.000264071902920548e+00 -3.392746801152473068e+00
3.241000000000000000e+03 2.385678857697624888e+00 -1.331909902539665680e+00 -3.283640469290665109e+00
3.253000000000000000e+03 2.511259382439590571e+00 -1.421192953144148063e+00 -2.515574870324746470e+00
2.903000000000000000e+03 -3.151340857448552413e-01 -9.928899519537335294e-01 -6.744685763428709180e+00
3.975000000000000000e+03 -2.634558888167923385e+00 -1.112773989765230453e+00 -5.472289244893948634e+00
3.719000000000000000e+03 -5.694127881357763599e+00 3.227681028886696168e+00 -5.043773510047226516e+00
1.621700000000000000e+04 -5.215210733736801885e+00 3.340304658593815645e+00 -4.636552039776619338e+00
1.653600000000000000e+04 -2.979799613940354419e+00 3.365111393666872175e+00 -4.658883177261346376e+00
3.981000000000000000e+03 -2.979799613940354419e+00 3.365111393666872175e+00 -4.658883177261346376e+00
4.191000000000000000e+03 -2.979799613940354419e+00 3.365111393666872175e+00 -4.658883177261346376e+00
3.718000000000000000e+03 -2.979799613940354419e+00 3.365111393666872175e+00 -4.658883177261346376e+00
3.848000000000000000e+03 -2.979799613940354419e+00 3.365111393666872175e+00 -4.658883177261346376e+00
2.780000000000000000e+03 -2.039596829545400780e+00 3.115611670643485098e+00 -5.079531051187222701e+00
1.640200000000000000e+04 -9.880770792578275064e-01 -5.154443852493493239e-01 -6.356357562614309842e+00
3.874000000000000000e+03 -6.107787740553680678e-01 2.005759399077362559e-01 -5.596085433345812099e+00
4.034000000000000000e+03 -4.141454136903250927e+00 4.003002364313889672e+00 -5.789273929290897236e+00
4.033000000000000000e+03 -4.195179087353752223e+00 3.400731892828261493e+00 -4.721728745925238613e+00
3.933000000000000000e+03 -2.815310226229279067e+00 -1.423406690851463097e+00 -5.545218157443178697e+00
3.992000000000000000e+03 -1.426037275992316999e+00 -1.360770031121017354e+00 -5.513287443367073770e+00
4.108000000000000000e+03 2.882223800234582356e-01 2.473884073929554006e+00 -4.857021283196745642e+00
4.047000000000000000e+03 3.451973784166435522e-01 -1.649988079567853205e+00 -6.031223956918694284e+00
2.954000000000000000e+03 -5.615905556113069963e-01 -2.385896160332320548e+00 -6.162681399710150387e+00
2.953000000000000000e+03 7.073649225819984565e-01 -2.680350550990592495e+00 -4.978338665125077611e+00
2.952000000000000000e+03 6.103753175912656204e-01 -1.281518674151115533e+00 -4.930874408132190467e+00
3.887000000000000000e+03 -8.217441200735713380e-01 -2.120462097875911667e+00 -4.962586040045611213e+00
3.125000000000000000e+03 -5.516037679095813218e-01 -1.775904962128148412e+00 -4.488892824780707613e+00
