# star id 	 star_x_coords [pc] 	 star_y_coords [pc] 	 star_z_coords [pc] 
6.356900000000000000e+04 2.557579212258360712e-01 -2.373170596111577879e-01 -8.386722380624043183e-01
6.264200000000000000e+04 9.542607249034062988e-01 1.284806750138102416e+00 -1.853611217002644196e-01
6.357500000000000000e+04 4.416524451867189782e-01 1.828015690732556209e-01 -8.077955216736398825e-02
6.364600000000000000e+04 4.416524451867189782e-01 1.828015690732556209e-01 -8.077955216736398825e-02
6.328500000000000000e+04 7.761594229256019162e-01 -5.493319332711124048e-01 -8.560245746437242786e-01
6.357400000000000000e+04 -9.075651533524364822e-01 -5.157028076461500632e-01 1.980132740534727986e-01
6.176100000000000000e+04 -2.192413349112598553e-01 -1.493874640819186084e-01 8.330965810113557524e-01
6.179400000000000000e+04 -7.936683304933040972e-01 6.990307570650386992e-01 8.869449407868206237e-01
6.211800000000000000e+04 -9.627429441185881842e-01 -4.100706878106521458e-01 1.365915816881162925e+00
6.313100000000000000e+04 -1.206351583286533469e-01 -5.440979959470197969e-01 -1.269436971686989324e+00
