# star id 	 star_x_coords [pc] 	 star_y_coords [pc] 	 star_z_coords [pc] 
2.552300000000000000e+04 2.187726874753394668e+00 -8.105350945312603805e-01 -2.085831986196069465e-01
2.552200000000000000e+04 1.229893954896002839e+00 -1.171060533091233591e+00 -1.219152444883974340e+00
2.549500000000000000e+04 4.540911935391527265e-01 1.061817067928662262e+00 -1.090330661747685781e+00
2.551700000000000000e+04 1.050281226921686795e+00 9.291242461067561464e-02 -1.026953652167449604e+00
2.551900000000000000e+04 -1.084618048577759453e+00 1.999525844393628127e-01 -5.267667943787301965e-01
2.551200000000000000e+04 4.437436535534224902e-01 -8.335471765181656778e-01 -4.120604501824800536e-01
2.550800000000000000e+04 1.003390742896247190e+00 -6.615631140822522127e-01 -3.355667148709216008e-01
2.553300000000000000e+04 1.021221195539823157e-02 2.144045647488622031e+00 -2.627591245380216378e-01
2.551100000000000000e+04 -2.930672421708777620e-01 6.930264406215802531e-02 -2.014392872483057317e-01
2.550400000000000000e+04 -2.554645266745588117e+00 -2.837337003789315304e-01 4.615109524756064729e-01
2.549700000000000000e+04 -1.491873898846165503e+00 6.587316013791921776e-03 1.161849580443060859e+00
2.550500000000000000e+04 1.277881064179098303e-01 -2.674494364487411957e-04 -1.544480502663674315e-01
2.551600000000000000e+04 -4.687638071644997240e-01 8.604376537398006342e-02 -9.127341548962419893e-02
2.552700000000000000e+04 1.189954602559097907e-01 5.982672661791288427e-01 -5.527675157861722255e-02
2.553500000000000000e+04 -7.055257680714532853e-02 4.451916780019549158e-01 1.980502402126091965e-01
2.551800000000000000e+04 -2.169976745559907272e-01 4.663271183408892462e-01 2.067507771069188038e-01
2.554200000000000000e+04 1.071965593724105048e+00 -7.398956308438773277e-01 2.953460181369820248e-01
2.550600000000000000e+04 -3.605510457636782462e-01 2.842310846666662449e-01 1.498542244169698279e-01
2.552500000000000000e+04 2.727345833401173536e-02 -8.104092796632087481e-01 4.003463324516474131e-01
2.551500000000000000e+04 3.943603776909512248e-01 9.894948689173688194e-02 6.426974381349026544e-01
2.550900000000000000e+04 -6.873356539231778584e-02 -5.593267994056378978e-01 6.884540179459719411e-01
2.551400000000000000e+04 -5.136349592656586083e-01 -8.487336316735498709e-01 1.113515598269088969e+00
2.552400000000000000e+04 -9.962847560856182838e-01 1.165444354921806092e+00 2.662353785803617257e-01
