# star id 	 star_x_coords [pc] 	 star_y_coords [pc] 	 star_z_coords [pc] 
3.022000000000000000e+03 -1.740160062898290505e-01 1.832448450130605977e-01 -3.397101617348461389e-01
1.183400000000000000e+04 -1.740160062898290505e-01 1.832448450130605977e-01 -3.397101617348461389e-01
1.183500000000000000e+04 -1.740160062898290505e-01 1.832448450130605977e-01 -3.397101617348461389e-01
1.876900000000000000e+04 -1.740160062898290505e-01 1.832448450130605977e-01 -3.397101617348461389e-01
3.027000000000000000e+03 -1.740160062898290505e-01 1.832448450130605977e-01 -3.397101617348461389e-01
3.026000000000000000e+03 -1.740160062898290505e-01 1.832448450130605977e-01 -3.397101617348461389e-01
3.025000000000000000e+03 -1.740160062898290505e-01 1.832448450130605977e-01 -3.397101617348461389e-01
3.024000000000000000e+03 4.220607881487445923e-01 -5.510682591788196305e-01 4.404097085199651929e-01
3.023000000000000000e+03 4.220607881487445923e-01 -5.510682591788196305e-01 4.404097085199651929e-01
3.021000000000000000e+03 3.739904661221231663e-01 -1.805773963414551986e-01 1.497151716193517501e+00
