# star id 	 star_x_coords [pc] 	 star_y_coords [pc] 	 star_z_coords [pc] 
1.970100000000000000e+04 -3.860330251611756580e-01 3.472381417083951760e-01 8.643728741606793164e-02
1.972000000000000000e+04 -3.860330251611756580e-01 3.472381417083951760e-01 8.643728741606793164e-02
1.971400000000000000e+04 -3.428168583818873572e-01 1.213475091727431732e-01 1.713220805398769642e-01
2.023900000000000000e+04 -2.319823112244439045e-01 5.152568396793100192e-02 2.709072536152543620e-01
1.972200000000000000e+04 -4.419089986127442415e-01 1.888770323813915297e-01 3.230855519463151637e-01
1.972300000000000000e+04 -5.579788378590446740e-01 3.318083745156172881e-01 4.366247428822589427e-01
1.972100000000000000e+04 -5.579788378590446740e-01 3.318083745156172881e-01 4.366247428822589427e-01
1.970200000000000000e+04 -5.579788378590446740e-01 3.318083745156172881e-01 4.366247428822589427e-01
1.970600000000000000e+04 -5.579788378590446740e-01 3.318083745156172881e-01 4.366247428822589427e-01
1.989300000000000000e+04 -3.755944739796959198e-01 4.057988134728063301e-01 6.928132258755290707e-01
1.971000000000000000e+04 7.953702576177974493e-01 -4.495624330834928628e-01 7.660023290769046866e-02
1.979500000000000000e+04 2.686136725802281688e-01 -5.137552284836033323e-02 2.123992075201694973e-01
1.972600000000000000e+04 5.823858625605851103e-01 -2.313471026425517607e-01 2.174491893270662501e-01
2.016000000000000000e+04 -5.089440284120883007e-02 -2.720833362500485464e-01 8.197603873883352321e-02
2.022500000000000000e+04 -5.089440284120883007e-02 -2.720833362500485464e-01 8.197603873883352321e-02
1.978400000000000000e+04 1.108996561592672236e-01 -2.503280959258020744e-01 2.810977512853760629e-01
1.975900000000000000e+04 3.811936936285853506e-01 3.798662209566572301e-02 -7.177250045482246321e-01
1.967900000000000000e+04 -6.114842131117015356e-03 1.185534055971046996e-01 -3.076386404775011130e-01
1.970300000000000000e+04 5.098719335358019578e-01 -2.600659368025262097e-01 -8.559441602942570171e-01
1.970400000000000000e+04 2.373203777553278826e-01 -4.798197947830828980e-01 -8.815048747568408061e-01
1.970500000000000000e+04 3.630723472859500589e-01 -1.615003694387198152e-01 -7.162781712831556291e-01
1.969600000000000000e+04 3.310247700232356038e-01 -1.772950393199934638e-01 -4.725252754192439397e-01
1.976200000000000000e+04 5.533952719168819812e-01 -3.070683043809125934e-01 -2.231430252364692279e-01
1.971900000000000000e+04 3.710398412507558419e-01 -3.326958168887017564e-02 -1.542409732523246646e-01
