# star id 	 star_x_coords [pc] 	 star_y_coords [pc] 	 star_z_coords [pc] 
2.439500000000000000e+04 6.804170232922501782e-02 2.292662229480978198e+00 7.509946722964997434e-01
2.439000000000000000e+04 -9.901292078384216211e-02 2.593519470990433007e+00 1.948177146909834789e+00
2.439700000000000000e+04 -9.806255209084202562e-01 -1.304603931194820987e+00 -6.573189536399794974e-01
2.440400000000000000e+04 1.030090550416787210e+00 -1.736655718160536210e+00 -1.535335930340622212e+00
2.438700000000000000e+04 1.653014998032478644e+00 -1.756644423328918236e+00 -1.176865207355390908e+00
2.442700000000000000e+04 -5.993728072376924843e-01 -1.938150101115923007e-01 -9.961295765331996677e-01
2.442900000000000000e+04 -6.109891541460328312e-01 2.721305781625744658e-01 -6.566229332665116658e-01
2.442500000000000000e+04 1.301543171399618615e+00 -1.167063147179201010e+00 -6.578571497676293234e-01
2.438500000000000000e+04 -1.928612920050980506e-01 -1.002139160168253440e+00 -6.405180397055616481e-01
2.443000000000000000e+04 5.505691242393311313e-01 7.904923587758041492e-01 -2.493615591384852337e-01
2.441300000000000000e+04 1.932263756146745948e-01 1.985969006405845505e-01 -5.461261981889720118e-02
2.439300000000000000e+04 -5.112240482080174786e-01 1.274431224957275788e+00 9.280641782270038220e-02
2.444200000000000000e+04 -6.709733932056742844e-01 7.717744923555969194e-02 7.371250710451988652e-01
2.467500000000000000e+04 6.815895032640426621e-01 -1.188717743585705477e-01 7.978905289956870206e-01
2.439600000000000000e+04 1.923472541510378164e-01 -5.578423382927439889e-01 8.897022413814141828e-01
2.440100000000000000e+04 -2.623170275193480450e-01 3.168320108259194967e-01 1.640523161097505067e+00
2.442300000000000000e+04 -1.680824955228557016e+00 3.434249353490557155e-01 6.430643081013442952e-02
