# star id 	 star_x_coords [pc] 	 star_y_coords [pc] 	 star_z_coords [pc] 
6.915100000000000000e+04 -9.469079602957730657e-01 -3.714820192039169910e-02 -2.779534697445432911e+00
4.732100000000000000e+04 -1.875830498539494684e-01 -1.368084858558979988e-01 -2.051661138525838979e+00
3.238300000000000000e+04 -7.577713941776895723e-01 6.111475560979480193e-01 -3.289989338842751465e-01
4.962800000000000000e+04 2.683763800160106072e-01 1.375805382151216172e+00 -6.720941370125892433e-01
6.897900000000000000e+04 7.800720093186779280e-01 1.850521978865069528e-01 2.674276796983052762e+00
6.326100000000000000e+04 1.424615829528175226e-02 1.634041786297641963e-01 -1.262872675093415609e+00
6.915000000000000000e+04 -5.369154235705089206e-01 -1.443729962734604300e+00 1.411587176632203011e-01
1.636300000000000000e+04 5.125668703786194769e-01 5.396641536707873499e-01 6.428316600463848118e-01
2.645200000000000000e+04 3.236298025997523808e-01 -3.055802853711542255e-01 -5.938854123255765671e-01
6.914000000000000000e+04 3.236298025997523808e-01 -3.055802853711542255e-01 -5.938854123255765671e-01
6.915200000000000000e+04 -7.674054057072368096e-01 -1.405837481250491905e+00 -4.559675593804186633e-01
6.901600000000000000e+04 1.640837983059340033e-01 -4.209218538068153492e-01 2.686350981744709543e-01
6.902000000000000000e+04 -1.047089184730092271e-01 8.175642031651921826e-01 1.481210829003321905e+00
4.967300000000000000e+04 1.141410583134720547e+00 2.113700439999721681e-02 1.507280593652239986e+00
6.901200000000000000e+04 -4.020176047220616056e-01 5.144813322600425565e-01 1.666797489302584978e+00
