# star id 	 star_x_coords [pc] 	 star_y_coords [pc] 	 star_z_coords [pc] 
3.684100000000000000e+04 7.322430095594540944e-01 -1.479140021666096594e+00 -1.034577925273676868e+00
3.684200000000000000e+04 1.801120517135348820e+00 3.295010389190933253e-02 -5.451122953858771325e-01
2.179900000000000000e+04 9.687606815594698162e-01 9.466022477537632263e-01 -9.482784610979955175e-02
2.132300000000000000e+04 6.670640883851497449e-01 -7.394365378584000226e-01 -2.770493703735041890e-01
2.132200000000000000e+04 6.060832596389893467e-01 1.183018639129700178e+00 -1.141880269562568273e+00
3.521800000000000000e+04 3.388619206097338576e-01 -9.620043070278656572e-01 1.266116065408084523e+00
2.885400000000000000e+04 1.261016568207224964e-01 -7.894541439865765398e-02 -1.400090668798910087e-01
2.835900000000000000e+04 1.261016568207224964e-01 -7.894541439865765398e-02 -1.400090668798910087e-01
2.162700000000000000e+04 -3.535935580404370171e-01 -7.650020026196990841e-02 4.300350907954708646e-01
1.899900000000000000e+04 -5.245301736728187336e-01 8.803911390156700101e-01 -1.847308998988310691e-01
3.488200000000000000e+04 -1.127608213896010625e+00 -6.279798481024103651e-01 -6.824133650903974058e-02
5.365800000000000000e+04 -1.127608213896010625e+00 -6.279798481024103651e-01 -6.824133650903974058e-02
3.583700000000000000e+04 -1.144719018157150714e+00 9.693228524204102747e-01 5.322014478173731078e-01
3.279400000000000000e+04 -1.088277618546005243e+00 6.586466102042556336e-01 1.466326805893546137e+00
