# star id 	 star_x_coords [pc] 	 star_y_coords [pc] 	 star_z_coords [pc] 
1.377600000000000000e+04 6.255048670035989744e-02 2.814623319240894261e-02 -5.531593985139906522e-01
1.382100000000000000e+04 -1.482890014175239912e-01 2.388687915325675704e-01 -4.487009133890218493e-01
1.373800000000000000e+04 2.822096481035671900e-01 3.533647993352317940e-01 -4.792513837111336272e-01
1.373900000000000000e+04 -1.346995289503780668e-01 1.082760016881110232e-01 -2.673330720051971809e-01
1.377800000000000000e+04 -1.178243099954841000e-01 -7.107993380128618810e-02 -1.887938166956466546e-01
1.374500000000000000e+04 -1.762154278592760193e-01 -2.050237300631039261e-01 -1.066392402203106826e-01
1.374100000000000000e+04 1.617244722171449212e-01 4.824596789866575364e-02 -2.170803035290695959e-01
1.367000000000000000e+04 -9.148991801438910443e-03 7.179982109496307885e-02 -6.898043899891348474e-02
1.374200000000000000e+04 -9.148991801438910443e-03 7.179982109496307885e-02 -6.898043899891348474e-02
1.375100000000000000e+04 -7.564304996057558128e-02 4.800344676601042693e-02 -3.806718192807778678e-02
1.379000000000000000e+04 -7.564304996057558128e-02 4.800344676601042693e-02 -3.806718192807778678e-02
1.376400000000000000e+04 -2.445254741985962710e-01 -1.181516416567447436e-01 -3.213333405668805653e-02
1.378800000000000000e+04 -2.445254741985962710e-01 -1.181516416567447436e-01 -3.213333405668805653e-02
1.378900000000000000e+04 1.105691190303588201e-01 -2.598383082699626812e-01 -5.593829353941259797e-03
1.376000000000000000e+04 6.261654995240206745e-02 4.716690107725440839e-02 -7.330033031653471198e-03
1.365700000000000000e+04 -2.738701130462928290e-01 -8.589674269374114601e-02 4.069502098520061395e-02
1.381500000000000000e+04 -2.778711545582197573e-01 -7.214703698956270728e-02 7.823591996139356297e-02
1.378100000000000000e+04 -2.778711545582197573e-01 -7.214703698956270728e-02 7.823591996139356297e-02
1.382500000000000000e+04 -2.655451771122656623e-01 -3.876359544768206433e-01 -1.084313721937846253e-01
1.366800000000000000e+04 -1.733097446782068118e-01 1.038812374053321719e-02 1.182116060632196763e-01
1.377300000000000000e+04 2.892533516197701715e-01 -1.977113690112943800e-01 1.325298872178741760e-01
1.377700000000000000e+04 1.173444683537070432e-01 1.734145212691018401e-01 2.008630286112342844e-01
1.372900000000000000e+04 1.173444683537070432e-01 1.734145212691018401e-01 2.008630286112342844e-01
1.373000000000000000e+04 1.044883269904914869e-01 2.544162026090859285e-01 2.121306014902657466e-01
1.377400000000000000e+04 -6.607433861408651410e-02 8.532920238735641760e-03 2.343875693633457047e-01
1.378000000000000000e+04 1.953399528897961090e-01 -1.123297990375249356e-04 3.455428694913784682e-01
1.372500000000000000e+04 1.607743118536006932e-01 -1.692494251885534595e-01 4.242925370333452406e-01
1.377500000000000000e+04 4.075621693010660351e-01 2.153264616791261687e-02 2.961445942505420703e-01
1.377200000000000000e+04 4.075621693010660351e-01 2.153264616791261687e-02 2.961445942505420703e-01
