# star id 	 star_x_coords [pc] 	 star_y_coords [pc] 	 star_z_coords [pc] 
9.879000000000000000e+03 5.852823149342788467e-01 2.523303541514465564e-01 -1.216762519635182116e+00
9.880000000000000000e+03 4.843720149267980446e-01 4.511553977953681738e-01 -1.113831927946824507e+00
1.334900000000000000e+04 4.843720149267980446e-01 4.511553977953681738e-01 -1.113831927946824507e+00
1.256800000000000000e+04 -6.849605076770097778e-01 -2.602567003778169408e+00 -6.836465238390321275e-01
2.575000000000000000e+03 -9.435124271850905409e-01 -1.115747039572141830e+00 -6.814036633048345948e-01
2.617000000000000000e+03 -2.335526125379876472e-01 -4.076364003646339995e-01 -6.026134861978107438e-01
2.624000000000000000e+03 6.942813294900057608e-01 1.190014181874932575e+00 1.305438561408672982e+00
3.038000000000000000e+03 6.942813294900057608e-01 1.190014181874932575e+00 1.305438561408672982e+00
3.039000000000000000e+03 -7.204357755529615659e-01 5.606281149205116776e-02 7.293408153514988612e-01
2.602000000000000000e+03 -3.601276812958178475e-01 5.352181140609992838e-01 2.071872108836211979e+00
