# star id 	 star_x_coords [pc] 	 star_y_coords [pc] 	 star_z_coords [pc] 
4.095200000000000000e+04 1.695726708987277398e+00 2.160283629667152372e-01 2.484877454814975462e-01
4.548900000000000000e+04 5.339865433971890951e-01 -1.034741060334896101e-01 9.285890064847328595e-01
4.095900000000000000e+04 6.116036711106405122e-01 -1.051373990544766102e-01 5.549316128973251772e-01
4.094600000000000000e+04 1.514819467681834730e+00 -3.248034603014371413e-03 1.693048533335431483e+00
4.095100000000000000e+04 -3.405937669661005529e-01 -1.215450391054821999e-01 1.974139846976328272e-01
4.548700000000000000e+04 -1.202809167054804007e+00 3.450111136850926297e-01 5.422560190300316219e-01
4.095600000000000000e+04 -6.931925027755641011e-01 1.587937319600918329e-01 -3.737569333835879526e-01
4.095000000000000000e+04 2.005159814332113655e-01 -2.502667201454082946e-01 -6.203437882962419270e-01
4.562000000000000000e+04 -5.737147344249997616e-01 -1.072806861244915311e+00 -6.261845512822690196e-01
4.133000000000000000e+04 -6.222475480025604355e-01 7.322683193754070397e-01 -1.309130152029332805e+00
4.095500000000000000e+04 -1.022504818401755333e+00 3.370823976198353833e-01 -1.187670306535960840e+00
