# star id 	 star_x_coords [pc] 	 star_y_coords [pc] 	 star_z_coords [pc] 
4.011400000000000000e+04 -1.355998731679505909e+00 -3.015581911059648235e+00 -1.186505617028146276e-01
4.020200000000000000e+04 -1.609614041102076953e+00 1.391277572863653944e+00 -1.501679829464116267e+00
4.029400000000000000e+04 -1.306628957411561487e+00 1.474847454694705462e+00 7.977846631884943918e-02
4.027900000000000000e+04 -1.363570215089097815e+00 1.278445233556990246e+00 1.998538749778973056e-01
4.022400000000000000e+04 -1.368021642362521106e+00 7.517641649437827311e-01 6.966960497294394372e-02
4.013400000000000000e+04 2.060042772547348022e-01 1.312388117430318246e+00 1.013630163488699054e-01
4.028600000000000000e+04 -1.261390145961954090e+00 1.870100876791173761e+00 -2.255921727230308704e+00
4.023500000000000000e+04 -1.007156858577545222e+00 1.594232434984935054e+00 -8.475952504262167508e-01
4.019700000000000000e+04 -1.160594426131240198e+00 9.759573151430380733e-01 -5.694989028396335584e-01
4.017600000000000000e+04 -1.122223994705564110e+00 1.013694856540148237e+00 -1.876760474561507408e-01
4.018300000000000000e+04 -1.166384261628124364e+00 6.242906522346007847e-01 1.037603625611801306e+00
4.019300000000000000e+04 -1.875398871389919009e+00 8.480099718739637638e-01 -4.591048967129580660e-01
4.026200000000000000e+04 -1.600340573433314262e+00 5.751097255904529248e-01 -1.000967091248313068e+00
4.031100000000000000e+04 4.123190571472292731e-01 1.129789151141832093e+00 -9.362389241783617422e-01
4.027100000000000000e+04 -1.946501554748181206e-02 1.346392468739217918e+00 -5.295958193568210959e-01
4.031700000000000000e+04 -1.283434188538691956e+00 6.461816391858015152e-01 1.200748131219611992e+00
4.020700000000000000e+04 -1.816528539576609091e+00 1.789050370694742043e+00 -2.770633472551956800e+00
4.030100000000000000e+04 3.427406155222456619e-01 -1.286164128974549570e+00 -7.073900942459019348e-01
4.029800000000000000e+04 -5.441503619826875138e-01 -2.386007004104179430e+00 -8.801459462674188217e-01
4.024900000000000000e+04 -1.103203075833789626e+00 -2.630245546869225848e+00 -4.069356104491603787e-01
4.032100000000000000e+04 -1.241686391205718110e+00 4.373025930516938331e-01 -1.219715275143293809e+00
4.032200000000000000e+04 -1.339534966275508054e+00 -2.634861627035494536e+00 -2.591862727815907874e-01
4.029000000000000000e+04 -6.821336007018885539e-02 -2.251846360114402756e+00 -1.049429703154054039e+00
4.030000000000000000e+04 1.381712696654631145e-01 -2.672056922097379328e+00 -5.417104477516332395e-01
4.031800000000000000e+04 1.813405925243642969e-01 -2.403406965281046581e+00 -5.127116082399538755e-01
4.021900000000000000e+04 3.664660817005795934e-01 -2.543784430799934881e+00 -3.196737659143877863e-01
4.019200000000000000e+04 -2.224375087944210350e+00 8.734434905880661404e-03 -1.037123955439824385e+00
4.020000000000000000e+04 2.779234320434937899e-01 1.243657348078492930e-01 -8.944367591248720828e-01
4.011500000000000000e+04 2.802737074361374425e-01 4.089292171173699586e-01 -8.659790764726267298e-01
4.020900000000000000e+04 -2.814442346557797237e-01 -9.332775418000682777e-01 5.389240682996643272e-01
4.026100000000000000e+04 2.365193118892250368e-02 -1.199380177081389220e+00 6.273021844585073836e-01
4.010400000000000000e+04 2.666632404992697047e-01 -9.959474534996743955e-01 3.979994135620898987e-01
4.020500000000000000e+04 1.866190001526604192e-01 -5.984552615130702691e-01 8.686535372111521269e-01
4.016400000000000000e+04 -7.343192270371616814e-01 2.351176044179634772e-01 5.409187273859430434e-01
4.023700000000000000e+04 -9.286798251663128667e-01 -5.389749602378284266e-01 7.428073426057579809e-02
4.010900000000000000e+04 -1.134528012797005658e+00 -2.885838289101485543e-01 1.091857585168462208e+00
4.020800000000000000e+04 -5.125256470127368402e-01 7.881167175703396310e-02 1.340506830718936726e+00
4.016200000000000000e+04 -6.734734743932762058e-01 2.374517364869976888e-01 1.536977662181236326e+00
4.012100000000000000e+04 -8.103869084439025983e-01 -1.355059995027829700e-03 1.723410265134887709e+00
4.026900000000000000e+04 -1.142757886045131954e+00 2.655082649832518626e-01 1.952477602390466416e+00
4.023100000000000000e+04 -5.482562244166899745e-02 9.728792923049667252e-01 4.131377138643372859e-01
4.025900000000000000e+04 -3.076683951840237796e-01 6.787851727375873168e-01 2.352227531467434574e-01
4.019000000000000000e+04 7.557599286107006265e-01 7.870223922943004879e-01 -1.907634009295264832e-01
4.025400000000000000e+04 -1.804141074315168680e-02 -5.160351461508660975e-02 4.696930066186411068e-01
4.027800000000000000e+04 1.813223064939535334e-01 4.245542258072845243e-01 4.257557523001125332e-01
4.029500000000000000e+04 1.412088286582218188e-01 1.747509895308887451e-01 5.007095433122970007e-01
4.019400000000000000e+04 2.849397505146953335e-01 -8.000350621924745553e-02 -1.162246375668587461e-01
4.013000000000000000e+04 1.847296785581704626e-01 -6.707449306767720998e-02 5.373011248508419158e-02
4.030400000000000000e+04 3.756513665907590394e-01 -7.857806012620294212e-02 7.178974219540634749e-02
4.020100000000000000e+04 1.968136966273874577e-01 -1.264788801598051293e-01 1.990729748119974829e-01
4.020400000000000000e+04 3.073780961822762947e-01 -2.701056585972594348e-02 2.313406995695572732e-01
4.010500000000000000e+04 3.641044646197144630e-01 -3.600613347829320077e-01 2.456414085876659215e-01
4.009900000000000000e+04 4.212923553122038811e-01 -1.176438526769310045e-01 2.310597128882605489e-01
4.011700000000000000e+04 -1.011711706699713886e-02 -4.083268825505825816e-02 2.848998915096316864e-01
4.025100000000000000e+04 -1.011711706699713886e-02 -4.083268825505825816e-02 2.848998915096316864e-01
4.013100000000000000e+04 3.915746611879455941e-02 -1.698147851471851766e-01 3.002848714653438833e-01
4.021200000000000000e+04 6.083837899710289321e-01 -5.805366838662706641e-02 -1.418330385276931338e-01
4.017300000000000000e+04 8.832376137350195222e-01 -1.300356183429602908e-01 -9.625410757131191986e-03
4.025000000000000000e+04 6.698279566509626193e-01 -1.749760312199484247e-01 2.044149480571633148e-02
4.031500000000000000e+04 6.575496523736461540e-01 -1.907361626252086495e-01 3.524523995712058877e-02
4.019100000000000000e+04 7.838459915485458396e-01 -7.910321304457568203e-02 2.927314416930855145e-01
4.026000000000000000e+04 5.663329560646275240e-01 -1.896278648553071378e-01 3.268140156585204181e-01
4.017200000000000000e+04 2.708304848870852766e-01 1.990763882345092384e-03 2.634770388228986349e-01
4.024000000000000000e+04 2.942254292136681215e-01 4.016773873254742000e-02 -1.105680683057599367e-01
4.010100000000000000e+04 3.247160657066245903e-01 7.600098623813522636e-02 -6.457178148590969613e-02
4.010200000000000000e+04 3.719063055337699097e-01 8.653426929724972183e-02 8.735538324911829022e-02
4.023200000000000000e+04 3.132397179536212661e-01 1.382822746189429353e-01 -1.369312065560421843e-01
4.026400000000000000e+04 2.552293239375558187e-01 2.592904635122401658e-01 2.179884226534767322e-02
4.025300000000000000e+04 -4.098907888335645566e-02 2.101913288370909072e-01 6.590416314978853052e-02
4.028100000000000000e+04 2.502387186104186867e-01 5.171749643273440000e-01 1.972690733967468191e-01
4.025800000000000000e+04 6.500758759277402987e-02 1.342449734058455135e-01 2.053234493636537650e-01
4.026600000000000000e+04 6.500758759277402987e-02 1.342449734058455135e-01 2.053234493636537650e-01
4.021300000000000000e+04 -5.742815652062915888e-02 6.770503180567644108e-02 1.276943745795122709e-01
4.024300000000000000e+04 3.167712870605470243e-01 2.661622785296930971e-01 2.550749772298530615e-01
4.017700000000000000e+04 2.036503230157507005e-01 4.533062248358099566e-02 2.446175529206442434e-01
4.018900000000000000e+04 -7.209863170515973252e-02 8.388854901601661140e-02 2.732768336346893534e-01
4.019500000000000000e+04 1.087793596523454198e-01 1.133465011769452246e-02 2.613566167057115308e-01
4.031400000000000000e+04 2.597751326484569745e-01 4.314294544977990142e-01 3.614598651340017454e-01
4.019900000000000000e+04 2.597751326484569745e-01 4.314294544977990142e-01 3.614598651340017454e-01
4.023000000000000000e+04 2.292561415351741516e-01 4.210166134779314007e-04 2.569761460741233350e-01
4.017100000000000000e+04 1.046386425210243942e-02 1.522188140928708577e-01 3.745419749530043418e-01
4.026500000000000000e+04 4.440193587646490414e-01 2.378582095661698759e-01 3.748789235926253127e-01
4.027000000000000000e+04 9.582143178516702164e-01 1.983526957360641774e-01 -1.065924104220741242e-01
4.025700000000000000e+04 5.439999934613126698e-01 3.995237080735574153e-01 6.340360459167015961e-02
4.023800000000000000e+04 5.260350164913916160e-01 2.006772245343437788e-01 7.010910718453544632e-02
4.025600000000000000e+04 7.892911470719496947e-01 5.326490719646059802e-02 3.751382692017415366e-01
4.020600000000000000e+04 6.604606376247943444e-01 -3.599997362874418627e-03 -5.414496670277202384e-02
4.027400000000000000e+04 5.899991217662261533e-01 -3.146394395576024294e-02 -5.651054531080532684e-01
4.019600000000000000e+04 9.581663603956798170e-01 -1.158318636095270193e-01 -4.667997709851476884e-01
4.017400000000000000e+04 6.965717203803478696e-01 -2.390278734091335622e-01 -2.592358018224061311e-01
4.017500000000000000e+04 7.382874042949083560e-01 -4.812093141011963837e-02 -1.714012711905397168e-01
4.024500000000000000e+04 1.667230675158748454e-01 3.922733311315678151e-01 -4.721311167967243705e-01
4.022800000000000000e+04 2.964014812229294193e-01 1.451607560130039332e-01 -3.844871972576768826e-01
4.017800000000000000e+04 6.812277759915730257e-02 1.449527903276237595e-01 -2.653739545642324060e-01
4.022500000000000000e+04 8.213202158667911590e-01 1.344269294556248440e-01 -4.518480116988214945e-01
4.022900000000000000e+04 9.402233208524251040e-01 8.944535608710957320e-02 -3.476694767162626931e-01
4.016800000000000000e+04 7.262767499480986544e-01 1.260680079593416991e-01 -3.106193836198727354e-01
4.017900000000000000e+04 1.039063642168400747e+00 3.354710758344303656e-02 -4.776010259137919434e-01
4.022300000000000000e+04 1.029541811861903966e+00 1.779029444216106981e-02 -3.947741908278459277e-01
4.023900000000000000e+04 6.869174737251171337e-01 2.971147185811773284e-02 -2.287979500053651805e-01
4.019800000000000000e+04 9.052197259555754272e-01 5.555924221774866112e-02 -2.178880550448099029e-01
4.024200000000000000e+04 -5.970416895357999465e-01 4.274768773507418018e-01 -1.887093400942987387e-01
4.028000000000000000e+04 -4.014158976623178887e-01 5.369256635509529474e-01 -1.557955759109646010e-01
4.024100000000000000e+04 -1.335566790742603871e-01 -7.654667733730846635e-02 -3.474167249372328570e-03
4.023300000000000000e+04 -5.569411550882676920e-01 -2.700582657404204667e-01 3.834827575422750101e-01
4.010600000000000000e+04 -4.870698102406976204e-01 6.514240857244679717e-02 2.317813453576320626e-01
4.018400000000000000e+04 -4.245748961238859920e-01 -1.388659156140175099e-01 5.817788660522182909e-01
4.018500000000000000e+04 -1.168762700223311413e-01 -4.178448794373501585e-02 6.094442607448371518e-01
4.025500000000000000e+04 -4.345415446335891829e-01 -1.969566395481567866e-01 9.733374333237918563e-01
4.018600000000000000e+04 -5.409227600875254893e-01 2.691701932804662079e-01 4.811517940365916957e-01
4.030200000000000000e+04 -2.700324935104134738e-01 2.085030698941956473e-01 6.739279889422675751e-01
4.013900000000000000e+04 -5.180960504113016896e-01 4.366530302922910778e-02 9.551755130827359608e-01
4.028400000000000000e+04 1.547615627255765958e+00 -1.465163889503990902e-01 7.384353343525376090e-01
4.024400000000000000e+04 1.422443001346977098e+00 -5.242061068280285951e-01 8.599978422947529566e-01
4.027500000000000000e+04 1.304007457638320489e+00 -1.610520961388264283e-01 -7.620558303475775119e-01
4.030900000000000000e+04 1.159879059672690005e+00 4.375203574964281472e-02 -5.317786574037981495e-01
4.020300000000000000e+04 1.101486788932675154e+00 -2.534130325252963445e-01 -4.925453054477415549e-01
4.010300000000000000e+04 1.262057215021528123e+00 -4.622527550526811524e-02 -3.739745995808689827e-01
4.024600000000000000e+04 1.070296628760246449e+00 2.005282722989338851e-01 -3.058910141574813224e-01
4.025200000000000000e+04 1.123432633708574713e+00 4.697412390588340259e-02 -3.091333492939583039e-01
