# star id 	 star_x_coords [pc] 	 star_y_coords [pc] 	 star_z_coords [pc] 
3.154000000000000000e+04 -4.101994627697198581e-01 -2.166850091784934484e+00 -3.951298314302160719e-01
3.146600000000000000e+04 2.308538109016815554e-01 -3.057233827373656343e+00 -1.177706627141859030e-01
2.201800000000000000e+04 -2.147059114297746873e+00 1.769344024686055228e+00 4.485781017068921628e-01
3.146500000000000000e+04 -4.894076485159732925e-01 -1.246263282264997052e+00 -3.386863690233266055e-01
2.647100000000000000e+04 -6.559010690037681002e-01 1.057883301982886604e+00 -1.238109338184738561e-01
2.650000000000000000e+04 7.336742268878495565e-01 4.339758980456185355e-01 -8.866035695326939248e-01
3.147400000000000000e+04 -3.802178564918836656e-01 1.393379620415050368e+00 -2.280113499115472564e-01
6.960000000000000000e+03 3.900761415259346165e-02 3.687209919482814513e-01 -3.985629933380199219e-01
2.649700000000000000e+04 6.802893380137859936e-01 1.975982967798937118e-01 -1.518755482476654706e-01
3.147100000000000000e+04 1.672840522446872313e-01 -2.207683387749996839e-01 -6.241696621380725674e-01
3.145000000000000000e+04 -4.309797656456346715e-01 -2.872181479269961812e-01 1.015846057674041347e-01
3.146700000000000000e+04 1.723035874653593424e+00 -5.404804771065658819e-01 6.417557161473563809e-01
3.146800000000000000e+04 6.832917780037046640e-01 -1.938641281248925097e-01 6.609050590904157474e-01
6.290000000000000000e+02 6.832917780037046640e-01 -1.938641281248925097e-01 6.609050590904157474e-01
3.148000000000000000e+04 9.048530871087834271e-01 4.140567539062423030e-01 1.193483869327325309e+00
3.147900000000000000e+04 -1.198778474123521676e+00 2.071590911059666418e+00 -3.437277313243605192e-01
