# star id 	 star_x_coords [pc] 	 star_y_coords [pc] 	 star_z_coords [pc] 
3.775500000000000000e+04 -7.460791476515393761e-01 -2.045779259531226302e-01 -5.446841025212834086e-01
3.492200000000000000e+04 -1.182994567838395739e+00 -7.724085215181304420e-01 -4.524696334080937632e-01
6.637000000000000000e+03 -1.346177791720224448e-01 1.326179776797896892e+00 -2.631927792278987432e-01
2.780400000000000000e+04 -1.346177791720224448e-01 1.326179776797896892e+00 -2.631927792278987432e-01
9.788000000000000000e+03 1.076949620923151052e-01 -5.518995767176395617e-01 -1.786766286024876749e-02
2.780500000000000000e+04 -5.754154688055783673e-01 -1.142215001577850941e+00 -1.013479076114837563e+00
6.206000000000000000e+03 1.147753256650325682e-01 4.262392857539971658e-01 8.234562413188557528e-01
3.809300000000000000e+04 1.413664044441019119e+00 -4.970374165850532933e-01 9.796806788111580566e-01
3.442300000000000000e+04 1.137590410073887837e+00 8.953961044969993566e-02 7.517491193785015291e-01
