# star id 	 star_x_coords [pc] 	 star_y_coords [pc] 	 star_z_coords [pc] 
2.444300000000000000e+04 1.250640307616372127e+00 -1.829323554784529904e-01 -2.113879238106786573e+00
2.434700000000000000e+04 8.543787243761542527e-01 2.259953558216949432e-01 -1.497392536867746315e+00
2.468400000000000000e+04 8.543787243761542527e-01 2.259953558216949432e-01 -1.497392536867746315e+00
2.438100000000000000e+04 4.795803979186317179e-01 5.782964443950788791e-02 -1.330624882637902573e+00
2.443200000000000000e+04 -4.023985120167878904e-01 -8.399624416193418597e-02 -8.513441761180509104e-01
2.443100000000000000e+04 1.016081290151916505e+00 -6.823343092744913463e-01 -3.986635113586949331e-01
2.444500000000000000e+04 -8.094365440245070431e-01 -3.274279629909990774e-01 -1.477732735841073008e-01
2.444600000000000000e+04 -9.293125671996946835e-01 -3.999949957920279076e-01 -1.741698065494290404e-03
2.434100000000000000e+04 3.297557902142216335e-01 1.160923468264403624e+00 2.919755614456391868e-01
2.438000000000000000e+04 6.340308231030462593e-01 9.487182656954757931e-01 4.975631795902195620e-01
2.435000000000000000e+04 1.266369051090734388e+00 -1.438953792754102068e+00 5.163440720668397432e-01
2.443800000000000000e+04 -7.906140325297030813e-01 1.117993305858071551e+00 5.263828190351702574e-01
2.434800000000000000e+04 -8.305885141820610329e-01 -1.638461141172378177e-01 8.227594523755250577e-01
2.443600000000000000e+04 -1.080477968626539109e+00 7.077558470795963785e-02 9.083531274550438184e-01
2.444100000000000000e+04 -6.878442160877042966e-01 -8.832531317239116220e-01 9.349317877916902830e-01
2.443900000000000000e+04 -2.205125145037037271e+00 -1.477750038625273987e-01 8.753363767185362576e-02
2.444000000000000000e+04 2.444090855416973795e-01 4.587220658517239258e-01 1.391805909921025375e+00
2.436000000000000000e+04 8.219188083226782737e-01 1.095826908376906772e-01 1.716820812782447803e+00
