# star id 	 star_x_coords [pc] 	 star_y_coords [pc] 	 star_z_coords [pc] 
3.516300000000000000e+04 -1.536660028323737492e-01 1.088330538927846369e-01 -2.229116980922682956e-01
3.538200000000000000e+04 1.693683790567348524e-01 2.959057367079609424e-01 -1.074074695325748507e-01
3.352900000000000000e+04 2.210164519358386315e-01 2.898090617792139501e-01 -9.336685439595981961e-02
3.776600000000000000e+04 -4.972131257179732700e-01 2.589863547491226825e-01 -2.708385213370547717e-01
3.597600000000000000e+04 1.268870816988645345e-01 -4.188604429598434820e-01 -6.857201180664418416e-02
3.778500000000000000e+04 2.551891090269826634e-01 -3.976390365123432247e-01 3.858992093136990320e-01
3.582500000000000000e+04 -3.539171940383205595e-01 5.746205721937580613e-02 6.841078327649441349e-02
3.368900000000000000e+04 7.047080303496144893e-02 -2.849742270185595672e-02 6.883245461430576029e-02
3.516200000000000000e+04 7.047080303496144893e-02 -2.849742270185595672e-02 6.883245461430576029e-02
3.338600000000000000e+04 -1.949809670119933003e-01 -1.973398009858247093e-01 2.570091812761177152e-02
3.397700000000000000e+04 -2.073343184832125985e-01 2.472028899223350784e-01 9.948964332236798214e-02
3.505000000000000000e+04 2.141924593012767275e-01 -3.127040409682355637e-01 5.242969857652113319e-02
3.293500000000000000e+04 1.979496149439547992e-01 1.667747396747072397e-01 2.179412029909890691e-01
3.772300000000000000e+04 -3.631849824075032984e-01 8.205197701132527222e-02 -2.432207222146836045e-01
3.536500000000000000e+04 2.979384152982333944e-02 2.136856415027899025e-02 -3.318328336046505456e-03
3.775700000000000000e+04 2.979384152982333944e-02 2.136856415027899025e-02 -3.318328336046505456e-03
3.775600000000000000e+04 3.644307713773677904e-01 -1.415045467440201321e-01 3.536653566107261781e-02
