# star id 	 star_x_coords [pc] 	 star_y_coords [pc] 	 star_z_coords [pc] 
2.375000000000000000e+03 3.979377030775701485e-01 -2.951496446641641569e-01 4.414381176406827478e-01
2.322000000000000000e+03 -1.201917966169574470e-02 -2.054719824109270121e-01 5.877049213212570677e-01
2.337000000000000000e+03 -1.863727445726901522e-01 1.522709219815382653e+00 3.531542744540221435e-01
2.383000000000000000e+03 5.309966233616769671e-01 8.824835544446756330e-01 3.865563727857788123e-01
2.413000000000000000e+03 8.631933843989259003e-02 2.566767864565377977e-01 5.436271263078333860e-01
2.331000000000000000e+03 8.631933843989259003e-02 2.566767864565377977e-01 5.436271263078333860e-01
2.363000000000000000e+03 -1.102757669233049853e-01 6.013293812859359377e-01 6.066186556648851536e-01
2.399000000000000000e+03 -1.582552844427830507e+00 -4.597431801029188136e-01 -8.556711340485803063e-01
2.351000000000000000e+03 2.557105073127026174e-01 -2.320987737498114711e-01 -6.814542667806335885e-01
2.400000000000000000e+03 1.580128728696202245e+00 -2.658372497976131399e-01 -5.921888686916840783e-01
2.335000000000000000e+03 1.209334582340691355e+00 -3.947197295293420893e-01 -4.132225161508520372e-01
2.332000000000000000e+03 -1.869690263269241370e+00 -2.060282863415494603e-01 -4.190908508939541477e-01
2.346000000000000000e+03 5.104325245364904617e-02 -1.556071848575868444e-02 -3.651558375988814831e-01
2.362000000000000000e+03 -1.590625362065978265e-01 -3.830082093286080180e-02 -2.271731966828687277e-01
2.353000000000000000e+03 -1.326890783101219995e-01 -8.092258433519816663e-02 -2.344565363162534055e-01
2.391000000000000000e+03 1.968132037068635043e-01 3.633724332157868275e-01 -2.156228418473959962e-01
2.364000000000000000e+03 3.709110163641149427e-01 -1.736465421083721594e-02 -1.939589308890043995e-01
2.316000000000000000e+03 -4.382498914549586289e-01 -1.933646278476572888e-01 -1.823698204947952206e-01
2.352000000000000000e+03 -1.566382423454903972e-01 -1.498083171136386227e-01 -1.813046307218284525e-01
2.343000000000000000e+03 -1.566382423454903972e-01 -1.498083171136386227e-01 -1.813046307218284525e-01
2.386000000000000000e+03 -1.566382423454903972e-01 -1.498083171136386227e-01 -1.813046307218284525e-01
2.418000000000000000e+03 -8.712264703699901247e-02 3.180841481074736521e-01 -1.590959936443407940e-01
2.341000000000000000e+03 -3.613887967004671964e-01 5.083093400718041721e-02 -1.558645149699184884e-01
2.336000000000000000e+03 3.658353050530323003e-01 2.884823527746505079e-01 -1.588919355070270711e-01
2.348000000000000000e+03 1.146521353706937418e+00 -1.961495705907907450e-01 -1.080281782334422402e-01
2.372000000000000000e+03 3.845933168085835518e-02 6.840596283913384923e-01 -3.604277565104929693e-02
2.394000000000000000e+03 -1.526754357951446650e+00 -2.994316639316849660e-01 5.098015890846507858e-02
2.401000000000000000e+03 -3.248374408970278182e-02 4.643727225200677822e-03 6.420522999750133408e-02
2.403000000000000000e+03 9.751497787093050817e-01 -1.081841908216617298e+00 6.025125786365226332e-02
2.369000000000000000e+03 1.356985142716773396e-01 4.031811828497495753e-01 6.212377271673563683e-02
2.318000000000000000e+03 -6.199910818025600179e-02 -2.379368997172548461e-01 1.127824907763823603e-01
2.417000000000000000e+03 3.871450099104762899e-01 -2.376132504223704700e-01 1.285210445824445102e-01
2.359000000000000000e+03 -1.327775679413143450e-01 1.149436905149059385e-01 1.295785180994366570e-01
2.349000000000000000e+03 -4.630472374945924230e-01 -4.478784383272511604e-01 1.362815278394453600e-01
2.395000000000000000e+03 1.893842612604501596e-02 -7.428251984916300898e-02 1.339114162485186554e-01
2.365000000000000000e+03 -3.278604099987383336e-01 1.453728558973210738e-01 1.500693374667481095e-01
2.325000000000000000e+03 -1.535519260991264900e-01 5.633632870781184465e-01 2.370199974481153049e-01
2.339000000000000000e+03 -3.195422505377010225e-02 -4.856996545955212241e-01 2.551192981905661128e-01
2.324000000000000000e+03 2.688534600999226143e-01 -1.698030665946959061e-01 2.581710972030366591e-01
2.327000000000000000e+03 3.765158896425191415e-02 -3.715857787360050679e-01 3.004603449722162978e-01
