# star id 	 star_x_coords [pc] 	 star_y_coords [pc] 	 star_z_coords [pc] 
2.014100000000000000e+04 -7.343303829837140029e-01 -4.454836910737203226e-01 -6.222065054706407139e-01
9.531000000000000000e+03 -4.645498478404590514e-01 -4.773411890369292365e-01 5.910848184908878977e-01
1.968500000000000000e+04 -4.965147587677698482e-01 -1.260684851740569101e+00 9.041001074670447224e-01
1.028400000000000000e+04 1.157761225189741339e+00 -4.315967738209725013e-02 -1.286157263816916974e+00
1.977800000000000000e+04 6.070570410202300593e-01 6.525572615735883986e-01 1.305437664827718613e+00
2.015500000000000000e+04 2.493915586978019405e-01 5.633188101080630616e-01 -1.841194263919079255e+00
2.030600000000000000e+04 -2.066260919758668990e-01 1.445325117695528405e-01 -8.133665213280352191e-01
1.672000000000000000e+04 -2.872894141269100032e-01 -1.410370258635840202e-02 2.096914118313710773e-01
9.537000000000000000e+03 1.524479248191390468e-01 4.685294329203859576e-01 4.610857362837141871e-01
1.730800000000000000e+04 2.265274482480350571e-02 4.118350913147956760e-01 1.091524818861865143e+00
