# star id 	 star_x_coords [pc] 	 star_y_coords [pc] 	 star_z_coords [pc] 
2.297400000000000000e+04 -1.469581422982981778e+00 -1.167607062706249366e+00 -1.743511615125374448e+00
1.182000000000000000e+04 -5.272430919337764976e-01 3.114928834193477769e-01 -1.173544352042636518e+00
2.294900000000000000e+04 -8.962985107164538334e-01 -8.544723644066820611e-01 -1.285398017082020061e+00
2.300800000000000000e+04 -1.783268926817065392e-01 -1.029485042451039334e+00 -3.517051698795832237e-01
2.802600000000000000e+04 2.557334154927435321e-01 3.798121596029844227e-01 4.340325920269449966e-02
1.967000000000000000e+03 3.446565606392990588e-01 -3.489784954310870546e-01 -5.011105117733585246e-01
2.846500000000000000e+04 3.446565606392990588e-01 -3.489784954310870546e-01 -5.011105117733585246e-01
2.846600000000000000e+04 5.271681699317554148e-01 -1.951366422282880819e-01 -3.065930613882521527e-01
1.166000000000000000e+04 5.271681699317554148e-01 -1.951366422282880819e-01 -3.065930613882521527e-01
1.166100000000000000e+04 -2.276128837117141757e-01 -1.741716723647321885e-01 5.970703683500602210e-01
2.370900000000000000e+04 -3.978986442194525353e-01 -1.017444947731824811e-01 1.221232106382732496e+00
1.409300000000000000e+04 1.267718230618495312e-01 6.798945091339163582e-01 9.739639785957443507e-01
2.356400000000000000e+04 1.267718230618495312e-01 6.798945091339163582e-01 9.739639785957443507e-01
2.356500000000000000e+04 9.260881748284610637e-01 8.712389393492188105e-01 1.906579593310993914e+00
1.528000000000000000e+04 6.612321948402204441e-01 1.774797002875867946e+00 6.006587256165119015e-01
