# star id 	 star_x_coords [pc] 	 star_y_coords [pc] 	 star_z_coords [pc] 
4.814900000000000000e+04 -1.332375431616299011e+00 -1.044900314520171625e+00 -7.778748237601185167e-01
4.800000000000000000e+04 -1.814263124383508341e+00 -3.482202946365655638e-01 -7.551667304470441877e-01
4.924500000000000000e+04 -9.167865656001694674e-01 7.201583227551218158e-01 8.707565873029210479e-02
4.815300000000000000e+04 1.312634395110379160e-01 2.564987148386486115e-01 -1.052039833915330291e-01
4.892900000000000000e+04 1.258935220287192180e+00 1.092585363926152020e+00 1.520509629652408989e-01
4.820700000000000000e+04 1.292296810722682210e+00 1.933067931887939128e+00 7.664942359793514015e-02
4.815700000000000000e+04 6.543079740151966917e-01 9.743578706829025826e-01 7.017891094417905151e-02
3.016400000000000000e+04 1.812576991113033387e+00 4.697021381272763474e-01 1.998483672511213172e-01
4.821000000000000000e+04 -2.512027120615627496e-01 -3.973705722434608401e-01 5.467743466012890963e-01
4.799800000000000000e+04 -7.441763401717054194e-01 -1.018448695628578093e+00 3.596425883807654600e-01
3.053000000000000000e+04 -3.333002763099983667e-01 -1.468722328967569490e+00 2.012345881371047085e-01
4.820900000000000000e+04 5.532113902613531309e-01 -9.284311338215839315e-01 -2.755953095627461380e-02
