# star id 	 star_x_coords [pc] 	 star_y_coords [pc] 	 star_z_coords [pc] 
3.257400000000000000e+04 1.525321633134666399e-01 -1.680687877814079911e-02 1.296906422918908675e-02
3.238800000000000000e+04 2.144428542678582517e-01 -2.404917806583313222e-01 -3.611986133219602380e-02
3.236000000000000000e+04 2.144428542678582517e-01 -2.404917806583313222e-01 -3.611986133219602380e-02
3.227900000000000000e+04 -2.127902900757874249e-01 -4.758594375977054369e-02 -1.834217572482756964e-01
3.239700000000000000e+04 -3.882694884867419205e-01 -2.467297454327308515e-01 -1.504207991771266961e-01
3.222200000000000000e+04 -3.882694884867419205e-01 -2.467297454327308515e-01 -1.504207991771266961e-01
3.252900000000000000e+04 -2.155101983982632419e-01 -2.955418882734761610e-03 -1.925970245907393519e-01
3.248500000000000000e+04 -6.851723819531230220e-02 3.948385660463316071e-02 -3.167834718109787673e-01
3.252000000000000000e+04 -3.575919474317714730e-01 1.730317301928607776e-02 -2.651300536860503598e-01
3.230600000000000000e+04 1.451151625684161672e-01 8.430836529409191371e-02 -3.892451737324620353e-01
3.244400000000000000e+04 4.172244930845039335e-01 1.362850325502051874e-02 -2.078486258503815520e-01
3.241100000000000000e+04 4.172244930845039335e-01 1.362850325502051874e-02 -2.078486258503815520e-01
3.235000000000000000e+04 3.829576384269728351e-02 -2.979706499456682423e-01 8.772131602973587405e-02
3.234900000000000000e+04 3.829576384269728351e-02 -2.979706499456682423e-01 8.772131602973587405e-02
3.225300000000000000e+04 3.829576384269728351e-02 -2.979706499456682423e-01 8.772131602973587405e-02
3.233700000000000000e+04 3.600899923542044689e-02 6.397086355033820837e-02 1.083945501907948028e-01
3.242800000000000000e+04 4.676326251619400409e-02 -1.561890803770893399e-01 1.094577863840910936e-01
3.242700000000000000e+04 4.676326251619400409e-02 -1.561890803770893399e-01 1.094577863840910936e-01
3.242600000000000000e+04 4.676326251619400409e-02 -1.561890803770893399e-01 1.094577863840910936e-01
3.241000000000000000e+04 1.106620693099387154e-01 -1.689093463676556439e-01 4.717354253424588251e-02
3.228800000000000000e+04 -6.003059873194160900e-05 -3.748214624489776270e-02 2.697635292686229036e-01
3.228700000000000000e+04 -5.210260646198605627e-02 -6.283771255564829517e-02 1.108656994456111988e-01
3.228600000000000000e+04 -5.210260646198605627e-02 -6.283771255564829517e-02 1.108656994456111988e-01
3.236300000000000000e+04 -3.119980051660462550e-01 -5.229666722060102302e-01 3.560663063189792865e-01
3.250900000000000000e+04 -3.716130765843672634e-02 -3.143410959261814241e-01 -5.535268977115492817e-02
3.238000000000000000e+04 -8.871473338034263634e-02 -2.334295103333090537e-01 2.681967521777153252e-01
3.238700000000000000e+04 1.525321633134666399e-01 -1.680687877814079911e-02 1.296906422918908675e-02
3.237900000000000000e+04 2.805144861825681346e-02 3.428885074202469241e+00 -1.154926546509173590e+00
3.246400000000000000e+04 -7.651108768686754047e-02 1.897020059153064153e+00 -4.265113557703230640e-01
3.259400000000000000e+04 -3.012600915479453079e-01 2.829669685498700460e+00 -6.586807063102639859e-02
3.252800000000000000e+04 3.997467791920144009e-01 -7.156026302759670443e-01 8.777310518896257463e-01
3.232200000000000000e+04 -4.857430434596636815e-01 9.919189082557977599e-02 1.008016906183307526e+00
3.250000000000000000e+04 9.164959207596723445e-02 -3.993278835745996957e-01 7.973688528785558560e-01
3.235400000000000000e+04 -1.235604516607651249e-01 -1.818402414095032782e-02 1.069396674536868375e+00
3.239200000000000000e+04 4.913044313471459645e-01 4.271568924046960092e-01 1.000509738980269958e+00
3.239000000000000000e+04 -6.181738897498689767e-02 4.805744632150208417e-01 1.222841074951190876e-01
3.239800000000000000e+04 6.009612777715744869e-02 3.786542251742304188e-01 4.748126817321605131e-01
3.239900000000000000e+04 -4.707409984425510174e-01 -4.596281426759389888e-01 2.034569606092802019e-01
3.241300000000000000e+04 4.349604037354737329e-01 -3.438695175259312009e-01 3.800843961546860328e-01
3.241400000000000000e+04 -6.997802167244913107e-01 -1.362491432554080006e+00 2.661351135581142557e-01
3.249900000000000000e+04 -1.850969702246771931e+00 -1.437379274074032764e+00 9.587761477096989893e-02
3.245800000000000000e+04 1.500583907939301298e-01 -4.908432978611898534e-01 -4.132940965729332561e-01
3.237100000000000000e+04 1.159790494128287719e-02 -7.937129609893105453e-01 5.700621627198643182e-02
3.244700000000000000e+04 -2.210321166155466699e-01 -7.261827600325005960e-01 -9.392648880810128276e-02
3.243500000000000000e+04 -1.729826715463644859e-01 2.858482572335390159e-01 -6.310861686851865215e-02
3.233300000000000000e+04 -7.437324204567659081e-01 2.282442259795800510e-01 4.354599178465434761e-02
3.225500000000000000e+04 -5.995942280802211144e-01 -1.222982894305985724e+00 -4.050016534240583610e-01
3.225600000000000000e+04 2.646828667329970131e-01 3.177639106214229514e-01 -8.143030860321687214e-01
3.255900000000000000e+04 8.600357855779350302e-02 1.018147854639479988e+00 -9.777594095193791190e-01
3.247200000000000000e+04 3.844389896412678809e-01 -1.260113690809205877e+00 -7.037829568400937319e-01
3.245900000000000000e+04 4.840352669997827206e-01 1.004894615106977085e+00 -5.131479322335792403e-01
3.229700000000000000e+04 1.841848752377472920e-04 1.694942989283745760e+00 -1.040642152867341963e+00
3.240600000000000000e+04 -4.723403340512106752e-01 1.373181315464890417e+00 -1.076707448682576285e+00
3.254800000000000000e+04 -5.979291774860229225e-01 1.380827793179719265e+00 2.487934605806927379e-01
3.235800000000000000e+04 -2.111749936097595537e-01 1.328071996004425159e+00 8.168798675184518743e-01
3.247600000000000000e+04 -2.213012266512208726e-01 -7.996992788082479819e-02 -1.129305387596993171e+00
3.247700000000000000e+04 -8.356573153105273377e-02 -7.654906687662332843e-03 2.885375522910678114e-01
3.255300000000000000e+04 -8.356573153105273377e-02 -7.654906687662332843e-03 2.885375522910678114e-01
3.255400000000000000e+04 1.860892570864365325e-01 -1.626906755398920268e-01 4.121320962013044209e-01
3.247400000000000000e+04 -1.437881017145912210e-01 1.716784051939725941e-01 1.206039282136686097e-01
3.225800000000000000e+04 1.320767739271673236e-01 -8.233680998657177952e-03 1.509127977948665489e-01
3.225900000000000000e+04 1.320767739271673236e-01 -8.233680998657177952e-03 1.509127977948665489e-01
3.226000000000000000e+04 2.768714796643223508e-02 -2.410907392277721328e-01 2.773494415326851481e-01
3.226100000000000000e+04 2.768714796643223508e-02 -2.410907392277721328e-01 2.773494415326851481e-01
3.243200000000000000e+04 1.149642683581362235e-01 -7.188513652509698204e-02 8.754527182088622794e-02
3.235100000000000000e+04 1.212018266918448717e-01 -3.194923578613071413e-01 1.608764906541466644e-01
3.235200000000000000e+04 1.212018266918448717e-01 -3.194923578613071413e-01 1.608764906541466644e-01
3.229600000000000000e+04 2.798288716679309118e-01 -1.789694915082407078e-02 9.910088625936452900e-02
3.254300000000000000e+04 2.798288716679309118e-01 -1.789694915082407078e-02 9.910088625936452900e-02
3.248200000000000000e+04 2.255655170515780128e-01 -8.049437057692898634e-02 1.347319959423316504e-01
3.237700000000000000e+04 -2.178852670006961034e-01 -2.001086272191798798e-01 2.820003511006063945e-02
3.237800000000000000e+04 -2.178852670006961034e-01 -2.001086272191798798e-01 2.820003511006063945e-02
3.254700000000000000e+04 -4.534822615721623151e-01 -2.368584661662964663e-01 2.220078019461482199e-01
3.240300000000000000e+04 -1.833486109122475227e-01 -2.802123699008376434e-01 3.018993803784724150e-01
3.240400000000000000e+04 -1.513119142486800683e-01 -3.811692032283815479e-01 1.691681652856615869e-01
3.234700000000000000e+04 2.770933742418435486e-02 -2.765949617066780775e-01 1.272930417193407493e-02
3.234800000000000000e+04 2.770933742418435486e-02 -2.765949617066780775e-01 1.272930417193407493e-02
3.249200000000000000e+04 2.179821820675442723e-02 2.273124770723882193e-01 -1.981418792899916070e-01
3.244600000000000000e+04 2.179821820675442723e-02 2.273124770723882193e-01 -1.981418792899916070e-01
3.246200000000000000e+04 -3.322495897221244832e-02 2.201913511030539894e-01 1.066839209232739449e-01
3.251700000000000000e+04 6.440959969926041140e-02 -1.696616719593464495e-01 -8.726778295975634592e-02
3.253700000000000000e+04 4.053681590971933701e-01 2.471401194878666274e-01 -1.432248506439606217e-01
3.236500000000000000e+04 4.053681590971933701e-01 2.471401194878666274e-01 -1.432248506439606217e-01
3.246600000000000000e+04 -1.659523436025409637e-01 5.959498878995361792e-02 -1.935115252568735400e-01
3.231800000000000000e+04 6.111919633171680744e-02 -1.338961384217753903e-01 -1.058859129654408093e-01
3.245600000000000000e+04 -2.221330498392433128e-01 -1.239196265606210545e-01 8.914968036057047129e-02
3.227600000000000000e+04 5.700833330699595081e-02 -2.388641956300006086e-01 -8.219518893080390853e-02
3.243300000000000000e+04 5.700833330699595081e-02 -2.388641956300006086e-01 -8.219518893080390853e-02
3.232500000000000000e+04 2.637980789812388593e-02 -1.224874265318049993e-01 1.173822830391841876e-01
3.239100000000000000e+04 2.637980789812388593e-02 -1.224874265318049993e-01 1.173822830391841876e-01
3.243600000000000000e+04 2.521678431327245562e-02 -1.663207652349854015e-01 1.332604546582629723e-01
3.229300000000000000e+04 2.521678431327245562e-02 -1.663207652349854015e-01 1.332604546582629723e-01
3.252600000000000000e+04 -1.438765464845914721e-02 -2.306070078362409959e-01 7.854761933946008412e-02
3.260100000000000000e+04 1.209114941139546318e-01 -3.917546775191738107e-02 9.102545406182116494e-02
3.224500000000000000e+04 1.052235637462217710e-01 -2.564739129194038014e-01 1.023792752398406947e-01
3.222300000000000000e+04 1.052235637462217710e-01 -2.564739129194038014e-01 1.023792752398406947e-01
3.238900000000000000e+04 -1.680961835446623809e-01 2.832085322694410934e-03 -4.707770869247696055e-02
3.232300000000000000e+04 -1.680961835446623809e-01 2.832085322694410934e-03 -4.707770869247696055e-02
3.241700000000000000e+04 7.353028550025442200e-02 -1.238505151086002343e-01 -8.811357668569286261e-02
3.251100000000000000e+04 7.353028550025442200e-02 -1.238505151086002343e-01 -8.811357668569286261e-02
3.265200000000000000e+04 -1.727973334853913912e-01 -1.114235290110059395e-01 1.459429070594993050e-01
3.243900000000000000e+04 -1.727973334853913912e-01 -1.114235290110059395e-01 1.459429070594993050e-01
3.230700000000000000e+04 6.017848120492885755e-02 -2.046226025380804003e-01 1.387538841066771056e-02
3.230800000000000000e+04 6.017848120492885755e-02 -2.046226025380804003e-01 1.387538841066771056e-02
3.230900000000000000e+04 6.017848120492885755e-02 -2.046226025380804003e-01 1.387538841066771056e-02
3.218400000000000000e+04 -1.195376484585608523e-02 -2.111183041729702836e-01 1.582072909754899115e-01
3.218500000000000000e+04 -1.195376484585608523e-02 -2.111183041729702836e-01 1.582072909754899115e-01
3.218600000000000000e+04 -1.195376484585608523e-02 -2.111183041729702836e-01 1.582072909754899115e-01
3.218700000000000000e+04 -1.195376484585608523e-02 -2.111183041729702836e-01 1.582072909754899115e-01
3.248000000000000000e+04 1.104228865689549366e-02 -3.060051437826842857e-01 6.765767127347999121e-02
3.222100000000000000e+04 1.525321633134666399e-01 -1.680687877814079911e-02 1.296906422918908675e-02
3.237000000000000000e+04 -4.600442348097004697e-01 -4.245119658033758014e-01 -1.797172812004212972e+00
3.226400000000000000e+04 2.255655170515780128e-01 -8.049437057692898634e-02 1.347319959423316504e-01
3.238400000000000000e+04 -2.221330498392433128e-01 -1.239196265606210545e-01 8.914968036057047129e-02
3.230100000000000000e+04 -1.105263806354358280e+00 1.703925225400567456e+00 -3.967515520272186791e-01
3.247500000000000000e+04 1.686705851120962052e-01 -1.884950356361855484e+00 8.198663287446308345e-01
3.251500000000000000e+04 1.334607195769478949e+00 4.887509208638221025e-01 1.139733119260554872e+00
3.238300000000000000e+04 1.361644131199597041e+00 1.131165114980277053e+00 -1.369457465588546086e+00
3.244900000000000000e+04 9.199778742227664452e-01 -4.628121795480950595e-01 -8.947245325239308045e-01
3.238100000000000000e+04 6.996455159463721429e-01 -1.574251403911404168e-01 4.733138343527798497e-02
3.233200000000000000e+04 5.356215372634807181e-01 1.005718083251991857e+00 -1.515620033719429216e-01
