# star id 	 star_x_coords [pc] 	 star_y_coords [pc] 	 star_z_coords [pc] 
1.693600000000000000e+04 -1.193442514244722474e-01 -7.232618484307380413e-01 1.943386536289288813e-01
1.703900000000000000e+04 -6.815010382127155708e-01 -5.114190107767981885e-01 -2.896448744702571076e-01
1.685400000000000000e+04 -4.086540845574901937e-01 -4.762345860019010502e-01 -4.378447155322433559e-01
1.676300000000000000e+04 -4.978402443880085571e-01 3.587154128658092134e-01 7.796187684529911621e-01
1.689900000000000000e+04 -2.739857688314728534e-01 3.443251398267719310e-01 5.804173786497166532e-01
1.693200000000000000e+04 -2.739857688314728534e-01 3.443251398267719310e-01 5.804173786497166532e-01
1.693300000000000000e+04 -4.457030123744800676e-01 2.345241495989860425e-01 1.004597433215451474e+00
1.682000000000000000e+04 2.514612798730908594e-01 2.502802519599072184e-01 7.742123721482592202e-01
1.691100000000000000e+04 4.031114163583993104e-01 2.372664797853936136e-01 7.999510405670697821e-01
1.685500000000000000e+04 -5.304753800858463819e-02 1.947236224599038223e-01 6.667275246144512835e-01
1.680800000000000000e+04 5.610172911724475853e-02 -1.658194666271342044e-01 2.135870789104838963e-01
1.701700000000000000e+04 1.855035443572603526e-01 -2.533170652369278741e-01 2.799397135762298205e-01
1.693500000000000000e+04 1.006135336776026179e-02 1.501386686805012971e-01 3.256814467106803335e-01
1.702100000000000000e+04 2.948016705470166698e-01 2.023824487876879630e-02 3.049671964566194049e-01
1.705400000000000000e+04 -3.128055323195084725e-01 4.132453826026392107e-01 2.406907336802799335e-01
1.687200000000000000e+04 -2.155357554123895625e-01 2.939732918206487966e-01 4.636607825464054145e-01
1.699700000000000000e+04 1.834264954182458496e-01 2.499319386751537309e-01 2.342853923253507276e-01
1.699900000000000000e+04 3.806020751180199113e-01 2.679601284133639183e-01 4.013224996136397493e-01
1.689100000000000000e+04 -3.826219897027982597e-02 -6.067879679179313257e-01 1.357963826304420252e-02
1.701500000000000000e+04 -3.070311889886312429e-02 -4.371085138255246250e-01 7.211980403900142278e-02
1.711000000000000000e+04 -3.570890566635327446e-01 7.611647922661290977e-02 3.510000018135173150e-03
1.710900000000000000e+04 -3.186338669108437216e-01 1.314989111897908458e-01 6.424055535644512815e-03
1.695800000000000000e+04 -3.186338669108437216e-01 1.314989111897908458e-01 6.424055535644512815e-03
1.694000000000000000e+04 -1.830099515236867092e-01 1.115934285344231114e-01 1.935165468064106165e-01
1.706700000000000000e+04 -8.459805537603415360e-02 -3.325657985743859513e-01 3.963376754775538302e-02
1.705300000000000000e+04 9.336426227000060862e-02 -3.208510502781294349e-01 9.842477280583850074e-03
1.694200000000000000e+04 1.835090534474659307e-02 -7.477880244718093650e-02 -7.821416506999945284e-02
1.686200000000000000e+04 1.815591570718311232e-02 -7.711690464208942331e-02 -4.086617751460686065e-02
1.694500000000000000e+04 1.815591570718311232e-02 -7.711690464208942331e-02 -4.086617751460686065e-02
1.700300000000000000e+04 1.815591570718311232e-02 -7.711690464208942331e-02 -4.086617751460686065e-02
1.704800000000000000e+04 1.815591570718311232e-02 -7.711690464208942331e-02 -4.086617751460686065e-02
1.692700000000000000e+04 -1.310067494898703444e-03 -1.783191279724114509e-01 -1.445261983404932948e-02
1.686000000000000000e+04 6.803968640154067771e-02 -1.402684941846992217e-01 -3.241244302754964224e-03
1.704500000000000000e+04 -4.858258125326386789e-02 -1.078209838080823602e-01 3.325443124522919902e-02
1.709600000000000000e+04 -7.663400766886496740e-02 -2.435539682334528777e-01 1.645785331103706284e-01
1.687100000000000000e+04 1.385665891778060654e-01 -1.089899388035853178e-01 8.556902548063227698e-02
1.700000000000000000e+04 1.385665891778060654e-01 -1.089899388035853178e-01 8.556902548063227698e-02
1.698100000000000000e+04 1.601066613787125448e-01 -1.900609333989180527e-01 -8.148501156405707491e-02
1.692600000000000000e+04 2.127784977927404952e-01 -3.118372963324098635e-01 -3.293777177292867009e-02
1.682300000000000000e+04 1.350199747874043510e-01 -2.291422645950156323e-01 1.643787899021127430e-01
1.682200000000000000e+04 8.396824528630730811e-02 -1.883354482461641055e-02 -1.356938835205490079e-02
1.709500000000000000e+04 -2.361032468973434106e-02 1.925595250526548341e-01 -8.552345776080727546e-02
1.703400000000000000e+04 3.693634087525765608e-03 8.300706429224291583e-02 -6.647184928077898292e-02
1.683700000000000000e+04 2.066341197700438670e-02 9.379346635097007834e-02 -4.712148668019011666e-02
1.684600000000000000e+04 -1.263991798279988643e-01 2.246851099689557429e-01 -8.061653289065695560e-02
1.683000000000000000e+04 3.924315359304841877e-02 8.541474599940812595e-03 -1.982944127365904308e-02
1.689700000000000000e+04 3.924315359304841877e-02 8.541474599940812595e-03 -1.982944127365904308e-02
1.698400000000000000e+04 8.645967062719250862e-03 6.392768957223182724e-02 -3.173988395514548699e-02
1.712200000000000000e+04 8.645967062719250862e-03 6.392768957223182724e-02 -3.173988395514548699e-02
1.685600000000000000e+04 5.580484605401636600e-02 1.137743106590995978e-01 1.155779819259628027e-02
1.694100000000000000e+04 -2.823283957606292915e-02 1.348016256370137000e-01 1.837188583031768019e-02
1.681000000000000000e+04 3.765689446984055166e-02 1.205586017837845247e-01 3.497975112252049712e-02
1.680900000000000000e+04 3.765689446984055166e-02 1.205586017837845247e-01 3.497975112252049712e-02
1.695300000000000000e+04 -4.120576010497956077e-02 4.443919315839295336e-02 8.013404013961533678e-02
1.682400000000000000e+04 -4.120576010497956077e-02 4.443919315839295336e-02 8.013404013961533678e-02
1.683300000000000000e+04 3.814606268444720172e-02 8.911138297523990559e-02 7.775403231285515915e-02
1.685200000000000000e+04 3.814606268444720172e-02 8.911138297523990559e-02 7.775403231285515915e-02
1.685100000000000000e+04 4.981808395974951509e-03 1.382995685453813905e-01 1.161825498883732877e-01
1.695900000000000000e+04 4.981808395974951509e-03 1.382995685453813905e-01 1.161825498883732877e-01
1.708100000000000000e+04 4.182012707712345900e-02 4.444854190193936461e-02 1.206228317513868831e-01
1.684100000000000000e+04 6.130164662543080567e-02 -5.029353524204438486e-02 9.179077638918364812e-02
1.706600000000000000e+04 6.130164662543080567e-02 -5.029353524204438486e-02 9.179077638918364812e-02
1.693400000000000000e+04 4.666363229134873336e-02 -8.997054827130313015e-03 1.516560618814768446e-01
1.702300000000000000e+04 -1.617945948749976992e-01 -3.138495918493333647e-02 8.141250228919005849e-02
1.706800000000000000e+04 -7.092242318368136011e-02 -2.754955719631979605e-02 1.666883344131466771e-01
1.684500000000000000e+04 -5.148895433968192492e-02 3.418849501557730264e-02 1.876397223043912987e-01
1.698800000000000000e+04 -5.148895433968192492e-02 3.418849501557730264e-02 1.876397223043912987e-01
1.698700000000000000e+04 1.145297841259136362e-01 1.438000605223415107e-01 1.931994853317942074e-01
1.680100000000000000e+04 -1.744274508020424719e-01 3.478686285800591804e-02 2.026436885403981591e-02
1.685000000000000000e+04 -1.744274508020424719e-01 3.478686285800591804e-02 2.026436885403981591e-02
1.712800000000000000e+04 3.561598664955525351e-01 -2.877744381834190790e-02 5.600624005625221002e-03
1.688000000000000000e+04 1.754512074629701601e-01 7.858438258195832304e-02 -5.489539046930680399e-02
1.707600000000000000e+04 1.682727159381798288e-01 -2.617537041231798867e-02 1.332964450178408811e-02
1.696500000000000000e+04 1.632098234584375973e-01 1.085156608166748526e-01 3.897354303522426733e-02
1.704700000000000000e+04 1.632098234584375973e-01 1.085156608166748526e-01 3.897354303522426733e-02
1.685300000000000000e+04 2.234371090621181111e-01 -1.201801606653063459e-02 3.744761876337854289e-02
1.686700000000000000e+04 1.543122593649286500e-01 -2.050457759421320247e-02 7.515632861496612804e-02
1.697700000000000000e+04 1.517818044505503394e-02 2.615977052368307909e-01 1.200084019564151561e-02
1.690000000000000000e+04 -3.223231726644613104e-01 4.218420150825217263e-01 4.942605964324009449e-02
1.691200000000000000e+04 -2.013434968369622879e-01 2.478611165974946573e-01 -3.385880662833606891e-02
1.688900000000000000e+04 3.673281654506226346e-01 4.062513476686397951e-01 -4.517828090889963732e-02
1.685700000000000000e+04 2.193034115160301667e-01 3.988978161813818701e-01 6.552270807000759589e-02
1.692300000000000000e+04 3.995842799937960876e-01 3.343280584207199979e-01 1.658521331826534606e-01
1.708600000000000000e+04 6.099655522850611078e-02 -2.076642284545258121e-01 -1.162444304234568904e-01
1.708500000000000000e+04 7.196173064021138543e-02 -1.095476357538736067e-01 -9.946221355867379543e-02
1.687500000000000000e+04 7.196173064021138543e-02 -1.095476357538736067e-01 -9.946221355867379543e-02
1.687400000000000000e+04 -2.696726488011904621e-01 -1.569943917603282557e-01 -3.091121038624944362e-01
1.678600000000000000e+04 -3.252039128379635713e-01 -2.181573415267834548e-01 -2.429261686001353837e-01
1.681500000000000000e+04 1.394879307415735070e-01 -2.946175494909724080e-01 -1.610422051831044143e-01
1.674400000000000000e+04 1.622821179005953240e-01 -1.328908963145245536e-01 -9.815528696456610191e-02
1.674500000000000000e+04 7.113347683682746947e-02 4.312246198395186525e-02 -2.474733886279700812e-01
1.674600000000000000e+04 -1.135115539407465235e-01 1.929353393087360757e-01 -2.064873317007993592e-01
1.674700000000000000e+04 -9.899147156238541356e-02 1.111838537919851433e-02 -1.906232442771749191e-01
1.705500000000000000e+04 1.104498720489459629e-01 4.491537520457811183e-02 -1.733860578618795500e-01
1.706500000000000000e+04 1.036874788108903545e-01 4.573330970283606689e-02 -1.563478913683624683e-01
1.697200000000000000e+04 1.036874788108903545e-01 4.573330970283606689e-02 -1.563478913683624683e-01
1.683600000000000000e+04 -3.954779174851807966e-02 4.679307297677581801e-02 -1.496611825765779002e-01
1.692100000000000000e+04 -9.543000948826829699e-02 -3.315608766023458998e-02 -1.432278435190905697e-01
1.692000000000000000e+04 6.657269157518186375e-02 -5.270967740345966490e-02 -1.381782152900168370e-01
1.699400000000000000e+04 6.657269157518186375e-02 -5.270967740345966490e-02 -1.381782152900168370e-01
1.699300000000000000e+04 8.909065581896413732e-02 9.781926450195044254e-03 -1.053624662175813853e-01
1.708700000000000000e+04 -6.633723238783062470e-02 4.763980343722806765e-02 -9.380989003663664505e-02
1.699600000000000000e+04 -6.938670169250826802e-02 -4.979102207838792538e-02 -8.958621379875708612e-02
1.711400000000000000e+04 -6.938670169250826802e-02 -4.979102207838792538e-02 -8.958621379875708612e-02
1.711300000000000000e+04 -4.069681424898803357e-01 6.539604924455488799e-03 -3.660561554984269605e-01
1.704100000000000000e+04 -2.660934333564810572e-01 2.028806417999291511e-01 -1.908470571399032423e-01
1.691900000000000000e+04 3.169417022022855690e-01 -1.276721953790271868e-02 -3.610834281891541764e-01
1.704000000000000000e+04 3.512987169625887418e-01 2.147325511668256581e-01 -2.616132426034845082e-01
1.689200000000000000e+04 2.285220207486915456e-01 -6.246960693371050866e-03 -1.762105272743053064e-01
1.700500000000000000e+04 1.589470660319420858e-01 5.172045079637754839e-02 -1.616989127730690257e-01
1.713300000000000000e+04 2.120693992343447576e-01 -2.918917212431537678e-02 -1.006257704869781833e-01
1.686600000000000000e+04 4.429101954401915009e-02 2.928550672063465754e-01 -1.938759968861987204e-01
1.699200000000000000e+04 -2.517145843179307008e-01 2.889927882956904170e-01 -2.419387388813643014e-01
1.712700000000000000e+04 -4.529220000358051834e-01 -5.933661809259902498e-01 -8.868306399406655771e-02
1.680500000000000000e+04 1.586743376836423636e-01 -4.192863426850017561e-01 -3.279984379743510203e-01
1.688600000000000000e+04 2.103437004018289258e-01 -4.198106035163462479e-01 -2.292051825560346145e-01
1.688500000000000000e+04 -1.645844899396635697e-01 -3.206363165282155592e-01 -4.713531271389843624e-01
1.692400000000000000e+04 -3.565167227722554344e-01 -2.479155293737100862e-01 -5.570235724243488562e-01
1.711800000000000000e+04 -3.250436987488427576e-01 -2.772899838909239634e-01 -4.204564235846461884e-01
1.683100000000000000e+04 3.251304798983554178e-01 -2.165845205919687544e-01 -5.902522469195794486e-01
1.696200000000000000e+04 4.371855783954785579e-01 9.018305525782821519e-02 -5.204947238450365887e-01
1.707500000000000000e+04 -3.160175903176138945e-01 7.986942710195421569e-02 -5.739705053117685196e-01
1.686100000000000000e+04 3.797423077800274882e-01 1.242200949503811103e-01 -5.163912764677256462e-01
