# star id 	 star_x_coords [pc] 	 star_y_coords [pc] 	 star_z_coords [pc] 
2.116900000000000000e+04 -7.513540118181829541e-01 -6.900559668323609230e-01 -1.716001925118614935e+00
2.103200000000000000e+04 -1.445166038050118118e+00 -1.676139997326583142e+00 1.795951109977435678e+00
2.116500000000000000e+04 8.855171087717046419e-01 1.656359828153135538e-01 1.707129719456650818e+00
2.121500000000000000e+04 -1.063908799738882749e+00 -1.302719166154982844e+00 6.241642155730531272e-01
2.099500000000000000e+04 -4.808509477283244848e-01 -4.077919438031436528e-01 -3.274746877537744183e-01
2.108300000000000000e+04 1.144010377696176306e-01 -1.359228648775289372e+00 -5.565873900481932424e-02
2.112300000000000000e+04 2.125917245590507321e-01 -1.086170392951622432e+00 9.425486826982520938e-02
2.107700000000000000e+04 2.125917245590507321e-01 -1.086170392951622432e+00 9.425486826982520938e-02
2.093200000000000000e+04 -5.627412256584989336e-01 -1.637987152120139456e-01 -3.917180268149493827e-01
2.097700000000000000e+04 7.772480222723530119e-01 -1.853889117915532125e+00 6.698627057879456004e-01
2.118500000000000000e+04 -7.012806555705104472e-01 -1.371730017495771392e-01 3.068404964534963142e-01
2.105700000000000000e+04 -7.625307640521690189e-01 1.670633756133099723e-01 3.358852061360408925e-01
2.106300000000000000e+04 4.672159984163819502e-01 -2.249266063393662307e-01 4.757559836097193795e-01
2.093900000000000000e+04 3.946792326981629628e-01 3.059260480935677151e-02 2.877906001144800996e-01
2.117600000000000000e+04 -6.632125108274991021e-01 -1.933105848731383247e+00 7.851133534841885364e-01
2.112800000000000000e+04 3.050424334745294175e-01 -5.422496011714272868e-01 8.169829515463042924e-01
2.118000000000000000e+04 -9.060480186234762812e-01 -1.000357041184614104e-01 8.098867841745551743e-01
2.105200000000000000e+04 9.078252035743652471e-01 1.273811202914281182e-01 1.166764174971746115e-02
2.103100000000000000e+04 -4.579416319707618754e-02 -1.095501344572348046e+00 9.399318220243060296e-01
2.103000000000000000e+04 -8.569269067724967215e-01 -3.762025236625810010e-01 -7.534663880149281567e-01
2.105100000000000000e+04 -4.428976663816897030e-02 -6.355904634379569984e-01 -5.203111256455876799e-01
2.103900000000000000e+04 -3.304429914694146930e-01 -1.989795639218918666e-01 -9.870330341643906991e-01
2.109800000000000000e+04 -6.023855373936370938e-02 -1.567884334980256256e-01 -4.891190674649266157e-01
2.115700000000000000e+04 -6.023855373936370938e-02 -1.567884334980256256e-01 -4.891190674649266157e-01
2.115800000000000000e+04 7.521610010001822388e-02 -1.203744810396507603e-01 -4.611586852719398166e-01
2.115400000000000000e+04 3.819194263902971898e-01 -2.915693526438793981e-01 -4.773005389196249837e-01
2.112100000000000000e+04 -3.516169808921780771e-01 -8.770641551151534543e-01 -1.469326227069782220e+00
2.112500000000000000e+04 -3.909303456635022656e-01 -2.579257336986948701e-01 5.169839461278726844e-01
2.865000000000000000e+03 -6.808645358584897167e-02 2.018946942666950406e-01 4.772460283475972176e-01
2.116600000000000000e+04 -2.558602852704652264e-01 -1.804595210423443064e-02 3.565294194337944589e-01
2.102600000000000000e+04 -2.707914902249086708e-01 -7.807110392384686293e-03 1.673982633378763296e-01
2.087800000000000000e+04 -1.436920323909944841e-01 -1.130583124122708227e-01 1.473394808556527380e-01
2.087900000000000000e+04 -1.436920323909944841e-01 -1.130583124122708227e-01 1.473394808556527380e-01
2.101600000000000000e+04 -7.791627295195979741e-02 -1.525703229402459726e-01 1.710484189266985311e-01
2.101700000000000000e+04 -3.963435223649369732e-02 -1.897289104451793662e-01 1.493489254430073743e-01
2.111400000000000000e+04 -3.963435223649369732e-02 -1.897289104451793662e-01 1.493489254430073743e-01
2.107800000000000000e+04 -1.977942641659780065e-02 -6.528938772780890076e-02 1.409964562299634849e-01
2.112200000000000000e+04 -1.977942641659780065e-02 -6.528938772780890076e-02 1.409964562299634849e-01
2.107900000000000000e+04 -9.846175367410836543e-03 -8.186612164200113284e-02 1.395440511382766147e-01
2.094000000000000000e+04 -9.846175367410836543e-03 -8.186612164200113284e-02 1.395440511382766147e-01
2.116700000000000000e+04 -9.846175367410836543e-03 -8.186612164200113284e-02 1.395440511382766147e-01
2.109500000000000000e+04 -2.353480110361161337e-02 -2.418383465243181263e-01 1.914001159689640019e-01
2.098900000000000000e+04 8.199412954608931159e-02 -5.551744948626335940e-02 1.803955984444982619e-01
2.114000000000000000e+04 -1.568016692918057231e-01 -1.788225885194805187e-01 2.818216860521971512e-01
2.115100000000000000e+04 -2.472961483937261562e-01 -4.415693062917043221e-01 3.452533144553378008e-01
2.102500000000000000e+04 -4.621222811975940203e-01 2.563652957986448655e-01 3.584275503543885577e-01
2.091200000000000000e+04 1.243761428615997033e-02 6.778764802899317488e-02 1.742816685789563280e-01
2.116800000000000000e+04 9.651947850187170275e-02 2.031293068581909722e-01 2.051644645700640979e-01
2.091300000000000000e+04 9.651947850187170275e-02 2.031293068581909722e-01 2.051644645700640979e-01
2.099700000000000000e+04 -4.121452148184800990e-02 6.513920856573918172e-02 2.506855348841057207e-01
2.121900000000000000e+04 6.899725997632799590e-02 -3.925211797988836793e-01 1.593548926532690757e-01
2.110200000000000000e+04 -4.720404617632709687e-01 -9.138563524456699838e-02 -5.995209001559587136e-02
2.109300000000000000e+04 -1.920084324404491838e-01 -2.128675159649517923e-02 -1.270432610842249233e-01
1.974100000000000000e+04 -1.871548820155197745e-01 -1.775151839631554651e-01 -6.183320768004207935e-02
2.111700000000000000e+04 -3.789450793864936884e-01 -2.067749644427649969e-01 -4.213422331529059761e-02
2.106100000000000000e+04 -3.789450793864936884e-01 -2.067749644427649969e-01 -4.213422331529059761e-02
2.106000000000000000e+04 -2.163658902210130464e-02 -3.022393805188272609e-02 -9.599286271642526458e-02
2.105900000000000000e+04 -2.163658902210130464e-02 -3.022393805188272609e-02 -9.599286271642526458e-02
2.107100000000000000e+04 -7.285118156007541756e-02 -9.629390901843493111e-02 -9.764422347624091003e-02
2.100400000000000000e+04 -5.414779866298857769e-02 -3.980673198872963781e-02 -8.737416588401103468e-02
2.110500000000000000e+04 -5.414779866298857769e-02 -3.980673198872963781e-02 -8.737416588401103468e-02
2.097600000000000000e+04 -5.414779866298857769e-02 -3.980673198872963781e-02 -8.737416588401103468e-02
2.110000000000000000e+04 -1.092418376218411424e-01 -4.985205447439966520e-02 -9.233927961917132166e-02
2.110700000000000000e+04 -1.092418376218411424e-01 -4.985205447439966520e-02 -9.233927961917132166e-02
2.117500000000000000e+04 4.708261667752111634e-02 -2.802234910652074973e-01 -3.013895522795451143e-02
2.107400000000000000e+04 -1.640799321003783007e-02 -8.243928457019933376e-02 -2.631687698395168695e-02
2.104300000000000000e+04 -4.291887067561717117e-02 -1.341603094257450834e-01 3.603088491290762363e-02
2.111600000000000000e+04 -4.291887067561717117e-02 -1.341603094257450834e-01 3.603088491290762363e-02
2.102700000000000000e+04 -7.906861435887435618e-02 -2.238367540147869761e-01 4.140168616417483349e-02
2.110400000000000000e+04 -4.996799418161046447e-02 -8.221722563093791791e-02 5.083803366924044553e-02
2.117000000000000000e+04 -6.108823216939285317e-02 -1.961134294586841520e-01 5.386751451652571632e-02
2.102800000000000000e+04 -1.516316976418501383e-01 -3.361339996352086246e-02 -1.190037566591293228e-01
2.100300000000000000e+04 -1.443060811340828309e-01 -2.755253921834999176e-01 6.717875807413165035e-02
2.104400000000000000e+04 -1.443060811340828309e-01 -2.755253921834999176e-01 6.717875807413165035e-02
2.108000000000000000e+04 -1.056142919100828692e-01 -1.110868708776990843e-02 7.422285763918878843e-02
2.098300000000000000e+04 -1.056142919100828692e-01 -1.110868708776990843e-02 7.422285763918878843e-02
2.104100000000000000e+04 -2.346757200961491208e-02 -1.740742115804749801e-02 8.933832036845146263e-02
2.088500000000000000e+04 -1.659261617437977065e-01 -1.926607224935494855e-02 -8.643580482505086593e-02
2.102900000000000000e+04 -1.659261617437977065e-01 -1.926607224935494855e-02 -8.643580482505086593e-02
2.106800000000000000e+04 -1.545663016485363528e-01 -3.165975953133681742e-02 9.893996694097140221e-02
2.105800000000000000e+04 -1.545663016485363528e-01 -3.165975953133681742e-02 9.893996694097140221e-02
2.110600000000000000e+04 -1.545663016485363528e-01 -3.165975953133681742e-02 9.893996694097140221e-02
2.109900000000000000e+04 -1.362223820466681445e-01 -1.155618756261844737e-01 1.006936006310148457e-01
2.095800000000000000e+04 -3.376906452853454255e-01 -3.914749103494017390e-01 5.347616730356463677e-02
2.098600000000000000e+04 -1.865911474140915516e-01 -2.964758191811576182e-01 1.169642595956403852e-01
2.105300000000000000e+04 -2.269493965422029191e-01 2.407030118131459062e-01 -4.859470599785709055e-02
2.087400000000000000e+04 -2.985824228937978830e-01 6.632259174546106806e-02 -5.766615108717587646e-02
2.087500000000000000e+04 -3.454274628942108905e-01 4.143995730424165913e-02 -1.396604373599075188e-02
2.122200000000000000e+04 -3.137253560477972769e-01 9.762235769114724349e-02 4.668504259580430471e-03
2.119300000000000000e+04 -2.703928312975278914e-01 1.640768701396275731e-01 8.964969274176581848e-02
2.096300000000000000e+04 -1.774015794448295935e-01 1.126811256380477744e-01 3.233123188086395317e-02
2.106200000000000000e+04 3.168037065330508995e-02 4.105785895332303426e-02 -4.909302222402800453e-02
2.111800000000000000e+04 9.515947390540802076e-02 8.841752423789728255e-02 3.824514723638827718e-02
2.090400000000000000e+04 -1.502180534491124320e-01 4.520751844981063527e-02 -5.229807073546410834e-02
2.094800000000000000e+04 8.513508236409705887e-02 -3.810631136584028411e-01 3.639506411258963681e-02
2.113900000000000000e+04 3.879828004284036069e-02 -3.482833479102716012e-01 9.254472718680162302e-02
2.103700000000000000e+04 1.519224667923637639e-01 -4.114029881350127482e-01 2.655825577008670280e-01
2.112000000000000000e+04 1.131056611000325063e-01 -2.029553108475852241e-01 1.360181454087587838e-01
6.867000000000000000e+03 3.083793848105287339e-01 2.281892047713078853e-01 4.023050631421050127e-01
2.111900000000000000e+04 1.246539221945894838e-01 -2.470106265728091444e-01 7.056859552240624112e-02
2.104200000000000000e+04 1.864589492738382148e-01 -3.645460536410460861e-01 -2.922396904794055672e-02
2.094500000000000000e+04 2.255160105573530416e-01 2.055636486517755657e-01 -1.391385263819024942e-01
2.099800000000000000e+04 4.213799111777305484e-02 -1.066237714899678224e-01 -1.919069799754957728e-01
2.102100000000000000e+04 6.478185794165369771e-04 -1.605626150170280653e-01 -1.882998179746095957e-01
2.092300000000000000e+04 6.478185794165369771e-04 -1.605626150170280653e-01 -1.882998179746095957e-01
2.106900000000000000e+04 1.007964473294791219e-01 -1.552468105975179924e-01 -1.570686729120573943e-01
2.107200000000000000e+04 -2.483388906916736971e-01 3.612836173437372622e-02 -2.009483652587071845e-01
2.110900000000000000e+04 1.895476255458916626e-02 -3.368766689498094991e-01 -4.157300800068490787e-01
2.092100000000000000e+04 -9.285312675958934392e-02 -2.946463431616379580e-01 -1.696953346065903645e-01
2.109100000000000000e+04 -5.302820689022880174e-02 1.226809629225122933e-01 -3.136742000458916380e-01
2.121400000000000000e+04 1.068266943217821563e-02 5.685423362591635055e-02 -2.802274236386388395e-01
2.095200000000000000e+04 -1.014725232365840668e-01 4.068372990773028164e-02 -2.440748934306675721e-01
2.091700000000000000e+04 -1.014725232365840668e-01 4.068372990773028164e-02 -2.440748934306675721e-01
2.109200000000000000e+04 -7.621001821778605745e-02 6.354870884853625057e-02 -2.174017410122175420e-01
2.120900000000000000e+04 -1.269036246523782552e-01 9.460166874049491526e-02 -1.762347383762090658e-01
2.113400000000000000e+04 2.313186647462472934e-01 -6.402483506263934032e-02 -2.298080095751586782e-01
2.108900000000000000e+04 1.508589020324713204e-01 -2.959044952881839663e-02 -1.651495048495590368e-01
2.121000000000000000e+04 2.780517244432079593e+00 5.374669769499149652e-01 -1.049767915138808405e+00
2.096000000000000000e+04 -2.542379452963423603e-01 1.893544070895558207e+00 -2.098246281573068472e+00
2.118800000000000000e+04 -6.256289262053762457e-01 5.234609252540707303e-01 8.255342542843173703e-01
2.112600000000000000e+04 1.769914562569496752e-02 6.435533341498071991e-01 2.393668547116050149e-01
2.093000000000000000e+04 -2.318405726847174719e-01 4.887718915936538622e-01 -1.135472588577144393e-01
2.114800000000000000e+04 -2.913871055459331671e-01 4.579347723220834609e-01 1.101524056020544151e-01
2.106700000000000000e+04 -1.161646562824554252e+00 8.070195184330337668e-01 1.294063150323552236e-01
2.100600000000000000e+04 -4.762967506292774544e-01 1.484705116680235193e+00 6.698436661875248888e-01
2.116400000000000000e+04 2.182450107911186876e-01 7.721366856350329044e-01 -1.053645675624288458e-01
2.119400000000000000e+04 4.701967411192597979e-02 4.874325605301983444e-01 6.989327036577144270e-01
2.103300000000000000e+04 2.258073742207216128e-01 3.664360750348656381e-01 4.596877686253755257e-01
2.110100000000000000e+04 3.622470743232177881e-01 6.500068289580376302e-01 9.093347491469714328e-01
2.094400000000000000e+04 3.481840286478501412e-01 1.431119938666270741e+00 1.016939276957518956e+00
2.092700000000000000e+04 -1.810302710522648795e-01 4.419446598513481206e-01 1.348615798804713606e+00
2.102400000000000000e+04 -2.497507911301219963e-01 3.825404623403620974e-01 -4.082082153376163092e-01
2.090300000000000000e+04 -8.221873836015802794e-02 6.509675090004840570e-01 -4.700467688386460452e-01
2.099200000000000000e+04 2.095830460843792764e-01 6.381589539119509880e-01 -3.713511762532526461e-01
2.102300000000000000e+04 3.996633793372978971e-01 2.342734781365873431e+00 -5.222398635673997092e-02
2.095400000000000000e+04 3.391657361893223310e-01 8.855574815072593253e-01 -3.453849297706668153e-01
2.114500000000000000e+04 9.567854325294753437e-01 1.037537175115776478e+00 -5.290862458093315013e-01
2.093800000000000000e+04 1.489095882615927735e+00 6.189901983518986128e-01 3.030415319270822749e-01
2.108500000000000000e+04 1.316956356901538783e+00 3.816789314704536196e-01 3.946403879428963535e-01
2.118300000000000000e+04 6.013297437777112009e-01 4.127337216347761739e-01 -1.356700243242578097e+00
2.117700000000000000e+04 7.689076880891683174e-01 5.936640058549578214e-01 -1.144089379371806103e+00
2.107000000000000000e+04 7.714667026895263291e-01 1.656243887969960582e+00 -1.508544268749407280e+00
2.111300000000000000e+04 1.257843054838485131e+00 6.591120340411400491e-01 -1.734999651061400527e+00
2.090900000000000000e+04 -2.149312989344061009e-01 2.967776513991786658e-01 8.568446891604963866e-03
2.112700000000000000e+04 1.472516491284476814e+00 7.059508332226265281e-01 -1.103206818149985224e+00
2.100100000000000000e+04 1.760715297934854817e+00 7.153837296477689733e-01 1.187622332034500516e+00
