# star id 	 star_x_coords [pc] 	 star_y_coords [pc] 	 star_z_coords [pc] 
1.404900000000000000e+04 -6.780016656900897942e-01 -6.591784351056162450e-02 -1.942100513337230439e-01
1.396300000000000000e+04 -9.609633344873813598e-02 9.559365657641194503e-02 6.572221147802643770e-01
1.400000000000000000e+04 -2.789119894321672177e-01 -1.906674292747183586e-01 4.947684036662902685e-01
1.395700000000000000e+04 -3.375946208119877667e-01 4.075434341005603756e-01 5.345476616661315461e-02
1.395800000000000000e+04 -2.272619101321318169e-01 2.318929682293031647e-01 1.536600778101835374e-01
1.396800000000000000e+04 -3.741741733154171357e-01 3.412906077166155683e-01 1.986475963434557457e-01
1.404800000000000000e+04 -1.581336819511243164e-01 2.144049179092704094e-01 1.178955085270985137e-01
1.406500000000000000e+04 -2.623773585806503661e-01 1.723521754315768817e-01 3.432226965817584130e-01
1.399100000000000000e+04 -9.787493758383902787e-02 2.079734706102485120e-01 5.019783095318253174e-02
1.404600000000000000e+04 7.640423222444781004e-02 2.115919851563887732e-01 5.709804428660092412e-02
1.402200000000000000e+04 7.640423222444781004e-02 2.115919851563887732e-01 5.709804428660092412e-02
1.400300000000000000e+04 -5.812419254547052105e-02 2.901102024054083017e-01 1.945593981928670502e-01
1.398900000000000000e+04 -1.861953080451783649e-02 2.827307170167543404e-01 1.879416865771403877e-01
1.394400000000000000e+04 -1.870018004909042020e-01 -2.504484569124727500e-01 -2.835481572617304380e-02
1.404300000000000000e+04 -1.406737027360769332e-01 -8.481119854195640073e-03 1.030661860838932853e-02
1.398700000000000000e+04 -1.406737027360769332e-01 -8.481119854195640073e-03 1.030661860838932853e-02
1.394800000000000000e+04 -1.446477659416522954e-01 -1.028828869770634924e-01 7.333405574572182672e-03
1.398300000000000000e+04 -1.802932138622281855e-01 3.683612075844422407e-02 3.004142922753594291e-02
1.402600000000000000e+04 -1.802932138622281855e-01 3.683612075844422407e-02 3.004142922753594291e-02
1.395500000000000000e+04 -2.353137361422241725e-01 4.137343735749254847e-02 5.217769255252413529e-02
1.395600000000000000e+04 -8.005288238956609348e-02 5.179222245885739540e-02 3.368897122177916259e-01
1.396100000000000000e+04 -1.027460306325167494e-02 -3.571735138832252687e-01 -3.549692475671228920e-02
1.401000000000000000e+04 7.879832009044207553e-02 -1.287273838238434109e-01 2.499183930211756888e-02
1.399700000000000000e+04 1.285960141614381769e-01 -6.420779163960332880e-03 8.629004151556429747e-03
1.405000000000000000e+04 1.285960141614381769e-01 -6.420779163960332880e-03 8.629004151556429747e-03
1.402500000000000000e+04 1.056352952738635054e-01 -4.761434769950056989e-02 1.964789352895301988e-02
1.400600000000000000e+04 -4.758456440574576618e-02 -7.600737192832696110e-02 1.252156004260029931e-01
1.405100000000000000e+04 1.249996465399334511e-01 -5.003936779669260204e-02 1.197599901996895255e-01
1.401600000000000000e+04 1.171477428659528641e-01 7.727981051747434549e-02 1.498303622924250789e-01
1.405300000000000000e+04 1.171477428659528641e-01 7.727981051747434549e-02 1.498303622924250789e-01
1.399400000000000000e+04 3.490145436042624283e-02 -4.195282701289215765e-02 3.304217888047986662e-01
1.397600000000000000e+04 -1.520960577858794238e-01 1.092763623950503415e-01 -3.123659782216634540e-01
1.397500000000000000e+04 -9.877252759026333706e-02 2.570620335152327129e-01 -1.612299016206453217e-01
1.396600000000000000e+04 -3.526799971893268548e-02 -5.474668371740207817e-01 -2.975171014449973228e-01
1.404000000000000000e+04 -6.967414242428304760e-03 2.683711735939766641e-01 -5.248954665088874094e-01
1.403900000000000000e+04 3.172004072098388860e-03 3.837726162442365307e-01 -3.355648782943223551e-01
1.397800000000000000e+04 1.245163695810873605e-01 1.610969496248202404e-01 -2.340626920816699652e-01
1.404400000000000000e+04 5.449167521864595187e-02 5.307100144044909484e-01 -1.294588914427468040e-01
1.395000000000000000e+04 -3.268196343913238877e-01 3.315150222529439361e-02 -5.767337837305834825e-01
1.396700000000000000e+04 -3.514957792182187291e-01 6.907841722340180013e-02 -2.900524902195460442e-01
1.387800000000000000e+04 -1.388053865966512035e-01 -1.259152214232983624e-02 -2.213513378917806307e-01
1.405500000000000000e+04 -2.443116525991477772e-01 -1.539944483318009816e-01 -9.260933175163366116e-02
1.400800000000000000e+04 -8.136630951853618399e-02 -2.963662020511108608e-01 -2.400872717037358939e-01
1.407300000000000000e+04 6.721391722305014582e-03 -6.295931592460846105e-02 -2.569692368352640699e-01
1.400700000000000000e+04 6.721391722305014582e-03 -6.295931592460846105e-02 -2.569692368352640699e-01
1.398200000000000000e+04 -3.045226467306250129e-02 8.727054113639098887e-02 -2.652144424766973430e-01
1.399900000000000000e+04 -1.164533298823720031e-01 -4.973223808532623025e-02 -2.482290287137818297e-01
1.403200000000000000e+04 -4.201710264883473656e-03 -2.577425275151057349e-01 -1.937860301209450853e-01
1.395400000000000000e+04 -4.201710264883473656e-03 -2.577425275151057349e-01 -1.937860301209450853e-01
1.407400000000000000e+04 1.042972201988199288e-01 -2.659147828517234302e-01 -1.706074550542915347e-01
1.387900000000000000e+04 -9.220954781418200241e-02 -1.719243265410668187e-01 -1.424023997502992245e-01
1.402300000000000000e+04 6.420326117142849398e-02 -3.088402782025454485e-01 -1.251867848011087858e-01
1.399500000000000000e+04 1.973549330169106497e-01 -1.857881294853527265e-01 5.886298326079604237e-01
1.402900000000000000e+04 3.938372451557476950e-01 4.273597407606644083e-02 6.629902882615361648e-01
1.405200000000000000e+04 3.533311154397758003e-01 6.558523115957370919e-02 8.273575973876390321e-02
1.403800000000000000e+04 3.885745431552543039e-01 2.113351297259882244e-01 1.049147901937708127e-01
1.402700000000000000e+04 2.088480484152377414e-01 2.450830559999914726e-01 2.103134252531777548e-01
1.402800000000000000e+04 2.088480484152377414e-01 2.450830559999914726e-01 2.103134252531777548e-01
1.398800000000000000e+04 2.087431242677411092e-01 1.360493769120338925e-01 2.966836377649091361e-01
1.404700000000000000e+04 1.969502108240277494e-01 -4.683131544655481093e-01 -7.641760382400164531e-02
1.398000000000000000e+04 2.588059359862420195e-01 -1.218002147967709448e-01 5.474504466426211025e-02
1.398600000000000000e+04 2.487290444095826558e-01 1.138213648808061862e-03 1.836561558159228724e-01
1.407100000000000000e+04 3.584140265959128158e-01 -1.178779836017724847e-01 3.117454648339315071e-01
1.394600000000000000e+04 3.088533903657904034e-01 -7.649920136149717109e-01 -2.180510420245003189e-01
1.401300000000000000e+04 4.378781116902779047e-01 8.285095836662037527e-02 -1.757457362865118000e-01
1.403500000000000000e+04 1.659054538568227599e-01 -3.497257972931535619e-01 -2.467591894253615692e-01
1.403600000000000000e+04 1.647868128832641332e-01 -6.007872145510617656e-02 -2.212158425794310546e-01
1.394300000000000000e+04 1.647868128832641332e-01 -6.007872145510617656e-02 -2.212158425794310546e-01
