# star id 	 star_x_coords [pc] 	 star_y_coords [pc] 	 star_z_coords [pc] 
1.273800000000000000e+04 -2.172126419758626525e-01 3.501897873801453898e-01 -1.535049681373692465e+00
1.272900000000000000e+04 -2.172126419758626525e-01 3.501897873801453898e-01 -1.535049681373692465e+00
1.273500000000000000e+04 -5.659356027035755687e-01 3.186972367096174708e-01 -6.614109284375473408e-01
1.281500000000000000e+04 -1.499712463809359519e+00 5.725412342383080500e-01 2.159667851037454511e-01
1.280300000000000000e+04 -5.714305431529851376e-01 -1.419467289462794213e+00 5.560368712516918777e-01
1.273200000000000000e+04 -1.608541857062846248e-01 -1.435702907200919753e-01 6.079388506179412843e-01
1.273900000000000000e+04 2.901512583788985467e-01 -8.120953374657347013e-05 7.339936818335104363e-01
1.273700000000000000e+04 1.376677992462987277e+00 -2.476226797441825056e-01 7.425093734420471492e-01
1.273600000000000000e+04 1.837663253870545077e+00 2.902685974685468295e-01 8.922988612914082296e-01
