# star id 	 star_x_coords [pc] 	 star_y_coords [pc] 	 star_z_coords [pc] 
3.116100000000000000e+04 -4.298445088300884009e-02 -1.534637179569873666e+00 -8.154716560387740287e-01
3.120100000000000000e+04 -1.562281417215913848e-01 9.711473338327465399e-01 -1.105545323473975827e+00
3.116200000000000000e+04 -1.250819154458086224e+00 -4.653399358895704552e-01 2.277829385966043674e-01
3.114500000000000000e+04 3.802431809652162542e-02 3.350176520724090778e-01 4.237410308136162485e-01
3.121500000000000000e+04 -1.811870152519627020e+00 -3.555410462917834025e-01 4.589794266159685776e-01
3.121200000000000000e+04 -1.439366639383159452e+00 -6.631497306457490026e-01 1.088192555291001895e+00
3.119800000000000000e+04 -4.969189162402187776e-03 6.216862258813904418e-01 8.069165518170464679e-01
3.120600000000000000e+04 -1.150495117095440278e-01 7.322790891837449578e-01 1.473009487856309363e+00
3.116700000000000000e+04 -1.150495117095440278e-01 7.322790891837449578e-01 1.473009487856309363e+00
3.121300000000000000e+04 -3.581523388450946754e-02 9.675884948973845212e-01 1.474286534704731366e+00
4.235000000000000000e+03 5.433717068772754288e-01 1.077716978429542394e+00 8.942342253953228237e-01
3.120900000000000000e+04 6.757813724994843341e-01 -2.493146407414634780e-01 -1.446402673978319342e+00
3.119900000000000000e+04 1.147833892241457932e+00 -9.126280664017372146e-01 -1.147758587872353075e+00
3.119100000000000000e+04 1.112517500238516810e+00 -8.918572117739600458e-01 -1.188123996474288901e+00
3.118000000000000000e+04 9.269260716208691520e-01 -6.316902964514774510e-01 -1.631508805510243576e+00
3.114600000000000000e+04 5.390336391093129009e-01 3.893172864951210954e-01 -6.132158621203060989e-01
