# star id 	 star_x_coords [pc] 	 star_y_coords [pc] 	 star_z_coords [pc] 
1.313900000000000000e+04 -2.839923548779523799e-01 -1.787101411061300382e-01 3.446910869523094334e-01
1.313800000000000000e+04 -1.282154926218339597e-01 -2.312021918415751998e-01 2.664087034798399145e-01
1.314100000000000000e+04 1.118032263570398754e-01 -3.077619733163032834e-01 -1.237587239178026266e-01
1.315800000000000000e+04 -4.852656946212619005e-03 -1.628464386125187957e-01 -9.344547685341808574e-02
1.325700000000000000e+04 -4.852656946212619005e-03 -1.628464386125187957e-01 -9.344547685341808574e-02
1.316400000000000000e+04 -2.069039828541008319e-03 -2.973328093656988358e-01 6.184232075034401532e-02
1.321100000000000000e+04 -1.012194802109860348e-01 -1.831612452853121908e-01 3.383597679221139742e-01
1.315100000000000000e+04 -1.012194802109860348e-01 -1.831612452853121908e-01 3.383597679221139742e-01
1.315700000000000000e+04 -5.532684625439827641e-01 3.772096053851328179e-01 -1.559568567022466823e-01
1.315200000000000000e+04 -5.532684625439827641e-01 3.772096053851328179e-01 -1.559568567022466823e-01
1.321900000000000000e+04 -2.743415390939532017e-01 1.005237484730159281e-01 -9.556308286896353366e-02
1.321400000000000000e+04 -3.458106797708637714e-01 3.743331259747648687e-01 -8.577572342389316873e-03
1.313400000000000000e+04 -1.531824453016099596e-01 2.324667483644162758e-01 -7.527567795079903590e-03
1.315300000000000000e+04 -1.001069185383585136e-01 -1.157196645679690050e-01 4.905672259820903491e-02
1.316700000000000000e+04 8.091485320542801674e-02 2.583842154768234423e-01 -8.506584744296219469e-02
1.319800000000000000e+04 6.917835075044820314e-02 -1.137463306826447251e-02 2.305694837933458530e-02
1.312700000000000000e+04 3.442468626587924518e-03 -1.210182408865065895e-01 4.142590715775895660e-02
1.312600000000000000e+04 3.442468626587924518e-03 -1.210182408865065895e-01 4.142590715775895660e-02
1.318400000000000000e+04 -2.934070657198617482e-02 -1.109887468788528508e-01 -1.455748395247837834e-01
1.318300000000000000e+04 -1.022143609162640132e-03 4.064596535074329609e-01 4.031047473816329330e-02
1.317600000000000000e+04 1.689955688112547705e-01 4.175235675102584310e-02 6.180699726894545165e-02
1.318200000000000000e+04 -3.326023091833008039e-02 -2.358232557333650448e-02 9.039271411006666312e-02
1.320100000000000000e+04 -3.326023091833008039e-02 -2.358232557333650448e-02 9.039271411006666312e-02
1.323800000000000000e+04 -3.508462852732918691e-02 1.592380282054577378e-01 1.869811443748687907e-01
1.317800000000000000e+04 -3.122167371691375592e-02 1.436919942449819132e-01 1.458944708661249479e-01
1.321800000000000000e+04 -3.122167371691375592e-02 1.436919942449819132e-01 1.458944708661249479e-01
1.323300000000000000e+04 -3.122167371691375592e-02 1.436919942449819132e-01 1.458944708661249479e-01
1.312400000000000000e+04 5.437410577954437940e-02 1.052687435890078405e-01 1.732842112241286259e-01
1.313200000000000000e+04 1.019345356539389513e-01 3.219451422237540328e-02 2.844058499868822310e-01
1.321600000000000000e+04 4.056601440532858760e-02 -1.088276907399574611e-01 3.519308650155892337e-01
1.314300000000000000e+04 -5.617228713362010240e-03 4.359740450539106860e-04 3.327861033453700657e-01
1.312500000000000000e+04 -3.066951382632652212e-01 1.967964122256162796e-01 5.375142251462534659e-01
1.312200000000000000e+04 -6.694864723267812678e-02 1.710254990536910213e-01 5.365419889478744153e-01
1.325100000000000000e+04 4.673200620506179348e-02 1.656238557224725128e-01 4.306979897163643045e-01
1.314000000000000000e+04 -1.494929350251794631e-01 -2.948838355970480052e-01 -6.331784610155608561e-01
1.324700000000000000e+04 5.574206862635833204e-02 -2.875225251250412839e-01 -3.806896349126986934e-01
1.314500000000000000e+04 5.574206862635833204e-02 -2.875225251250412839e-01 -3.806896349126986934e-01
1.314400000000000000e+04 6.910895761083679645e-02 -6.396873627049899369e-01 -2.713913701008863200e-01
1.317700000000000000e+04 5.230160526355120965e-02 -3.283926354911628209e-01 -2.929058213419466483e-01
1.320200000000000000e+04 1.209989150354147114e-01 -2.196088864317928824e-01 -2.458701490190833283e-01
1.319100000000000000e+04 4.700251807729216580e-02 -2.508374842995664267e-01 -1.783311905976034950e-01
1.319000000000000000e+04 4.700251807729216580e-02 -2.508374842995664267e-01 -1.783311905976034950e-01
1.319900000000000000e+04 4.561244124909791253e-01 4.304950312138942081e-01 -1.995294075803855094e-01
1.314700000000000000e+04 4.561244124909791253e-01 4.304950312138942081e-01 -1.995294075803855094e-01
1.314800000000000000e+04 3.413410865161807806e-01 3.566492962868181849e-01 -4.037453883397290610e-01
1.314900000000000000e+04 3.907237551714786150e-01 3.129702399266633961e-01 -2.712002446000099098e-01
1.324600000000000000e+04 2.024134254625380436e-01 -3.031284432846348409e-02 -2.598176674544703246e-01
1.316900000000000000e+04 3.847772313191910598e-01 -2.786772761107414453e-02 -1.992739391144766614e-01
