# star id 	 star_x_coords [pc] 	 star_y_coords [pc] 	 star_z_coords [pc] 
3.304500000000000000e+04 6.072291173482966542e-01 1.823455163751605212e+00 -3.473789315610815720e-01
3.271100000000000000e+04 1.286652181889458291e+00 -9.079932341518350825e-01 7.561366092625156909e-01
3.581600000000000000e+04 1.286652181889458291e+00 -9.079932341518350825e-01 7.561366092625156909e-01
3.540300000000000000e+04 6.604635446895024131e-01 -1.648793358475340476e+00 1.566085685662047311e+00
3.581700000000000000e+04 3.786897993928413086e-01 -1.480648616995178024e+00 8.176062913830381973e-01
3.771800000000000000e+04 3.786897993928413086e-01 -1.480648616995178024e+00 8.176062913830381973e-01
2.871500000000000000e+04 1.749388247444567668e-01 -1.845147913033637010e+00 8.216516582560444704e-01
2.236900000000000000e+04 3.570706867884911873e-01 -2.068220461490400730e+00 8.029439562558504662e-01
3.321100000000000000e+04 5.874861352296338879e-01 -6.501092060866966449e-01 4.503888539691480730e-02
3.800000000000000000e+04 8.164873032176167555e-02 1.270961926046469515e+00 -2.149222402315462688e-01
3.799900000000000000e+04 3.955744518398347509e-01 3.239986649154538156e-01 1.500659459773299176e-01
3.410700000000000000e+04 -7.804040546051886906e-01 8.387842905524394155e-01 -9.209262890852976113e-02
3.410800000000000000e+04 2.310025561610906664e-02 1.491044986991116872e-01 1.005156015660197966e-01
2.801900000000000000e+04 2.106046194038206920e-01 -2.456172079797411811e-01 1.367750914838339327e-01
3.541500000000000000e+04 -2.620789249913729080e+00 4.786509725238143886e-01 9.038190542911674896e-01
3.285200000000000000e+04 -1.716477116498618116e+00 7.111594360862749653e-01 1.276981893611388585e+00
3.542200000000000000e+04 -8.154527736100583013e-01 6.005332027656198335e-01 7.235980422707388726e-01
6.515000000000000000e+03 7.722174782494288792e-01 4.811993648036754223e-01 -2.230892746586933484e+00
2.043100000000000000e+04 7.722174782494288792e-01 4.811993648036754223e-01 -2.230892746586933484e+00
1.186700000000000000e+04 -1.087061199302041814e-02 1.102718456449451878e+00 -1.826678174061882487e+00
2.841000000000000000e+03 -1.386556275322819332e+00 1.460166151722791739e+00 -1.585859750237171184e+00
2.053100000000000000e+04 -6.426851874933880993e-01 1.513240360482948077e+00 -1.146244391470805368e+00
