# star id 	 star_x_coords [pc] 	 star_y_coords [pc] 	 star_z_coords [pc] 
9.999000000000000000e+03 -2.867518230632875031e-01 9.089309553512769924e-02 -8.414910730472051625e-01
9.904000000000000000e+03 -2.867518230632875031e-01 9.089309553512769924e-02 -8.414910730472051625e-01
9.019000000000000000e+03 -8.378225810702133458e-02 -1.626276966751776243e-01 -7.344590359212546105e-01
9.900000000000000000e+03 1.845699558476216140e+00 -1.500925671124788252e+00 -4.493991740912548494e-01
9.907000000000000000e+03 2.889428036964467594e-01 -1.268780062681873488e-01 -3.847396115399277505e-01
9.929000000000000000e+03 2.889428036964467594e-01 -1.268780062681873488e-01 -3.847396115399277505e-01
9.018000000000000000e+03 -9.126058502221603419e-01 6.365792001460892635e-01 -2.255070425991654304e-01
9.932000000000000000e+03 -4.590081096349258871e-01 4.278884082739855543e-01 -7.927990021444486501e-02
9.927000000000000000e+03 -4.590081096349258871e-01 4.278884082739855543e-01 -7.927990021444486501e-02
9.948000000000000000e+03 1.350619305894547040e-01 -1.682782875825798996e-01 1.299348808612812434e-01
1.146000000000000000e+04 3.005207955263919928e-01 7.471214992547805522e-01 1.808792757774391191e-01
9.926000000000000000e+03 3.005207955263919928e-01 7.471214992547805522e-01 1.808792757774391191e-01
2.130200000000000000e+04 -2.181165884782281239e-01 -3.768245071840512495e-01 3.424700646616720690e-01
9.910000000000000000e+03 -8.641244759597377367e-01 4.026976497949386058e-01 5.724298965437526476e-01
9.075000000000000000e+03 -1.072484992918031566e+00 7.997702927983567633e-01 7.594781165643986753e-01
9.911000000000000000e+03 -1.513696151089412467e+00 1.529170300254207859e-01 1.415631079763318922e+00
9.908000000000000000e+03 -1.816001765078556929e+00 -8.295149683166416210e-01 8.519974718984926199e-01
9.918000000000000000e+03 -2.518527231101831632e+00 7.533334765214529938e-01 1.713985377934715615e+00
9.905000000000000000e+03 7.215304640543180881e-01 -1.185058924786689616e+00 -2.373003420168124933e-01
9.077000000000000000e+03 1.405349922673661212e+00 -4.484632534579375829e-01 -8.269006022004532497e-02
9.076000000000000000e+03 7.747220830891876631e-01 2.547159157344935920e-02 -7.401956832337930337e-02
9.916000000000000000e+03 1.126369070039444864e+00 -4.029914515242536410e-01 8.143452430217834603e-02
9.906000000000000000e+03 1.126369070039444864e+00 -4.029914515242536410e-01 8.143452430217834603e-02
9.920000000000000000e+03 1.154553194691040119e+00 2.004647163325659065e-01 1.559578636930147866e-01
9.945000000000000000e+03 1.628344253762360694e+00 5.899183002678345389e-01 6.333977101628462947e-01
9.943000000000000000e+03 1.628344253762360694e+00 5.899183002678345389e-01 6.333977101628462947e-01
9.944000000000000000e+03 2.601670337988110759e+00 4.291444419254188958e-01 9.787856979118458867e-01
9.091000000000000000e+03 5.845207709156241549e-01 4.219784769497625376e-01 1.085005904402230215e+00
9.921000000000000000e+03 5.845207709156241549e-01 4.219784769497625376e-01 1.085005904402230215e+00
9.922000000000000000e+03 -1.772233841034957180e+00 -1.132378636621281132e+00 -2.185556257967167681e+00
9.917000000000000000e+03 -1.110502418193121343e+00 -4.522576872357557676e-01 -1.755682892174345255e+00
9.954000000000000000e+03 -1.325949134757554049e+00 -1.295695482136164145e+00 -1.640994154350934764e+00
9.933000000000000000e+03 -1.796438316243584410e+00 6.557860581233887487e-01 -8.854755816243660149e-01
