# star id 	 star_x_coords [pc] 	 star_y_coords [pc] 	 star_z_coords [pc] 
1.771600000000000000e+04 -1.028089076966558046e+00 -6.279414291233944567e-01 -6.526351452135870090e-02
1.789400000000000000e+04 -1.028089076966558046e+00 -6.279414291233944567e-01 -6.526351452135870090e-02
1.742500000000000000e+04 -2.614370682554607583e-01 -5.282349857045556263e-01 8.361625356518587182e-02
1.742600000000000000e+04 1.635356810241983538e-01 -5.705007320934569748e-01 3.352309875528405314e-01
1.789300000000000000e+04 -7.439234642472554171e-01 -4.842300805137202957e-01 -2.904814626528917643e-02
1.790100000000000000e+04 -3.448267698777485180e-01 -7.340553862622467562e-01 2.514328490678074957e-01
1.796900000000000000e+04 1.848821627158327985e-01 -4.377430034018576777e-01 -4.967345885554443896e-01
1.760600000000000000e+04 -3.872314480493077582e-02 -4.650959696973995250e-01 4.376307645976851290e-03
1.790300000000000000e+04 -2.679738470841801501e-01 8.857149813506568492e-01 -1.037266179406159949e-02
1.797700000000000000e+04 -8.629575849640778173e-01 -5.160142031831362885e-01 -2.741738650483966921e-01
1.768700000000000000e+04 -2.917003486982983063e-01 -4.705747301339400224e-01 -3.862027123170364007e-02
1.768600000000000000e+04 -2.917003486982983063e-01 -4.705747301339400224e-01 -3.862027123170364007e-02
1.781700000000000000e+04 2.647013983497883416e-01 7.488661678242900521e-01 1.128450470293103081e-01
1.771700000000000000e+04 3.221725435965971940e-02 2.309410019403177472e-01 -7.136750809185663513e-01
1.761400000000000000e+04 2.801088994931291154e-01 -1.783325100283708053e-01 -6.623503855951327068e-01
1.770000000000000000e+04 2.801088994931291154e-01 -1.783325100283708053e-01 -6.623503855951327068e-01
1.743600000000000000e+04 1.703845988147927315e-01 5.728977037916749282e-03 -6.853005713524922271e-01
1.773900000000000000e+04 -1.566997363971438517e-01 -1.493557485565002452e-01 5.809529456370867706e-01
1.741400000000000000e+04 -1.720165883795727879e-01 1.667788413212969445e-01 3.359437715670026137e-01
1.741600000000000000e+04 1.252601013010865572e-01 -3.798018894507055876e-01 4.408315380531959704e-01
1.741500000000000000e+04 1.146222401954775094e-01 -3.250787951824758437e-01 5.303148587934565228e-01
1.743500000000000000e+04 -3.231540558494945259e-01 -3.603558851028232368e-02 4.275413770985210249e-01
1.770100000000000000e+04 5.159646533454358419e-01 -3.659131648934028647e-01 2.739805193904985003e-01
1.794800000000000000e+04 3.947188227133864302e-01 -2.431770081355359991e-01 4.512096008855337459e-01
1.792400000000000000e+04 4.157421667418788047e-01 -3.218808722210262374e-01 5.547973256511475881e-01
1.770500000000000000e+04 3.626722991702253651e-01 -1.876855239207184667e-01 4.418526571422134452e-01
1.770600000000000000e+04 4.183727929354121855e-01 -1.690878079793733946e-02 3.733200567395940084e-01
1.761300000000000000e+04 2.046540739249715912e-01 7.714645893221749873e-02 4.605492407162330437e-01
1.765300000000000000e+04 3.331149748779749231e-01 2.358150736716968510e-01 3.185612596855094125e-01
1.781000000000000000e+04 4.845164153940562102e-02 -1.133554523921684876e-01 -4.456168745718969149e-02
1.782600000000000000e+04 -1.057218035712459425e-01 4.951206166720290014e-02 -3.824411817324602225e-02
1.765200000000000000e+04 -1.057218035712459425e-01 4.951206166720290014e-02 -3.824411817324602225e-02
1.749700000000000000e+04 -1.057218035712459425e-01 4.951206166720290014e-02 -3.824411817324602225e-02
1.760800000000000000e+04 -1.057218035712459425e-01 4.951206166720290014e-02 -3.824411817324602225e-02
1.788100000000000000e+04 -2.390616857563188091e-02 -9.334348278011539435e-02 -2.594799405719427909e-02
1.515800000000000000e+04 -7.212811834842369763e-02 1.923735132799819780e-02 -1.038200536206090874e-01
1.515900000000000000e+04 -7.212811834842369763e-02 1.923735132799819780e-02 -1.038200536206090874e-01
1.764100000000000000e+04 -1.485672394491421855e-01 5.102962686713752305e-02 -9.528427703790498526e-02
1.783900000000000000e+04 -3.905327332732255741e-02 9.814626004496851408e-02 5.049807105203996116e-02
1.784200000000000000e+04 -3.905327332732255741e-02 9.814626004496851408e-02 5.049807105203996116e-02
1.750400000000000000e+04 -2.812178911964391403e-02 1.171248600823950881e-01 1.025529634336059814e-01
1.760500000000000000e+04 -1.141659339420408870e-01 2.888503250469121042e-02 1.047649428331709487e-02
1.786700000000000000e+04 -2.133331677495720058e-01 -2.154769774778362290e-01 2.013048503156227298e-01
1.766000000000000000e+04 -2.133331677495720058e-01 -2.154769774778362290e-01 2.013048503156227298e-01
1.790200000000000000e+04 -1.237253028837645985e-01 -1.109350089812100038e-01 6.079769088322706239e-02
1.778400000000000000e+04 2.442318665010834167e-02 -6.336257172419301753e-02 2.398568328300996200e-01
1.778500000000000000e+04 -1.068798440770022395e-01 1.465456324334741822e-01 1.498016879136550017e-01
1.798700000000000000e+04 -1.068798440770022395e-01 1.465456324334741822e-01 1.498016879136550017e-01
1.774200000000000000e+04 3.947219395497869598e-01 -2.973675503211303806e-02 3.762396876130935652e-02
1.795900000000000000e+04 5.318100080029708465e-01 1.484715175095843165e-01 1.251613203284378528e-01
1.795800000000000000e+04 7.786555600801516874e-01 -3.206788551004180476e-02 1.126077901320954311e-01
1.766200000000000000e+04 -1.072738688677778995e-01 -3.059238020782473200e-02 1.253083185810588418e-01
1.757900000000000000e+04 -1.072738688677778995e-01 -3.059238020782473200e-02 1.253083185810588418e-01
1.756400000000000000e+04 -8.799593246335835062e-02 -1.308709499480151806e-01 4.048697544789092717e-02
1.797900000000000000e+04 4.357906145691448074e-02 7.912191152611391942e-02 1.364238397745545228e-01
1.784300000000000000e+04 4.488956856588810496e-02 1.702033944791532249e-01 -2.149019251942974051e-02
1.781400000000000000e+04 4.488956856588810496e-02 1.702033944791532249e-01 -2.149019251942974051e-02
1.784100000000000000e+04 1.196573289296969378e-01 8.338673207614810678e-02 1.528893607127876919e-01
1.789500000000000000e+04 1.196573289296969378e-01 8.338673207614810678e-02 1.528893607127876919e-01
1.783800000000000000e+04 3.110234612774389618e-01 3.026962661852472536e-02 1.296600144231270235e-01
1.750200000000000000e+04 1.253332490468759275e-01 6.831086428962329649e-02 6.696247458618742598e-02
1.772300000000000000e+04 1.691215026870223070e-01 4.748159256241635262e-02 2.511702551802521555e-01
1.773300000000000000e+04 6.649059002660795414e-02 6.094161829548383480e-02 -2.619593544714859945e-02
1.777900000000000000e+04 6.649059002660795414e-02 6.094161829548383480e-02 -2.619593544714859945e-02
1.795200000000000000e+04 -1.851317724876988535e-02 -1.673770592845222893e-01 5.165896496400890214e-02
1.789800000000000000e+04 -2.407910695945805202e-01 4.275788957633253062e-03 8.531256470372738931e-02
1.769500000000000000e+04 3.734584033068077957e-02 8.412024481092572614e-04 1.256287024308697653e-01
1.773700000000000000e+04 8.397372045679851738e-02 2.781893120578668999e-01 1.477029755215824025e-01
1.759900000000000000e+04 -8.057851549613292974e-02 -3.603709526339926583e-03 -1.868724258521226034e-02
1.763800000000000000e+04 -8.057851549613292974e-02 -3.603709526339926583e-03 -1.868724258521226034e-02
1.774300000000000000e+04 1.481817729148895424e-01 -1.993122391074617639e-01 9.553413962474976984e-02
1.789900000000000000e+04 1.383789324800943632e-01 3.149670911843216459e-02 2.886379248178272405e-01
1.784400000000000000e+04 3.451902182526334073e-01 -9.278362770457881936e-02 1.606033131023956173e-01
1.784500000000000000e+04 -3.606943500195463059e-01 6.941322031081931243e-02 1.099111128168566154e-01
1.798600000000000000e+04 -7.609650727710715046e-02 -3.948128238001551438e-01 3.897845152602386065e-01
1.787600000000000000e+04 4.668886407503336500e-02 2.084724821490571145e-01 8.047455962289973286e-02
1.767200000000000000e+04 -2.087115516232884715e-02 1.964368776282832130e-02 1.390732747151268711e-01
1.767100000000000000e+04 -2.087115516232884715e-02 1.964368776282832130e-02 1.390732747151268711e-01
1.790400000000000000e+04 -7.376968398093008972e-02 4.187291452497792221e-01 2.653714640482718323e-01
1.790500000000000000e+04 -3.609146909879790144e-02 -6.541298100727210851e-02 4.359820771482247892e-02
1.799200000000000000e+04 -5.283875822035017933e-01 -4.770220257398296582e-01 2.449035383025446322e-01
1.791000000000000000e+04 -5.913237555561856595e-02 9.192881976161082491e-02 1.088659492006200935e-01
1.748400000000000000e+04 2.223456960225433932e-01 1.001951759958998878e-01 8.071488959175709965e-02
1.763200000000000000e+04 2.317536896746048569e-01 1.805539525628381270e-01 -7.272029115674882860e-02
1.763300000000000000e+04 1.240037578512778182e-01 4.046495409742894012e-01 3.875145978164695748e-02
1.790700000000000000e+04 8.466777988691731593e-02 1.164444625513798570e-01 1.985023447620406500e-01
1.765600000000000000e+04 8.466777988691731593e-02 1.164444625513798570e-01 1.985023447620406500e-01
1.774700000000000000e+04 1.417804914649627435e-01 1.666405118575839950e-01 1.833343387975361338e-03
1.782000000000000000e+04 -5.595390740520489459e-01 3.152963011627401002e-01 1.280622993964186662e-01
1.783600000000000000e+04 -4.515412690107964977e-01 4.694240898101753601e-01 8.746706453976216267e-02
1.783500000000000000e+04 4.671426023120188731e-01 2.360362111102372040e-01 2.387026886728449426e-02
1.766100000000000000e+04 1.846586622608210604e-01 2.387465163788338174e-01 2.237267353890750599e-01
1.767000000000000000e+04 1.084091248515939299e-03 -8.360607514952356212e-02 -2.521849155645554674e-01
1.762700000000000000e+04 1.084091248515939299e-03 -8.360607514952356212e-02 -2.521849155645554674e-01
1.776000000000000000e+04 -6.674145018768484761e-02 -1.985458275524401017e-01 -4.792369684605901625e-02
1.799100000000000000e+04 -2.508359658932146630e-02 -8.050886836585213757e-02 -2.602888484322889440e-01
1.754300000000000000e+04 1.732927870047316077e-01 -3.579564328305746557e-01 -1.797153526971229098e-01
1.785100000000000000e+04 1.609786374186166213e-01 -2.218036470263324844e-01 -1.630816339689644678e-01
1.780800000000000000e+04 -1.108613251212853257e-01 -9.596726596073423821e-02 -8.375355816794893826e-02
1.800000000000000000e+04 -3.706524452941728498e-03 -2.247698103371238432e-01 -2.269891766650999898e-02
1.797600000000000000e+04 -3.535592157513471889e-01 -2.447555898265694196e-01 -2.240277718124872308e-01
1.767400000000000000e+04 -3.535592157513471889e-01 -2.447555898265694196e-01 -2.240277718124872308e-01
1.766300000000000000e+04 -6.396535215049548029e-01 -4.863885073952953775e-01 -5.048420712557444290e-02
1.766900000000000000e+04 2.777485268692903020e-02 -3.238275471960783136e-02 -8.199521637417461761e-02
1.798800000000000000e+04 -3.996326639774583356e-02 -4.727113090974732756e-02 -1.344324890345056644e-01
1.768200000000000000e+04 -2.866295414677981768e-01 -1.078945437242673222e-02 -2.756688451075177682e-01
1.784000000000000000e+04 -2.866295414677981768e-01 -1.078945437242673222e-02 -2.756688451075177682e-01
1.772500000000000000e+04 -1.679825037775843910e-01 -3.866787299544149903e-02 -3.922068501759667924e-02
1.801200000000000000e+04 -3.514597691697840531e-02 5.696588277860747951e-02 5.094302471956524414e-03
1.785400000000000000e+04 -1.066371934537153621e-01 5.400648701457377854e-02 1.895114889062909924e-02
1.785500000000000000e+04 -1.066371934537153621e-01 5.400648701457377854e-02 1.895114889062909924e-02
1.792500000000000000e+04 -1.066371934537153621e-01 5.400648701457377854e-02 1.895114889062909924e-02
1.756300000000000000e+04 -7.802344691559692791e-02 -8.475962214765431213e-03 -5.170734378353714078e-02
1.756200000000000000e+04 -2.092304341946400470e-01 -4.469132626268468300e-02 -1.434504998574226420e-03
1.786200000000000000e+04 -1.592453057805132133e-01 -1.077581399550755492e-01 1.854258851643919570e-01
1.788900000000000000e+04 -1.592453057805132133e-01 -1.077581399550755492e-01 1.854258851643919570e-01
1.789000000000000000e+04 -2.294889553773948876e-02 2.984883154153550322e-02 6.117341779636475962e-02
1.769900000000000000e+04 -2.294889553773948876e-02 2.984883154153550322e-02 6.117341779636475962e-02
1.760900000000000000e+04 -2.158452943965638582e-02 9.415076815077583205e-03 -1.195434376943893540e-02
1.761200000000000000e+04 9.122033198384382757e-02 -5.125433982040128456e-02 1.191453582919521637e-02
1.761100000000000000e+04 9.122033198384382757e-02 -5.125433982040128456e-02 1.191453582919521637e-02
1.785700000000000000e+04 -4.601351070381731745e-03 -3.078207631370055708e-02 2.052036716747096534e-02
1.743100000000000000e+04 -4.601351070381731745e-03 -3.078207631370055708e-02 2.052036716747096534e-02
1.785600000000000000e+04 -4.601351070381731745e-03 -3.078207631370055708e-02 2.052036716747096534e-02
1.768900000000000000e+04 5.824862627666966830e-01 6.826930740609427062e-02 -1.713579292923590458e-01
1.767500000000000000e+04 5.824862627666966830e-01 6.826930740609427062e-02 -1.713579292923590458e-01
1.761500000000000000e+04 3.985798028226019696e-01 6.411155257103473559e-02 1.401349864602501327e-01
1.774000000000000000e+04 1.023890585004858522e-01 5.280387322340018841e-02 -2.111322800566206581e-01
1.771200000000000000e+04 1.115059107367777358e-01 8.003170456914254771e-02 -7.734760595211653822e-02
1.769600000000000000e+04 2.098735562155784606e-01 -9.381675348705265094e-02 -1.476350806329485010e-01
1.761600000000000000e+04 3.990742755917331408e-01 -1.628277607839017094e-01 -1.840471010667670271e-01
1.757800000000000000e+04 1.271829626811822322e-01 7.729900829571789700e-02 -8.339847980501247093e-02
1.791400000000000000e+04 1.271829626811822322e-01 7.729900829571789700e-02 -8.339847980501247093e-02
1.791500000000000000e+04 1.603097974311822327e-01 2.678513565867746138e-02 -2.567121449613551931e-02
1.776200000000000000e+04 1.603097974311822327e-01 2.678513565867746138e-02 -2.567121449613551931e-02
1.777500000000000000e+04 1.393861301750209947e-02 -2.903411350097506727e-02 -2.905886317705572708e-01
1.774500000000000000e+04 5.086282197068126010e-02 -7.389567374208816375e-02 -8.478555504406060095e-02
1.801600000000000000e+04 5.086282197068126010e-02 -7.389567374208816375e-02 -8.478555504406060095e-02
1.785000000000000000e+04 4.310781150358522495e-02 -1.699457746148205217e-01 -6.059992603446318071e-02
1.774800000000000000e+04 4.310781150358522495e-02 -1.699457746148205217e-01 -6.059992603446318071e-02
1.757700000000000000e+04 -3.016947432774452764e-01 -1.893568641779648232e-01 -3.696446091565235292e-01
1.771900000000000000e+04 -2.385894093025342499e-01 1.053032531272961592e-01 -2.504373024266115522e-02
1.773500000000000000e+04 -1.068412458034355694e-01 2.367860843553906136e-01 -2.258408058090637383e-01
1.773600000000000000e+04 -6.694341838100381636e-02 2.930242506349793885e-01 -9.812383338804409050e-02
1.797000000000000000e+04 -6.694341838100381636e-02 2.930242506349793885e-01 -9.812383338804409050e-02
1.791900000000000000e+04 -8.143900108504453783e-02 4.348805657122767343e-02 -3.474503250772187357e-02
1.778200000000000000e+04 -8.143900108504453783e-02 4.348805657122767343e-02 -3.474503250772187357e-02
1.776600000000000000e+04 -8.143900108504453783e-02 4.348805657122767343e-02 -3.474503250772187357e-02
1.779900000000000000e+04 -1.110933260392075184e-01 -4.512683663387306865e-03 -1.917187669974396158e-02
1.784900000000000000e+04 1.285388005425653901e-01 7.905383380450103914e-03 1.024804626207398428e-01
1.782900000000000000e+04 1.285388005425653901e-01 7.905383380450103914e-03 1.024804626207398428e-01
1.783000000000000000e+04 2.079066411163132955e-01 2.925142074304689643e-01 -9.092067297309469609e-02
1.779700000000000000e+04 2.079066411163132955e-01 2.925142074304689643e-01 -9.092067297309469609e-02
1.794300000000000000e+04 1.166301412801828974e-02 1.958416120479382627e-01 -4.095595643103635553e-01
1.793000000000000000e+04 2.325201851120830554e-01 1.154247346767345306e-01 -3.014915844409955525e-01
1.794400000000000000e+04 1.082388237524245511e-02 3.540814452028975268e-01 -6.457316948493740938e-02
1.788500000000000000e+04 1.837558662489948702e-01 2.993006675788780768e-01 -8.928569926722218497e-02
1.764900000000000000e+04 1.896512725266710220e-01 4.379688119419711256e-02 -2.568546790906971466e-01
1.791800000000000000e+04 1.036531247470922068e-01 3.474484007808875674e-02 -1.307561675951234292e-01
1.794500000000000000e+04 1.426737254379162323e-01 -9.145841451422676016e-02 -2.095272760709221416e-02
1.774400000000000000e+04 1.426737254379162323e-01 -9.145841451422676016e-02 -2.095272760709221416e-02
1.764700000000000000e+04 2.415842447044642682e-01 2.651954057017018584e-01 -7.450711551047817238e-03
1.799500000000000000e+04 4.680489755318504308e-01 -2.457287475083713701e-01 -1.679436639389706443e-01
1.799400000000000000e+04 5.686940902825190491e-01 3.078907952236926704e-01 -4.860513743717831403e-02
1.780000000000000000e+04 -1.515538417442687802e-01 5.228084458940953638e-01 -7.673654005376562282e-03
1.772700000000000000e+04 1.265173786796411903e-01 5.230171260865938976e-01 6.535809272777726164e-02
1.787400000000000000e+04 -4.682008569124018749e-02 5.944011646910229985e-01 1.712116792849656122e-01
1.788300000000000000e+04 -1.402185184984876543e-01 6.728935754131937230e-01 1.049718596480992971e-01
1.763900000000000000e+04 1.950326061559826130e-01 5.613784603311327004e-01 2.814508041872478827e-01
1.763500000000000000e+04 -4.602017849772028768e-01 5.300160271108449450e-01 7.068967396125103164e-02
1.763400000000000000e+04 -3.771583523767336743e-01 4.756991424718588490e-01 -3.314395292485272648e-02
1.780100000000000000e+04 -4.211359062685282595e-02 -9.719003510693546843e-02 -2.754816231132757309e-01
1.766400000000000000e+04 2.102059007497372178e-01 1.164724972463844210e-01 -6.188926195728399193e-01
1.774600000000000000e+04 -1.502148404103147428e-01 1.047445547319121317e-01 -1.894623885748139003e-01
1.754600000000000000e+04 -4.869998901490317778e-01 -2.517997781190128848e-01 -4.308167945079581784e-01
1.763700000000000000e+04 -2.283920525650486866e-01 -1.329982429724143600e-01 -3.401774419521821358e-01
1.768500000000000000e+04 3.406668240009667059e-01 -3.815070278851369068e-01 -3.830405377521834964e-01
