# star id 	 star_x_coords [pc] 	 star_y_coords [pc] 	 star_z_coords [pc] 
8.541000000000000000e+03 -8.116148237939615484e-01 2.310458945441757894e+00 -1.155951275166842152e+00
1.377300000000000000e+04 -6.171345717159990585e-01 2.093879116268562157e+00 -1.126657783423240744e+00
7.947000000000000000e+03 -2.160018048231435728e-01 1.837210480326060935e+00 -1.100841285581701356e+00
1.694400000000000000e+04 -2.903548423058994743e-01 9.190570420345931524e-01 2.143773054893351571e+00
2.040000000000000000e+04 1.011189671349690400e-01 1.324765112342061180e+00 -1.400661754875187626e-01
1.271000000000000000e+03 -8.171269892158647963e-01 5.011152976082469124e-01 4.724243400993302089e-01
8.989000000000000000e+03 -1.315819605332242404e-01 4.034127811818688514e-02 1.122892704251462703e+00
1.701600000000000000e+04 -2.349357314094300264e-01 1.004452411567862136e+00 8.537939994209651218e-01
8.011000000000000000e+03 -9.393943634517025743e-01 2.045112655196788420e+00 4.721761845197889329e-01
8.175000000000000000e+03 6.618757641798813651e-01 -2.901468827267338568e+00 -6.499201213167538072e-02
1.681100000000000000e+04 3.517870240786731273e-01 -2.051214303170356246e+00 -2.021538434047563726e+00
1.848000000000000000e+04 3.978896865695409346e-01 -2.247109354105523593e+00 -4.550249608174965488e-01
1.679300000000000000e+04 1.016381764990843095e+00 -1.574241336813904546e+00 -1.541515795763572783e-01
8.542000000000000000e+03 6.544440083102873729e-01 -1.267527913038027698e+00 -1.199047172782492510e+00
1.700700000000000000e+04 5.075744813511633424e-01 -9.797230182309029090e-01 6.066671707058191032e-01
9.042000000000000000e+03 4.578652767263573509e-01 -1.110787068181644521e+00 1.694051638382198632e+00
