# star id 	 star_x_coords [pc] 	 star_y_coords [pc] 	 star_z_coords [pc] 
2.953500000000000000e+04 1.113800350086080471e-01 1.707664450406198853e-01 -3.851865732376538176e-01
3.020400000000000000e+04 2.193920864952616512e-01 2.325090163442879998e-01 -3.114385748985384339e-01
3.007500000000000000e+04 2.193920864952616512e-01 2.325090163442879998e-01 -3.114385748985384339e-01
2.993800000000000000e+04 1.392821602930496283e-01 4.370149568249104277e-02 -4.000299413736456700e-01
3.010800000000000000e+04 -2.122751502633093423e-01 -2.475069532460594246e-01 3.858540466968491955e-01
3.029100000000000000e+04 -2.258484743929045635e-02 -1.463512522235816959e-01 9.877341072721179671e-02
2.979600000000000000e+04 -4.107988019146091574e-02 1.585296329733409948e-01 -1.934314565999528668e-02
2.949700000000000000e+04 -3.072482584982481058e-01 -2.289068549393036278e-01 4.588056282314880718e-01
3.029000000000000000e+04 -1.062582325190533084e-01 -2.152505501728683157e-01 4.840037250287849702e-01
