# star id 	 star_x_coords [pc] 	 star_y_coords [pc] 	 star_z_coords [pc] 
1.447000000000000000e+04 -4.790110752860812227e-01 -2.480856861701359328e-01 1.783886745127176710e-01
1.460700000000000000e+04 -2.738124019308827428e-01 -9.762645524898783123e-02 2.639815559117337784e-01
1.450500000000000000e+04 -2.738124019308827428e-01 -9.762645524898783123e-02 2.639815559117337784e-01
1.479700000000000000e+04 3.027767768577831475e-01 -2.400961937004084668e-01 -3.686725287525050021e-02
1.449300000000000000e+04 -1.269863430910938007e-01 -1.139475033650509950e-01 -1.830836796912258535e-01
1.460900000000000000e+04 -4.554180048025102678e-03 -2.465468719046528534e-01 -1.352900124877933763e-01
1.474700000000000000e+04 -4.554180048025102678e-03 -2.465468719046528534e-01 -1.352900124877933763e-01
1.457400000000000000e+04 -3.602726562649749553e-02 -2.417783761417182653e-01 -2.125240860687682698e-02
1.455100000000000000e+04 -8.948314771253862432e-02 -1.739614374427498333e-01 7.697687586155410600e-03
1.454800000000000000e+04 -9.165962402079941285e-02 -1.970160696620708585e-01 -9.698529719877058142e-04
1.460200000000000000e+04 2.671750493568580964e-02 -8.135321621148117188e-02 9.790106061795711412e-02
1.446900000000000000e+04 1.163810212011497924e-01 -1.513951778648845448e-01 -1.222394600298315481e-02
1.451600000000000000e+04 1.104650122950516788e-01 -1.253643187816284588e-01 1.213555475666439065e-01
1.455200000000000000e+04 1.104650122950516788e-01 -1.253643187816284588e-01 1.213555475666439065e-01
1.474800000000000000e+04 -1.040368842037686647e-01 -1.564078629423635292e-01 1.451360873034950316e-01
1.479000000000000000e+04 -1.040368842037686647e-01 -1.564078629423635292e-01 1.451360873034950316e-01
1.453500000000000000e+04 9.243015206213911483e-02 -9.315840289229582183e-02 2.100927311606071157e-02
1.480100000000000000e+04 9.243015206213911483e-02 -9.315840289229582183e-02 2.100927311606071157e-02
1.468100000000000000e+04 8.046213113585665155e-02 -8.302849082854413254e-02 -7.279368763129312470e-02
1.468000000000000000e+04 8.046213113585665155e-02 -8.302849082854413254e-02 -7.279368763129312470e-02
1.454300000000000000e+04 8.737841182671601814e-02 -6.910939534667637218e-02 -1.192680012283631186e-01
1.454200000000000000e+04 -3.275439423779857862e-02 -5.562193532138426377e-02 3.204975867213377683e-02
1.446200000000000000e+04 -3.275439423779857862e-02 -5.562193532138426377e-02 3.204975867213377683e-02
1.446100000000000000e+04 -1.106550245500770302e-01 5.991282848967527386e-02 -1.890692793268087257e-01
1.453000000000000000e+04 -3.552075154329514817e-02 2.731507259098009399e-02 -1.301750216105794777e-01
1.455300000000000000e+04 -3.552075154329514817e-02 2.731507259098009399e-02 -1.301750216105794777e-01
1.480200000000000000e+04 -1.478992866101904724e-01 1.934809063051678990e-02 -1.503370725771340233e-01
1.462400000000000000e+04 3.115490360114847590e-02 5.005138940583186979e-02 1.106998102120293481e-01
1.476000000000000000e+04 -1.230456812471736328e-01 1.687614370612875447e-01 1.250195311950328403e-01
1.448500000000000000e+04 -1.481938759641820980e-02 -3.469114943703495157e-01 3.294159321120666561e-01
1.448400000000000000e+04 -1.481938759641820980e-02 -3.469114943703495157e-01 3.294159321120666561e-01
1.448800000000000000e+04 -4.708842142495939243e-01 2.409375555159276594e-01 5.429262797199037038e-01
1.456600000000000000e+04 -4.708842142495939243e-01 2.409375555159276594e-01 5.429262797199037038e-01
1.456500000000000000e+04 -2.574490612521493915e-01 1.069103483321516279e-01 5.688849497127677068e-01
1.446500000000000000e+04 -5.137302699280965612e-02 1.192621874715000807e-01 4.007448178028489849e-01
1.476900000000000000e+04 2.332972546037552775e-01 1.638126286054966130e-01 2.963122581718984350e-01
1.458200000000000000e+04 3.088233567332920870e-01 1.616750248323484129e-01 4.089268850951199852e-01
1.459500000000000000e+04 3.088233567332920870e-01 1.616750248323484129e-01 4.089268850951199852e-01
1.454900000000000000e+04 1.482050847264595461e-01 -1.315722882498677748e-01 -7.167509138460772533e-01
1.456000000000000000e+04 -2.437165779982208846e-01 3.147470247506323204e-02 -8.868651977408994469e-01
1.462200000000000000e+04 -2.437165779982208846e-01 3.147470247506323204e-02 -8.868651977408994469e-01
1.444400000000000000e+04 3.928235496389476111e-02 6.646288399639699307e-02 -6.805473662267189638e-01
1.459600000000000000e+04 -6.546159809468932167e-02 5.113513098306254889e-02 -7.132993556792648349e-01
1.447800000000000000e+04 1.097793574622265567e-01 2.264604557802041285e-02 -4.338604977650994954e-01
1.461100000000000000e+04 -2.371905982226714116e-01 -4.509920345364815120e-02 -7.669946192820731312e-01
1.463500000000000000e+04 4.584771469415009904e-01 6.117762471505296951e-01 1.588381326931731508e-01
1.475400000000000000e+04 7.328433767597388737e-01 5.975596718689839548e-01 1.933802967337108214e-01
1.471800000000000000e+04 4.487960341587715618e-01 4.178903067179273734e-01 3.009154027058471570e-01
1.447700000000000000e+04 -7.344979097571879834e-02 3.997668063707648933e-01 2.412256481042263090e-02
1.473200000000000000e+04 3.304385824721052245e-01 3.246454685581436905e-01 2.822642546498244087e-01
