# star id 	 star_x_coords [pc] 	 star_y_coords [pc] 	 star_z_coords [pc] 
4.490200000000000000e+04 -6.465935188073643758e-01 -1.216368854426619350e-02 -5.861280365181462670e-01
4.426300000000000000e+04 1.273953534835271739e+00 -2.953454634422811864e-01 3.839576236989472591e-02
4.451400000000000000e+04 1.562674451300452461e+00 -1.416262761576078333e+00 1.390168749854963082e-01
4.452000000000000000e+04 -3.552097307938595350e-03 1.386726663781061575e-01 3.809073521451615818e-01
4.481700000000000000e+04 4.599686527161992444e-01 -3.042030041315051392e-01 2.270260357465119228e-01
4.479300000000000000e+04 4.599686527161992444e-01 -3.042030041315051392e-01 2.270260357465119228e-01
4.426400000000000000e+04 -7.959698390819980318e-01 7.827171422112400023e-01 3.030790432115875177e-01
4.490100000000000000e+04 -7.959698390819980318e-01 7.827171422112400023e-01 3.030790432115875177e-01
4.451900000000000000e+04 -1.514480001109326679e+00 6.280709687846517397e-01 -1.032402112336129996e+00
