# star id 	 star_x_coords [pc] 	 star_y_coords [pc] 	 star_z_coords [pc] 
4.200100000000000000e+04 -8.655069087590447907e-01 4.944314722558615927e-01 -7.192203718259158052e-01
3.484200000000000000e+04 -9.114454512019065646e-01 7.939304426331421638e-01 -7.893569031907947675e-01
4.222000000000000000e+04 -9.114454512019065646e-01 7.939304426331421638e-01 -7.893569031907947675e-01
1.838400000000000000e+04 8.344948047549642922e-01 -2.014855254408942642e-02 -6.409005562337686257e-01
3.270600000000000000e+04 -4.130485565235986201e-02 -8.141700802898590439e-01 1.404277234108464611e+00
4.553500000000000000e+04 -5.597681964536178612e-01 6.672154908198386636e-01 1.047616145855600145e+00
2.023100000000000000e+04 6.992902866250823024e-01 8.109919621061045802e-02 -1.397337801583891093e+00
2.082400000000000000e+04 1.383166853942068286e+00 -5.929619306097748677e-01 1.196798909389116261e+00
4.566700000000000000e+04 3.522071085605027463e-01 2.477793718162697445e-01 9.761729270734589292e-01
3.270700000000000000e+04 1.541720629437062229e-01 -1.182841574757754088e+00 3.605317133546517283e-01
4.566200000000000000e+04 -1.338602473350523070e-01 -4.682642801939351784e-01 -6.492243926597627279e-01
