# star id 	 star_x_coords [pc] 	 star_y_coords [pc] 	 star_z_coords [pc] 
1.444100000000000000e+04 4.035952998776934919e-01 5.915895379834523737e-02 -6.630275963559029151e-02
1.440300000000000000e+04 5.152083329010634927e-01 2.004919653046499661e-02 -8.614977024092951297e-02
1.439300000000000000e+04 3.230715803100876471e-01 -5.504614379700001336e-02 -1.708210714381692696e-01
1.439900000000000000e+04 2.842203381490300274e-01 2.464197114115762588e-01 2.062070635030721633e-02
1.439500000000000000e+04 -5.843374026220047313e-01 -4.611826816431658926e-01 4.072989678979155315e-02
1.438600000000000000e+04 -2.704817770729217585e-01 -1.722903109394877674e-01 2.026753391049282982e-01
1.438700000000000000e+04 -3.135403898074695661e-01 -2.473594423072142945e-01 2.052667281686595402e-01
1.442400000000000000e+04 -1.822654128804996887e-01 1.403041843014563028e-01 -1.264448064782115466e-01
1.438400000000000000e+04 -4.233218612187616969e-02 4.160040106584830255e-01 -4.620361411787143879e-02
1.442700000000000000e+04 -4.430449364097022169e-01 -2.028567771090195038e-02 3.557793197756353720e-02
1.440200000000000000e+04 2.110405425271721924e-01 1.857133561284456391e-01 3.397439705586435821e-02
1.444200000000000000e+04 9.886601563876595833e-02 -1.114851484433785345e-01 -4.292296913239113110e-02
