# star id 	 star_x_coords [pc] 	 star_y_coords [pc] 	 star_z_coords [pc] 
1.398300000000000000e+04 -3.660064447482280769e-01 -1.915657160763366562e-01 2.541743337167002847e-01
1.395400000000000000e+04 9.397692512402944232e-02 -3.350636680981544657e-01 4.586006270539999541e-02
1.395700000000000000e+04 1.231674580341453051e-01 -6.454247858451083175e-01 1.269679238795491105e-01
1.402300000000000000e+04 2.306100366836929538e-01 -5.557836688611601517e-01 4.144776956055709616e-01
1.402800000000000000e+04 7.046076235023512879e-02 -5.456532352423373311e-01 4.352630973467459530e-01
1.406500000000000000e+04 -4.802139688016522356e-01 -2.445410731751067601e-01 -2.961287363205007406e-01
1.394200000000000000e+04 -4.802139688016522356e-01 -2.445410731751067601e-01 -2.961287363205007406e-01
1.399800000000000000e+04 -3.389981646608202226e-01 -2.668709051451330083e-01 -2.425904755441497529e-01
1.402200000000000000e+04 -1.641892129090205543e-01 -3.760671651855744813e-01 -4.776456216288809120e-01
1.396100000000000000e+04 -1.835364988154930543e-01 -2.173584162802342234e-01 -1.719459589815496847e-01
1.400300000000000000e+04 4.415952145949662011e-01 -3.716391757738790602e-01 -9.690027403354184443e-02
1.399400000000000000e+04 3.486396566955303200e-01 1.303696759712771325e-01 -3.555854745856845689e-03
1.395800000000000000e+04 2.667947097057528083e-01 3.074243498123152563e-02 -1.184851206932341916e-01
1.401300000000000000e+04 2.667947097057528083e-01 3.074243498123152563e-02 -1.184851206932341916e-01
1.400600000000000000e+04 4.329022370045914059e-01 4.727703199628834341e-01 1.660382675204066516e-01
1.394700000000000000e+04 -3.808205048027781814e-01 6.501722146768784683e-02 3.116617577328292810e-02
1.403800000000000000e+04 -3.808205048027781814e-01 6.501722146768784683e-02 3.116617577328292810e-02
1.396600000000000000e+04 -3.564291119712246214e-01 2.178040654880213367e-01 8.527989500605082096e-02
1.406900000000000000e+04 3.227047410731298527e-02 2.024173260507851069e-01 -1.756629208689987620e-01
1.394400000000000000e+04 3.227047410731298527e-02 2.024173260507851069e-01 -1.756629208689987620e-01
1.403500000000000000e+04 5.746838652434593797e-02 1.091231289551224393e-01 -9.834131746131330454e-02
1.404900000000000000e+04 5.746838652434593797e-02 1.091231289551224393e-01 -9.834131746131330454e-02
1.405000000000000000e+04 -1.995236398468467343e-01 5.713900339376465354e-03 -7.477265128320403909e-02
1.398700000000000000e+04 1.354175621742337299e-01 2.014688924611256482e-01 -2.614620110380808105e-02
1.400700000000000000e+04 1.354175621742337299e-01 2.014688924611256482e-01 -2.614620110380808105e-02
1.404400000000000000e+04 -4.982719937496682405e-02 2.716111096718165641e-02 5.661528110177332929e-02
1.387900000000000000e+04 -4.982719937496682405e-02 2.716111096718165641e-02 5.661528110177332929e-02
1.387800000000000000e+04 1.991820093086502652e-01 1.131361698783557301e-01 8.769468603998389900e-02
1.403600000000000000e+04 7.822106842029263873e-02 -3.794116229057564738e-02 8.492234686462137028e-02
1.402700000000000000e+04 7.822106842029263873e-02 -3.794116229057564738e-02 8.492234686462137028e-02
1.404600000000000000e+04 5.945048925989659949e-02 2.829214303803695429e-01 1.045669122682757468e-01
1.402500000000000000e+04 -1.858277589592667312e-01 7.084177374411382289e-02 1.402843082084533899e-01
1.397600000000000000e+04 -1.858277589592667312e-01 7.084177374411382289e-02 1.402843082084533899e-01
1.397500000000000000e+04 8.271302071998043459e-02 1.503461832160368772e-01 1.632917723881876504e-01
1.394800000000000000e+04 2.013162243763169101e-01 2.729239260449674020e-01 1.756681870515610089e-01
1.395600000000000000e+04 -1.922376161606687006e-01 1.747017020543708554e-01 1.796916643252464141e-01
1.395500000000000000e+04 1.328712557274176476e-01 3.207474823567579847e-01 2.338219822023904215e-01
1.396700000000000000e+04 5.955824045977475834e-02 1.555840270457515828e-01 3.034813171276198873e-01
1.398500000000000000e+04 1.584641646959710215e-01 -3.754901613563177420e-02 3.890642393935622168e-01
1.401600000000000000e+04 3.464492571255854969e-01 3.083059281627598125e-02 -3.519370539373501972e-01
1.404000000000000000e+04 -1.262859842986436831e-01 -3.185342083511955025e-03 -5.378845899785371643e-01
1.403900000000000000e+04 -1.115823544100891240e-03 3.697322999113730191e-01 -4.045572048013291733e-01
