# star id 	 star_x_coords [pc] 	 star_y_coords [pc] 	 star_z_coords [pc] 
3.326100000000000000e+04 -3.220444798460908586e-02 -1.097218258207419694e+00 4.471116592812807156e-02
5.417400000000000000e+04 -3.220444798460908586e-02 -1.097218258207419694e+00 4.471116592812807156e-02
1.541500000000000000e+04 -4.478608977986349160e-01 -9.126855401986517791e-01 -5.518469392201685864e-02
1.541400000000000000e+04 2.684341921295487765e-01 4.390539297794511242e-01 -1.233060743348945998e-01
5.437200000000000000e+04 2.183609722625066141e-01 3.225672058711950285e-01 3.984175868580992486e-01
5.414100000000000000e+04 -5.106165053700406631e-01 1.276527809658361434e+00 -2.752374898788110258e-01
5.414200000000000000e+04 -5.106165053700406631e-01 1.276527809658361434e+00 -2.752374898788110258e-01
5.418100000000000000e+04 1.096473233630277377e-01 -7.777483028745031390e-01 9.748536356634796007e-02
5.417800000000000000e+04 8.829719671843956341e-01 4.855690341949880917e-01 1.130725228608051580e-01
