# star id 	 star_x_coords [pc] 	 star_y_coords [pc] 	 star_z_coords [pc] 
1.732000000000000000e+03 -7.511432172526966156e-02 -8.196055587711015278e-02 5.757728475213426123e-01
1.731000000000000000e+03 -5.535811502575089804e-01 -3.289618324750804845e-01 4.106021374040764726e-01
1.730000000000000000e+03 -5.535811502575089804e-01 -3.289618324750804845e-01 4.106021374040764726e-01
3.275200000000000000e+04 -5.535811502575089804e-01 -3.289618324750804845e-01 4.106021374040764726e-01
3.771500000000000000e+04 -5.535811502575089804e-01 -3.289618324750804845e-01 4.106021374040764726e-01
3.843400000000000000e+04 -5.535811502575089804e-01 -3.289618324750804845e-01 4.106021374040764726e-01
3.843500000000000000e+04 7.268161731088369493e-01 2.942701901356556959e-01 -1.083592695983170984e-01
3.783200000000000000e+04 3.315077600051719031e-01 -1.168394151756970700e-01 -8.767939217080780168e-01
3.275300000000000000e+04 3.315077600051719031e-01 -1.168394151756970700e-01 -8.767939217080780168e-01
3.771400000000000000e+04 3.768240960403304030e-01 7.041023318571468792e-01 -6.718214528998345259e-02
3.539700000000000000e+04 3.768240960403304030e-01 7.041023318571468792e-01 -6.718214528998345259e-02
1.733000000000000000e+03 3.497700924421796032e-01 1.289868515288752349e-01 -3.162360656158185179e-01
1.734000000000000000e+03 3.497700924421796032e-01 1.289868515288752349e-01 -3.162360656158185179e-01
