# star id 	 star_x_coords [pc] 	 star_y_coords [pc] 	 star_z_coords [pc] 
1.355000000000000000e+04 6.551137059281195718e-01 -1.267141018257120777e+00 -1.895448711717376611e+00
1.351400000000000000e+04 6.551137059281195718e-01 -1.267141018257120777e+00 -1.895448711717376611e+00
1.357000000000000000e+04 1.569422615727418702e+00 -1.773601693026961357e+00 -2.621848582154822083e+00
1.356000000000000000e+04 -9.739683787456279163e-01 -1.845686842734075128e+00 -1.486916473066829170e+00
1.356500000000000000e+04 -1.077399526706098953e+00 2.511789735227395681e+00 5.421732259687921385e-01
1.353500000000000000e+04 2.510565937301592498e+00 3.394364840476342238e+00 2.422519137898575536e-01
1.357400000000000000e+04 2.510565937301592498e+00 3.394364840476342238e+00 2.422519137898575536e-01
1.357300000000000000e+04 2.299060904660425564e+00 3.053603121472718840e+00 2.353396401549847639e-01
1.357200000000000000e+04 1.399481510678381113e+00 3.174070500138547857e+00 5.913509558122251875e-01
1.357100000000000000e+04 -8.155584252027026082e-02 2.843518629200112002e+00 6.097009380031916947e-01
1.355300000000000000e+04 3.458903005177717205e+00 3.329790735669298840e+00 9.891049796066653244e-02
1.353300000000000000e+04 4.297588280627131496e+00 3.126235691084595203e+00 -8.828597309521573067e-01
1.357800000000000000e+04 -1.707188484327701872e-01 1.363187374412440533e+00 -8.406343159630527140e-01
1.358000000000000000e+04 -6.056614248573346515e-01 1.128168245321162999e+00 5.659098560172122205e-01
1.358100000000000000e+04 -5.409765861928157449e-01 7.049190898925630222e-01 1.312554089148923353e+00
1.352800000000000000e+04 1.285270017557486710e+00 2.370077626276660965e+00 1.051738281860458812e+00
1.358500000000000000e+04 -1.538713793544985720e-01 -1.218317146314120691e+00 -6.893052646612076728e-01
1.358700000000000000e+04 -5.538798171922607594e-01 -1.314681130548287058e+00 -4.817339247829988125e-01
1.359000000000000000e+04 5.853785281887446956e-01 -1.130190178309533167e+00 -2.492337493105694080e-01
1.412600000000000000e+04 -9.826486179831661616e-01 -1.099256850500495375e+00 1.222568855762169449e-01
1.412500000000000000e+04 9.941199136332805608e-01 -9.471404412700934472e-02 8.683734811440899648e-01
1.353200000000000000e+04 -9.417412109182237145e-01 -2.351347487974813077e+00 8.075627070270856578e-01
1.350100000000000000e+04 -2.729219510147125050e+00 -6.366001807540939694e-01 1.387289722054728891e+00
1.355700000000000000e+04 -1.099600021844977960e+00 -1.509312431568410773e+00 1.715447852406923879e+00
1.354900000000000000e+04 -1.463437697516130953e+00 -8.414130263440497970e-01 1.940779039774935377e+00
1.353600000000000000e+04 -2.907362627315130510e+00 -3.127413491951642754e-01 1.254676152787865817e+00
1.353100000000000000e+04 -1.332822629261471548e+00 -5.538413806444779652e-01 2.295734590996167057e+00
1.355800000000000000e+04 -1.332822629261471548e+00 -5.538413806444779652e-01 2.295734590996167057e+00
1.358900000000000000e+04 -1.332822629261471548e+00 -5.538413806444779652e-01 2.295734590996167057e+00
1.354500000000000000e+04 -1.528170181899582758e+00 -1.351812121413615841e+00 2.008098531603092596e+00
1.353900000000000000e+04 -6.203323632068098448e-01 -3.993902545618510658e-02 -2.967596584163789686e-01
1.355200000000000000e+04 -5.440685716612172484e-01 -3.604438077948231012e-01 -2.543216989083898483e-01
1.355900000000000000e+04 -7.985159307307654331e-01 -1.936391975352975692e-01 -1.612759031986819025e-01
1.351500000000000000e+04 -2.569853034070135323e-02 -4.215932414555751961e-01 -4.241732522552865703e-01
1.357600000000000000e+04 -9.584114441516433658e-02 -8.217173797415000536e-02 -3.958178072010589688e-01
1.358200000000000000e+04 -1.115379130716682710e-01 -2.896866588752260441e-01 -3.928187276445989085e-01
1.357700000000000000e+04 -2.818406200104561776e-02 -3.148317413188976843e-01 -3.604409346781451973e-01
1.351300000000000000e+04 -2.818406200104561776e-02 -3.148317413188976843e-01 -3.604409346781451973e-01
1.463500000000000000e+04 -2.847023760939393355e-02 -5.825024799456457458e-02 -3.342740801831141084e-01
1.357500000000000000e+04 -2.847023760939393355e-02 -5.825024799456457458e-02 -3.342740801831141084e-01
3.064000000000000000e+03 -2.847023760939393355e-02 -5.825024799456457458e-02 -3.342740801831141084e-01
1.480600000000000000e+04 -4.062504159794499969e-02 -2.502681832467033018e-01 -3.222266877690813658e-01
3.050000000000000000e+03 -3.008733188162437955e-02 -4.229600409173599473e-01 -3.042826304731089948e-01
3.049000000000000000e+03 -2.671866371761311143e-02 -1.461720316803223341e-01 -2.548383999934848987e-01
1.358400000000000000e+04 -1.880744156144054102e-01 -5.111777187405195377e-01 -4.761994398270594786e-01
1.359600000000000000e+04 -4.171168874471931076e-02 -3.678623639176237248e-02 -2.320835017229505581e-01
1.352700000000000000e+04 -9.046712700847336919e-03 2.150847123840549102e-02 -5.201788255856385490e-01
1.412400000000000000e+04 -1.013855020526577277e-02 4.774690333606912418e-02 -2.501890260386847586e-01
7.650000000000000000e+02 3.045488796623416761e-01 -3.438757316458449509e-01 -6.260848730968859854e-01
1.354600000000000000e+04 1.897428305646577940e-01 -4.319573157704894584e-01 -4.010031303828931470e-02
1.352300000000000000e+04 -2.209288050658173574e-01 -4.604866632290764983e-01 -1.545038626792205605e-02
1.355600000000000000e+04 -4.980516922901898624e-01 4.152129384044229710e-01 -2.257090990741872361e-02
1.359100000000000000e+04 2.076127766861404211e-01 -3.077796238402896734e-02 3.880237888618687236e-02
1.354200000000000000e+04 5.431702370993107820e-01 -5.013195776529499881e-01 -3.736622688319926056e-01
1.354100000000000000e+04 1.656140708525803973e-01 -1.928238388677243620e-01 -5.086304553030647213e-01
1.352600000000000000e+04 2.178647348297957365e-01 -4.275083484607975493e-01 -3.055884080539126302e-01
1.356100000000000000e+04 1.448312086116878561e-01 -4.340501482870138261e-01 -1.874131279339117384e-01
1.355500000000000000e+04 1.448312086116878561e-01 -4.340501482870138261e-01 -1.874131279339117384e-01
1.353800000000000000e+04 1.041148571761603137e-01 -1.570758672431438185e-01 -3.331127869099645977e-01
1.356700000000000000e+04 1.004257511782569168e-01 -3.824858152363930230e-02 -2.532800948521334305e-01
1.356600000000000000e+04 1.873374726303254079e-01 -2.219026275545701310e-01 -6.239401798529264909e-02
1.354800000000000000e+04 -4.754637801252314944e-01 -6.078062213090760224e-01 -3.839460350916858999e-01
1.359200000000000000e+04 -7.583440553091804759e-01 -7.907967647684088774e-01 -3.264295022432648352e-01
1.354000000000000000e+04 2.135467964398571894e-01 -5.616284744333270851e-01 -3.252616616036689834e-01
1.353400000000000000e+04 1.781895191902584941e-01 1.175759771923097219e-01 -5.024175811193654084e-01
1.356800000000000000e+04 2.199096633747501528e-01 4.284638815491348396e-02 -3.270411378951454395e-01
1.357900000000000000e+04 -2.518222579114457460e-01 -7.114265208770262916e-01 -4.822428123069570916e-01
1.355100000000000000e+04 6.452213409695062296e-02 -6.147572562519982853e-01 -2.886860144109579807e-01
1.354400000000000000e+04 1.145708415644719480e-02 -7.995332479767114364e-01 -2.523600951499709311e-01
