# star id 	 star_x_coords [pc] 	 star_y_coords [pc] 	 star_z_coords [pc] 
3.349500000000000000e+04 4.712101349932247274e-01 -2.314608523763403980e-01 1.919145507928448069e-01
3.356800000000000000e+04 4.879909942890847674e-02 -2.691144232103885869e-01 2.866398442461246532e-01
3.350300000000000000e+04 -2.863147021730352293e-01 3.867794165770215287e-01 1.216982692573331803e-01
3.375100000000000000e+04 -5.066487484201456226e-01 2.508224714871172267e-01 3.313639617502577295e-01
3.314200000000000000e+04 -1.318137544768109848e-01 2.244060883459848554e-01 2.169119229313842823e-01
3.596000000000000000e+04 3.466020959155002856e-01 -1.045304790905090542e-01 1.792025838403024096e-01
3.382300000000000000e+04 -6.839186197138857892e-02 1.100211721173049995e-01 1.507492313253511185e-01
3.580800000000000000e+04 -6.715673215712936184e-01 4.466412798933045991e-01 2.021941771937587617e-01
3.340600000000000000e+04 4.868242970093596966e-01 -3.546945602619651083e-01 -2.144972560065596667e-01
3.359100000000000000e+04 3.655239710189981395e-01 -6.625137727544325728e-01 -1.941698975435386387e-01
3.799800000000000000e+04 2.731656926979759703e-01 -3.285293063381411471e-01 7.291060179442965250e-02
5.931000000000000000e+03 2.396340095746225529e-01 -1.618189235278268967e-01 -3.142167680190137702e-01
3.487700000000000000e+04 3.399965234154151972e-01 2.077505298156090419e-02 -8.729330404174895364e-02
3.359300000000000000e+04 1.710740042902507696e-01 6.214120343492091081e-02 7.229669798535987013e-02
3.372300000000000000e+04 -4.856350266147888561e-01 5.506891738481369813e-01 3.497773669350934256e-02
3.351100000000000000e+04 -4.856350266147888561e-01 5.506891738481369813e-01 3.497773669350934256e-02
3.388500000000000000e+04 -4.856350266147888561e-01 5.506891738481369813e-01 3.497773669350934256e-02
3.742000000000000000e+04 2.636166884859392212e-01 -4.590101355026865448e-01 -6.208604002644655395e-01
3.359200000000000000e+04 1.151949499360824802e-01 -5.819817554659953984e-01 -4.997774325495871750e-01
