# star id 	 star_x_coords [pc] 	 star_y_coords [pc] 	 star_z_coords [pc] 
2.197800000000000000e+04 7.948386000036222754e-01 -3.199256620101259330e+00 1.114697868338299536e+00
2.305800000000000000e+04 6.576968753900054310e-01 -1.144717577230984773e-01 1.282658010411236837e+00
4.410100000000000000e+04 1.092003074889067449e+00 1.101228460908306062e+00 1.122124126285075629e+00
1.359000000000000000e+04 8.470159954738534225e-01 -2.741962765617280695e+00 3.041704681016449641e+00
3.521000000000000000e+04 3.293146888659350680e-01 -1.876308219787825138e+00 2.857008933629610503e+00
3.882400000000000000e+04 7.525176902371910614e-01 -1.951837706791033966e+00 1.691099224587349514e+00
3.534800000000000000e+04 -3.953579767423320845e-02 -6.535850329667329817e-01 1.111761891212326603e+00
1.428400000000000000e+04 1.578410156668127229e+00 -8.508128924239635182e-01 1.782630817806526213e+00
3.509400000000000000e+04 -2.444578500749798877e-01 -6.811316607553106195e-01 9.219904172081148097e-01
2.197900000000000000e+04 1.966720905840354305e+00 -2.991445072602401112e+00 7.668726931594265217e-01
3.302400000000000000e+04 -4.509947550019290929e-01 1.208724017146860064e+00 -3.884538776774619784e+00
1.146100000000000000e+04 -3.780958755779550984e-03 2.069448281194894435e+00 -1.835244513502439112e+00
3.899100000000000000e+04 9.555060553317034078e-01 2.381329562057729277e+00 -1.778734740327109876e+00
2.289800000000000000e+04 -3.719104505552692785e-01 1.402207572310068429e+00 -1.177179330348591790e+00
3.949600000000000000e+04 9.329520650522944436e-01 1.540024972644651768e+00 5.705904811053916781e-01
1.634600000000000000e+04 -2.762777231717059578e-01 2.530332810096815876e+00 -3.001927893446185713e+00
3.953200000000000000e+04 -1.461099054801632491e+00 -2.575166642700956743e-01 2.934287482743713760e-01
2.344000000000000000e+04 -1.461099054801632491e+00 -2.575166642700956743e-01 2.934287482743713760e-01
3.353000000000000000e+04 -8.880183363609042146e-01 2.196785002439295198e+00 -2.963793880943558001e+00
4.932700000000000000e+04 -8.914141394428867216e-01 1.048143689291020308e+00 -1.412878772979254016e+00
1.519100000000000000e+04 -1.295550988642265366e+00 1.283531372438879714e-01 -6.316313975955658577e-01
8.909000000000000000e+03 -2.522837016682860423e+00 -3.073246123921791195e-02 -1.640673490484774177e-01
