# star id 	 star_x_coords [pc] 	 star_y_coords [pc] 	 star_z_coords [pc] 
1.062000000000000000e+04 -1.187535093913940187e+00 -6.641289271694681418e-01 3.222962276408587456e-01
2.785100000000000000e+04 -2.558738902146124872e-01 9.965371295133973462e-01 2.407993544779269968e-01
2.797900000000000000e+04 9.068327962038047474e-02 -5.099769390044688322e-01 6.082751748427916993e-01
3.609300000000000000e+04 -4.576936120107806261e-01 -1.850060336490191304e-01 3.031361124780129757e-01
2.292700000000000000e+04 -4.576936120107806261e-01 -1.850060336490191304e-01 3.031361124780129757e-01
2.869600000000000000e+04 2.913404082569943654e-01 -9.604705882934290173e-01 -5.141477317661511393e-01
2.785200000000000000e+04 3.400653879237509614e-01 5.463439007706121231e-01 -6.575720640755324808e-01
3.523600000000000000e+04 3.400653879237509614e-01 5.463439007706121231e-01 -6.575720640755324808e-01
2.798000000000000000e+04 1.296641741002988013e+00 4.153635946773732712e-01 5.164887861332978503e-02
