# star id 	 star_x_coords [pc] 	 star_y_coords [pc] 	 star_z_coords [pc] 
2.432500000000000000e+04 1.179088585930951893e+00 7.437632922878023578e-02 -8.347871359090337506e-01
5.777900000000000000e+04 2.438193128057921655e+00 -2.636796174983437879e-01 -5.837053179895370647e-01
6.212900000000000000e+04 1.276938789955501363e+00 6.354869214348468631e-02 -8.397628832186008196e-01
5.750300000000000000e+04 6.797440119739910358e-01 -7.208173581175394418e-01 -1.410553111630186152e-01
4.780300000000000000e+04 -1.597635460463315837e-01 -6.978680870109181811e-01 1.864170359334611504e-01
4.786900000000000000e+04 -1.426122155229784028e+00 1.304209887508172017e+00 3.369871539412763184e-01
4.779500000000000000e+04 -1.378490225967130556e+00 -5.631212236782436875e-01 2.517574641390201151e-01
4.241100000000000000e+04 -9.328838932823124708e-01 -9.929253185172326468e-01 4.300230834258478296e-02
3.029000000000000000e+04 -6.726112797697929579e-01 4.231513658857419813e-01 7.299702328852113453e-01
5.774400000000000000e+04 -1.004093410105870277e+00 1.373125326589688555e+00 8.511764580420759785e-01
