# star id 	 star_x_coords [pc] 	 star_y_coords [pc] 	 star_z_coords [pc] 
6.129300000000000000e+04 4.056699463698159036e-01 -1.692838167936239202e-01 5.233594551768037118e-01
6.949000000000000000e+04 6.709319055850180291e-01 3.214391322961365205e-01 5.969683614390423054e-01
6.230000000000000000e+04 2.523109851891902622e+00 8.079793503724048698e-01 7.376652781373920220e-01
4.719000000000000000e+04 2.292866120263221674e+00 9.665806220131756277e-01 1.136359995906668363e+00
6.789600000000000000e+04 1.908547745665297946e+00 1.111034690688238236e+00 9.156054587377201459e-01
6.808100000000000000e+04 -8.794511713260479979e-01 -1.855081592570123616e+00 1.056973286839186787e+00
6.809600000000000000e+04 -8.567556522423327436e-01 -1.143130687751430674e+00 8.075615642780787917e-01
6.236100000000000000e+04 2.229387636438548981e-01 -1.171862363029426701e+00 7.729742674627138044e-02
6.808500000000000000e+04 -1.660866907298636619e+00 -7.704745244621165057e-01 -1.220505484956986297e-01
2.936000000000000000e+04 8.404836670853228497e-01 -2.380668590435091048e-01 -6.013346008968993850e-01
1.264000000000000000e+03 1.792885187321751950e+00 4.296194715517325236e-01 -1.099293528875364689e-01
6.806300000000000000e+04 1.665376089054019459e+00 1.290623703456752036e+00 -1.603444399661111408e-01
5.443000000000000000e+04 -1.975948144915076199e-01 7.886732738562050038e-01 -1.086206311914377221e+00
6.804800000000000000e+04 -1.976957317437195272e+00 6.250544915767490828e-01 -1.512647052954871008e+00
6.956100000000000000e+04 -9.531659181113223411e-01 -2.502797215596874736e-02 -1.084628191693806087e+00
6.805800000000000000e+04 -1.165420283602584206e+00 -4.470628936207221571e-02 -2.932697918658078162e-01
6.780600000000000000e+04 -8.328375238422545124e-01 -3.822533779686714261e-01 -1.432976055856589159e+00
6.190300000000000000e+04 -1.632773659283730083e+00 -1.648787930116659695e-01 1.512513860141806443e-01
6.807300000000000000e+04 -1.584850259599374311e+00 -2.609247615091412342e-01 2.480997947186776020e-01
6.086100000000000000e+04 -6.535678481891320502e-01 -1.764921805670995880e-01 3.397488969530650937e-01
