# star id 	 star_x_coords [pc] 	 star_y_coords [pc] 	 star_z_coords [pc] 
3.539800000000000000e+04 -2.981378501461762198e-01 8.672685768031840325e-02 -4.438951740619003772e-01
3.537800000000000000e+04 -6.053976086415246982e-02 5.648040345296578835e-02 -3.470521106506154752e-01
3.540900000000000000e+04 -2.986857719116073895e-01 -2.536805199710556735e-03 -2.167281038320112430e-01
3.538600000000000000e+04 6.329722796593273415e-03 1.146674132240264044e-01 -7.724517709544187483e-02
3.539100000000000000e+04 8.050347767009924382e-02 5.425123459881007193e-01 9.359660985566620184e-03
3.535500000000000000e+04 1.129836719528753974e-02 2.439808508165697276e-02 7.738689749520233363e-02
3.537000000000000000e+04 -1.213511941206846245e-01 5.635696585880083376e-01 1.086732436000090729e-01
3.538000000000000000e+04 3.890084179115405050e-02 4.573997245503278464e-01 2.690157147886722555e-01
3.535700000000000000e+04 3.890084179115405050e-02 4.573997245503278464e-01 2.690157147886722555e-01
3.535600000000000000e+04 1.739426977262112928e-01 1.799692964667940487e-01 3.192397761330099115e-01
3.537500000000000000e+04 4.038732707138592559e-01 -1.462717975082910016e-01 -2.451359034998716879e-01
3.541700000000000000e+04 -9.359696845672971222e-02 -4.229830360874018425e-01 -1.248848819285015566e-01
3.538200000000000000e+04 1.800965265476861532e-01 -2.368052554069208782e-01 2.673632727841379619e-02
3.536800000000000000e+04 1.515197481382841715e-01 -2.343115612244304202e-01 3.142442474735673841e-02
3.541500000000000000e+04 1.308552749269296100e-01 -2.450842646596100849e-01 4.756105774787755536e-02
3.540600000000000000e+04 -2.941275442517508054e-01 -1.465842358614111163e-01 4.334302197528927536e-02
3.544100000000000000e+04 -2.000816082876468727e-01 -4.174947425133410661e-01 1.265358893043568855e-01
3.545700000000000000e+04 1.502999342301123420e-01 -6.310518171787293795e-01 1.266496275047046538e-01
