# star id 	 star_x_coords [pc] 	 star_y_coords [pc] 	 star_z_coords [pc] 
1.236100000000000000e+04 6.254474746681779607e-01 -1.647381966987587987e+00 9.151367669387440174e-01
1.261600000000000000e+04 5.668201597921154189e-01 -1.416419350962691226e+00 5.826279091673782773e-01
1.266800000000000000e+04 1.499195437356807048e+00 -1.074751318419387758e+00 8.545882291618625004e-01
1.250700000000000000e+04 -1.251995666141532126e-01 -2.914325092742515722e-01 -1.786127775098833581e-02
1.251200000000000000e+04 -8.523895186490157982e-01 1.616423778825080149e-01 2.093048337225908995e-01
1.251100000000000000e+04 -1.080673147320389660e+00 6.313474266469540908e-01 4.747634270200862261e-01
1.241100000000000000e+04 -8.079221327148928822e-01 1.341655447301441484e+00 8.301203863539896588e-01
1.251900000000000000e+04 -6.525300520691672546e-01 1.324601419311541406e+00 5.964718189261901671e-01
1.249800000000000000e+04 -8.816114415291913531e-01 4.747860555047651587e-01 3.112207131793596204e-01
1.251400000000000000e+04 -1.671919171146246441e+00 2.426024489402891504e-01 -3.936982240314534920e-02
1.241300000000000000e+04 1.477454500813955462e+00 1.148256726943586159e-01 -1.771185291613988966e+00
1.250900000000000000e+04 9.259180981197410176e-01 7.445887641045771943e-01 -1.643752953169951070e+00
1.238300000000000000e+04 3.680847118222274617e-02 2.546566261657261521e-01 -7.089751229525802501e-01
1.250600000000000000e+04 9.406008822099067856e-01 -8.607210984956168431e-01 -5.930896186269407622e-01
