# star id 	 star_x_coords [pc] 	 star_y_coords [pc] 	 star_z_coords [pc] 
2.790600000000000000e+04 1.302914505783654420e+00 2.867351747841269116e-01 -7.700635639751696182e-02
3.392100000000000000e+04 7.202954392861116162e-01 -1.161569819643389678e+00 3.039543692968968980e-01
3.524400000000000000e+04 1.328882355153936601e+00 9.355219638551197647e-01 7.205179818688622895e-01
2.790500000000000000e+04 5.824823158826930580e-01 -1.322081341065909577e+00 -7.750869653411367466e-01
4.931600000000000000e+04 -1.059863219513985655e-01 -5.648408223856025145e-01 -2.283823377014824185e-01
3.756300000000000000e+04 -1.059863219513985655e-01 -5.648408223856025145e-01 -2.283823377014824185e-01
3.756200000000000000e+04 -1.059863219513985655e-01 -5.648408223856025145e-01 -2.283823377014824185e-01
3.756100000000000000e+04 -1.059863219513985655e-01 -5.648408223856025145e-01 -2.283823377014824185e-01
2.865400000000000000e+04 -1.059863219513985655e-01 -5.648408223856025145e-01 -2.283823377014824185e-01
3.756000000000000000e+04 1.645423704346242744e-01 1.418176696860200536e-01 -1.817148923255846871e-01
2.371900000000000000e+04 1.645423704346242744e-01 1.418176696860200536e-01 -1.817148923255846871e-01
4.693600000000000000e+04 -1.131908024220706466e+00 6.430690739902651387e-01 6.193264381312868494e-02
5.965000000000000000e+03 6.364038766061455021e-01 1.640306914480582634e+00 1.230901345721224782e-01
3.755900000000000000e+04 -1.675109847529753893e+00 7.527561641946682869e-01 5.990329438459646161e-01
1.002100000000000000e+04 -1.563113769137267184e+00 7.658306354096033886e-01 5.489067186306572088e-01
