# star id 	 star_x_coords [pc] 	 star_y_coords [pc] 	 star_z_coords [pc] 
5.120900000000000000e+04 -1.421726096112214677e-01 -3.020052802880339726e-01 -3.555731989033859008e-01
5.140500000000000000e+04 3.506367051448666672e-02 1.070294476143835993e-01 3.271164655867906390e-01
5.127400000000000000e+04 5.891967075510544660e-01 1.470482383319797748e-01 5.338605901611401805e-01
5.117300000000000000e+04 1.404127277430653464e-01 1.804865218366309421e-01 5.695770029481010965e-01
5.122900000000000000e+04 4.258409264991289689e-01 4.019373989540593328e-01 6.643029253579868509e-01
5.125800000000000000e+04 -1.712305055247753671e-02 -1.717367139422858457e-01 6.585553129578727294e-01
5.125900000000000000e+04 -7.780446220078029995e-02 -1.513808487136341085e-01 -2.338062190096934501e-01
5.117800000000000000e+04 -1.713237112941117246e-01 4.034562609606417993e-01 -9.856922926413602681e-02
5.126900000000000000e+04 -1.023224724506074601e+00 -1.373362323558353637e-01 -1.339591468208702452e+00
5.119300000000000000e+04 -9.776798341201997644e-01 5.050237172915625905e-01 -6.841935234942724264e-01
5.125100000000000000e+04 3.921737285083333191e-01 -6.279273089611159264e-02 -4.684001605588861139e-02
5.125300000000000000e+04 7.872376893613619586e-02 3.638339151178726638e-02 2.692132138380500805e-01
5.124700000000000000e+04 2.338268426963887592e-01 5.167416172507621752e-02 -1.987672455402389460e-02
5.122000000000000000e+04 2.325926928387342940e-01 1.078596902135888769e-01 1.225271638361462578e-01
5.118700000000000000e+04 2.010477015838745274e-01 -9.416444160004644459e-02 2.256116468683373455e-01
5.126300000000000000e+04 -2.251499796391292385e+00 3.371518966212860846e-02 -2.328654001079094371e+00
5.119200000000000000e+04 2.658674476715017221e-01 1.986763903154376010e-02 -3.968460447728077156e-01
5.125200000000000000e+04 5.300597979921182201e-01 3.143647287267423707e-01 -1.436594536752338058e-01
5.123000000000000000e+04 1.725591407931332810e-01 2.169170646882641051e-01 2.308727949789783906e-01
5.127800000000000000e+04 2.909966214674115648e-01 2.628518503660455252e-01 2.884387010665250273e-01
5.116900000000000000e+04 1.720610233094284069e-01 3.724702646343658330e-02 2.963625866192955982e-01
5.118300000000000000e+04 4.089310411231927844e-01 2.685364876097118270e-01 2.941028017424827112e-01
5.123800000000000000e+04 6.045780970416902989e-02 1.689325540069397391e-01 1.063807994818759539e-01
5.127500000000000000e+04 -7.374394332287170784e-02 -2.674266077649321005e-01 -7.284157640843673676e-01
5.126600000000000000e+04 -6.981565095329340664e-01 -6.386429601356162777e-01 7.410556086346886673e-01
5.126200000000000000e+04 -9.232173511908250418e-01 -1.161401531348392524e+00 1.537729748525293871e+00
5.126700000000000000e+04 1.071018825880238001e+00 -6.924979019519916790e-01 -7.181578639576642331e-01
5.118800000000000000e+04 1.599576222495805222e+00 1.452523164032223590e+00 -1.408580931759715327e-01
5.126100000000000000e+04 -1.733467449570653685e-01 2.382326671849224198e-01 3.867030736607333097e-01
5.123500000000000000e+04 5.078922664882936644e-01 -2.840911335466529408e-01 4.581614173049075589e-02
5.122600000000000000e+04 3.280852975382781977e-01 -2.979160384640984205e-01 8.266635609562911213e-02
5.123300000000000000e+04 1.165835192204846660e+00 -1.269878852781282319e+00 -2.494198906200750798e-02
5.124800000000000000e+04 5.589682098778343544e-01 1.027630866448271618e+00 -2.726861239469755560e-01
5.127300000000000000e+04 -4.312310212227021822e-01 -1.626023072925761426e+00 7.506991043502395655e-01
5.118600000000000000e+04 -1.837501132607994414e+00 -2.363572424958633178e-01 -1.326173473855185136e+00
5.119400000000000000e+04 -3.234184203443746242e-02 2.005469954399412558e-01 3.329547792297660180e-02
5.128000000000000000e+04 -3.234184203443746242e-02 2.005469954399412558e-01 3.329547792297660180e-02
5.126500000000000000e+04 -1.439908385369257360e-01 1.014368180566513900e-01 9.408495754784951259e-02
5.124100000000000000e+04 -1.867094754919031985e-01 1.706965686422581285e-01 1.455176016182448961e-01
5.119700000000000000e+04 -2.806389491911192025e-01 3.131651844773895021e-01 2.339277838910618357e-01
5.123700000000000000e+04 -1.237099343026333287e-01 2.618099675957097361e-02 2.644675559165605705e-01
5.122100000000000000e+04 1.365700991245892837e-01 3.993599618444463317e-01 -7.733772796852633746e-02
