# star id 	 star_x_coords [pc] 	 star_y_coords [pc] 	 star_z_coords [pc] 
7.069900000000000000e+04 3.870077741916269076e-01 5.684049646485931362e-01 1.045397446460931690e-01
7.042700000000000000e+04 -5.369862401063567603e-01 -5.944686278198609841e-01 -5.709788114821385818e-01
7.047000000000000000e+04 1.534091708064066140e+00 1.365649949483209724e+00 -3.004811801634090784e-01
4.550600000000000000e+04 2.316514245685112883e-01 -2.870415408108257793e-01 -9.649107169155541897e-01
7.058600000000000000e+04 -5.369862401063567603e-01 -5.944686278198609841e-01 -5.709788114821385818e-01
7.058700000000000000e+04 9.948208921301890939e-01 1.021425358277681994e+00 6.073897200827147458e-01
7.047100000000000000e+04 -1.217506578669382833e-01 -2.165480831820936203e-01 5.229986455459147976e-01
7.054400000000000000e+04 -3.465932304996819369e-01 -3.529598915179725793e-01 7.225523770282080704e-01
4.577900000000000000e+04 -1.170674293790153087e+00 -5.188912198038231338e-01 -2.361802114806508257e-01
7.097900000000000000e+04 -3.465932304996819369e-01 -3.529598915179725793e-01 7.225523770282080704e-01
