# star id 	 star_x_coords [pc] 	 star_y_coords [pc] 	 star_z_coords [pc] 
5.830300000000000000e+04 7.886347896026428828e-01 1.266761368611240002e-01 -1.419799266773530189e+00
5.785100000000000000e+04 -6.791971127123801466e-01 4.068084322939320430e-01 -5.510532835820356468e-01
3.153300000000000000e+04 -3.130951742453582654e-01 4.694375800513603814e-01 1.470442830457319161e+00
5.946600000000000000e+04 -5.901975280723092965e-02 -5.939466873177190465e-02 1.571997353616313875e+00
2.227500000000000000e+04 -2.155765346007179062e-01 2.407845413602416329e-02 -1.105217645158026674e+00
6.217700000000000000e+04 -2.155765346007179062e-01 2.407845413602416329e-02 -1.105217645158026674e+00
6.213000000000000000e+04 -1.178884013652904628e+00 7.029408064288951152e-01 -6.927410627473040705e-04
2.227600000000000000e+04 1.448734994939187004e-01 -1.632326376256081346e-01 4.561666465726942343e-01
6.137900000000000000e+04 1.448734994939187004e-01 -1.632326376256081346e-01 4.561666465726942343e-01
5.779700000000000000e+04 7.013011464128737771e-01 -9.328804112935262793e-01 6.483208796304121835e-01
5.779800000000000000e+04 9.166172298330508283e-01 -2.718681676352074916e-01 5.029596699153460193e-02
3.177200000000000000e+04 -9.872618974402129766e-01 9.450658466605021957e-02 9.169275508127383567e-02
6.151000000000000000e+04 1.239575287371962986e+00 -4.606343711961300436e-01 -3.948105739171048345e-01
