# star id 	 star_x_coords [pc] 	 star_y_coords [pc] 	 star_z_coords [pc] 
6.067000000000000000e+03 1.469919842275242416e-01 -1.173365015917688936e-01 1.447815967194783227e-01
6.337000000000000000e+03 2.857418480216171730e-01 -3.490760023949519564e-01 3.575538838540062159e-01
6.317000000000000000e+03 5.188670846922640578e-01 -5.939913089059132290e-01 1.029225891379024205e-01
6.318000000000000000e+03 -1.871959186222671434e-01 4.860758212414708623e-01 -3.440944392195959267e-01
6.319000000000000000e+03 -1.509835638401879621e-01 -2.482807712180346016e-02 -2.853883723875938472e-01
6.064000000000000000e+03 -5.019584899780618059e-01 1.470075332631104459e-01 -2.814633408481919119e-01
6.433000000000000000e+03 -1.436489276569474782e-02 4.499563253774638838e-01 -7.808259757698898795e-02
6.084000000000000000e+03 -2.556050645332241800e-02 1.419252724492992002e-01 1.644207240483375188e-02
5.166000000000000000e+03 -2.556050645332241800e-02 1.419252724492992002e-01 1.644207240483375188e-02
6.085000000000000000e+03 -2.556050645332241800e-02 1.419252724492992002e-01 1.644207240483375188e-02
6.070000000000000000e+03 -2.041653170432944364e-02 -4.235836091322795482e-01 3.344444614036712338e-01
