# star id 	 star_x_coords [pc] 	 star_y_coords [pc] 	 star_z_coords [pc] 
1.711800000000000000e+04 4.796994378590966335e-01 -6.285240601780017755e-02 6.459453298328377002e-02
1.695600000000000000e+04 -5.713428680136747317e-01 4.785261426766354020e-01 8.056178867468410942e-02
1.688800000000000000e+04 -7.802007777212160988e-02 -1.068971716508748671e-01 7.698940711576902629e-01
1.680800000000000000e+04 1.868874144861365494e-05 -1.528325280844171630e-01 8.030988178450915171e-01
1.687500000000000000e+04 -4.983792542742655485e-01 2.071697397265204188e-01 5.939573061907932328e-01
1.692300000000000000e+04 2.687893146297497537e-01 -3.521298306822373547e-01 6.460105526971178236e-01
1.694800000000000000e+04 1.852805729320863293e-01 -6.305418916022382803e-01 -4.116898295513315986e-02
1.691700000000000000e+04 -1.163934091942344651e-01 -5.958722851088147365e-01 5.204155393203251379e-01
1.685100000000000000e+04 1.538262401692414016e-02 -4.530742446496134335e-01 7.450247556288340789e-01
1.685200000000000000e+04 -4.466619371774402936e-01 -7.310028933836747456e-01 -7.407866268281892985e-01
1.704200000000000000e+04 -3.240844004609186868e-01 -6.379041689842956941e-01 -6.322698254156975395e-01
1.692700000000000000e+04 -4.750229481127483666e-01 -4.876406717935459767e-01 -5.472188278542748918e-01
1.683300000000000000e+04 2.006740185694848577e-01 9.634679398237366854e-02 -6.022035075349485567e-01
1.683700000000000000e+04 -1.819646061939543813e-01 2.629110832039280865e-01 -8.332397625405985053e-01
1.705700000000000000e+04 -5.647365438917066882e-01 1.189784896316936624e-01 -1.393851846846114739e-01
1.700900000000000000e+04 -3.383517989796338554e-01 5.315468336507969127e-01 -1.898281398801362485e-01
1.687200000000000000e+04 3.260545035191029228e-01 -3.453053708487239248e-01 -6.168754958168349845e-01
1.702500000000000000e+04 3.460238060997600229e-01 -6.535445352454303247e-01 -1.040765438078672389e-01
1.696300000000000000e+04 6.440566369449900463e-01 -3.428014890280941529e-01 -7.673402747610946761e-01
1.680500000000000000e+04 6.553903850494169347e-01 4.764133155090988225e-02 -1.854201865460591847e-01
1.682800000000000000e+04 6.319091389327837760e-01 2.708811431431641381e-01 -1.933352061136375255e-01
1.708700000000000000e+04 2.993800881697232796e-01 -1.390053375638444777e-01 -6.929202641326348555e-02
1.712200000000000000e+04 2.291633099923764405e-01 -1.084422634073298752e-01 -6.344035787190271947e-02
1.709300000000000000e+04 -6.465632720015257462e-02 -1.076148502214664404e-01 -1.768909874048674169e-02
1.682700000000000000e+04 -1.180987334581047321e-01 -1.032684237321852549e-01 1.238384548158286691e-01
1.704000000000000000e+04 -1.506628411616635077e-01 -1.052299193065735494e-01 1.424895204588132458e-01
1.704100000000000000e+04 -9.887331800342735733e-02 -8.942911319794788483e-02 1.432208538888097848e-01
1.683800000000000000e+04 -8.868746108851510712e-02 -1.760857090165330874e-01 1.659029834482925736e-01
1.686900000000000000e+04 4.961780253777625660e-02 -1.107165399059582001e-01 -6.468402021251051792e-02
1.691800000000000000e+04 1.675403604237768462e-01 -9.332411463904577431e-02 -4.242789248845113548e-02
1.703200000000000000e+04 9.740831650725034763e-02 -1.509438100795890136e-01 -6.606432327160938200e-02
1.690300000000000000e+04 1.897595674227119389e-01 -2.333806079108065035e-01 -4.378470790972777138e-02
1.687400000000000000e+04 1.950837956912643278e-02 -2.735044803303203764e-01 1.643447135702853501e-01
1.707600000000000000e+04 2.560972963560352866e-01 -3.421574751519429469e-02 -3.969910417226607535e-02
1.696700000000000000e+04 4.272501318778552104e-01 1.273866911437835370e-01 6.425748485140125865e-02
1.701900000000000000e+04 2.663886186530231015e-01 -3.052990699104540795e-02 1.232299790404365325e-01
1.708900000000000000e+04 2.663886186530231015e-01 -3.052990699104540795e-02 1.232299790404365325e-01
1.709100000000000000e+04 3.753217837143125735e-01 4.261967155438028954e-02 1.731067457337793769e-01
1.690000000000000000e+04 -8.936749155997425476e-02 -5.217300058496832094e-02 3.726403421969237684e-02
1.710900000000000000e+04 -1.547134029829777546e-01 -4.011050286388950781e-02 -5.566830145194856527e-02
1.693200000000000000e+04 -1.254293811355307042e-01 -1.308792119194990278e-02 3.012110363651743228e-02
1.693300000000000000e+04 -5.940379450938948480e-02 4.585872737063567683e-03 -6.506481469522107375e-02
1.707200000000000000e+04 -7.873522640892183233e-02 1.883961086409513541e-02 -1.171403783803803833e-02
1.708100000000000000e+04 -6.568677106029063850e-02 3.839364518656651626e-02 -9.614228392525347999e-03
1.707900000000000000e+04 -4.705205136810164390e-02 6.446597189326297439e-02 -5.560044592413859732e-02
1.687800000000000000e+04 -5.903796146531625766e-02 1.421256038474041361e-01 -6.056569354460705767e-02
1.693400000000000000e+04 -1.340396802915471142e-01 1.421179014762508075e-01 -1.982551790101005906e-02
1.694900000000000000e+04 -5.402872527655411261e-02 4.232416648434167428e-02 1.215922317881634740e-02
1.701700000000000000e+04 -6.338905262525251771e-02 2.881671216139025660e-02 8.675680903728277826e-03
1.704700000000000000e+04 -6.338905262525251771e-02 2.881671216139025660e-02 8.675680903728277826e-03
1.702700000000000000e+04 -4.259412667022566268e-02 8.008615160150966972e-02 5.506291266459406586e-02
1.689700000000000000e+04 -6.623788651618411905e-02 1.678950095885838323e-01 6.838416718007245265e-02
1.684900000000000000e+04 -4.919913290787825133e-02 -5.616594715750267142e-03 -3.032760427227110256e-02
1.688900000000000000e+04 -1.344632565848211669e-01 1.167460813965170985e-01 6.800749111591386509e-02
1.688200000000000000e+04 -6.598398103341729382e-02 -2.592087226805972477e-02 4.500603089867993845e-02
1.702100000000000000e+04 -6.305045040492984754e-02 1.144706062818201531e-02 1.235070120820260797e-01
1.706100000000000000e+04 -5.092994845555054440e-02 9.875713055106416505e-02 1.363157123067857412e-01
1.712700000000000000e+04 -6.323866732827454484e-02 2.017298025988978338e-02 1.487855358622347524e-01
1.710500000000000000e+04 -5.953687292331366621e-02 3.034260427485691025e-02 1.517918050938149577e-01
1.709200000000000000e+04 -1.079053680422283890e-01 -7.941524583871384380e-02 2.397199757712087376e-02
1.700500000000000000e+04 -4.858483483803563985e-01 -1.643090878366848528e-02 -7.383963892362643833e-02
1.694100000000000000e+04 -3.278794230943606891e-01 -5.573810087295072435e-02 -3.357945435470455209e-02
1.682600000000000000e+04 3.359089399988057778e-02 -7.812566945728960377e-02 5.599075277246079452e-02
1.710200000000000000e+04 1.365835479428572086e-01 -6.475639983885272954e-02 5.822333587565964308e-02
1.691100000000000000e+04 1.154597635484382323e-01 -6.042882301597884975e-02 1.726626663670671746e-02
1.695100000000000000e+04 -8.616688942488792691e-03 -5.835969845860233818e-02 5.386253412844688171e-02
1.682400000000000000e+04 1.393022756951847185e-01 -4.101585114358385908e-02 -2.179655713226402725e-02
1.709700000000000000e+04 -2.439417530584009342e-02 8.421906110795873701e-02 -9.764760415080786515e-03
1.685500000000000000e+04 5.090285977145114771e-02 -2.038889498098939157e-03 4.730641952050973487e-03
1.685400000000000000e+04 5.090285977145114771e-02 -2.038889498098939157e-03 4.730641952050973487e-03
1.686800000000000000e+04 -2.129462011768090690e-02 1.042297294771010741e-01 3.066197091224509563e-02
1.701500000000000000e+04 -9.070968644994792385e-03 1.350958345230459656e-01 -3.186796184382245656e-02
1.686200000000000000e+04 3.659071548425529841e-02 1.862187347640897883e-02 -4.252613704790420002e-02
1.700300000000000000e+04 3.659071548425529841e-02 1.862187347640897883e-02 -4.252613704790420002e-02
1.691400000000000000e+04 9.561945151093809159e-02 3.249742667118482586e-02 -3.128345405210986030e-02
1.690700000000000000e+04 9.561945151093809159e-02 3.249742667118482586e-02 -3.128345405210986030e-02
1.678600000000000000e+04 1.390480712289896559e-01 1.537372929717761849e-02 1.201003766409058926e-02
1.690900000000000000e+04 6.465879313618394519e-02 2.110424412488853818e-02 -7.171951568288292833e-02
1.690800000000000000e+04 4.950292001957556920e-02 8.056939252742978397e-02 -3.042557342060270287e-02
1.694000000000000000e+04 2.012128834018973578e-01 7.917214651281767601e-02 -6.730259837823027169e-02
1.687000000000000000e+04 3.784160081228726824e-02 8.928991362006399868e-02 -4.437796463485810250e-02
1.688100000000000000e+04 6.937687712280649066e-03 9.260271831754707250e-02 -6.130284404236618911e-02
1.686700000000000000e+04 4.745506610061411834e-02 1.068527584789897844e-01 -3.899169615148245782e-02
1.686500000000000000e+04 4.745506610061411834e-02 1.068527584789897844e-01 -3.899169615148245782e-02
1.680200000000000000e+04 -5.052438460179331514e-03 6.122182682785393126e-02 -8.330077249418366137e-03
1.706200000000000000e+04 -5.052438460179331514e-03 6.122182682785393126e-02 -8.330077249418366137e-03
1.694200000000000000e+04 3.821158787390466216e-02 9.258153475234109919e-02 -5.794219213446893946e-02
1.705600000000000000e+04 1.803491231873071143e-01 1.377180440265100003e-01 -9.289569912620976311e-03
1.695300000000000000e+04 -1.511983034749420085e-02 5.819136856209183861e-02 -2.264483589774179961e-02
1.679700000000000000e+04 2.016720339124660200e-01 5.424254697695474192e-02 1.197490193978723028e-02
1.712400000000000000e+04 8.422411666881401970e-02 2.950023133409374054e-02 -6.170916276200166806e-02
1.693500000000000000e+04 6.208409883555532360e-03 2.246156057793058380e-02 -6.977830167220666624e-02
1.693600000000000000e+04 5.987773061265322383e-02 3.016585455663189919e-02 3.538589250489110327e-03
1.687900000000000000e+04 1.012993970079918427e-01 1.044905659393435826e-01 6.118187094767968404e-02
1.686000000000000000e+04 6.871382599849873429e-02 7.076010536076893231e-02 5.601779958790586988e-02
1.686100000000000000e+04 -2.417750547788699578e-03 1.949761830762497539e-02 6.794574009367870815e-02
1.709400000000000000e+04 1.427869145635547454e-01 3.553334409051700504e-02 7.315513594609157622e-02
1.696200000000000000e+04 2.040345374622294372e-01 9.286443176577208192e-02 7.357174758516649149e-02
1.708000000000000000e+04 1.932322204952381384e-01 1.090470228385598261e-02 8.766216403007121016e-02
1.698300000000000000e+04 2.994546073729864588e-02 1.350777928094437641e-01 6.709084641004992022e-02
1.680100000000000000e+04 -2.594960808848156830e-02 2.693577662544655027e-02 -5.212753764532251921e-02
1.700400000000000000e+04 -2.594960808848156830e-02 2.693577662544655027e-02 -5.212753764532251921e-02
1.684200000000000000e+04 -2.144056179450259947e-02 7.916015109562124508e-02 4.645670137934487798e-02
1.685600000000000000e+04 -2.144056179450259947e-02 7.916015109562124508e-02 4.645670137934487798e-02
1.693800000000000000e+04 -1.098407027579462181e-02 -3.075399302604253648e-02 -6.984025907238411435e-02
1.691500000000000000e+04 4.239203165638372184e-02 1.666907692833738963e-01 1.055261881497617793e-01
1.690200000000000000e+04 1.497564886378537352e-01 -3.653397962899518348e-02 5.135951632682989043e-03
1.699200000000000000e+04 1.646744255466678908e-01 9.398728916664467192e-02 1.162786340555186371e-01
1.704500000000000000e+04 2.492210377529247012e-02 -3.136517264111304826e-02 8.169921039300120924e-02
1.676300000000000000e+04 -1.204894870440753607e-02 -3.823622458003228530e-02 1.175651871684699756e-01
1.697200000000000000e+04 1.035702663463116124e-01 1.247851357907805436e-01 1.415721211986333827e-01
1.665300000000000000e+04 1.435457744332584440e-01 -5.651233012649825582e-02 1.344488261055669653e-01
1.702800000000000000e+04 8.604284440896670105e-02 4.017602876094983344e-02 1.511062267118372660e-01
1.704300000000000000e+04 1.057866995337075622e-01 -6.645269326376990193e-02 -5.042302710727142312e-04
1.692100000000000000e+04 -9.475612358755824971e-04 8.980854956565309521e-02 1.618686788208272276e-01
1.692000000000000000e+04 6.512887823914681462e-03 -7.654789758539592981e-02 -6.910605196404517869e-03
1.691200000000000000e+04 6.512887823914681462e-03 -7.654789758539592981e-02 -6.910605196404517869e-03
1.707000000000000000e+04 5.728135852103122261e-02 -7.637932601404173738e-02 1.266959592261827083e-01
1.701000000000000000e+04 -4.012151928590768080e-02 1.072313544833924936e-01 1.334562898804563247e-01
1.680900000000000000e+04 -1.280553386356011458e-01 -9.061935131303755497e-02 2.460410350438397842e-01
1.700100000000000000e+04 -1.293081155208994915e-01 -1.291207529962541400e-01 2.966287217909826524e-01
1.711500000000000000e+04 -1.041543532197799493e-01 -2.167381223201623186e-01 4.141029310552308829e-01
1.685700000000000000e+04 1.078499848942175987e-01 -1.313533382642546599e-01 1.887408701445796311e-01
1.707500000000000000e+04 1.323991194785811842e-01 -1.445381341452787183e-01 2.783189533082506273e-01
1.691900000000000000e+04 1.064610676005912637e-01 -2.000172453432007558e-01 3.471500724618987732e-01
1.699900000000000000e+04 9.335201939964221651e-02 -2.756334821521626566e-01 2.916100396020482322e-01
1.682000000000000000e+04 2.120296283037070850e-01 -2.605800549976997615e-01 4.332660422600920214e-01
1.702900000000000000e+04 3.501660928137333428e-01 3.561663346521015683e-02 3.674712095045205018e-01
1.681700000000000000e+04 -2.395064805536559760e-01 1.202800472388183550e-01 2.244249387154155784e-01
1.688500000000000000e+04 -2.395064805536559760e-01 1.202800472388183550e-01 2.244249387154155784e-01
1.688600000000000000e+04 -1.446407941595584390e-01 3.672742954264762716e-02 2.008256275787800860e-01
1.694500000000000000e+04 -4.833502052845339847e-02 1.155636240665707248e-01 4.287376272279104228e-01
1.703800000000000000e+04 4.618119433601464152e-03 1.142541170601525380e-01 2.439986306570993690e-01
1.699000000000000000e+04 3.350359011720804858e-02 8.242489907780736758e-02 2.216920829738313614e-01
1.688000000000000000e+04 3.785791662533455337e-03 2.775516127642063680e-02 2.375672067894960549e-01
1.707700000000000000e+04 9.732872269280790078e-02 2.231335211122242868e-02 3.119959704186090477e-01
1.703400000000000000e+04 -2.979210799146159161e-02 5.646568816905528365e-02 3.068860711037242339e-01
1.706600000000000000e+04 2.041636244594116079e-01 -4.857744707930322647e-03 2.389372130806126648e-01
1.684100000000000000e+04 2.366311679011268154e-02 -2.043320125786607377e-02 2.023808852528645730e-01
1.688700000000000000e+04 5.656888582199393056e-02 3.058695816314482840e-02 3.769048137708015389e-01
1.688400000000000000e+04 5.243146606754578443e-02 3.484377188646092804e-02 3.954830171763550339e-01
1.706800000000000000e+04 -3.976447149584672047e-02 1.266730405510614332e-01 2.010336130073877570e-01
1.699700000000000000e+04 -7.214819621916390702e-02 -3.380339757696617653e-01 4.844939569189286033e-01
1.682100000000000000e+04 1.561970917537198744e-01 -1.605366541705741668e-01 6.032305199189984535e-01
1.701100000000000000e+04 -1.730129883006803482e-02 -2.025084243369335013e-01 5.283860185098561146e-01
1.713300000000000000e+04 -4.427769169240640679e-01 7.854355727033635048e-03 4.499492037884778028e-01
1.714100000000000000e+04 7.431066781290063261e-02 1.648252339195934724e-01 5.514015227700745925e-01
1.699400000000000000e+04 -5.545778163663506177e-02 -3.486753949129379748e-01 1.072245037417598468e-01
1.699300000000000000e+04 -1.116884717482040656e-01 -4.325487313870262085e-01 1.495998166279584041e-01
1.699600000000000000e+04 1.492277178034875362e-01 -4.632147859716333471e-01 1.920607164670524725e-01
1.706700000000000000e+04 -2.401578649008868638e-01 -5.278631312925448071e-01 -3.328447434793240234e-01
1.709500000000000000e+04 -1.674055153053810585e-01 -4.392662133623588261e-01 -2.563442168783325315e-01
1.690600000000000000e+04 -3.599568796557939265e-02 -4.105857238410557386e-01 -1.418258162362562302e-01
1.674900000000000000e+04 1.405335409272687741e-01 -3.682071473931856076e-01 -1.403288901568764402e-01
1.705800000000000000e+04 -1.999556316428421354e-01 -9.541012298064543984e-02 -2.492855024463196401e-01
1.706000000000000000e+04 -1.416301893074667362e-01 -1.026540127869672858e-01 -1.959418085859301328e-01
1.702000000000000000e+04 -1.416301893074667362e-01 -1.026540127869672858e-01 -1.959418085859301328e-01
1.709000000000000000e+04 7.084378411141400989e-03 -9.242571874633043194e-02 -1.365873937352528600e-01
1.694700000000000000e+04 1.233664178339015649e-01 -8.652386212027707302e-02 -1.189765248736200931e-01
1.683600000000000000e+04 -1.059658823374576286e-02 -1.492441349909370274e-01 -9.131842878898943638e-02
1.679300000000000000e+04 -1.353235678807251929e-02 -3.384999386765770168e-01 -1.873827700545138697e-01
1.699100000000000000e+04 -1.514323073662602326e-01 -7.086823158853761129e-02 -1.902282756802016195e-01
1.695200000000000000e+04 -7.455143896704008455e-02 3.331369665086825194e-02 -2.250108870855171972e-01
1.688300000000000000e+04 -1.042111213452319163e-01 6.341801958280512963e-02 -2.221763733702939447e-01
1.692800000000000000e+04 -1.053609853924140083e-01 1.012696516217275189e-01 -1.987128264472293182e-01
1.679200000000000000e+04 -4.495905720533954764e-02 9.640126044054753152e-02 -1.722969139018264428e-01
1.707400000000000000e+04 -1.966953585501993729e-01 4.959794208925671910e-03 -1.420423925676193022e-01
1.672900000000000000e+04 -9.131270516553691152e-02 1.672914572981412107e-01 -1.476406684441293748e-01
1.711000000000000000e+04 -1.044065910821849741e-01 6.104232275786714013e-02 -1.268713182002443318e-01
1.697700000000000000e+04 -5.242824677986845927e-02 8.675805916965728670e-02 -1.104586113564227645e-01
1.679000000000000000e+04 -3.162012326106058424e-01 1.719827018804345187e-01 -1.880273484998120637e-01
1.692200000000000000e+04 3.585505478138628632e-03 -6.654051285076434397e-02 -1.323877339534931252e-01
1.708800000000000000e+04 6.026107499345201290e-02 -5.727322443050297807e-02 -1.273268484376206544e-01
1.710100000000000000e+04 6.026107499345201290e-02 -5.727322443050297807e-02 -1.273268484376206544e-01
1.712800000000000000e+04 8.812722890734114856e-02 8.719257517757483811e-02 -2.561616029477296053e-01
1.683500000000000000e+04 4.977403785563794258e-02 8.822719133582168638e-02 -2.363015996162953769e-01
1.681000000000000000e+04 7.595802657440131611e-02 1.542998874554228905e-01 -2.091196823872270016e-01
1.682900000000000000e+04 7.362783993414367956e-02 5.063970742755685706e-02 -2.007343476953948880e-01
1.692400000000000000e+04 3.115612257153799192e-02 -1.428367402390406937e-02 -1.949400502975517924e-01
1.714200000000000000e+04 6.055582454703944961e-02 -8.297393906616434833e-03 -2.080468155928549834e-01
1.685000000000000000e+04 6.055582454703944961e-02 -8.297393906616434833e-03 -2.080468155928549834e-01
1.704800000000000000e+04 -4.021370655543421435e-03 8.605929589471372765e-03 -3.127089689462554389e-01
1.705100000000000000e+04 -1.177385244042383761e-02 3.682554637869017711e-02 -1.586658630046482443e-01
1.689000000000000000e+04 -1.177385244042383761e-02 3.682554637869017711e-02 -1.586658630046482443e-01
1.683100000000000000e+04 1.392997710174377346e-01 1.695515151262938502e-01 -1.596456444475755632e-01
1.700000000000000000e+04 6.196947231627447650e-02 -3.967954747679769412e-02 -1.720915810792096323e-01
1.679400000000000000e+04 -1.879085423431092750e-02 1.547779362202135189e-01 -1.424571597940413881e-01
1.701300000000000000e+04 1.526406954193486598e-01 -3.334340094453480674e-02 -1.483819941264012954e-01
1.689900000000000000e+04 8.375641415090839814e-03 9.930810553525759588e-02 -1.258120223190068998e-01
1.695800000000000000e+04 -8.681875989079657074e-03 1.233736448510569517e-02 -1.176169774702184867e-01
1.695900000000000000e+04 1.756697186374154285e-01 -5.393892371449737766e-02 -1.202952565891788339e-01
1.705300000000000000e+04 1.166321141320487698e-01 -2.984368349760302408e-02 -1.006690760981943100e-01
1.705400000000000000e+04 -3.583132020225221481e-02 2.517398582895680192e-03 -1.252189281946805011e-01
1.708400000000000000e+04 5.404635871759211341e-03 9.263752523223800495e-02 -9.778313482796185951e-02
1.683200000000000000e+04 3.388256424063662564e-02 2.035032409643378060e-02 -9.404455968850733427e-02
1.707100000000000000e+04 3.246356837935699957e-01 -1.278943398106022755e-01 -1.526613747244134345e-01
1.687700000000000000e+04 3.246356837935699957e-01 -1.278943398106022755e-01 -1.526613747244134345e-01
1.698400000000000000e+04 2.845087748762331614e-01 -9.951571434959660678e-02 -1.210915285944214048e-01
1.696000000000000000e+04 4.139711008941500126e-01 -4.107865218812278840e-01 -1.732632062130878836e-01
1.686600000000000000e+04 2.412590458671513005e-01 -4.069433992364182018e-01 -1.253269369804339561e-01
1.700800000000000000e+04 -2.259664257319311531e-01 1.954663182164608770e-01 -3.089705657665753336e-02
1.684600000000000000e+04 -7.202015987332011093e-02 2.108068709673567298e-01 -4.565309528196515032e-02
1.696900000000000000e+04 -1.335154923463672816e-01 1.870654573127907838e-01 1.000383862892189057e-01
1.697800000000000000e+04 -2.597456795400869822e-01 1.943253423717266060e-01 1.738743985545720960e-01
1.691600000000000000e+04 -3.769096926555750571e-01 3.062417616755617189e-01 -6.167105740824752047e-02
1.687100000000000000e+04 -3.769096926555750571e-01 3.062417616755617189e-01 -6.167105740824752047e-02
1.692600000000000000e+04 -3.836497684453821222e-01 3.243178925288177084e-01 -6.563257604747363416e-02
1.705000000000000000e+04 -1.752270123022192649e-02 1.842108496501673187e-01 6.957046679584344417e-02
1.700200000000000000e+04 1.177703382708941149e-01 2.828229335812011414e-01 -2.217288586571442011e-02
1.711300000000000000e+04 7.558383690742687122e-02 2.277881644346635426e-01 -6.315372031841270939e-02
1.711400000000000000e+04 1.792375309432205910e-01 2.237970108370426203e-01 1.137404174879108609e-01
1.697500000000000000e+04 -1.696032229417738790e-01 2.159164150139218918e-01 2.728961732476253843e-01
1.683900000000000000e+04 -1.784513851833295917e-01 2.038498229276619611e-01 2.189960322606481213e-01
1.682200000000000000e+04 -1.784513851833295917e-01 2.038498229276619611e-01 2.189960322606481213e-01
1.682300000000000000e+04 -1.960365474834695476e-01 1.914572814169623882e-01 3.403843923374338942e-01
1.698700000000000000e+04 -9.196680104952648094e-02 1.778155893075030747e-01 2.038366297925975346e-01
1.698800000000000000e+04 -4.584128999390078008e-01 3.442701393436387036e-01 2.062015817352129687e-01
1.685800000000000000e+04 -3.089779875739306902e-01 1.863430791941524944e-01 3.199629060652071644e-01
1.687600000000000000e+04 -3.089779875739306902e-01 1.863430791941524944e-01 3.199629060652071644e-01
1.685300000000000000e+04 1.973194348465678871e-01 3.651579654391348129e-01 2.561008861986699969e-01
1.697400000000000000e+04 7.154737661666032977e-02 1.968951667553966445e-01 2.467690161552180683e-01
1.698100000000000000e+04 4.482508976295740410e-02 1.912760799004331602e-01 3.110443828964939428e-01
1.703900000000000000e+04 -1.455933486272762423e-01 2.463114191119117891e-01 -2.379996587993353785e-01
1.691300000000000000e+04 1.702674669281094566e-01 3.255286188260946290e-01 -1.733972953497513458e-01
1.696600000000000000e+04 5.221913684028045566e-02 2.295167009252310208e-01 -1.726950876682433744e-01
1.698000000000000000e+04 -4.899321902680497942e-03 2.804174278919759900e-01 -1.689488120819060413e-01
1.691000000000000000e+04 -1.453353276123614535e-01 -1.547694086393853752e-01 -4.257800810119345414e-01
1.702300000000000000e+04 -7.220210512014801907e-02 2.091788515989421171e-01 -4.106195997500972084e-01
1.696500000000000000e+04 -2.333907723623518393e-01 5.602987660999758646e-03 -5.558406418410886118e-01
1.706400000000000000e+04 1.561870747264695325e-01 -5.301552409985177405e-02 -3.834706866354036237e-01
1.708500000000000000e+04 8.476625660851411226e-02 9.729895662064080852e-02 -4.194267892352865346e-01
1.708600000000000000e+04 4.524230057155875784e-02 -1.259006832290410216e-02 -3.757094277746588773e-01
1.689400000000000000e+04 2.724973710898765944e-01 -1.313409430800014377e-01 -5.655109952811994134e-01
1.689500000000000000e+04 -3.600545317096255360e-01 3.458131685233425401e-01 -5.705745175278362780e-01
1.684300000000000000e+04 -3.747589386467851114e-01 4.246802437298633492e-01 -5.285416347157667616e-01
1.695700000000000000e+04 -3.582086881208450535e-01 3.844523623600188955e-01 -5.117054441841588641e-01
