# star id 	 star_x_coords [pc] 	 star_y_coords [pc] 	 star_z_coords [pc] 
2.669800000000000000e+04 9.015928323516320120e-02 2.916027128764042686e-01 -2.368079060645555955e-01
2.672000000000000000e+04 2.558432853042660327e-01 4.959973777853576848e-02 4.527916085343974828e-02
2.673000000000000000e+04 -1.500991354550151868e-02 -1.783935638802631729e-01 4.326869854156427664e-01
2.675700000000000000e+04 4.152052653287974238e-01 4.087517718909410291e-01 -1.248475940576767584e-01
2.674100000000000000e+04 1.515509098567235924e-01 4.210908178309580308e-02 -2.167995412783625397e-01
2.666500000000000000e+04 2.558432853042660327e-01 4.959973777853576848e-02 4.527916085343974828e-02
2.670400000000000000e+04 4.096465770114576799e-03 -9.404530552782119912e-02 -1.065513349768991702e-01
2.673700000000000000e+04 -2.116220121894798467e-01 -3.092220605718338788e-01 3.334084020297112261e-01
2.671200000000000000e+04 -1.366341636636256851e-01 -4.141113052131402128e-01 6.145442487191843384e-02
2.671500000000000000e+04 -2.642179374513808909e-01 -1.204242172743832384e-01 2.147433186011227235e-02
2.668100000000000000e+04 -8.510000568519515696e-02 -1.040834547205591321e-01 -9.955536441410117732e-03
2.669500000000000000e+04 -3.349548981060834763e-02 1.922990095118777276e-01 1.043764064631176325e-01
2.670500000000000000e+04 -2.472561712819398849e-01 3.316138315192063146e-02 7.001692713288321102e-03
2.672100000000000000e+04 -1.024156908286926182e-01 2.356397298598551515e-01 -1.915673727750757394e-01
2.670100000000000000e+04 -7.694710835744089650e-02 -8.248324706700316256e-02 -1.644312734546957699e-01
