# star id 	 star_x_coords [pc] 	 star_y_coords [pc] 	 star_z_coords [pc] 
4.572300000000000000e+04 1.875108072654093849e+00 -1.604421883984940678e+00 -2.105289852014635699e-03
4.922500000000000000e+04 1.680188818327581490e+00 -1.911155895302137253e+00 4.881311225411266719e-02
4.561400000000000000e+04 6.687849120312092666e-01 2.470607198768064450e-01 -4.979480568532679285e-01
4.935600000000000000e+04 1.182737307367383028e+00 -8.180732692179830678e-01 -1.359446429762556363e-01
3.196600000000000000e+04 -6.437824616458627247e-01 4.074725582185223516e-02 -9.212111209119751010e-01
4.571300000000000000e+04 -3.266954367295342720e-01 7.388369050164556029e-02 -2.992387753198357814e-01
4.589400000000000000e+04 -1.076884437523428772e+00 5.185003700093098189e-01 1.272825947925095846e-01
4.941800000000000000e+04 -8.640303090619489979e-01 -2.264101659360129304e-01 5.854405890185621075e-01
4.915200000000000000e+04 -1.543738295770833879e+00 1.726627062413570002e+00 4.446445882255858351e-01
4.936000000000000000e+04 -9.070793825781953146e-01 2.002503729836448088e+00 6.987576090056890621e-01
