# star id 	 star_x_coords [pc] 	 star_y_coords [pc] 	 star_z_coords [pc] 
6.072000000000000000e+03 2.469385665717254597e+00 3.281780272798702214e-01 1.609016907286786591e-01
6.173000000000000000e+03 2.469385665717254597e+00 3.281780272798702214e-01 1.609016907286786591e-01
6.172000000000000000e+03 2.916632178388805841e+00 5.973386825271784772e-01 3.541132640627111527e+00
5.986000000000000000e+03 -4.463690008236707030e-01 2.040699172652665538e+00 -5.117875992955873699e-01
6.057000000000000000e+03 -1.787565177944273387e+00 1.712752437332277111e+00 3.829490543586899776e-02
5.991000000000000000e+03 -1.273418161178618391e+00 -3.360994800391203796e-01 3.141596254325598636e+00
5.992000000000000000e+03 1.683892175661501511e+00 -1.051497336131337335e-01 2.331185119302290332e-01
5.965000000000000000e+03 1.423596099153209948e+00 -6.086243989575752522e-01 7.108209964784713009e-01
6.031000000000000000e+03 1.911034924542860836e+00 -5.371453047697265504e-01 1.400996972184078260e+00
6.010000000000000000e+03 2.034835904870801571e+00 9.416314761008237610e-04 2.805249716195103105e+00
5.951000000000000000e+03 2.407137629347477770e-01 -2.020430713031124981e-01 -3.597408065394276377e-01
5.917000000000000000e+03 3.076950015248929304e-01 -8.041317909005449849e-01 -1.558196030793723708e-02
6.024000000000000000e+03 3.076950015248929304e-01 -8.041317909005449849e-01 -1.558196030793723708e-02
5.941000000000000000e+03 -1.954060042472427483e-02 -7.781208649464286253e-01 -3.235688248205192963e-02
6.006000000000000000e+03 -1.002852620355509039e+00 -2.361542185914622394e-01 2.012691429842483615e-01
5.996000000000000000e+03 2.503687113469847958e-01 -5.128305144033067364e-01 1.021232851287088295e-01
6.065000000000000000e+03 -1.102091864433719870e+00 7.112228888588880693e-01 -2.891474488782463936e-01
6.109000000000000000e+03 -9.168658302483674305e-01 6.215776956280496535e-01 -1.356904493678179335e-01
6.056000000000000000e+03 5.911138834355860183e-01 -1.720399157187522121e-01 -5.214013198229672241e-01
6.107000000000000000e+03 6.065802060620892888e-01 -2.322042217664925801e-01 -3.126362003145999324e-01
5.928000000000000000e+03 6.027395512215374396e-01 -2.396314472371852133e-01 -2.380694780130383492e-01
6.126000000000000000e+03 -2.020636217656406330e-01 6.036956180484391865e-01 -2.692573893062153445e-01
5.926000000000000000e+03 -1.855366023399902531e-01 7.322624256852741098e-01 -1.160229535206660501e-01
5.964000000000000000e+03 1.062218767449655488e+00 -4.983086395892897258e-01 -2.085720638230021962e-01
5.919000000000000000e+03 -1.624044211157481321e+00 3.206958009081457561e-01 1.669742613327436231e-01
5.955000000000000000e+03 3.767422467212195869e-01 1.357119612594459568e-01 2.410360165422353873e-01
5.920000000000000000e+03 -7.525767132242453528e-01 -1.577511624186929140e-01 -7.936533977753157387e-02
6.055000000000000000e+03 -8.866862677866764741e-01 1.984248802305241810e-01 2.775321433903457091e-01
6.008000000000000000e+03 7.611989946331654266e-01 3.495253163907623417e-01 2.643330743442042774e-01
6.011000000000000000e+03 -6.470559667298143580e-01 7.666319399918464228e-01 -1.127759936963848020e-01
6.036000000000000000e+03 -4.610191608195552959e-01 4.358625841541634571e-01 -7.450334186730955821e-02
5.922000000000000000e+03 -3.407729251083750910e-01 4.906833116246644977e-01 1.897929845538044447e-01
6.087000000000000000e+03 -2.906442535174491582e-01 4.237343513327562761e-01 2.808563607708229881e-01
5.901000000000000000e+03 -2.906442535174491582e-01 4.237343513327562761e-01 2.808563607708229881e-01
5.936000000000000000e+03 -2.290694066842320353e-01 4.714575876034103885e-01 3.129565711390149829e-01
6.005000000000000000e+03 5.655034293396141720e-01 -2.775857112562150064e-01 -6.706481610656211956e-02
6.004000000000000000e+03 -1.844924704737529453e-01 4.582329997975662650e-01 3.565940177097601804e-01
6.003000000000000000e+03 -8.425586737940271576e-02 6.120019604328899021e-01 2.995241737528182568e-01
6.167000000000000000e+03 4.231612190186417877e-01 -1.357896553949835550e-01 5.080790686681453394e-01
6.169000000000000000e+03 4.271713035359017141e-01 -3.533102542846044969e-02 6.125263356626398092e-01
6.000000000000000000e+03 4.271713035359017141e-01 -3.533102542846044969e-02 6.125263356626398092e-01
5.999000000000000000e+03 -7.701114320285942227e-01 2.768147402858769368e-01 7.043211017229253912e-01
6.037000000000000000e+03 -1.261006994450575291e-02 1.028189699743862207e-01 7.526731880282362397e-01
5.973000000000000000e+03 -6.380399938794845127e-01 5.461016463754564398e-01 5.596160325763364085e-01
5.982000000000000000e+03 -4.045483954820845440e-01 3.269691329868660290e-01 4.979353426060946219e-01
5.913000000000000000e+03 -7.872359129197832317e-01 7.103472945845883402e-01 7.132930568917466019e-01
5.989000000000000000e+03 4.846057899099207589e-01 1.746588713450591968e-01 1.040137929952862805e+00
6.015000000000000000e+03 -6.558879182987826795e-01 7.332907172166329701e-01 1.090616004787946736e+00
6.097000000000000000e+03 -4.101231799584574844e-01 7.979056680965861403e-01 5.778778497002328152e-01
5.904000000000000000e+03 -7.959633848021194780e-01 5.097510885865990105e-01 1.823456416520787826e+00
5.903000000000000000e+03 -1.156307108310148379e-01 9.749166239148063795e-01 1.357212926663770247e+00
5.976000000000000000e+03 -4.229829234679911565e-01 -1.897596814546016475e-01 1.349698842367565987e-01
5.915000000000000000e+03 -6.903640377952520168e-01 -4.526973877429387727e-01 1.506026425084350251e-01
6.014000000000000000e+03 -3.817969270193515285e-01 -1.731802436273408574e-01 2.202208473977265157e-01
5.972000000000000000e+03 -2.940781919064772154e-01 -2.003991967595855073e-01 3.123888919246589069e-01
5.896000000000000000e+03 -4.904027052297372791e-01 -2.124551403268437610e-01 1.246477021171799038e-01
6.145000000000000000e+03 -4.904027052297372791e-01 -2.124551403268437610e-01 1.246477021171799038e-01
5.952000000000000000e+03 -5.326919947596415739e-01 -2.135489389595743859e-01 1.810811414689510457e-01
6.082000000000000000e+03 -3.992777570251728747e-01 5.380337966285431150e-02 1.741963384012272797e-01
6.086000000000000000e+03 -3.992777570251728747e-01 5.380337966285431150e-02 1.741963384012272797e-01
6.046000000000000000e+03 -4.131468613535584922e-01 -3.321390992667438979e-02 2.252184681049378412e-01
5.925000000000000000e+03 -2.841771140793269979e-01 -6.990177728661350898e-02 1.637338709460216535e-01
6.022000000000000000e+03 -2.657904821175822718e-01 -2.837193692852402194e-02 1.071376785371889184e-01
6.138000000000000000e+03 -2.657904821175822718e-01 -2.837193692852402194e-02 1.071376785371889184e-01
5.946000000000000000e+03 -3.413221513361079928e-01 -1.133464869054510160e-01 1.421691136174167980e-01
6.002000000000000000e+03 -2.571616695811158593e-01 -4.819405365677376096e-02 2.008551492222494517e-01
6.128000000000000000e+03 -2.874519572650786614e-01 -3.973888953113657863e-02 1.261400697137418092e-01
6.051000000000000000e+03 -2.985949054270911063e-01 3.969257642663670538e-02 2.266068156022420510e-01
6.326000000000000000e+03 -2.985949054270911063e-01 3.969257642663670538e-02 2.266068156022420510e-01
5.905000000000000000e+03 -1.618997021717394347e-01 -7.856941705940201359e-03 1.503624099929190550e-01
5.942000000000000000e+03 -1.618997021717394347e-01 -7.856941705940201359e-03 1.503624099929190550e-01
6.182000000000000000e+03 -2.212428259336380876e-01 1.328550983026932641e-01 9.423346034998658638e-02
6.151000000000000000e+03 -2.740061809630027767e-01 -4.873905125665167759e-02 6.743179535668275548e-02
6.152000000000000000e+03 -3.532982527276562479e-01 2.013110698610098837e-02 2.005686267649444687e-01
6.091000000000000000e+03 -2.844757464636948896e-01 -4.972988041015824479e-02 2.880203306679973707e-02
5.987000000000000000e+03 -2.742881362855076333e-01 5.361119911554723672e-02 1.861389320806488001e-01
6.113000000000000000e+03 -3.474437837756685354e-01 -9.172860259562831686e-02 1.383509721979123697e-01
5.882000000000000000e+03 -2.314689879779425752e-01 -6.115919084525600624e-02 1.188719943329772377e-01
6.162000000000000000e+03 -2.616364494640421867e-01 -4.281554926592257004e-02 1.081085866628015424e-01
6.052000000000000000e+03 -2.170644874447358319e-01 -1.115245157766331374e-01 1.988205203491979489e-01
6.047000000000000000e+03 -2.728337427140434812e-01 2.047850627854863603e-02 1.260474511975004930e-01
5.906000000000000000e+03 -3.156795046875693345e-01 1.832774127750873561e-01 2.903163280031151317e-01
6.088000000000000000e+03 -2.688118267075854106e-01 2.321149074435897575e-01 3.273145383917572815e-01
5.945000000000000000e+03 -3.747954975897886953e-01 1.245333918958557717e-01 3.536902473952743264e-01
6.120000000000000000e+03 -4.147613533997613899e-01 9.251387479982575712e-02 3.630295598681456681e-01
6.118000000000000000e+03 -1.930850990437829040e-01 -1.450362063636418952e-01 5.907242350236110440e-01
6.045000000000000000e+03 -1.572142842791457440e-01 -3.905415027971947950e-02 6.324121209072011141e-01
5.883000000000000000e+03 -8.123228189782949471e-03 -3.245932210505841908e-03 5.030210224683919762e-01
5.968000000000000000e+03 -4.212569848993936716e-01 2.590213809776287235e-02 4.701693080657172175e-01
5.984000000000000000e+03 -4.212569848993936716e-01 2.590213809776287235e-02 4.701693080657172175e-01
5.988000000000000000e+03 -4.755185109439707958e-02 1.551655485120555511e-01 5.108223407540357641e-01
5.949000000000000000e+03 -2.827095983578651328e-01 2.118926462925880827e-01 5.838112897084499764e-01
5.953000000000000000e+03 -4.218601934449690560e-01 2.324878042948856915e-01 5.274030386186403518e-01
5.894000000000000000e+03 -3.277722187311482571e-03 2.598505133476614049e-02 1.992060024977888588e-01
5.914000000000000000e+03 -1.823858809597673769e-01 -4.062818685879676650e-02 1.004563925838404259e-01
5.947000000000000000e+03 -1.823858809597673769e-01 -4.062818685879676650e-02 1.004563925838404259e-01
9.814000000000000000e+03 1.001162353273752359e-01 -4.761452293019097226e-02 1.360624878480898303e-01
6.077000000000000000e+03 -6.469929250906147900e-02 -4.619692579423961831e-02 1.141727070781115572e-01
6.042000000000000000e+03 -1.937353963321619688e-01 -8.083939801699457917e-02 1.224314158578430067e-01
6.053000000000000000e+03 -9.748135739931207411e-02 5.013472875365643233e-02 1.613549995874876686e-01
5.998000000000000000e+03 1.568624126589490686e-02 1.929111695269902782e-02 1.838205323854040785e-01
5.997000000000000000e+03 -1.879096604247116886e-01 6.201043468506384215e-02 8.351968057807468426e-02
6.074000000000000000e+03 -2.288382116210900818e-01 5.455699082653175935e-02 1.610654849831725244e-01
6.019000000000000000e+03 -1.300872530973471441e-01 3.710714728032193932e-02 1.707486015550010450e-01
6.018000000000000000e+03 -1.517008536570987332e-01 -1.072774264558979951e-01 1.167202903467021713e-01
6.122000000000000000e+03 -2.136981133464868066e-01 -9.275408807634910602e-02 7.854522439365396735e-02
5.993000000000000000e+03 -1.490136467550478017e-01 1.299862055109883840e-01 1.254420238649096575e-01
5.978000000000000000e+03 -1.738451035507520004e-01 1.345637701901551964e-01 1.712425790672895687e-01
5.924000000000000000e+03 -1.018395302367309796e-01 2.689816572337591083e-01 1.633933487390599737e-01
5.933000000000000000e+03 -1.018395302367309796e-01 2.689816572337591083e-01 1.633933487390599737e-01
5.961000000000000000e+03 -1.277097131523650120e-01 7.426760355451911266e-02 2.607006066947477052e-01
6.154000000000000000e+03 -1.816074461887922098e-01 1.460391839995374141e-01 2.770124928232640116e-01
6.158000000000000000e+03 -1.567791513824854377e-01 1.542557834100684033e-01 2.105942115464500830e-01
6.048000000000000000e+03 -1.229455691911756077e-01 -3.682448786114544959e-01 2.654797112811735360e-02
5.881000000000000000e+03 -3.947057370756823502e-01 -2.400579250035121959e-01 7.181007885184698125e-02
5.983000000000000000e+03 -2.575543727401345961e-01 -1.279413435348057959e-01 3.963403468249637740e-02
5.923000000000000000e+03 -2.575543727401345961e-01 -1.279413435348057959e-01 3.963403468249637740e-02
6.060000000000000000e+03 -1.792965678493931847e-01 -3.532624732215019492e-01 4.872737415563577201e-02
6.116000000000000000e+03 -1.792965678493931847e-01 -3.532624732215019492e-01 4.872737415563577201e-02
5.909000000000000000e+03 -3.589599607001048298e-01 -1.644033537351834440e-01 1.036412859695765576e-01
5.908000000000000000e+03 -2.251156968832592753e-01 -1.627823306485236543e-01 9.812385474662832507e-02
6.064000000000000000e+03 -3.382692210090532114e-01 -1.657400724448585549e-01 7.216483413348484532e-02
6.119000000000000000e+03 -3.382692210090532114e-01 -1.657400724448585549e-01 7.216483413348484532e-02
6.083000000000000000e+03 -3.382692210090532114e-01 -1.657400724448585549e-01 7.216483413348484532e-02
5.885000000000000000e+03 -2.481864673839204727e-01 -1.571279122359303670e-01 1.496978459440612141e-01
6.114000000000000000e+03 -1.777046568314020192e-01 -5.220894723412072835e-02 2.994344221887601520e-02
6.078000000000000000e+03 -1.327157590784402430e-01 -6.973967721581431078e-02 4.491849892215071804e-02
9.813000000000000000e+03 -1.327157590784402430e-01 -6.973967721581431078e-02 4.491849892215071804e-02
5.893000000000000000e+03 -9.166700022506901746e-02 -6.175940276808411511e-02 -1.082822725005243569e-01
6.068000000000000000e+03 -6.513573302720310210e-02 -1.249256671105527516e-01 -3.092545202527574588e-02
6.073000000000000000e+03 -9.052528507401902402e-02 -4.618914036466748030e-03 -2.003270878876506345e-02
5.971000000000000000e+03 -1.546304843005792407e-01 -1.178654335825495281e-01 -1.320620367347871138e-01
6.035000000000000000e+03 -8.804014020115147332e-02 -1.064869684457896426e-01 3.437192155958612716e-02
6.030000000000000000e+03 -1.470940482907572289e-01 7.762212990958339276e-02 1.985200512340412615e-03
6.079000000000000000e+03 -1.268201958069656854e-01 -5.087730966214110140e-02 -3.641061696380631929e-02
6.102000000000000000e+03 -1.571861811740582482e-02 -6.860598211177659778e-02 5.440054249255865670e-03
5.960000000000000000e+03 -1.571861811740582482e-02 -6.860598211177659778e-02 5.440054249255865670e-03
5.932000000000000000e+03 -4.606642583483377962e-02 -1.576555267855486164e-01 4.688380854495122207e-02
5.979000000000000000e+03 -4.606642583483377962e-02 -1.576555267855486164e-01 4.688380854495122207e-02
6.096000000000000000e+03 -1.672430037245042911e-01 6.136862292019529264e-02 4.927787738139244311e-02
6.081000000000000000e+03 -1.672430037245042911e-01 6.136862292019529264e-02 4.927787738139244311e-02
5.931000000000000000e+03 -1.468214955464262061e-01 3.053373597681918739e-02 6.073683343995384121e-02
6.076000000000000000e+03 -1.235637208044284563e-01 4.028625448755818184e-03 6.702304998355401722e-02
6.075000000000000000e+03 -1.235637208044284563e-01 4.028625448755818184e-03 6.702304998355401722e-02
6.108000000000000000e+03 -6.254367555207451801e-02 -2.859410867319134297e-02 9.875396882323528303e-02
5.967000000000000000e+03 -1.017344882563726571e-01 -1.110390004669188357e-01 1.357859554681439818e-01
6.170000000000000000e+03 -2.232733710513290504e-01 -2.311652562539734390e-03 8.184840605251864076e-02
6.171000000000000000e+03 -3.345940842878842858e-01 -1.131058183590614163e-01 9.819301404822411428e-02
6.021000000000000000e+03 -1.437565789639503322e-01 -1.549567866143064521e-02 6.747623796741208935e-04
6.140000000000000000e+03 -1.774545779331955231e-01 -8.108500889481007334e-04 3.736016737835612389e-02
6.017000000000000000e+03 -1.508491916120249243e-01 -1.971368842147214195e-02 9.252198500310271356e-02
6.016000000000000000e+03 -1.508491916120249243e-01 -1.971368842147214195e-02 9.252198500310271356e-02
6.164000000000000000e+03 -1.221905608913047558e-01 -8.006139008985435623e-02 4.799523356661694606e-02
6.089000000000000000e+03 -2.280340154584319379e-01 -7.929309356664049346e-02 1.487355889441737133e-01
5.902000000000000000e+03 -2.280340154584319379e-01 -7.929309356664049346e-02 1.487355889441737133e-01
6.029000000000000000e+03 -2.708213292722767562e-01 -1.036472621613029332e-01 1.252677252945950670e-01
6.063000000000000000e+03 -2.858199584969760565e-01 -4.239038289011709537e-02 1.331929943655580928e-01
6.069000000000000000e+03 -1.817087120617184581e-01 2.055798238619921392e-02 1.134299919748968932e-01
6.049000000000000000e+03 -1.817087120617184581e-01 2.055798238619921392e-02 1.134299919748968932e-01
5.927000000000000000e+03 -2.377784380648897411e-01 4.600764379728872200e-02 -2.458588906364411741e-03
6.186000000000000000e+03 -2.396629342773621829e-01 1.999606815482124489e-02 -3.630662301226550426e-02
6.020000000000000000e+03 -3.222202235695110772e-01 -1.585810507169131967e-01 1.049558178770837458e-02
6.058000000000000000e+03 -4.372328306812107712e-01 -2.521285572282163656e-01 -3.395800974627505298e-02
5.929000000000000000e+03 -4.372328306812107712e-01 -2.521285572282163656e-01 -3.395800974627505298e-02
6.001000000000000000e+03 -2.026007816458417210e-01 -1.087072100775454686e-01 1.180206643247672105e-02
6.129000000000000000e+03 -2.702199310439574731e-01 5.933535255067212688e-02 -2.309092613734975430e-02
6.146000000000000000e+03 -3.694377707412819234e-01 -3.251275885961568690e-02 -3.594943646395165615e-02
5.956000000000000000e+03 -1.805803492076982764e-01 8.756015163595698425e-02 1.101207883316064340e-01
9.749000000000000000e+03 -3.372348358814978297e-01 -9.925694058641276740e-02 -2.391100244537724961e-02
9.782000000000000000e+03 -2.688629575107412961e-01 9.032298292185458877e-02 8.466741535790234252e-02
9.762000000000000000e+03 -3.267799300637541648e-01 -1.011043428447404580e-01 6.668583322509746836e-02
6.161000000000000000e+03 -4.273725216226740287e-01 -1.021450498310070287e-01 4.179446726517710431e-04
6.013000000000000000e+03 -2.314078423631027448e-01 -6.849513486681857444e-02 1.016512139863863240e-01
5.995000000000000000e+03 -2.371234412541607384e-01 -4.085781329440330012e-02 4.904154676503225119e-02
5.892000000000000000e+03 -2.371234412541607384e-01 -4.085781329440330012e-02 4.904154676503225119e-02
9.683000000000000000e+03 -2.438915776784238432e-01 -3.621536387667489976e-02 3.985462578581433490e-02
5.981000000000000000e+03 -2.438915776784238432e-01 -3.621536387667489976e-02 3.985462578581433490e-02
6.200000000000000000e+03 -2.438915776784238432e-01 -3.621536387667489976e-02 3.985462578581433490e-02
5.970000000000000000e+03 -3.008437722146002358e-01 -1.379631955528441978e-01 -1.039660504970392196e-01
5.884000000000000000e+03 -3.224990298586938309e-01 -1.492859848894312336e-02 7.124027460535131695e-02
9.684000000000000000e+03 -2.663222972628158658e-01 -8.654392016921264030e-02 3.222946067396037506e-02
6.594000000000000000e+03 -2.496449659115977937e-01 -8.204679269770309702e-03 1.297128145611381456e-01
9.072000000000000000e+03 -2.645759483977574433e-01 -1.151993622816860352e-01 6.086136724871948900e-02
9.096000000000000000e+03 -2.645759483977574433e-01 -1.151993622816860352e-01 6.086136724871948900e-02
9.095000000000000000e+03 -2.315109359850975324e-01 -7.669346715153224636e-02 -1.867224323954275178e-02
9.094000000000000000e+03 -2.315109359850975324e-01 -7.669346715153224636e-02 -1.867224323954275178e-02
9.093000000000000000e+03 -1.847437973954892954e-01 -4.510561025248982503e-02 9.602320335591940648e-02
5.916000000000000000e+03 -1.847437973954892954e-01 -4.510561025248982503e-02 9.602320335591940648e-02
5.957000000000000000e+03 -2.643961701137182985e-01 -3.420461564410537392e-02 7.900385207527804710e-02
6.050000000000000000e+03 -2.643961701137182985e-01 -3.420461564410537392e-02 7.900385207527804710e-02
6.085000000000000000e+03 -3.097961707746286208e-01 -1.272986839713947660e-01 1.369887618185110512e-01
5.889000000000000000e+03 -4.421894435213022945e-01 -9.963139381586216814e-02 8.682364949526899522e-02
6.168000000000000000e+03 -3.591231144532827102e-01 -1.309939143896237113e-01 4.746945218406395384e-02
5.895000000000000000e+03 -3.224559494904415402e-01 -1.556653699989478667e-01 1.136708558046954920e-01
6.166000000000000000e+03 -3.224559494904415402e-01 -1.556653699989478667e-01 1.136708558046954920e-01
5.943000000000000000e+03 -2.935169980329614958e-01 -3.340014410592750949e-02 2.591977078181528782e-02
5.887000000000000000e+03 -2.315820997095343614e-01 -6.084190359502983370e-02 4.446851058800405099e-02
5.886000000000000000e+03 -2.881815153546725128e-01 -1.460299101172086722e-01 8.136510764530058282e-02
5.918000000000000000e+03 -2.881815153546725128e-01 -1.460299101172086722e-01 8.136510764530058282e-02
5.879000000000000000e+03 -2.554362930706801649e-01 -1.499542020861017733e-01 6.868702811787130713e-02
6.093000000000000000e+03 -2.466051226353513925e-01 -4.332783442121446171e-02 1.438061084842416903e-01
6.092000000000000000e+03 -2.010199520779920590e-01 -7.065601269762034065e-02 -1.896675959613958184e-02
5.907000000000000000e+03 -2.584844704021236339e-01 -1.410422163559275077e-01 7.955868074611771590e-02
5.899000000000000000e+03 -2.664955169452909445e-01 -9.265666945149320100e-02 1.319179703728075026e-01
5.898000000000000000e+03 -3.279925255545101948e-01 -1.120464035048076568e-01 6.318797473630510808e-02
5.912000000000000000e+03 -3.279925255545101948e-01 -1.120464035048076568e-01 6.318797473630510808e-02
5.980000000000000000e+03 -4.747464748258956035e-02 8.304747381543720053e-02 -3.969655738255895017e-02
6.084000000000000000e+03 -1.900936957113543713e-01 2.390934173379903882e-01 1.337782876096582640e-02
5.974000000000000000e+03 -1.726247900073509811e-01 5.993909041086986633e-02 3.758979687630770172e-02
5.948000000000000000e+03 -1.823056863787737569e-01 1.426121804094275802e-01 6.133999581478377650e-02
6.180000000000000000e+03 -2.004942079147120637e-01 9.361316209775516484e-02 1.629521743060742267e-01
6.177000000000000000e+03 -1.985328593178916634e-01 -1.594385385154239998e-02 1.684254458018052958e-01
6.176000000000000000e+03 -5.011767981682346829e-02 7.822431963640319452e-02 1.310859523311513897e-01
5.994000000000000000e+03 -5.011767981682346829e-02 7.822431963640319452e-02 1.310859523311513897e-01
6.105000000000000000e+03 -2.563188136635563552e-01 1.535153572922496323e-01 3.491329923165054083e-02
6.104000000000000000e+03 -2.461618062095478621e-01 1.397571150494183456e-01 3.120932935080489301e-02
6.034000000000000000e+03 1.971278973319314787e-01 -1.950171885744804712e-01 3.169611766492437255e-01
6.033000000000000000e+03 2.287994052576500792e-01 -3.099107307498272235e-02 -1.305131299975457182e-01
5.963000000000000000e+03 6.249077297723815150e-02 -9.605056602026706969e-03 1.428343403107028564e-01
5.962000000000000000e+03 1.071808687390110038e-01 -3.883572519685429825e-02 8.084583704460968079e-02
6.032000000000000000e+03 8.939515963535349385e-02 1.188769075779472217e-01 5.987262520137903721e-02
5.959000000000000000e+03 2.049068762790842158e-01 5.094456858330254079e-02 2.982566664046117921e-01
6.007000000000000000e+03 1.182425217602105505e-01 9.434679381341304349e-02 3.265650623366163074e-01
5.921000000000000000e+03 -2.581980735009778982e-01 -2.957081984962446342e-01 -3.271402054010046356e-01
5.966000000000000000e+03 -2.784185813800199583e-02 -2.162757919273072815e-01 -1.384655469959596985e-01
6.165000000000000000e+03 -4.654914606738458360e-01 -3.200933076153411605e-01 -1.522939200105710711e-01
6.094000000000000000e+03 -4.850129752229470625e-01 -1.901532604444025054e-01 -3.267846744037221640e-01
5.910000000000000000e+03 -5.942444073216606171e-01 -3.630049118939560060e-02 -1.802115856406842909e-01
6.012000000000000000e+03 -1.277429878906790606e-01 7.738094830788355694e-03 -1.436919171301695997e-01
6.106000000000000000e+03 -3.839334398879685750e-01 1.533162702138302080e-01 -2.696903260301013461e-01
6.067000000000000000e+03 -2.485737424179532695e-01 1.227804940873991058e-01 -7.809322124386142150e-02
6.066000000000000000e+03 3.933772828894177565e-03 1.883211001084372782e-01 -1.262473961758168173e-01
6.044000000000000000e+03 1.590503783866807908e-01 -5.788767821976872341e-01 1.003163984065906789e-01
6.043000000000000000e+03 -3.733840157220171818e-01 -6.878684708138873560e-01 3.765882156346940235e-01
5.935000000000000000e+03 2.904913541330284232e+00 -1.082307655531918655e+00 -2.962869774711943904e+00
5.934000000000000000e+03 2.904913541330284232e+00 -1.082307655531918655e+00 -2.962869774711943904e+00
6.039000000000000000e+03 2.904913541330284232e+00 -1.082307655531918655e+00 -2.962869774711943904e+00
6.038000000000000000e+03 2.904913541330284232e+00 -1.082307655531918655e+00 -2.962869774711943904e+00
6.054000000000000000e+03 2.711919263131759905e+00 6.691723338864736803e-01 -1.372036980972431763e+00
6.059000000000000000e+03 -6.040160336844788702e-01 2.708505016335163162e+00 -2.208695074231087574e+00
5.944000000000000000e+03 1.662123960816474622e+00 -7.560866804574004618e-01 -2.165487511697003598e+00
6.121000000000000000e+03 -9.812833868202046617e-01 -1.398022215845173832e-02 -2.972206080432773234e+00
6.071000000000000000e+03 3.924094535517568261e-01 3.388326458597791913e+00 -3.060808468735187304e+00
6.026000000000000000e+03 9.073773788766885673e-01 1.766431939391424066e+00 -2.476598215741020681e+00
5.911000000000000000e+03 -1.248108765786824392e+00 1.257779712285618245e-01 -1.727503528841225489e+00
6.041000000000000000e+03 2.966582485321435314e+00 -2.628136726704436654e+00 -1.287366926122338384e+00
6.009000000000000000e+03 2.180640644344059353e+00 1.518574348040708344e+00 -1.603065442631024240e+00
5.878000000000000000e+03 1.858918380439430251e+00 -2.997083608029646129e+00 -1.572938409522070202e+00
5.969000000000000000e+03 1.384903187061208740e+00 -1.842799734511938681e+00 -1.074162006960179383e+00
6.027000000000000000e+03 9.029167220595724075e-01 8.025998690313240758e-01 -1.014339086936363543e+00
5.950000000000000000e+03 1.347201573368252525e+00 4.548771370820858806e-01 -9.290809310327681203e-01
5.954000000000000000e+03 1.359104405555127570e+00 1.471291349130670056e-01 -9.154127540168168764e-01
6.028000000000000000e+03 -6.876168729972409466e-01 5.301503573057573249e-01 -8.130075524478037607e-01
5.939000000000000000e+03 1.187702128684620106e-01 2.826601174401037753e+00 -7.941798183715391701e-01
5.890000000000000000e+03 3.072834054654107305e+00 -2.973257753141611559e+00 -6.436582528846699347e-01
5.891000000000000000e+03 2.873566580769015388e+00 -3.055119709822943008e+00 -6.020101565258642040e-01
6.025000000000000000e+03 -2.388859169011734451e-01 -3.283608265271951154e-01 -5.817298377819994926e-01
5.977000000000000000e+03 2.457512582566890202e+00 1.308159897360461343e+00 -5.597317133521997334e-01
