# star id 	 star_x_coords [pc] 	 star_y_coords [pc] 	 star_z_coords [pc] 
1.007100000000000000e+04 -4.013064879087124837e-01 9.606601739229869708e-01 -2.271190895888671513e+00
9.811000000000000000e+03 -4.013064879087124837e-01 9.606601739229869708e-01 -2.271190895888671513e+00
1.007300000000000000e+04 -1.012112284496087256e-01 -5.664718299175885985e-01 -1.957236588136747280e+00
1.007400000000000000e+04 -2.227030168482002637e-01 1.410970348923974438e-01 -1.143432134490161456e+00
7.785000000000000000e+03 4.244075406169223186e-02 8.189125768507742320e-01 -8.442325132981958191e-01
9.841000000000000000e+03 -6.362132978750043577e-01 4.230912652011850072e-01 2.833801605624310938e-01
9.803000000000000000e+03 -5.533483344262180026e-03 -9.662928527427756542e-01 3.798424093006200764e-01
9.797000000000000000e+03 6.580086486067191487e-01 3.970354005062939340e-01 5.924788186461267259e-01
9.281000000000000000e+03 -9.787070256018637338e-01 -8.178250778000162313e-02 1.493259320805741197e+00
7.784000000000000000e+03 1.466381308455684263e-01 -1.343814403395693358e+00 1.569012009384806561e+00
9.234000000000000000e+03 9.388115954641467198e-01 -3.644926630878353446e-01 2.027483546492821809e+00
9.233000000000000000e+03 9.388115954641467198e-01 -3.644926630878353446e-01 2.027483546492821809e+00
