# star id 	 star_x_coords [pc] 	 star_y_coords [pc] 	 star_z_coords [pc] 
1.888300000000000000e+04 7.124059398422826206e-01 -1.054942565757670536e-01 -1.399289790059194072e+00
1.894500000000000000e+04 6.639560012805247879e-01 4.965390020800981574e-01 -1.227819378060697630e+00
1.893100000000000000e+04 -6.967974030485812875e-01 -1.563011072998463646e-01 -1.133793635026590252e+00
1.887400000000000000e+04 1.996614129139153704e+00 -9.531983542579780533e-02 -1.195641557014543999e+00
1.893300000000000000e+04 1.996614129139153704e+00 -9.531983542579780533e-02 -1.195641557014543999e+00
1.894700000000000000e+04 -3.216609501834057916e-01 -2.939925308198922949e-01 -2.049920778927776244e+00
1.894600000000000000e+04 5.312747753330591127e-01 -9.971213972450954088e-02 -1.908825617671414676e-01
1.888000000000000000e+04 1.078319608696416187e+00 -6.831907996881909639e-01 -1.475141387495542133e-01
1.891400000000000000e+04 1.168302515532216646e+00 -5.531753976462141509e-01 1.020450077747847573e-01
1.887200000000000000e+04 1.168302515532216646e+00 -5.531753976462141509e-01 1.020450077747847573e-01
1.894000000000000000e+04 3.395795663109573148e-01 1.284644584347347518e-01 -2.635041475192814175e-01
1.895500000000000000e+04 -6.468559222655163587e-01 8.241862763459550933e-01 -8.067315803010988162e-02
1.893400000000000000e+04 2.829913695818839781e-01 9.665796039885634627e-01 2.672288006929077753e-01
1.894400000000000000e+04 9.921855328521083095e-01 -5.892400976074370078e-01 8.123246643644632670e-01
1.894300000000000000e+04 3.216427262149355037e-01 1.671121929718708543e-01 5.432399346982794697e-01
1.892000000000000000e+04 -1.391161638157711877e-01 6.591590908371216528e-01 6.289629286121058982e-01
1.897000000000000000e+04 -5.915901921305111166e-01 2.371243448673538978e-01 1.104039345018808405e+00
1.675400000000000000e+04 9.932504829227160048e-01 -1.155642405716264420e+00 -2.991241257504784201e-01
2.082600000000000000e+04 -3.485716004968790749e-01 -1.143224902008348920e+00 2.558372931182999466e-01
1.891800000000000000e+04 1.662407372866317123e+00 -2.046551783464636287e-01 -4.335449034204046370e-01
1.889000000000000000e+04 1.706219572666117568e+00 -2.296875030614131674e-01 1.354162449820487168e+00
1.888100000000000000e+04 -3.253680270034466915e-01 1.438259254027300926e-01 3.178695073562920470e-01
1.891600000000000000e+04 -4.689806676606194102e-01 2.464898642382209459e-01 3.419304232643440855e-01
2.083900000000000000e+04 -4.689806676606194102e-01 2.464898642382209459e-01 3.419304232643440855e-01
1.895600000000000000e+04 2.835098920808576395e-03 3.282906638017806245e-01 4.308373976740833555e-01
1.892600000000000000e+04 -1.843431934106480874e-01 1.474624499552064094e-01 2.843531913539543154e-01
1.889400000000000000e+04 -5.580872637317568774e-02 -2.660095797261448070e-01 -2.732515764033003336e-01
1.889300000000000000e+04 -4.628910495091700383e-01 2.402171813628797281e-01 -2.334342817377903501e-01
1.887100000000000000e+04 -4.113746308806329743e-01 2.915277223318923916e-01 2.194914604695252791e-02
1.892800000000000000e+04 -5.833900632659818619e-01 1.943356873729058520e-01 6.262472268779273321e-02
1.890100000000000000e+04 -4.422261852173496877e-01 1.335010011721067258e-01 1.480229865935722700e-01
1.890300000000000000e+04 -3.541679928618219897e-01 1.117822487474171567e-01 -2.470946308793031676e-02
1.890400000000000000e+04 -5.114115530716585312e-01 3.796916579969362715e-01 2.224632815070943792e-01
1.890500000000000000e+04 -5.268752136385002061e-02 3.168371261205180645e-01 1.942806493383830713e-02
1.885700000000000000e+04 -1.395015744597718488e-01 1.983725928543975670e-01 5.234357336691264351e-02
1.886900000000000000e+04 4.070164712815871333e-02 2.301620814847495922e-01 1.497343870006559996e-01
1.895100000000000000e+04 4.070164712815871333e-02 2.301620814847495922e-01 1.497343870006559996e-01
1.890800000000000000e+04 4.070164712815871333e-02 2.301620814847495922e-01 1.497343870006559996e-01
1.893900000000000000e+04 2.422745084405275584e-02 2.322505562301699911e-01 1.731648917085655270e-01
1.889600000000000000e+04 2.422745084405275584e-02 2.322505562301699911e-01 1.731648917085655270e-01
1.889500000000000000e+04 -1.768705012448794633e-01 3.265070629167752259e-01 1.953476318776612430e-01
1.885600000000000000e+04 -9.955420918600133007e-03 9.511672440459051359e-02 8.281631259461441630e-02
1.894900000000000000e+04 -1.318403893236119728e-01 2.278707189250681608e-01 2.552493484951225966e-01
1.888600000000000000e+04 -3.959077014673706429e-01 -1.165043179285518704e-01 -1.426308629244141812e-01
1.896400000000000000e+04 -3.959077014673706429e-01 -1.165043179285518704e-01 -1.426308629244141812e-01
1.896300000000000000e+04 -5.680061766212722851e-01 -8.858367805058264821e-02 -1.118110996295289539e-01
1.890600000000000000e+04 -5.962473203206037908e-01 -4.401416046540873594e-03 3.541707128336391008e-02
1.893200000000000000e+04 -5.962473203206037908e-01 -4.401416046540873594e-03 3.541707128336391008e-02
1.893700000000000000e+04 -6.746057817412483004e-01 6.189503402319473935e-02 4.434533643616411780e-02
1.883400000000000000e+04 -3.872468842175735837e-01 4.718994607765836236e-02 4.683091405502715077e-02
1.892500000000000000e+04 -4.868506331701589751e-01 8.285133770609576231e-02 8.676372204120941234e-02
1.888800000000000000e+04 -3.603649143804616983e-01 -2.943063372409397971e-01 1.348410984578070071e-01
1.888700000000000000e+04 -6.504223025014685966e-01 -4.959186986769026362e-02 1.771739335952533523e-01
1.893500000000000000e+04 -3.951217818280894356e-01 6.589399026314168850e-02 1.963121833850705045e-01
1.892400000000000000e+04 -3.951217818280894356e-01 6.589399026314168850e-02 1.963121833850705045e-01
1.892300000000000000e+04 -3.131981997754267333e-01 -5.596376344877995734e-02 2.377250952918252835e-01
1.895700000000000000e+04 -2.246298994145656813e-01 -3.721106018538478111e-03 -1.063357210679907183e-01
1.887600000000000000e+04 -1.887392287717863937e-01 -3.061820839254636439e-01 -1.725109178528594356e-01
1.886600000000000000e+04 -2.089485280634706399e-01 2.702433844040541544e-02 1.404718098877184573e-01
1.886500000000000000e+04 -2.089485280634706399e-01 2.702433844040541544e-02 1.404718098877184573e-01
1.897800000000000000e+04 -9.646033919608720808e-02 1.372576161482186308e-02 1.442464750861294220e-01
1.889100000000000000e+04 2.490886367705826832e-01 -3.313025676929157726e-01 2.566352847781798729e-01
1.895800000000000000e+04 -1.481107330112809706e-01 -7.637098342219843516e-01 3.048836859758488060e-01
1.891100000000000000e+04 -1.210929996484562565e+00 -3.395094074255240457e-01 -1.645062589989416679e-01
