# star id 	 star_x_coords [pc] 	 star_y_coords [pc] 	 star_z_coords [pc] 
4.394000000000000000e+03 1.305058513928088360e+00 5.772478070132889272e-01 -2.725360568112298765e+00
4.410000000000000000e+03 2.569146050076085430e-01 1.076937853698910708e+00 -2.231183720550603766e+00
4.563000000000000000e+03 -9.094056186097532191e-01 8.086584557971558951e-01 -3.042528643495986174e+00
4.412000000000000000e+03 -1.587234361773880664e+00 7.356282345633067266e-01 -3.999750602736639848e+00
4.395000000000000000e+03 -1.701686005305589333e-01 1.114880807048686862e+00 -3.929017325873271460e+00
4.411000000000000000e+03 1.097058387302752180e+00 8.896077805086033408e-02 1.980384029756720565e+00
4.466000000000000000e+03 -3.198527517580487256e-01 6.688203060102297925e-01 2.139157900072678586e+00
4.434000000000000000e+03 -1.878454095023585069e-01 2.169338235858836228e+00 1.240018190906464923e+00
4.390000000000000000e+03 2.042500592615283495e+00 -3.420778785947762302e-01 1.267192518793684997e-01
4.424000000000000000e+03 2.988518699064030670e+00 -1.677425030356585189e+00 -8.423629393626299589e-01
4.286000000000000000e+03 2.432317324691311455e+00 -2.390027528636316845e+00 -6.432546896542383763e-01
4.253000000000000000e+03 1.829585013827411899e+00 -2.449214622221662196e+00 -3.609867527560552958e-01
4.300000000000000000e+03 1.829585013827411899e+00 -2.449214622221662196e+00 -3.609867527560552958e-01
4.318000000000000000e+03 2.886394541083049603e+00 -4.366367891371671917e-01 -9.630403028940008880e-01
4.362000000000000000e+03 -5.855528050421838770e-01 5.100494754067099734e-01 -1.950963213374881988e+00
4.562000000000000000e+03 7.760931432442674804e-01 -4.128239406425473490e-01 -1.667207848687189298e+00
4.535000000000000000e+03 3.790606239697481783e+00 1.564917874228681782e-01 -1.678073133743826162e+00
4.472000000000000000e+03 -4.772933840658311055e-02 4.593380637142132628e-01 1.655294472451604548e+00
4.473000000000000000e+03 -5.833860410461966239e-02 1.795059011459478882e-01 1.578145946515057574e+00
4.383000000000000000e+03 -2.322629018642601295e-01 5.800665031626950352e-01 1.420302802631077554e+00
4.388000000000000000e+03 -1.785691438728065350e-01 -4.470743978844726740e-02 7.556819836558830161e-01
4.461000000000000000e+03 8.453280771787206049e-01 3.051508578157129392e-01 6.717533361732748176e-01
4.462000000000000000e+03 -3.090562699706111971e-01 4.062615072653530390e-01 8.764471950348493579e-01
4.260000000000000000e+03 -7.508199764778566987e-02 4.173031538765181736e-01 1.097954238826137185e+00
4.501000000000000000e+03 -3.901217871162288020e-01 -1.023437960782650258e+00 7.150119086559136861e-01
4.273000000000000000e+03 3.925765796164029098e-01 -4.778603795408651322e-01 8.582742410156463109e-01
4.285000000000000000e+03 -6.329612727341640266e-01 1.150278486066777184e+00 1.463471786598613988e+00
4.429000000000000000e+03 6.332504511444199125e-01 7.648252488129863025e-01 1.176426594575232798e+00
4.287000000000000000e+03 -1.254115388776426698e-01 7.701639574813814448e-01 8.483919095306760028e-01
4.528000000000000000e+03 -1.254115388776426698e-01 7.701639574813814448e-01 8.483919095306760028e-01
4.430000000000000000e+03 -9.690937108748727269e-01 1.234101619106455772e-01 1.904962896412492057e-01
4.323000000000000000e+03 7.814087270683955921e-01 6.736561573778665490e-03 2.580900415659428404e-01
4.246000000000000000e+03 -7.349555762866373243e-01 2.949150298551819205e-01 3.236093243982587353e-01
4.533000000000000000e+03 -1.685862266274682497e+00 -7.918027300545089631e-01 1.321218039949165757e-01
4.586000000000000000e+03 7.477406539142066322e-01 5.262919356175892460e-01 1.156245460019640348e-01
4.439000000000000000e+03 -8.647328101643836362e-02 5.972434773251960038e-01 2.984798161340123102e-01
4.541000000000000000e+03 -1.945956161151229935e-03 4.635814448369464102e-01 3.047695798383216470e-01
4.049500000000000000e+04 -2.577692751829374629e-02 4.601519006076983942e-01 1.174150451898796632e-01
4.446000000000000000e+03 -1.543351039058222796e-01 6.117372673314438458e-01 6.048643248191680755e-01
4.454000000000000000e+03 1.752835672278223456e-01 -1.310120902137819954e+00 1.781951401834369619e-01
4.365000000000000000e+03 -5.673746904154910453e-01 7.120378157616427117e-01 3.299700183272875620e-01
4.404000000000000000e+03 -5.673746904154910453e-01 7.120378157616427117e-01 3.299700183272875620e-01
4.337000000000000000e+03 -8.628275673662528789e-01 1.008026396444695827e+00 6.232607227349653556e-01
4.405000000000000000e+03 -6.686021632646088619e-02 7.127641834540980881e-01 5.550315902800804224e-01
4.294000000000000000e+03 1.029350051974660119e-01 -4.897418837323295193e-01 5.873280419431523569e-01
4.249000000000000000e+03 8.658542892979284034e-01 8.577017612585740025e-01 6.076659286465542209e-01
4.042300000000000000e+04 5.151623210455085200e-01 -2.781290536029086269e-01 -1.204399604960499914e-01
3.995500000000000000e+04 5.443347056140908080e-01 -2.301801514475787513e-02 -1.214900256800390821e-01
4.416000000000000000e+03 -7.373750366675011492e-01 2.227477500924468501e-02 -2.963675338888833721e-01
4.566000000000000000e+03 7.160065714497392264e-01 -1.128356412894174099e+00 -4.179250148534983111e-01
4.247000000000000000e+03 6.052306111220104867e-01 6.999884072460975659e-01 -1.737921442405330197e-01
4.532000000000000000e+03 -9.710436663788613032e-01 -1.399310378943727784e-01 -4.756447172975306614e-01
4.302000000000000000e+03 -9.963507132430038382e-01 -2.390476051545595837e-01 -4.468379677649245707e-01
4.574000000000000000e+03 -1.255379265163185210e+00 -2.418804991009189109e-01 -3.783606480534373873e-02
4.301000000000000000e+03 7.596605990322160551e-01 6.679450484220517126e-02 -3.426405949418480645e-01
4.460000000000000000e+03 -1.017921281852807169e-02 -1.322286895851718214e+00 -7.554869511734452203e-02
4.245000000000000000e+03 -3.051652296214086846e-01 8.574550826390687774e-01 4.629781033962387937e-04
4.321000000000000000e+03 -1.607607838882927354e+00 4.629023407731525097e-01 -1.926138175835419020e-01
4.350000000000000000e+03 2.763215030985719523e-01 6.788630055141915420e-01 -4.710181571813016888e-01
4.297000000000000000e+03 5.679025592411619527e-01 2.441277152045051579e-01 -2.770632113368698413e-01
4.576000000000000000e+03 -7.083179985933725220e-01 -5.745748770218925827e-01 -1.036249611193973408e-01
4.336000000000000000e+03 1.576749315016172659e-01 -6.940540444589284874e-01 3.143525977805339267e-02
4.413000000000000000e+03 -8.297918777164881021e-01 8.424874631161927141e-02 -5.465094438060376092e-01
4.357000000000000000e+03 -9.668497593691540715e-01 8.127650300977729003e-01 -8.502299061916041012e-01
4.322000000000000000e+03 -1.179475538887245989e+00 1.165859113714492246e+00 -7.570673469506523645e-01
4.557000000000000000e+03 -1.056208244180822931e+00 1.237498778493986151e+00 -6.465336060664945705e-01
4.522000000000000000e+03 4.082893836366139340e-01 5.201578525671068931e-01 -8.469667701450340758e-01
4.280000000000000000e+03 -1.652962661989619164e+00 1.310953782940858403e+00 -1.828040334102638553e-01
4.442000000000000000e+03 1.388158510135042434e+00 -9.480066810748031259e-01 1.672087714538395886e+00
4.262000000000000000e+03 1.356482298936512620e+00 -2.197770748981238143e-01 1.137520955653190668e+00
4.432000000000000000e+03 1.726269474599774867e+00 -7.828548592945754336e-01 6.847975878153320650e-01
4.440000000000000000e+03 3.128390589765359664e-01 -1.511281730845760229e+00 -1.390364585875589754e+00
4.348000000000000000e+03 4.208375711251477469e-01 -9.912546433964486425e-02 -1.220860852643342653e+00
4.347000000000000000e+03 -5.694669382420585180e-01 -5.845847842050266863e-01 -1.182323627606741923e+00
4.419000000000000000e+03 2.280599905449776088e-02 -3.442706508921906661e-01 4.980248189771501188e-01
4.400000000000000000e+03 -3.384771858128488020e-01 6.611124963158676593e-02 5.256156437458372466e-01
4.445000000000000000e+03 -4.459362907653741104e-01 5.730094825685938531e-02 3.899045847375042229e-01
4.547000000000000000e+03 -8.335567304737878658e-02 1.271020984601021198e-01 4.069981425610613712e-01
4.232000000000000000e+03 -4.020402893194159333e-01 1.831081068914039989e-01 4.542319195390582820e-01
4.263000000000000000e+03 -1.653398386690838606e-01 -2.353752897170213743e-01 1.249968403002057471e-01
4.392000000000000000e+03 -1.078626636977304543e-01 -3.150026682105844245e-01 2.209406212745257392e-01
4.299000000000000000e+03 3.344443687491605033e-02 -2.829276734060099940e-01 1.586484472035287752e-01
4.495000000000000000e+03 7.696307209232600144e-02 -3.771823249646999443e-01 1.311029609474232416e-01
4.329000000000000000e+03 1.467006167879958412e-02 -2.523679570710770648e-01 1.922972220307990199e-01
4.372000000000000000e+03 -3.261926375168542336e-01 -1.063473952827633795e-01 1.689286221338264227e-01
4.479000000000000000e+03 -3.356319269613265988e-01 -9.275689313917023782e-02 1.124687590233328649e-01
4.254000000000000000e+03 -1.233903970289276231e-01 1.178459862083363063e-01 1.295063074575182327e-01
4.272000000000000000e+03 -1.233903970289276231e-01 1.178459862083363063e-01 1.295063074575182327e-01
4.497000000000000000e+03 -1.503834495404277050e-01 1.733828227129041721e-02 1.289671123772961892e-01
4.417000000000000000e+03 -1.298030975498534190e-01 -5.103502915156976627e-02 1.588185411956359872e-01
4.573000000000000000e+03 -1.158598564873329906e-01 -5.948955005043643496e-02 1.578896753227354566e-01
4.319000000000000000e+03 -1.158598564873329906e-01 -5.948955005043643496e-02 1.578896753227354566e-01
4.548000000000000000e+03 -2.327187311971385952e-01 2.609701235274464182e-02 1.690086815087887828e-01
4.369000000000000000e+03 -1.620300005079968741e-01 -6.721840864088157730e-02 1.762473543216458438e-01
4.368000000000000000e+03 -1.768074465926474659e-01 3.523803449356943673e-02 2.979646776268296549e-01
4.243000000000000000e+03 -1.362944058354997878e-01 -1.465615289632173912e-01 1.299396651575790429e-01
4.239000000000000000e+03 -1.362944058354997878e-01 -1.465615289632173912e-01 1.299396651575790429e-01
4.469000000000000000e+03 -1.362944058354997878e-01 -1.465615289632173912e-01 1.299396651575790429e-01
4.340000000000000000e+03 -4.190128586302535041e-01 1.042171327275021042e-01 2.201409985148679027e-01
4.363000000000000000e+03 -5.580036032013850900e-01 -1.476371405376974977e-01 1.804406797913564731e-01
4.325000000000000000e+03 -1.087745634641379411e-01 -3.144270333185694710e-02 1.974207954202000792e-01
4.507000000000000000e+03 -1.035748433809402513e-01 3.642062639108267774e-03 1.566724225291125094e-01
4.244000000000000000e+03 -1.035748433809402513e-01 3.642062639108267774e-03 1.566724225291125094e-01
4.504000000000000000e+03 -9.121204936643323435e-02 1.009881665690821606e-01 1.020150880787937808e-01
4.241000000000000000e+03 -6.937424796880975464e-02 -8.729748317082552944e-02 2.141739689535597790e-01
4.374000000000000000e+03 -3.504599306616285048e-02 5.862599068701168648e-02 9.553107657859172264e-02
4.269000000000000000e+03 1.331806338113779020e-01 -3.670635592450910423e-02 9.694088603821882089e-02
4.313000000000000000e+03 1.331806338113779020e-01 -3.670635592450910423e-02 9.694088603821882089e-02
4.490000000000000000e+03 -4.033589058238362668e-02 -5.176382576819804626e-02 1.006319796577095360e-01
4.252000000000000000e+03 2.703134216103819654e-02 5.856720850862995320e-02 9.303230542046136975e-02
4.565000000000000000e+03 -3.898034641915160137e-02 -3.527968417658122746e-02 1.130621279661561118e-01
4.421000000000000000e+03 -3.898034641915160137e-02 -3.527968417658122746e-02 1.130621279661561118e-01
4.331000000000000000e+03 -3.954544308511742656e-02 -6.504561396812036378e-02 8.773523311834452443e-02
4.571000000000000000e+03 -3.954544308511742656e-02 -6.504561396812036378e-02 8.773523311834452443e-02
4.238000000000000000e+03 -3.954544308511742656e-02 -6.504561396812036378e-02 8.773523311834452443e-02
4.360000000000000000e+03 1.545019742055728784e-01 6.531210459372616128e-02 1.720427408629241484e-01
4.515000000000000000e+03 2.531777225584619373e-02 3.274893781518350977e-03 2.326699214042164954e-01
4.223000000000000000e+03 -7.351130028769148339e-02 -5.732010759869332617e-02 1.743265551301789174e-01
4.379000000000000000e+03 3.849705210880927098e-02 -1.066163218253253220e-01 2.601635652276499400e-01
4.339000000000000000e+03 -6.605369334579336282e-02 1.105063261109684447e-02 2.961705065948727622e-01
4.307000000000000000e+03 -8.848865278686446345e-02 -1.308084321528033556e-01 1.753647947893242076e-01
4.572000000000000000e+03 -6.887115658825848641e-02 -1.322864857389722815e-01 2.282433341040075447e-01
4.366000000000000000e+03 -6.887115658825848641e-02 -1.322864857389722815e-01 2.282433341040075447e-01
4.281000000000000000e+03 8.014213173755990738e-02 -1.807442034635187156e-02 3.203972192106512296e-01
4.519000000000000000e+03 -1.150655806282259164e-01 1.425145519618284951e-01 1.626344335083160786e-01
4.371000000000000000e+03 -5.043529113161184796e-01 2.012649137557636081e-01 1.320690722566375541e-01
4.006200000000000000e+04 -1.001937685470153383e-01 2.264641520115358020e-01 2.962476667018094645e-01
4.006300000000000000e+04 -1.001937685470153383e-01 2.264641520115358020e-01 2.962476667018094645e-01
4.088300000000000000e+04 5.460281590416116160e-03 3.097025518382254816e-01 1.262184914017403514e-01
4.555000000000000000e+03 -1.574373897311431847e-02 1.515000309947609480e-01 2.597884115914474989e-01
4.320000000000000000e+03 2.415159287600943117e-01 -2.707856514188078378e-01 1.028844181691539461e-01
4.292000000000000000e+03 3.442098307205156971e-01 -2.900111978309123373e-01 3.551564832560671903e-01
4.493000000000000000e+03 3.576764213685521554e-01 4.387463090017629241e-02 1.966861093607192856e-01
4.426000000000000000e+03 1.906713934199331106e-01 2.966930739103723624e-02 9.810942701840730251e-02
4.516000000000000000e+03 2.387844733589901125e-01 -3.788737072878669565e-01 4.870605664591067807e-01
4.268000000000000000e+03 -3.331275788689254114e-01 -1.926197788396741828e-01 -4.101984080053355797e-02
4.523000000000000000e+03 -1.567875152332760536e-01 -4.114821953403575705e-01 -6.833913777482081287e-02
4.524000000000000000e+03 -1.226707530138639868e-01 -1.903354423194700829e-01 5.222257281397091333e-02
4.248000000000000000e+03 -4.450259206046212057e-01 -3.400578697872784772e-01 -1.589143354728008717e-01
4.291000000000000000e+03 -4.551248281754141090e-01 -2.471395623496421834e-01 -1.225537524426378866e-01
4.559000000000000000e+03 -7.472646354251821776e-02 -3.476653522595043455e-01 -1.471385442904598051e-01
4.311000000000000000e+03 3.623603463086055854e-02 -2.520105336854499001e-01 -1.016728170013827537e-01
4.471000000000000000e+03 -8.311630728668717438e-02 -3.488482910315964247e-01 -3.354390415019992133e-02
4.415000000000000000e+03 -6.409568771570661738e-02 -2.741543721509964726e-01 -2.037359877417799225e-02
4.315000000000000000e+03 -3.623449190865812852e-02 -3.711283084036258728e-01 1.821404407291282723e-03
4.491000000000000000e+03 -9.180784249046780587e-02 -2.720552356973140462e-01 4.149757169849976890e-02
4.283000000000000000e+03 6.686221042066620157e-02 -2.952302186125033145e-01 5.217201256236236873e-02
4.373000000000000000e+03 6.686221042066620157e-02 -2.952302186125033145e-01 5.217201256236236873e-02
4.303000000000000000e+03 1.978034483716868408e-01 6.341919613407931422e-02 -1.531987067714624118e-03
4.237000000000000000e+03 -1.154451423217608408e-01 3.043048869715292426e-02 -1.148876954284219210e-01
4.498000000000000000e+03 -2.177151954329161754e-01 -4.488078798033257044e-02 -8.748969345867507741e-02
4.468000000000000000e+03 -3.017815772504519600e-01 7.401904204362352857e-02 -6.062709219855832998e-02
4.240000000000000000e+03 -1.414434860907078928e-01 4.306359156450856318e-02 -6.463344794946479510e-02
4.230000000000000000e+03 -2.008766656886393775e-01 6.450221305516112835e-02 -5.538665061399683509e-02
4.352000000000000000e+03 -1.884587410504536820e-01 -2.887249208045528093e-02 -4.255451719932068499e-02
4.481000000000000000e+03 -3.332365763800879677e-01 1.281254436336975999e-01 -2.813956973446707366e-02
4.256000000000000000e+03 -2.120300902414271604e-01 1.575202298531941381e-02 -2.598456881528932172e-02
4.508000000000000000e+03 -2.038960395111075741e-01 1.200729407783054370e-01 -1.803166924187493692e-02
4.317000000000000000e+03 -2.038960395111075741e-01 1.200729407783054370e-01 -1.803166924187493692e-02
4.333000000000000000e+03 -1.518923758648043076e-01 8.342509622719607165e-02 9.708392338080074069e-03
4.334000000000000000e+03 -1.822661569739096876e-01 -6.224079388466208229e-02 3.208903510066818399e-02
4.326000000000000000e+03 -2.115391063285159134e-01 -5.038204116085243101e-02 3.033842159860000720e-02
4.327000000000000000e+03 -2.400121217323771816e-01 3.816857788455152445e-02 5.250482998170724613e-02
4.343000000000000000e+03 -1.181765450232745707e-01 -4.332098994976085748e-02 4.866880352658498055e-02
4.422000000000000000e+03 -1.181765450232745707e-01 -4.332098994976085748e-02 4.866880352658498055e-02
4.316000000000000000e+03 -2.134438861616558825e-01 5.822714568594289375e-02 4.774837538528586833e-02
4.290000000000000000e+03 -2.134438861616558825e-01 5.822714568594289375e-02 4.774837538528586833e-02
4.554000000000000000e+03 -3.127335902883601193e-01 -8.875851689691494073e-02 5.403322643367047817e-02
4.351000000000000000e+03 -1.104841065935460165e-01 8.524329078368531043e-03 6.321466151975485559e-02
4.378000000000000000e+03 -1.104841065935460165e-01 8.524329078368531043e-03 6.321466151975485559e-02
4.257000000000000000e+03 -1.909254445071439932e-01 -5.277196500165359794e-02 7.227787877414471041e-02
4.480000000000000000e+03 -1.705406925839838550e-01 -8.441413384504414807e-02 7.326867615301679848e-02
4.289000000000000000e+03 -4.189526904526132967e-01 -1.307583849317168756e-01 6.523456536164928821e-04
4.231000000000000000e+03 -1.004311169673428594e-01 -2.873068564809155845e-02 -6.297120612893181146e-02
4.330000000000000000e+03 3.548979550342323819e-02 -3.020563285683763866e-02 -1.443104212381207674e-01
4.359000000000000000e+03 3.548979550342323819e-02 -3.020563285683763866e-02 -1.443104212381207674e-01
4.255000000000000000e+03 2.090072437219703261e-02 6.255315555222384916e-02 -1.345428908068342366e-01
4.355000000000000000e+03 5.320449548250394400e-03 -1.175887916384432685e-02 -1.386233498248685692e-01
4.459000000000000000e+03 -1.817063052338596663e-02 -2.630217975710280598e-03 -6.343513907800613083e-02
4.293000000000000000e+03 -5.811490830397758600e-02 -4.076366928194463668e-02 3.136467115794516758e-03
4.224000000000000000e+03 -5.811490830397758600e-02 -4.076366928194463668e-02 3.136467115794516758e-03
4.225000000000000000e+03 2.078435339768702761e-02 -1.311061635016006477e-01 -3.833912430265229432e-02
4.494000000000000000e+03 -1.710749452320214914e-02 3.611099216031199433e-02 3.037475111601040112e-02
4.384000000000000000e+03 -9.753365231945565483e-02 9.333026323566606663e-02 3.507047259517293014e-02
4.242000000000000000e+03 2.653755199489182814e-02 -5.311612864305548243e-02 3.877658480775281191e-02
4.222000000000000000e+03 6.908049880631494943e-02 -1.420160013199094351e-01 -1.052658685642953174e-01
4.482000000000000000e+03 6.908049880631494943e-02 -1.420160013199094351e-01 -1.052658685642953174e-01
4.258000000000000000e+03 -2.130931184709368154e-01 3.263283757546684427e-01 -4.393542593945554131e-02
4.382000000000000000e+03 -7.176291281538738076e-03 1.524729553071662025e-01 -1.052892656019430717e-01
4.381000000000000000e+03 1.222765463089956484e-01 3.601067873611318859e-01 -7.406137061903450558e-02
4.306000000000000000e+03 -1.555435060552667892e-03 3.592343487853657535e-01 -7.230862304700735876e-02
4.342000000000000000e+03 1.635431240330120772e-01 3.336469725045354551e-01 -1.337680496553161902e-02
4.349000000000000000e+03 -6.969589781675722406e-03 1.466285795656743218e-01 -2.410673481029945719e-02
4.537000000000000000e+03 1.610241749917804555e-01 -2.383873053590157554e-01 -3.531305079224758003e-01
4.500000000000000000e+03 1.610241749917804555e-01 -2.383873053590157554e-01 -3.531305079224758003e-01
4.589000000000000000e+03 1.610241749917804555e-01 -2.383873053590157554e-01 -3.531305079224758003e-01
4.448000000000000000e+03 -6.016546390270605116e-02 -4.242019163103396551e-01 -2.594607066811356333e-01
4.376000000000000000e+03 2.606939235402734312e-01 -1.568263173050432613e-02 -2.565474482291811853e-01
4.387000000000000000e+03 -2.140067436219652564e-01 -1.508426027895559685e-02 -2.869478315650972888e-01
4.233000000000000000e+03 -3.159549550577054333e-01 -1.414491118138458958e-01 -3.437371951826442285e-01
4.234000000000000000e+03 -3.543399907874800192e-02 1.199126491737185773e-01 -2.848233990439830166e-01
4.235000000000000000e+03 -3.543399907874800192e-02 1.199126491737185773e-01 -2.848233990439830166e-01
4.475000000000000000e+03 1.138684603377271287e-01 -7.224871429319534855e-02 -2.478092970747205470e-01
4.486000000000000000e+03 -3.891743733575481201e-02 -1.459404384542635214e-01 -2.782547340819263582e-01
4.453000000000000000e+03 -4.851446245461943363e-02 1.160710845185235485e-01 -2.159730306292715341e-01
