# star id 	 star_x_coords [pc] 	 star_y_coords [pc] 	 star_z_coords [pc] 
2.044500000000000000e+04 -4.265102835275071946e-01 1.391312401995620007e+00 -1.489767984870908890e+00
1.680800000000000000e+04 7.033710087778071163e-01 1.078631291432188277e+00 1.633170425624541622e-01
1.380600000000000000e+04 4.155516686660920556e-01 -2.192642587845007540e+00 -1.077102723481360158e-01
2.044400000000000000e+04 1.197080577470623908e-01 1.644509672271617262e+00 -1.029320875614459396e+00
2.044300000000000000e+04 1.197080577470623908e-01 1.644509672271617262e+00 -1.029320875614459396e+00
1.733400000000000000e+04 1.407723079775360375e-01 1.463002939102295841e+00 -6.147661908202124437e-01
1.733000000000000000e+04 -4.219141303427449419e-01 1.631280094709914863e+00 -4.490244390321578294e-01
1.656500000000000000e+04 -2.545597098926173363e-01 -4.531107419489117660e-01 2.918029425017110157e-01
1.723500000000000000e+04 8.578125306357811120e-01 1.129143658593896760e+00 3.228548796140415789e-01
1.531800000000000000e+04 -6.361936038314957020e-01 -1.097991123570075445e+00 2.278696953783807544e-01
1.660700000000000000e+04 -6.361936038314957020e-01 -1.097991123570075445e+00 2.278696953783807544e-01
1.621700000000000000e+04 7.033710087778071163e-01 1.078631291432188277e+00 1.633170425624541622e-01
1.531900000000000000e+04 -1.264035420669580301e-01 -1.457625205443541461e+00 1.884267277743845170e-02
1.827400000000000000e+04 -1.264035420669580301e-01 -1.457625205443541461e+00 1.884267277743845170e-02
1.660600000000000000e+04 3.199798800700635049e-01 3.043564766257134124e-02 8.563108609588141462e-01
1.723400000000000000e+04 3.199798800700635049e-01 3.043564766257134124e-02 8.563108609588141462e-01
1.733600000000000000e+04 1.142640142990856145e+00 -8.418901441365633787e-01 1.743692468760244196e+00
2.010700000000000000e+04 -1.578522536109466357e+00 -1.425025065992336692e+00 -3.989898946025789428e-01
1.621800000000000000e+04 -6.361936038314957020e-01 -1.097991123570075445e+00 2.278696953783807544e-01
