# star id 	 star_x_coords [pc] 	 star_y_coords [pc] 	 star_z_coords [pc] 
1.679900000000000000e+04 -6.683079330824170938e-02 1.064213297198261188e+00 9.683220543858057638e-01
1.679800000000000000e+04 1.449177521097460897e+00 7.204506572903106587e-01 3.070622309259309901e-01
1.679700000000000000e+04 6.106731083346872424e-02 -2.491157330198916497e-01 6.441290921400808500e-01
1.676200000000000000e+04 4.990384630748714301e-01 4.603405809772169732e-01 1.302983121414276191e+00
1.333900000000000000e+04 -3.884905003950578362e-01 -3.991777606802813239e-01 -6.444992987309756671e-01
1.679600000000000000e+04 -3.884905003950578362e-01 -3.991777606802813239e-01 -6.444992987309756671e-01
1.663500000000000000e+04 -3.884905003950578362e-01 -3.991777606802813239e-01 -6.444992987309756671e-01
1.667900000000000000e+04 -3.884905003950578362e-01 -3.991777606802813239e-01 -6.444992987309756671e-01
1.680000000000000000e+04 -3.884905003950578362e-01 -3.991777606802813239e-01 -6.444992987309756671e-01
