# star id 	 star_x_coords [pc] 	 star_y_coords [pc] 	 star_z_coords [pc] 
5.621600000000000000e+04 4.534272020215155408e-01 1.478752225849802926e+00 -2.614934443055219049e-01
5.623900000000000000e+04 -1.514908601369882035e-01 3.277811243697028587e-01 -7.982635699632876225e-01
5.626800000000000000e+04 8.421184217373820502e-01 -8.036534463066224987e-01 -4.656852414309282651e-01
5.622800000000000000e+04 5.875767901724202602e-01 5.968667890692893607e-01 2.069176609480027906e-02
5.644800000000000000e+04 -7.259187440681102998e-02 1.142844596239092958e+00 3.918064224810491325e-01
5.553200000000000000e+04 -2.031337587903578878e-01 -2.609622607216959267e-01 1.483894867350965541e-01
5.626900000000000000e+04 -2.031337587903578878e-01 -2.609622607216959267e-01 1.483894867350965541e-01
5.625800000000000000e+04 -2.537271655693871253e-01 -8.970660949476751966e-01 1.675678983801578426e-01
5.626400000000000000e+04 -4.843652703787597602e-01 -8.287585803545951535e-01 9.226286521590152390e-01
5.634000000000000000e+04 -4.863634215372201197e-01 -5.121366358374572769e-01 -3.126881597419348680e-01
