# star id 	 star_x_coords [pc] 	 star_y_coords [pc] 	 star_z_coords [pc] 
2.053700000000000000e+04 -3.876408062557885614e-01 3.297651136372792280e-01 5.200513360891534376e-02
2.032700000000000000e+04 -3.876408062557885614e-01 3.297651136372792280e-01 5.200513360891534376e-02
2.038400000000000000e+04 -2.078910962163220688e-01 4.311327253834917883e-01 8.552395174768712138e-02
2.038500000000000000e+04 5.124223449373488393e-02 2.219989031932030343e-01 4.152693670398122094e-01
2.041000000000000000e+04 -2.680674113587038221e-01 -6.613739393125825927e-01 9.110139259891525398e-02
2.041100000000000000e+04 -1.380182035115566919e-01 -8.351007892368684793e-01 2.485069524831828858e-01
2.037800000000000000e+04 3.218452012016825847e-01 5.065927825387035455e-01 5.014265354127296348e-01
2.028100000000000000e+04 -6.253610526532646929e-01 3.885242166151030574e-01 1.774903783374046640e-01
2.030400000000000000e+04 -1.452918435216226101e-01 -1.217460264026399841e-01 -4.820161946793177776e-02
2.024100000000000000e+04 1.322966629516955095e-01 1.760761099897081294e-01 -5.369568634941224161e-02
2.024000000000000000e+04 1.322966629516955095e-01 1.760761099897081294e-01 -5.369568634941224161e-02
2.023900000000000000e+04 -5.868837642271529376e-02 3.299488811431672275e-02 -5.892353296824204278e-02
2.043500000000000000e+04 -5.868837642271529376e-02 3.299488811431672275e-02 -5.892353296824204278e-02
2.043400000000000000e+04 -5.868837642271529376e-02 3.299488811431672275e-02 -5.892353296824204278e-02
2.048700000000000000e+04 1.131076786521809652e-01 -4.659759375599747955e-02 -4.724978319711503616e-02
2.056300000000000000e+04 -3.545828102546622063e-02 1.717287824828659382e-01 7.074848308478109971e-02
2.033300000000000000e+04 3.194140619766017153e-02 -5.494346456809040546e-02 7.517377807657510402e-02
2.035700000000000000e+04 7.764499375798905589e-02 -1.248229720760463124e-01 -3.253195724248314491e-02
2.038900000000000000e+04 7.764499375798905589e-02 -1.248229720760463124e-01 -3.253195724248314491e-02
2.053300000000000000e+04 4.119953399051112797e-02 -1.443572213834301010e-01 1.325604899673944459e-01
2.076400000000000000e+04 4.119953399051112797e-02 -1.443572213834301010e-01 1.325604899673944459e-01
2.076300000000000000e+04 -1.056513581924143352e-01 -1.096590667227061999e-01 1.331903193412316000e-01
2.048900000000000000e+04 -1.996232870788148261e-01 6.886855815824333149e-02 1.867412605256557612e-01
2.038300000000000000e+04 -1.300263002909645138e-01 1.123711722200297913e-01 2.208359521812415238e-01
2.056700000000000000e+04 -1.435292457864676408e-01 2.474280110992310711e-02 2.365695395633142795e-01
2.053900000000000000e+04 7.656897007409568801e-02 1.331760835077204774e-01 1.696986614515694214e-01
2.041800000000000000e+04 7.656897007409568801e-02 1.331760835077204774e-01 1.696986614515694214e-01
2.050900000000000000e+04 -5.352554029416722869e-02 7.949665932484606401e-02 2.350021514519582411e-01
2.051000000000000000e+04 5.282488726351495245e-01 9.541429324482919583e-02 3.376602266831874033e-02
2.041900000000000000e+04 4.096413490711618977e-01 -3.891228693238701908e-02 1.954506118128112035e-01
2.034200000000000000e+04 -1.676786782644370533e-01 2.540954950497180675e-01 -1.953033905756136335e-01
2.031600000000000000e+04 -2.905062691873290248e-01 -5.537641388232756867e-01 -1.356692914966100005e-01
2.028500000000000000e+04 8.699682543191755713e-02 -8.507689505794502338e-02 -1.902258111329686585e-01
2.046800000000000000e+04 8.699682543191755713e-02 -8.507689505794502338e-02 -1.902258111329686585e-01
2.024600000000000000e+04 1.331531039647835257e-01 -2.254354752429676978e-01 -1.736638423669454312e-01
2.048200000000000000e+04 1.331531039647835257e-01 -2.254354752429676978e-01 -1.736638423669454312e-01
2.043900000000000000e+04 -7.087261353830598409e-02 -4.171712222351686705e-03 -3.984045660790034304e-01
2.033400000000000000e+04 -3.093535686702608700e-02 -5.299504872263582911e-02 -2.372530479921124424e-01
2.024500000000000000e+04 -3.093535686702608700e-02 -5.299504872263582911e-02 -2.372530479921124424e-01
2.052500000000000000e+04 5.700954235493327360e-03 -7.478381914081921877e-02 -1.977145861794831205e-01
2.028200000000000000e+04 8.419364003563956089e-02 -1.447443033578679206e-01 -1.138501470755119982e-01
2.032400000000000000e+04 8.419364003563956089e-02 -1.447443033578679206e-01 -1.138501470755119982e-01
2.044100000000000000e+04 -2.168550469186349972e-01 -1.692841101415254457e-01 -1.273520745156666578e-01
2.047300000000000000e+04 1.095018845768649385e-01 7.514218094126334790e-02 -1.047956879426141796e-01
2.027400000000000000e+04 1.095018845768649385e-01 7.514218094126334790e-02 -1.047956879426141796e-01
2.044200000000000000e+04 1.095018845768649385e-01 7.514218094126334790e-02 -1.047956879426141796e-01
2.048600000000000000e+04 1.436682951773242678e-01 -9.580724310510646546e-02 -3.094587113232947218e-01
2.048500000000000000e+04 1.436682951773242678e-01 -9.580724310510646546e-02 -3.094587113232947218e-01
2.027300000000000000e+04 3.714593950135984812e-01 -1.418059030573459722e-02 -3.140492186944925379e-01
2.053800000000000000e+04 9.843688750052237424e-02 4.735836583985957304e-01 5.611353650827641815e-01
