# star id 	 star_x_coords [pc] 	 star_y_coords [pc] 	 star_z_coords [pc] 
4.752500000000000000e+04 -6.777764119725162573e-01 -1.490842509524469506e+00 -8.679367800779047570e-01
4.764700000000000000e+04 4.664302292183535315e-01 -5.555309484231898409e-01 5.059039261602356063e-01
4.765000000000000000e+04 2.379333511621481989e-01 -9.688128666298538860e-01 7.891291077406146215e-01
4.749500000000000000e+04 1.305542859480190998e+00 -9.609768845704849127e-01 8.474812869584411601e-01
4.751500000000000000e+04 1.372656137521985897e+00 -1.236277074375170315e+00 1.552113698587117341e+00
4.765100000000000000e+04 -1.771273872034129226e-01 1.203658147966368830e+00 -1.220669024285526483e+00
4.769200000000000000e+04 -4.073102239374293276e-03 2.066139477030688454e-01 -1.439641473171801245e+00
4.767500000000000000e+04 -5.233425843092334162e-01 3.188084468937937288e-01 -7.241141911376987039e-01
4.746300000000000000e+04 1.101901992470288860e-01 1.198588608005490386e+00 -4.194449150920132041e-02
4.750600000000000000e+04 2.340467196860913646e-01 1.381542619104685343e-01 1.008152557936954352e-01
4.746800000000000000e+04 -8.076446256473275298e-01 8.586908769742862546e-01 3.536899561463036079e-01
4.764900000000000000e+04 4.773975587617087513e-01 2.615722859299189906e-01 3.372182015103266650e-01
4.750300000000000000e+04 -1.208543920090846768e+00 1.618952856554891184e+00 3.940985267056502650e-01
4.765400000000000000e+04 -1.563529620705523371e+00 -2.021676323560441801e-01 -7.442923790419353480e-01
4.765500000000000000e+04 4.635814298636589115e-01 -2.463713566746577044e-01 7.148356050603368317e-01
1.902900000000000000e+04 -1.700000642484113200e+00 -4.799196618520973345e-01 -1.304257888295787815e+00
4.747800000000000000e+04 1.016611919758048543e+00 -3.737301478701837709e-01 7.616015525653185847e-01
4.751700000000000000e+04 6.613226595310877087e-01 7.075535955722607184e-01 -1.691567071483683904e-01
