# star id 	 star_x_coords [pc] 	 star_y_coords [pc] 	 star_z_coords [pc] 
3.921300000000000000e+04 3.727814081442915040e-02 -4.574629816278882544e+00 4.938277636156449546e-01
3.930400000000000000e+04 -5.283226025673929627e+00 -2.674852612424093223e+00 -2.925614298605063723e+00
3.881500000000000000e+04 -8.945849987070388920e-01 -2.431175793605635960e+00 -5.306319783898821640e+00
4.040300000000000000e+04 -3.657694006370981299e+00 -3.454525807815151950e+00 3.646950106079756893e+00
3.944600000000000000e+04 -3.657694006370981299e+00 -3.454525807815151950e+00 3.646950106079756893e+00
3.953900000000000000e+04 -3.123904996908713372e+00 -2.456407485188957907e+00 3.120220144357546133e+00
3.948400000000000000e+04 -8.865954741497006353e-01 -2.990376517710597426e+00 1.822038856565775689e+00
3.988400000000000000e+04 -2.096637640805997904e+00 -3.960623229416761149e+00 7.167846888299393981e-01
3.988500000000000000e+04 -2.911653649408954436e+00 -2.752208367925639720e+00 7.387677252053101995e-01
3.988600000000000000e+04 -2.797506911483989001e+00 -2.449717926664124690e+00 1.196472008542613708e+00
3.988700000000000000e+04 -2.015213237193989926e+00 -3.134326102776451961e+00 3.857378666579158732e-01
3.910500000000000000e+04 -1.140579936293555363e-01 -2.485894494954628442e+00 4.416399942542525991e-01
3.904600000000000000e+04 7.497336059724020174e-01 -2.891623773518158913e+00 3.952688679859903687e-01
3.944000000000000000e+04 6.152046968998128307e-01 -2.936447051293789912e+00 5.680376687333392738e-01
3.903100000000000000e+04 -3.247788471982353542e-01 -3.994379109147669027e+00 1.552610694963583171e-01
4.007200000000000000e+04 -9.622734434602371323e-01 -2.378465402787060867e+00 -1.270300218543347626e-01
3.953700000000000000e+04 -1.168193742474088026e+00 -2.407038231265680395e+00 1.566037953330443599e-01
3.947300000000000000e+04 -1.225104664977060054e+00 -3.330130134686861254e+00 1.895998904716158506e-01
4.038200000000000000e+04 -2.404282111616872442e+00 -2.448310858185909211e+00 -6.728179573596353436e-01
3.945700000000000000e+04 5.450509296084433686e-01 -2.390645330060905849e+00 -7.384464486835913277e-01
3.950900000000000000e+04 3.678819397723742668e-01 -2.727686120694318817e+00 -1.283654523359345490e-02
4.034100000000000000e+04 1.479405839153180580e-01 -2.467057560178893993e+00 1.905906836741877441e-01
3.951500000000000000e+04 4.103231398069837610e-01 -3.548920570833388410e+00 -9.318019225221796376e-01
3.998600000000000000e+04 -4.242076932812391732e+00 -2.751710483372246330e+00 -3.602363593356084692e+00
3.902200000000000000e+04 6.703675205319221675e-01 5.655011662433853559e+00 6.254307135696421938e-01
3.901200000000000000e+04 -9.702093263832054504e-01 4.755656998278986691e+00 1.853912938817867229e+00
4.028000000000000000e+04 -5.098001492035354687e+00 1.948253191811186724e+00 -1.782221997917687872e-01
3.890800000000000000e+04 -2.341167003026537685e+00 -1.200320205448786481e+00 -4.926192559108672597e+00
4.039600000000000000e+04 -1.384889907545797882e+00 -1.951085182286188768e+00 -4.984555259956534812e+00
3.918000000000000000e+04 -1.230484806563545419e-01 -4.389529092177610892e-01 -4.223896256148490735e+00
3.931600000000000000e+04 -2.759531948830098003e+00 -1.638877827458976810e+00 2.730545808765779014e+00
3.900200000000000000e+04 -3.981703237550142660e-01 -1.345239623947339425e+00 3.405722018567335141e+00
3.954800000000000000e+04 6.301150547239409150e-01 -1.387956610234784449e+00 3.062220608367660191e+00
3.924500000000000000e+04 4.141631051466276858e-01 1.854995155335299017e+00 3.059460540112425520e+00
3.939300000000000000e+04 -2.333105759766034737e+00 -1.369029126824791831e+00 1.496753013565491841e+00
3.903300000000000000e+04 4.440198236796462083e-01 -2.225016272795656391e+00 2.180789456320795239e+00
4.015400000000000000e+04 -1.580653523024214024e+00 -5.991626742668323402e-01 2.015735890705304456e+00
3.981400000000000000e+04 -1.580402771249964644e-01 -4.356277205992178381e-01 2.432938191040147302e+00
3.909700000000000000e+04 -1.415523024146349229e+00 5.472217828369849713e-01 2.160999936169083924e+00
4.004600000000000000e+04 -9.407688883594929052e-01 3.939243879614480193e-01 2.538313087591802741e+00
3.970600000000000000e+04 -7.830942024518492417e-01 1.307120760323670083e-01 2.546795890033177301e+00
3.967400000000000000e+04 -3.311129016790914648e-02 2.121684206512206572e+00 3.137500360260325749e-01
1.701400000000000000e+04 -2.729689225935629793e-01 1.928121432552572401e+00 5.036363654455158212e-01
3.946600000000000000e+04 -3.477092983531306913e-01 3.193866792954661804e+00 1.341308278543397847e+00
3.930000000000000000e+04 -2.583703007289201992e+00 2.488567943558575024e+00 1.305512031316826693e+00
4.010600000000000000e+04 5.777664245718057145e-01 2.658314657730986852e+00 6.935675837229098306e-01
1.910100000000000000e+04 5.777664245718057145e-01 2.658314657730986852e+00 6.935675837229098306e-01
3.911200000000000000e+04 -3.524947160542645008e+00 -2.174578182871073295e+00 9.291575823743123408e-01
3.899900000000000000e+04 -2.101400822565210547e+00 2.855507043794958122e-02 1.289089219994984603e+00
3.931700000000000000e+04 -3.880883373172189010e+00 6.643128325016505187e-01 1.267719788890055099e+00
3.873300000000000000e+04 -2.781249602426100864e+00 1.685189951849029200e+00 7.806504594779291040e-01
4.000500000000000000e+04 -4.187811321888158744e+00 1.474101646529572207e+00 4.783630926787054705e-01
3.946300000000000000e+04 -6.936563033251630372e-01 1.898170013521173871e+00 -1.778622070563748991e-01
3.955700000000000000e+04 -1.447205438220393603e-01 1.712028598025920445e+00 -7.032193815719995911e-01
3.955800000000000000e+04 -1.447205438220393603e-01 1.712028598025920445e+00 -7.032193815719995911e-01
3.960200000000000000e+04 -9.119680857479046665e-01 2.223195192411818510e+00 -7.469930706619649641e-01
3.925400000000000000e+04 -1.563043916285071333e+00 2.924825912510048198e+00 -5.637144502644773070e-01
4.003700000000000000e+04 -2.325481505830605755e+00 2.274159555581292125e+00 -7.736545586861023338e-01
3.948300000000000000e+04 -2.139981292182532968e+00 2.277355098278114554e+00 1.104409423852956706e-01
3.929900000000000000e+04 -3.261690897104525533e+00 -1.242129131740341563e+00 1.203449237811966555e-01
3.948900000000000000e+04 -2.621207841331450794e+00 8.222930323860673241e-01 1.096909860869672571e-01
3.962100000000000000e+04 -2.182925196973304338e+00 7.943733691210823622e-01 -7.858651709206814218e-01
3.928700000000000000e+04 -4.208840459238370357e+00 -5.290515783307583320e-01 9.803412827177737654e-02
3.979600000000000000e+04 -2.277005240003180830e+00 1.838962056622300167e+00 -8.019887630528046429e-01
3.918500000000000000e+04 -2.042528529723583119e+00 1.263730507045455198e+00 -2.325892252177688135e-01
3.898800000000000000e+04 -1.225223545255900603e+00 2.725996727883778448e+00 -1.145132163028280914e+00
4.012200000000000000e+04 -6.868817893807310782e-01 2.847548834650442728e+00 -9.953646500052588664e-01
4.024300000000000000e+04 -6.937067775472449682e-01 2.456142563568072035e+00 -9.741133777188526466e-01
3.923200000000000000e+04 -1.641870813413888186e-01 2.509469060039140942e+00 -1.379738978221766388e+00
3.941800000000000000e+04 3.509744816603053152e-01 2.255751561281730488e+00 -9.052579914454259580e-01
3.941900000000000000e+04 -1.222447786481772880e+00 5.235930120021841105e-01 -1.813639464242079669e+00
3.949000000000000000e+04 -1.222447786481772880e+00 5.235930120021841105e-01 -1.813639464242079669e+00
3.977100000000000000e+04 -1.189758151827764010e+00 5.450493619350424979e-01 -1.559711705204355425e+00
3.920700000000000000e+04 -6.549893807169837601e-02 3.788518889972891657e-02 -1.845753381413812733e+00
3.947600000000000000e+04 4.248651121540802933e-02 5.205706247533612441e-01 -1.684051472616069134e+00
3.937300000000000000e+04 -2.835754467112927557e-01 2.050452390927549828e+00 -1.846112880353187435e+00
3.937400000000000000e+04 -2.835754467112927557e-01 2.050452390927549828e+00 -1.846112880353187435e+00
3.914500000000000000e+04 -5.848616506327175557e-02 2.047729099615704484e+00 -1.453188545287360967e+00
3.955300000000000000e+04 7.106597414575688276e-02 1.672663820184205008e+00 -1.895242572292300309e+00
4.030100000000000000e+04 -2.768878254223618995e+00 -2.131108322518699083e+00 -1.805482483433056728e+00
3.953500000000000000e+04 -3.443683820002419793e+00 -2.099835811516157946e+00 -8.695716519074352391e-01
3.953600000000000000e+04 -4.133538021929290096e+00 8.235367090745633334e-01 -1.271518262740325866e+00
3.952300000000000000e+04 -1.591011222884326060e+00 -2.182349153625491311e+00 -1.787292989029698020e+00
3.973300000000000000e+04 -2.229916676010834209e+00 -2.077334263416748428e+00 -8.268080022889474634e-01
3.904000000000000000e+04 -2.244382557232921016e+00 4.598298781777394595e-01 -1.927372269216865774e+00
3.892000000000000000e+04 -2.185114323462901353e+00 6.651804957579443567e-02 -1.408471162289917089e+00
4.024000000000000000e+04 -2.309375840037816374e+00 6.897006934210345719e-01 -1.869424880912507803e+00
3.886100000000000000e+04 -3.476769666950197291e+00 -1.114921285848996746e+00 -9.475806019311239226e-01
3.886200000000000000e+04 -3.476769666950197291e+00 -1.114921285848996746e+00 -9.475806019311239226e-01
3.919900000000000000e+04 -7.040255190736175450e-01 -6.842788756283688656e-01 -1.942624181061534117e+00
4.003900000000000000e+04 -1.069950161638491437e+00 -3.602507190448989149e-01 -1.777512287590656825e+00
3.923900000000000000e+04 -1.187217449116435120e+00 -2.485369677386692899e-01 -1.586419521343479744e+00
3.958600000000000000e+04 -1.187217449116435120e+00 -2.485369677386692899e-01 -1.586419521343479744e+00
3.927000000000000000e+04 -3.468782547522266668e+00 1.612208385126390198e+00 -8.454772651861190980e-01
3.915700000000000000e+04 -3.468782547522266668e+00 1.612208385126390198e+00 -8.454772651861190980e-01
3.943500000000000000e+04 -4.396456435471201019e+00 1.194380917314855850e+00 -1.013526608804037110e+00
3.911900000000000000e+04 -2.050826486285984629e+00 -7.716000928775557099e-01 -1.852391846574343859e+00
4.037300000000000000e+04 -2.132242856488392846e+00 -9.634012080712643922e-01 -1.348881033442516753e+00
3.948700000000000000e+04 -2.142991220437107103e+00 -7.742508566237624734e-01 -9.687663712731247045e-01
3.910400000000000000e+04 4.283879647162009974e-01 -5.481660337949385564e-01 -1.827261686465135426e+00
4.033100000000000000e+04 6.463576687054590764e-01 -2.821965213957575713e-01 -1.742610753736636653e+00
4.011300000000000000e+04 5.195858227153777875e-01 -4.789504328788503074e-01 -1.622120883585084883e+00
3.904400000000000000e+04 -2.956359666765280281e-01 -5.956497298531999718e-01 -1.675827375847989131e+00
3.904500000000000000e+04 -2.184422011765377647e+00 4.040390716399805626e+00 -4.485434524848148641e-01
3.936600000000000000e+04 -1.597294836597402679e+00 3.511127201148660504e+00 -3.618524702056191700e-01
3.899500000000000000e+04 6.008392370921171732e-01 4.335241787601411545e+00 7.132855214002020716e-02
3.898200000000000000e+04 -1.457670530691657973e+00 4.393284765865018926e+00 4.644326273857828369e-01
3.946900000000000000e+04 2.688959163454072154e-01 4.351305590378014898e+00 1.122990241632798813e+00
3.957700000000000000e+04 2.688959163454072154e-01 4.351305590378014898e+00 1.122990241632798813e+00
3.956800000000000000e+04 -4.131350616832278888e-01 3.418896204125399407e+00 1.795841965172467525e+00
4.040600000000000000e+04 -8.304616777166557995e-01 4.002953981460034782e+00 2.822205843350438670e+00
4.023500000000000000e+04 -9.155242230512570245e-01 4.347812232421325973e+00 4.563585996865711536e+00
4.030900000000000000e+04 -1.396695019044845054e+00 3.956536836124531220e+00 3.735363956791694307e+00
3.899700000000000000e+04 -1.177967038322407234e-01 3.513193638038480060e+00 -1.548075432428831277e+00
3.950400000000000000e+04 -9.071995232607115156e-01 2.393354303716272113e+00 -2.244496335541887433e+00
4.008200000000000000e+04 3.854846833487570734e-01 3.080497645848819133e+00 -2.999495190603273187e+00
3.954200000000000000e+04 7.486708904772108042e-01 2.317617629726679951e+00 -2.940852611825567564e+00
4.029000000000000000e+04 -1.367754349431187677e+00 3.840782396239053043e+00 -2.517895406245504120e+00
3.884800000000000000e+04 -6.739173869286716467e-01 3.567962078803400772e+00 -2.217320755359647677e+00
3.956600000000000000e+04 -3.127376779878556334e+00 -1.846402473917635234e+00 -2.960951010937082017e+00
4.032400000000000000e+04 -6.961994276519298808e-01 -1.362012531411274097e+00 -2.310245687562410666e+00
3.895400000000000000e+04 -2.491300853553482852e+00 2.337866039462408452e+00 -2.612018326575276106e+00
3.949800000000000000e+04 3.559597159255361021e-01 5.834447454483004947e-01 -2.837542138512247902e+00
4.034200000000000000e+04 1.234911963254958778e-01 1.011706772326004256e+00 -2.470354978860468620e+00
3.942900000000000000e+04 7.530598112298072522e-01 8.464996691214281554e-01 -2.093396734623706124e+00
3.909300000000000000e+04 -3.757037164168799848e+00 4.742160533432873137e-01 -2.501818081779571656e+00
3.909500000000000000e+04 -2.243514330639069243e+00 -1.479887688851075467e+00 -2.333325939209991873e+00
3.952000000000000000e+04 -3.191395315668223986e-01 -1.231158292929080744e+00 -1.980512183541568660e+00
4.028700000000000000e+04 -5.886630229071201370e-01 1.355468968579646827e+00 -2.167014653420567427e+00
3.957400000000000000e+04 -5.725359430625935886e-01 1.262319357880926418e+00 -2.002674850975020959e+00
3.917800000000000000e+04 -7.049030516419989567e-01 -5.949584947199646479e-01 -2.324587845536459696e+00
3.949900000000000000e+04 -1.255122170506187018e+00 -5.923926445240610406e-01 -2.886170780840828343e+00
3.884700000000000000e+04 -1.118393682012424506e+00 -2.535599647075379437e-01 -2.099079779071834295e+00
3.924200000000000000e+04 1.267497828894903478e-02 1.153991027839939676e+00 -2.874676817617460856e+00
3.942000000000000000e+04 -3.722312060203456952e+00 -9.382072757896970927e-01 -2.949325305448649459e+00
3.882300000000000000e+04 -2.548676773847482480e+00 -1.549931882295361163e-01 -1.986587244718263534e+00
3.961400000000000000e+04 -3.331727919712864860e+00 2.722274848680896753e-01 -3.036652547951298686e+00
3.910900000000000000e+04 -2.727184120982506954e+00 5.662617533459091135e-01 -2.299744969250612669e+00
3.906100000000000000e+04 -1.955241676961250619e+00 5.049447039029040241e-01 -2.670690028065587640e+00
3.898300000000000000e+04 -1.583333201706640381e+00 9.348867253153336776e-01 -2.170776837121218605e+00
3.960100000000000000e+04 -1.820060177069439789e+00 4.749553277373230742e-01 -2.135052066802625603e+00
3.954700000000000000e+04 -2.463666769246433574e+00 1.162247138657239276e+00 -2.104629159454182386e+00
4.036300000000000000e+04 -2.599891934365174961e+00 -1.771813990283796159e+00 -3.798368047570528816e+00
3.934200000000000000e+04 -3.278026551728498106e+00 -2.229233606105410104e+00 -3.218724738586534073e+00
1.890000000000000000e+04 -3.085890607246646766e+00 2.382827715936212343e+00 -3.894316254912883579e+00
3.944500000000000000e+04 -7.487877207979067862e-01 -1.791912463713309478e+00 -3.563539584433106810e+00
3.913000000000000000e+04 -3.934946131803087610e+00 -1.985614635215526391e+00 -3.910378783292769000e+00
3.913100000000000000e+04 -4.770358518852734875e+00 -1.783999453463700036e+00 -3.087248618059016181e+00
3.921600000000000000e+04 -2.358356879226338521e+00 -4.701481514801884032e-01 -3.215352377663309724e+00
3.985800000000000000e+04 -1.782705884606418323e+00 7.875966837963943590e-02 -3.116377853376963714e+00
3.948000000000000000e+04 6.530888026567502891e-01 5.509383834344454556e-01 -3.852942885754778501e+00
3.943700000000000000e+04 -9.667636709011659946e-01 1.501664015011964892e+00 -3.311556953587158958e+00
4.047500000000000000e+04 -1.153720815696114954e+00 1.723668190513297560e+00 -3.154390251630614372e+00
4.002800000000000000e+04 -2.049547948697789224e+00 2.123387523815228661e+00 -4.074925819130170268e+00
3.946000000000000000e+04 -2.049547948697789224e+00 2.123387523815228661e+00 -4.074925819130170268e+00
3.946100000000000000e+04 -1.168075769450567236e+00 -2.133110808244914836e+00 1.630292861254289960e+00
3.892700000000000000e+04 1.802779378966867796e-01 -1.184141152984725665e+00 1.715842261722830386e+00
3.884300000000000000e+04 -9.199874618052881203e-01 -2.099667048091227173e-01 1.498567249438924165e+00
4.010900000000000000e+04 -6.802802639304772470e-01 -5.605833003166651451e-01 1.615600555324892440e+00
3.943600000000000000e+04 -3.927285171096457361e-01 -7.786740428808514025e-02 1.805321273881933308e+00
3.894800000000000000e+04 2.139186830395800598e-02 -6.875258497840661676e-01 1.700638792392627607e+00
3.965500000000000000e+04 2.427120700753704341e-02 3.091097352926155395e-01 1.665541385595329160e+00
4.001700000000000000e+04 2.493886370808340303e-02 4.682675138537426562e-01 1.200688255605804500e+00
4.009600000000000000e+04 -4.067150684599241117e-02 -9.326212543349754469e-03 1.257735905960334577e+00
3.919300000000000000e+04 -2.349765899797517932e-02 9.206707588505125273e-02 1.005337954720392446e+00
3.954400000000000000e+04 -2.456591523625064610e-01 6.267073174553701165e-01 9.184484962744043912e-01
3.963400000000000000e+04 -3.835702687084641127e-01 9.219881277899837357e-01 1.031886211942214970e+00
3.907100000000000000e+04 -1.275291111270266953e+00 -1.781212139548763673e+00 9.844808015246080402e-01
1.682000000000000000e+03 -1.175188016098296373e-01 -9.762603343639923992e-01 1.089726930886399714e+00
3.873000000000000000e+04 -1.680892911474352047e-01 -6.063634943236344554e-01 1.070975302185626532e+00
3.960000000000000000e+04 -2.153144249347427319e-01 -9.464660963355342460e-01 1.215359282773629701e+00
3.000000000000000000e+03 -2.149945435088440604e-01 -8.436348707666496693e-01 1.038516047317354918e+00
3.001000000000000000e+03 -1.763353818570116971e-01 -6.293182401378771829e-01 8.951106084523736683e-01
3.925300000000000000e+04 -1.606477862653932220e-02 -7.504568664044484194e-01 1.337955448076929343e+00
3.884500000000000000e+04 -1.091955415171042887e+00 -1.404233454459724584e+00 1.099500282693792741e+00
4.025900000000000000e+04 -1.091955415171042887e+00 -1.404233454459724584e+00 1.099500282693792741e+00
3.941200000000000000e+04 -1.091955415171042887e+00 -1.404233454459724584e+00 1.099500282693792741e+00
3.905800000000000000e+04 -1.091955415171042887e+00 -1.404233454459724584e+00 1.099500282693792741e+00
4.007400000000000000e+04 -6.192051400345732759e-02 -1.673732078839730519e+00 9.041696213869947485e-01
4.007500000000000000e+04 -1.934453015695396516e-01 -4.412088753290603904e-01 1.140370018120716367e+00
4.032100000000000000e+04 1.398226260757624573e-01 -3.211309506445161333e-01 1.181818858517697635e+00
3.882100000000000000e+04 -5.177540157150062328e-02 -5.484534275252030966e-01 1.185232339277096258e+00
3.333600000000000000e+04 5.812282114676392553e-02 -3.319123861038697498e-01 9.482475092344557766e-01
3.982100000000000000e+04 4.658527224733788330e-02 -3.334776943548583006e-01 8.975073828398620890e-01
3.906500000000000000e+04 1.018411527462532717e-01 -2.989345512122696391e-01 1.083973610917421837e+00
3.956700000000000000e+04 1.053206386199327937e-01 -1.355800539512479475e-01 1.044414145033524477e+00
3.908300000000000000e+04 -5.423950196696125658e-01 -2.002170455282517025e-01 8.777720860440609840e-01
2.507000000000000000e+03 7.548073032575537411e-01 -1.940428070637597813e+00 1.637390806355924155e+00
3.930800000000000000e+04 2.537900671119679430e-01 -1.759034898721584028e+00 1.875209453496065493e+00
3.912100000000000000e+04 4.298557907774203102e-01 -9.763856190751099007e-01 1.803213592856465652e+00
3.980600000000000000e+04 2.643407857377439996e-01 -9.299848127092325001e-01 1.822147690306898937e+00
3.940700000000000000e+04 7.240715312539549586e-01 6.624425851916662111e-01 1.548007333389545437e+00
3.907900000000000000e+04 7.580993784961655990e-01 3.385872069708426579e-01 1.410265310908140890e+00
3.953100000000000000e+04 7.679484613937539450e-01 4.944051850522797054e-01 1.412198091059305938e+00
3.893900000000000000e+04 3.903595027835500275e-01 6.816205791451928064e-01 1.246559931670660148e+00
3.943400000000000000e+04 5.873142714879975301e-01 -9.662688011287379197e-01 8.643427365675009355e-01
3.924400000000000000e+04 5.230975432371316458e-01 -1.020648270633049748e+00 9.358034356339075543e-01
3.998500000000000000e+04 2.278834848603814578e-01 -5.964226129932868048e-01 1.232907623217812443e+00
4.008000000000000000e+04 2.278834848603814578e-01 -5.964226129932868048e-01 1.232907623217812443e+00
4.009300000000000000e+04 3.216036850992800566e-01 -1.565440354339699525e+00 1.087750984275508870e+00
3.913800000000000000e+04 5.884226352454717812e-01 -1.445626378149434288e+00 9.512403503674136118e-01
4.025100000000000000e+04 6.659363426683846399e-01 -4.264206654206859071e-01 9.978940501631683446e-01
3.930500000000000000e+04 5.104825942334656474e-01 -9.201182116317951909e-02 1.152023132820794160e+00
4.008100000000000000e+04 5.104825942334656474e-01 -9.201182116317951909e-02 1.152023132820794160e+00
3.934500000000000000e+04 3.161814308920511962e-01 -5.364867591583575290e-01 1.170042144607371881e+00
3.977000000000000000e+04 4.195340077083322683e-01 -5.865159448969592404e-01 1.021960326885487547e+00
4.008700000000000000e+04 3.411422234161847200e-01 -1.807199737776343795e-01 1.033656724232592694e+00
3.962600000000000000e+04 2.908300266159358216e-01 -2.760015313760249001e-01 9.279080089187630165e-01
1.200100000000000000e+04 3.435914330789309190e-01 -1.935978440190002203e+00 1.021455360663942713e+00
1.200200000000000000e+04 -9.253535198276949814e-01 5.738670193597883440e-02 4.585262866518498015e-01
3.895300000000000000e+04 -1.182258032506211975e+00 2.233757315253406261e-01 5.157576634050364817e-01
3.979700000000000000e+04 -2.340662956923900140e-01 3.873237689814637008e-01 6.388626767370411130e-01
3.940000000000000000e+04 6.823955352276200870e-02 4.961898198563936546e-01 4.838157379765419819e-01
3.986300000000000000e+04 -6.712025749755667903e-02 4.426077511055162006e-01 7.619340172106383591e-01
3.984000000000000000e+04 -4.461102606409248494e-01 4.648386631372503075e-01 4.595978669238611758e-01
4.011400000000000000e+04 -4.778772498678982572e-01 3.979849602696461375e-01 5.382389355125241082e-01
3.944200000000000000e+04 -5.169971522500276251e-01 3.979645955671529123e-01 5.920236971917276492e-01
3.937200000000000000e+04 -6.311528465408997590e-01 -7.914879153911869025e-03 5.812896776640243957e-01
3.885300000000000000e+04 -6.311528465408997590e-01 -7.914879153911869025e-03 5.812896776640243957e-01
3.954100000000000000e+04 -6.656400886772040337e-01 2.279031125377883882e-02 7.276545391595234946e-01
3.972400000000000000e+04 2.586070472537294052e-01 3.577517846933275791e-01 5.919110826531230884e-01
3.947500000000000000e+04 4.840717311083828633e-01 3.150663270329445709e-01 3.007066110337035525e-01
3.905500000000000000e+04 5.935939997303485427e-01 2.834910528664131846e-01 5.401340327733983315e-01
2.077700000000000000e+04 5.701569565167829978e-01 3.050999124971234266e-01 5.524223601794666649e-01
4.041700000000000000e+04 5.660153545589068358e-01 9.492565605306779730e-02 7.374985736666772596e-01
3.905200000000000000e+04 2.659693074676674485e-01 3.835980003164678465e-01 4.140488924437129015e-01
3.934000000000000000e+04 -8.653076944946391791e-02 1.015109726882560182e+00 4.624534243903504205e-01
3.883000000000000000e+04 5.051750443249858336e-02 9.002385258272234125e-01 6.347330831551118990e-01
3.914700000000000000e+04 -5.711278985064041080e-01 6.844866672631368942e-01 4.494282792712240848e-01
3.959600000000000000e+04 3.264874075166268597e-01 7.907765984504422363e-01 4.315869408914281280e-01
3.995900000000000000e+04 3.100784954928386128e-01 6.023903501515377457e-01 5.524945331645021440e-01
4.014800000000000000e+04 3.328711636899051030e-01 7.313885792397307739e-01 6.892078058325168399e-01
3.933800000000000000e+04 2.289614661627901171e-01 8.460274742600013553e-01 3.218657669423805601e-01
4.028600000000000000e+04 -1.123288446933379703e+00 -2.104427721684036356e+00 8.000867678885121848e-01
3.948800000000000000e+04 1.152399677298632241e-01 -1.868519189536403502e+00 3.578395240237988162e-01
3.984900000000000000e+04 -6.437029308863628785e-02 -8.769140761447609123e-01 3.967004496289376902e-01
3.912600000000000000e+04 -1.870446100508438292e-01 -8.948757806400564618e-01 5.670925436809639564e-01
3.923500000000000000e+04 -1.870446100508438292e-01 -8.948757806400564618e-01 5.670925436809639564e-01
3.888000000000000000e+04 -2.633428251022564837e-01 -9.173519200951503194e-01 7.018983697390801524e-01
3.910600000000000000e+04 -7.151155312487915694e-01 -9.587705159440602642e-01 4.057419405246207589e-01
3.910700000000000000e+04 -4.099680688746971668e-01 -9.325409955462404810e-01 3.371890489283195791e-01
3.972900000000000000e+04 -4.643746458700341861e-01 -8.965013246779420797e-01 6.197717450137822937e-01
4.032300000000000000e+04 -4.875339514598593382e-01 -9.647684682690176317e-01 7.199073619413063341e-01
3.902900000000000000e+04 -4.875339514598593382e-01 -9.647684682690176317e-01 7.199073619413063341e-01
4.044900000000000000e+04 5.106548963328663149e-01 -1.037326093971174146e+00 4.863597486239825685e-01
4.045000000000000000e+04 2.717722849457580026e-01 -9.573209189895237614e-01 5.031416174258005469e-01
4.033400000000000000e+04 -1.756221912717521150e+00 5.222807099664947827e-01 6.402956586462771327e-01
3.915300000000000000e+04 -1.130817494275305535e+00 -4.959001376345355538e-01 7.348966619689925039e-01
3.965200000000000000e+04 -1.130817494275305535e+00 -4.959001376345355538e-01 7.348966619689925039e-01
3.961900000000000000e+04 -6.491258965688402327e-01 -1.401936045595302716e+00 3.920558540167533579e-01
3.972100000000000000e+04 4.012231250552673600e-01 -1.159590174257040474e+00 4.753017800682144411e-01
3.952600000000000000e+04 -6.302008332041921790e-01 -1.753057922324714468e-01 4.601593305274853662e-01
3.983600000000000000e+04 -7.737140630031262845e-01 -3.956213355631916784e-01 7.701560984954518574e-01
3.942700000000000000e+04 -6.347681239639939577e-01 -2.090865488676243444e-01 8.294729699955318836e-01
4.007900000000000000e+04 6.347651846720836488e-01 -4.658398825068701399e-01 5.832892767639243914e-01
3.935100000000000000e+04 6.347651846720836488e-01 -4.658398825068701399e-01 5.832892767639243914e-01
3.960700000000000000e+04 7.533967130481329377e-01 -3.658352387577714637e-01 6.831017689651623925e-01
3.960800000000000000e+04 5.780264902121885484e-01 -5.243909569836233686e-01 6.645026031209653183e-01
4.043200000000000000e+04 -1.004170903687832350e+00 1.404709060956626843e+00 3.525949411298867631e-01
3.915400000000000000e+04 1.237478197863346452e-01 1.217085773297881701e+00 4.495646564674196100e-01
3.900600000000000000e+04 2.498167446608228204e-01 1.182059261687026464e+00 7.461598374426614555e-01
3.900700000000000000e+04 7.365334516010335619e-02 1.111969708550777369e+00 1.159230860788166950e+00
4.034400000000000000e+04 7.675185071572343531e-01 1.647356224538153668e+00 1.088580998070781902e+00
4.034500000000000000e+04 7.440531165980992512e-01 1.094384812285429831e+00 1.128819616655654556e+00
4.015600000000000000e+04 -9.208647028586938177e-01 2.169020230935991833e-01 1.190416594948544571e-01
3.902300000000000000e+04 -2.787500505792337435e-01 2.649623462446086819e-01 1.013213173634746056e-01
3.943900000000000000e+04 1.096304962713752218e-01 1.283981378957506081e+00 7.978790672857627442e-02
3.907800000000000000e+04 1.096304962713752218e-01 1.283981378957506081e+00 7.978790672857627442e-02
3.883600000000000000e+04 -1.132083535710250999e+00 -2.239024821971554502e+00 -1.839366315580797107e-01
3.883700000000000000e+04 -1.202962593573964512e+00 -7.114393797236395756e-01 -1.272125790528839673e-01
3.946500000000000000e+04 -1.076625170321079850e+00 -8.235251080663594792e-01 -1.771395219091687068e-02
3.951400000000000000e+04 -1.119617117774531323e+00 -1.013422326904830584e+00 3.022125728158187030e-03
4.002900000000000000e+04 -1.097368671404755247e+00 -7.697812806900081739e-01 2.518043450014566531e-01
3.882400000000000000e+04 -2.962319439674843125e-02 -1.053072343516451070e+00 -9.219745275050073019e-02
4.001500000000000000e+04 6.130973615166013246e-02 -8.812049293224859525e-01 7.591946922051917568e-02
3.923000000000000000e+04 -6.493115091793058014e-01 1.348721452285488454e-01 -7.959623175061381062e-03
3.969600000000000000e+04 -6.352043970624166036e-01 2.152217571934933460e-01 2.627651202655982843e-01
3.966400000000000000e+04 -6.408753114519569749e-01 1.633859768523127087e+00 -1.013781603657406549e-01
3.950600000000000000e+04 6.028555956863890231e-01 1.454159976232592300e+00 -7.954839937298530117e-02
3.983500000000000000e+04 -8.874909286088055183e-01 -2.085012401043414343e+00 -1.500275439587959170e-01
3.909100000000000000e+04 -3.597444253750410326e-01 -1.734608781563437674e+00 -1.324238548026102080e-03
3.948100000000000000e+04 3.580617613436842817e-01 -2.161003233700693471e+00 1.687704808103163145e-02
3.979500000000000000e+04 -7.348618540621671968e-01 -1.103625068696562295e+00 -2.288077855659373938e-01
4.022600000000000000e+04 -5.395568254004174946e-01 -9.257881141589336949e-01 -4.338331923241511845e-02
4.022500000000000000e+04 -3.928497347419686037e-01 -1.038467734398846432e+00 1.067214012547985647e-01
4.036200000000000000e+04 -4.357551496117579859e-01 -1.132581759334875926e+00 2.916458568597128931e-01
3.918300000000000000e+04 6.094436847560018577e-01 -1.134638598735183024e+00 1.200925636614833536e-01
3.928200000000000000e+04 2.402297180269883370e-01 -9.377024979799877258e-01 7.294173217462329717e-02
3.929100000000000000e+04 -2.212677678793397718e-01 8.366519754994357072e-01 -1.434086231242304166e-01
3.911400000000000000e+04 -1.032600095922084904e-01 8.078575404228089951e-01 -1.035818563238137813e-01
3.946800000000000000e+04 9.131963062771575323e-02 8.720004515336938766e-01 -3.891027782931999468e-02
3.947100000000000000e+04 9.131963062771575323e-02 8.720004515336938766e-01 -3.891027782931999468e-02
3.983700000000000000e+04 9.420917628075287098e-02 5.632782854400417705e-01 9.431886136493261574e-03
3.949100000000000000e+04 -1.123715991109648371e-01 -1.334378811367106010e+00 -6.914723394935862189e-02
3.928800000000000000e+04 -6.597138493395249270e-02 -1.644294953724109831e+00 3.137827850349239611e-02
3.929400000000000000e+04 -4.085622741989425322e-03 -1.624623041547987867e+00 2.554973446614816623e-01
3.986800000000000000e+04 -1.123047353841375440e+00 -1.755047954290311907e-01 1.589368200529222008e-01
3.986700000000000000e+04 -4.211224263082264940e-01 5.891470581467181944e-01 2.011765492193013927e-01
4.007800000000000000e+04 -7.164569628008514712e-01 -1.195069686273669163e+00 1.149951246533866822e-01
3.908600000000000000e+04 -4.311026817867649186e-01 -1.527638448479279987e+00 2.109763713193579804e-01
3.898900000000000000e+04 -1.836538364984622973e+00 -1.274933536678364732e+00 2.100765446589605290e-01
3.902400000000000000e+04 -6.645575457149313081e-01 -1.017778154884290132e-01 6.378261550890229614e-02
3.958300000000000000e+04 -7.014934929889591331e-01 -4.703005920937037843e-01 -1.830915864236466462e-01
3.952200000000000000e+04 -7.497491733058474495e-01 -3.506813934412420508e-01 -1.186801340183301079e-01
3.958900000000000000e+04 -8.327668865693489408e-01 -1.603792249718551943e-01 -5.185602489291696315e-02
4.003000000000000000e+04 -1.575583544517648704e+00 -5.551008048271945938e-01 7.527766916576084100e-02
3.883400000000000000e+04 6.381181752886107006e-01 -4.184779405312895051e-01 1.224854957559600166e-01
3.915100000000000000e+04 6.381181752886107006e-01 -4.184779405312895051e-01 1.224854957559600166e-01
4.027800000000000000e+04 5.556921735786808370e-01 -5.679400261946412343e-01 1.294282159358566275e-01
4.000700000000000000e+04 1.089646347169193064e-01 5.771502866068445314e-02 -6.278772712726237160e-01
3.900500000000000000e+04 7.698619529541872453e-03 6.659325232780233250e-02 -5.065397156041235860e-01
3.996300000000000000e+04 -4.759382071578244222e-02 -3.579159361336792244e-03 -3.362330440760370465e-01
1.855000000000000000e+04 1.144824040420324707e-01 -1.861392687742718266e+00 -3.028796266781466073e-01
3.968800000000000000e+04 -9.843291078875573419e-01 -7.282074766670803001e-01 -4.312318389500493510e-01
3.977400000000000000e+04 6.514155189440984373e-02 -6.317728786782943473e-01 -6.204442616297356494e-01
3.903700000000000000e+04 7.194494047586630359e-02 -6.909710297879101404e-01 -3.999467737006110468e-01
3.893100000000000000e+04 -8.500515041312084463e-02 -1.136694378580607179e+00 -3.572540446518264190e-01
3.903900000000000000e+04 -3.638550110813731919e-01 4.465822550558726789e-01 -5.755411071801805889e-01
3.910100000000000000e+04 -3.587321330737225367e-01 4.486463682658836660e-02 -5.594252155967502915e-01
4.033000000000000000e+04 -3.898751967720137657e-01 -2.244310627543100622e+00 -8.219246993496156506e-01
3.895700000000000000e+04 6.685399092500148299e-01 -1.748223012507875040e+00 -3.400429286812354235e-01
3.920300000000000000e+04 -6.086832711447804911e-01 -9.971332432377657540e-01 -7.056163022403438845e-01
3.955600000000000000e+04 -4.112041216876463068e-01 -9.916501825127888026e-01 -3.507581033619153743e-01
3.955500000000000000e+04 -1.528106911548036351e+00 -7.117938033192210412e-01 -3.844611513676614578e-01
3.949600000000000000e+04 -1.798733805134165920e+00 -1.153111500126723143e+00 -2.998019162193319431e-01
3.971200000000000000e+04 -3.377722676896546261e-01 8.014932927249063255e-01 -5.170699711345623228e-01
3.971100000000000000e+04 -2.660041281354601495e-01 9.667522233148915234e-01 -4.206651655054418626e-01
4.031600000000000000e+04 -1.526047950985613966e-01 5.989193216140797915e-01 -3.845991127933690024e-01
3.948500000000000000e+04 -1.526047950985613966e-01 5.989193216140797915e-01 -3.845991127933690024e-01
4.046000000000000000e+04 -1.251493544889658693e+00 -1.510213400552746776e+00 -5.361174396494554628e-01
3.905700000000000000e+04 -1.309512446475945779e+00 -5.435754056125858824e-01 -6.300299476610309313e-01
3.950500000000000000e+04 -1.404497809679615017e+00 -2.732470144661540701e-01 -3.633241901114185879e-01
3.943800000000000000e+04 -9.616695178478025241e-01 -2.137404334449399812e-01 -3.158448319739655119e-01
3.937500000000000000e+04 -1.035596855718395659e+00 -5.189101006771110747e-01 -3.123509451557247019e-01
3.920400000000000000e+04 -1.089670896334062888e-01 -3.417759071050170405e-01 -7.201433168223729808e-01
2.047500000000000000e+04 -2.337733644859696369e-01 -2.991193717079809744e-01 -5.551898012929488146e-01
3.952400000000000000e+04 1.354723946466727114e-01 -4.438763203263889068e-01 -4.313523717576881467e-01
3.934300000000000000e+04 -2.754375057032092400e-01 -1.246537593612551120e-01 -3.096789047414105767e-01
4.024700000000000000e+04 -7.151786994565476618e-01 -1.333816838004796779e+00 -5.340957586825378911e-01
3.889600000000000000e+04 -5.163434416888073031e-01 -1.173669625423141127e+00 -4.131807968899003924e-01
3.948600000000000000e+04 -7.259837442271965813e-01 -1.381101425669889693e+00 -3.443171458790121875e-01
3.967700000000000000e+04 -5.882467086406961698e-01 -3.999465215641109239e-01 -3.876248616233404221e-01
4.041800000000000000e+04 -1.591305652488198774e+00 -6.839012100584085374e-02 -3.659040665216775068e-01
3.953000000000000000e+04 -1.202228672954547051e+00 -2.034156064584372814e+00 -1.044504611959457208e+00
3.969700000000000000e+04 -1.024609466235876454e+00 -7.101142989169488828e-01 -1.292109439136099880e+00
3.982000000000000000e+04 -4.834194318714324368e-01 3.663655053596777122e-01 -9.491886558554103459e-01
3.959400000000000000e+04 -4.685098287413751450e-01 -1.970701999701667262e+00 -9.385007629467008172e-01
4.046300000000000000e+04 -1.603713645484095451e+00 5.005239030828398938e-01 -8.891329129532756781e-01
3.906200000000000000e+04 -8.224741034834899267e-01 7.750044995865081887e-01 -1.252296991111752078e+00
1.494100000000000000e+04 3.921349826042828113e-01 1.042416527010388450e+00 -1.362571334095084907e+00
3.901900000000000000e+04 -3.432673603420539621e-01 -3.502452556329842537e-01 -1.357260159655057308e+00
1.449600000000000000e+04 -6.260417693944901885e-01 -2.576439013916456133e-01 -9.426703294077647399e-01
3.969000000000000000e+04 -1.470974901364648701e+00 -1.129507637859827440e+00 -1.188266088481400473e+00
1.931800000000000000e+04 -1.554491136379901661e+00 -1.139317430871184200e+00 -1.138015626388867219e+00
3.879400000000000000e+04 -2.258956937544560617e-01 -5.338101479252728154e-01 -1.323677445839475553e+00
1.455600000000000000e+04 -2.258956937544560617e-01 -5.338101479252728154e-01 -1.323677445839475553e+00
1.455700000000000000e+04 -3.079619453092306003e-01 -9.623666242286077477e-02 -1.079526649312608555e+00
1.455800000000000000e+04 7.170395282009742743e-01 -5.169360462967418357e-01 -1.013184600239943833e+00
3.981800000000000000e+04 5.086077441793719345e-01 -4.296979244236531770e-01 -8.462471219611114037e-01
3.895900000000000000e+04 -2.667446170007821138e-01 -3.264823324317340791e-01 6.176868487361488747e-01
3.961100000000000000e+04 -2.667446170007821138e-01 -3.264823324317340791e-01 6.176868487361488747e-01
3.895000000000000000e+04 -2.869048332501868970e-01 -3.721673433966827815e-01 6.077855202835529269e-01
8.565000000000000000e+03 -3.352161073573967087e-01 -5.070007348912533018e-01 7.685027477492916148e-01
3.968100000000000000e+04 -1.286588787347113794e-01 -2.925206428650568569e-01 7.093824298302457976e-01
3.960300000000000000e+04 -1.286588787347113794e-01 -2.925206428650568569e-01 7.093824298302457976e-01
4.040900000000000000e+04 -1.286588787347113794e-01 -2.925206428650568569e-01 7.093824298302457976e-01
3.935900000000000000e+04 -1.002194188816467602e-01 -2.506078349234321934e-01 6.988079726217186760e-01
3.966600000000000000e+04 -2.771846295428304074e-01 -2.891982437883982016e-01 6.118322872379309274e-01
3.907000000000000000e+04 -2.771846295428304074e-01 -2.891982437883982016e-01 6.118322872379309274e-01
3.929800000000000000e+04 -5.135788756243897524e-01 -7.698250445722614188e-01 6.106123127582350207e-01
3.890400000000000000e+04 -4.485008488398420923e-01 -7.884827795436670783e-01 6.831785556849965246e-01
3.912700000000000000e+04 -4.779539876529916853e-01 -4.993151311839589823e-01 6.619422760086450808e-01
3.954000000000000000e+04 -4.375171344348345315e-01 -4.447540583160112249e-01 8.144397768141367067e-01
3.901400000000000000e+04 1.052168113999485399e-01 -5.644347292080311718e-01 6.141203689314913561e-01
4.023400000000000000e+04 -8.175269613101221466e-03 -3.524668883977177813e-01 7.147875895887274567e-01
3.930300000000000000e+04 -9.489143705923908101e-02 2.012499252972332897e-01 5.982074767072980137e-01
3.930200000000000000e+04 -1.265257529526628844e-01 2.114691833476101124e-02 6.314082499022184436e-01
3.964000000000000000e+04 -1.265257529526628844e-01 2.114691833476101124e-02 6.314082499022184436e-01
3.879300000000000000e+04 -2.724590058510649726e-01 4.625240041887934694e-02 7.324894147620106821e-01
3.897500000000000000e+04 -5.851533592556990016e-02 -6.119979444149592496e-02 6.527669446727735192e-01
3.897400000000000000e+04 -5.851533592556990016e-02 -6.119979444149592496e-02 6.527669446727735192e-01
3.908400000000000000e+04 1.242406651082035296e-01 -1.492352176284406085e-01 6.102003055340148308e-01
3.979900000000000000e+04 1.249157188050418199e-01 -2.312672112013807180e-01 7.712462365481265181e-01
4.008400000000000000e+04 1.249157188050418199e-01 -2.312672112013807180e-01 7.712462365481265181e-01
3.983000000000000000e+04 1.741134852072789840e-02 -2.066459009526617763e-01 7.968402718278468910e-01
3.905900000000000000e+04 -2.698328631241508901e-02 -1.573299550177935657e-01 7.261229482530744406e-01
4.010800000000000000e+04 -2.698328631241508901e-02 -1.573299550177935657e-01 7.261229482530744406e-01
3.933000000000000000e+04 8.275994778395201479e-02 -8.569134648688816469e-01 7.304646964393093356e-01
3.951700000000000000e+04 -4.503321686946968327e-01 3.961866910569256106e-02 3.866827132794661281e-01
3.920100000000000000e+04 -4.620959881700876792e-01 1.184636696921756993e-01 5.104679734095007859e-01
3.935000000000000000e+04 -3.696161666275230573e-01 -6.190323126259684727e-01 3.268207027528191588e-01
4.003300000000000000e+04 -4.511287119125988454e-01 -6.704661470591268824e-01 4.494467917807085655e-01
3.984400000000000000e+04 -3.505814284722568175e-01 -6.280635125719165046e-01 5.423498480610540184e-01
3.947900000000000000e+04 -2.454017893852196153e-01 -3.143350336390362543e-01 3.150486666896590293e-01
3.882500000000000000e+04 -1.295787453488728147e-01 -3.860097921010563482e-01 3.172109301002521420e-01
3.910800000000000000e+04 -9.078429824274891757e-02 -3.707634750411443747e-01 3.609907300140520192e-01
3.882000000000000000e+04 -9.078429824274891757e-02 -3.707634750411443747e-01 3.609907300140520192e-01
4.039500000000000000e+04 -9.078429824274891757e-02 -3.707634750411443747e-01 3.609907300140520192e-01
3.963100000000000000e+04 -1.554792722534408256e-01 -3.327281509924695513e-01 3.653097104618545643e-01
3.983300000000000000e+04 -1.554792722534408256e-01 -3.327281509924695513e-01 3.653097104618545643e-01
3.983400000000000000e+04 -2.741745704467035694e-01 -3.331794282150042363e-01 3.115437386762245353e-01
3.915800000000000000e+04 -2.595089834089172598e-01 -5.550803050962187513e-01 4.416493154064049520e-01
3.874700000000000000e+04 -2.625342114895126144e-01 -5.243921654361969331e-01 4.115189407210166905e-01
3.965900000000000000e+04 -2.768009055518163564e-01 -4.018783041792879374e-01 5.772416219203577725e-01
3.929700000000000000e+04 -2.768009055518163564e-01 -4.018783041792879374e-01 5.772416219203577725e-01
3.917500000000000000e+04 1.027043714694286791e-02 -4.495014681728832784e-01 3.246759278857282993e-01
3.899300000000000000e+04 2.137825374740458528e-01 -4.003908272870830842e-01 3.192164738552172309e-01
3.968400000000000000e+04 1.351932211677429052e-01 -4.431077379481109801e-01 3.780869299431408592e-01
3.980200000000000000e+04 6.911149078302614157e-02 -3.585420809393298214e-01 4.048144497732373281e-01
3.980300000000000000e+04 1.664932211952709906e-01 -3.323834418587452433e-01 4.357271687513275538e-01
4.001600000000000000e+04 1.734162070261291433e-02 -5.219578191120497479e-01 3.893272241079088758e-01
3.926500000000000000e+04 4.394443257115199231e-02 -3.170738071700256455e-01 4.995714107303790286e-01
3.888600000000000000e+04 4.394443257115199231e-02 -3.170738071700256455e-01 4.995714107303790286e-01
3.963200000000000000e+04 7.562397149181876443e-02 -5.064340643172364764e-01 5.226086869468993257e-01
3.968700000000000000e+04 1.745069226545545860e-01 -4.144396916236132711e-01 5.336708123387694513e-01
3.953800000000000000e+04 -3.575215810175365050e-01 -3.387580608430944551e-01 3.244048283772791308e-01
3.926300000000000000e+04 -3.630900192569583851e-01 -4.187550451436017340e-01 3.661222822932224119e-01
4.027300000000000000e+04 -3.630900192569583851e-01 -4.187550451436017340e-01 3.661222822932224119e-01
3.933700000000000000e+04 -3.630900192569583851e-01 -4.187550451436017340e-01 3.661222822932224119e-01
4.037000000000000000e+04 -3.751644654736026041e-01 -5.553661478307283517e-01 4.771953375857052038e-01
3.986000000000000000e+04 -1.625504458651576556e-01 -2.178400648348706170e-01 3.504905664704338619e-01
3.893600000000000000e+04 -1.639896304489951717e-01 -2.835311761404781805e-01 3.362944705842494386e-01
4.034900000000000000e+04 -1.639896304489951717e-01 -2.835311761404781805e-01 3.362944705842494386e-01
3.907500000000000000e+04 -1.889874233938861892e-01 -2.418468233053658878e-01 3.319331819973001529e-01
3.958700000000000000e+04 -2.081608554258664867e-01 -2.005960215410311775e-01 3.935517191608433052e-01
4.035300000000000000e+04 -2.081608554258664867e-01 -2.005960215410311775e-01 3.935517191608433052e-01
3.901600000000000000e+04 -2.499042007914518138e-01 -1.594859759779510000e-01 4.182254704418539859e-01
4.001000000000000000e+04 -3.246954370173611437e-01 -2.970845728287621057e-01 3.289637808666689978e-01
3.892200000000000000e+04 -3.314374862942734978e-01 -2.579192349327108502e-01 3.607215214277097459e-01
4.027400000000000000e+04 -4.724489916035388148e-01 -1.754756818753371306e-01 3.152140158689924476e-01
4.027500000000000000e+04 -5.103182829566108580e-01 -3.406543196491185199e-02 5.268323490625164141e-01
3.939800000000000000e+04 -1.701683149945374396e-01 1.170365667555479661e-01 4.379982797722448140e-01
3.901100000000000000e+04 -1.239669242377949843e-01 1.086115609528590653e-01 5.079261007130178029e-01
4.029500000000000000e+04 -3.017829464822803232e-01 2.168691347611328979e-01 3.824494010760375318e-01
3.944300000000000000e+04 -2.730350177268334733e-01 6.346592361234115742e-02 5.442676217329562860e-01
4.046400000000000000e+04 -3.214908089448620387e-01 1.902976775003892840e-01 4.645123242834152677e-01
3.908100000000000000e+04 5.725739168360632902e-02 -6.789011928574524291e-01 3.967808750523325045e-01
3.907600000000000000e+04 3.293792478276813540e-02 -5.994565373267839448e-01 4.461089392700436917e-01
3.891300000000000000e+04 -5.908948435595817728e-02 -6.973727661410933365e-02 4.467941884022827992e-01
3.945500000000000000e+04 -5.908948435595817728e-02 -6.973727661410933365e-02 4.467941884022827992e-01
3.907400000000000000e+04 -4.550044250371243493e-02 -3.057591337699747669e-01 4.482595297824296665e-01
3.899800000000000000e+04 -2.492873611589629945e-02 -1.494144111523709739e-01 3.847033239656596493e-01
3.934600000000000000e+04 1.892572646626824451e-01 -1.170548991542048611e-01 3.336458754059243859e-01
3.960600000000000000e+04 1.006105989420404967e-01 -1.604814397005540627e-01 3.427661114577880141e-01
4.024900000000000000e+04 1.063633730400646016e-01 -1.029604679388356203e-01 4.076634620219365956e-01
3.967800000000000000e+04 1.267035435261867349e-01 -2.930222799541581935e-01 4.277220792829830032e-01
4.022900000000000000e+04 1.433044493029242972e-01 -2.071313987363438969e-01 4.440267066647223260e-01
4.033700000000000000e+04 7.106396363447231579e-02 -2.941279334597304285e-01 4.326114456815091103e-01
3.951300000000000000e+04 7.106396363447231579e-02 -2.941279334597304285e-01 4.326114456815091103e-01
4.031300000000000000e+04 1.813654766510914840e-01 -2.141376019287690724e-01 4.839458067781627904e-01
3.955400000000000000e+04 1.199394730927352271e-01 -6.737272038865782520e-02 4.882701375987004155e-01
3.896400000000000000e+04 8.120903008119739752e-04 -1.448389467208279768e-01 5.142461865086644934e-01
3.892800000000000000e+04 1.263619000809512727e-03 -3.017954389018946415e-01 3.701460739944693046e-01
4.029400000000000000e+04 1.263619000809512727e-03 -3.017954389018946415e-01 3.701460739944693046e-01
3.959200000000000000e+04 2.908389292956670147e-02 -1.859828300026720171e-01 5.645680171723732599e-01
3.901000000000000000e+04 2.908389292956670147e-02 -1.859828300026720171e-01 5.645680171723732599e-01
4.008500000000000000e+04 -5.665503257352000333e-02 -4.336024963769347096e-02 3.595597065411659798e-01
4.035900000000000000e+04 5.220761275749552510e-02 7.315150245815615904e-02 3.932640409810481685e-01
3.906700000000000000e+04 1.071311363090998725e-02 2.111649060190323723e-01 4.190258549060352777e-01
4.030300000000000000e+04 8.376681303938582346e-02 5.439908295103990099e-02 4.683899714666210912e-01
3.958100000000000000e+04 2.185804613288340192e-01 2.036419056502651870e-01 4.946370395483228322e-01
3.958200000000000000e+04 5.411126182219661018e-02 3.478800581612517817e-02 5.639794060402145703e-01
3.922000000000000000e+04 2.026503558517696035e-01 -3.637135710157224366e-04 5.780731432719932172e-01
3.915000000000000000e+04 -1.570580582310014961e-01 4.415165922932118292e-02 6.707895304190358843e-02
4.030700000000000000e+04 -2.454895673187742489e-01 7.138778895649622314e-02 1.545168260018670026e-01
3.961200000000000000e+04 -1.854757290404407399e-01 -4.847662676328745590e-01 2.687184084102867132e-02
3.899000000000000000e+04 -6.505821557546198619e-02 -5.587930877371967142e-01 1.244373745867619618e-01
3.890900000000000000e+04 -7.964092678927414681e-02 -5.493710617208051872e-01 2.411620932895850444e-01
4.027200000000000000e+04 -8.458427370178611682e-02 -3.959612268492911369e-01 2.632987297963040874e-01
3.881800000000000000e+04 -5.379034315176767223e-02 -3.716688195514663562e-01 8.689126971718508230e-02
3.893000000000000000e+04 -3.366454660434925472e-02 -5.169604987509970329e-01 1.789648151571832102e-01
3.927900000000000000e+04 -3.366454660434925472e-02 -5.169604987509970329e-01 1.789648151571832102e-01
3.981900000000000000e+04 5.997890171856923303e-02 -4.377620472450303168e-01 1.110767543455928319e-01
3.918100000000000000e+04 5.997890171856923303e-02 -4.377620472450303168e-01 1.110767543455928319e-01
3.956000000000000000e+04 6.601918726310884722e-03 -4.158524318214169568e-01 1.639491013603802116e-01
3.961800000000000000e+04 -2.033705230390481233e-02 -5.008540000208867582e-01 2.674608793731607648e-01
4.015200000000000000e+04 -1.058419996580184375e-02 -3.724166551699248373e-01 2.668474554491098161e-01
3.898100000000000000e+04 -1.058419996580184375e-02 -3.724166551699248373e-01 2.668474554491098161e-01
4.023200000000000000e+04 -1.058419996580184375e-02 -3.724166551699248373e-01 2.668474554491098161e-01
4.023300000000000000e+04 5.808799060230285249e-02 -5.601942377286555086e-01 2.772095866509012296e-01
3.927100000000000000e+04 3.360795965935992058e-02 -4.320948550359524631e-01 2.996109009627012654e-01
3.962900000000000000e+04 -3.498909477714100547e-01 -4.446918674946473971e-01 1.667128855156860823e-01
3.963000000000000000e+04 -3.882048392409451765e-01 -3.218228344901632454e-01 2.194840095807357727e-01
3.901500000000000000e+04 -3.882048392409451765e-01 -3.218228344901632454e-01 2.194840095807357727e-01
3.951100000000000000e+04 -5.799352228001524168e-01 -3.389589460645368035e-01 2.429663441208305130e-01
3.951200000000000000e+04 -2.628073994908142197e-01 -7.697609814082930768e-01 1.350106908569550512e-01
3.898000000000000000e+04 -1.459413611830129298e-01 -2.887428968702323573e-01 6.984881845085411101e-02
3.983900000000000000e+04 -6.487605430345055879e-02 -2.243019577511162765e-01 9.673499360649273626e-02
3.934700000000000000e+04 -6.487605430345055879e-02 -2.243019577511162765e-01 9.673499360649273626e-02
4.044100000000000000e+04 -6.487605430345055879e-02 -2.243019577511162765e-01 9.673499360649273626e-02
3.933200000000000000e+04 -2.645272376332172826e-01 -2.500995641676553305e-01 1.323063202802359228e-01
3.895100000000000000e+04 -2.645272376332172826e-01 -2.500995641676553305e-01 1.323063202802359228e-01
3.926900000000000000e+04 -2.144131422695565448e-01 -2.204669628203390630e-01 2.449595243958810897e-01
3.924800000000000000e+04 -2.831358884431871559e-01 -2.894428690789325742e-01 2.435747973743254136e-01
3.918400000000000000e+04 -3.135514786086872618e-01 -1.799868497215832974e-01 9.800728612741949064e-02
3.945300000000000000e+04 -2.966375210733716017e-01 -7.271536117516674835e-02 2.575693572331871906e-01
3.952500000000000000e+04 -2.966375210733716017e-01 -7.271536117516674835e-02 2.575693572331871906e-01
3.904100000000000000e+04 -7.038110818487197662e-02 -2.448216996315721872e-01 2.693091602183770306e-01
3.904200000000000000e+04 -2.083093828302509110e-01 -3.132230453088880040e-01 2.696176422049134658e-01
3.904300000000000000e+04 -7.230959149947580045e-02 -2.396123931901321669e-01 2.824405421355038470e-01
4.033200000000000000e+04 2.013279335546513948e-03 -5.987878032768989556e-01 1.223294815979834027e-01
4.033300000000000000e+04 -5.438233179746561063e-01 -6.129984817157172472e-01 8.795356625773109727e-02
3.963300000000000000e+04 3.189955785363451923e-02 -3.081354830061755479e-01 2.046991836500922091e-02
3.934800000000000000e+04 3.189955785363451923e-02 -3.081354830061755479e-01 2.046991836500922091e-02
3.922200000000000000e+04 3.189955785363451923e-02 -3.081354830061755479e-01 2.046991836500922091e-02
3.973200000000000000e+04 4.687299988524173955e-02 -1.702482640846092465e-01 1.215887205822347994e-01
3.898500000000000000e+04 7.246296860952838870e-02 -1.705593231263513587e-01 1.430886967520308417e-01
3.945200000000000000e+04 7.246296860952838870e-02 -1.705593231263513587e-01 1.430886967520308417e-01
3.908500000000000000e+04 2.172003749543094386e-02 -2.520366479591409359e-01 1.218849709771419043e-01
3.905600000000000000e+04 1.182132108918203528e-01 -1.090707694557337959e-01 1.835338264833907829e-01
3.946700000000000000e+04 1.811748839494811136e-01 -2.664063687528148705e-01 2.860887680781800668e-01
3.957500000000000000e+04 1.811748839494811136e-01 -2.664063687528148705e-01 2.860887680781800668e-01
4.036600000000000000e+04 -5.217109947067832820e-01 -2.813644792947442852e-01 1.620295050656608282e-01
3.945400000000000000e+04 -4.982487600458789245e-01 -1.424542231019430005e-01 2.723905666893458033e-01
3.981000000000000000e+04 3.313121062632156111e-01 7.891059646481579648e-02 5.226016217647853068e-01
3.983800000000000000e+04 3.088059666720717189e-01 -2.960083272042268732e-02 4.038203533448481153e-01
4.004200000000000000e+04 3.251465226205745296e-01 -2.511349530769280136e-02 7.087118263162679455e-01
4.008900000000000000e+04 3.251465226205745296e-01 -2.511349530769280136e-02 7.087118263162679455e-01
3.909900000000000000e+04 3.251465226205745296e-01 -2.511349530769280136e-02 7.087118263162679455e-01
3.921000000000000000e+04 3.928567509220535214e-01 -3.963070251080935691e-01 3.556627997432144639e-01
3.982700000000000000e+04 3.928567509220535214e-01 -3.963070251080935691e-01 3.556627997432144639e-01
3.898600000000000000e+04 3.244039981223920677e-01 -3.250814341794239226e-01 3.100583651928090489e-01
1.474100000000000000e+04 3.244039981223920677e-01 -3.250814341794239226e-01 3.100583651928090489e-01
3.962700000000000000e+04 2.429648578264007597e-01 -6.471285896767042800e-02 4.440433096726010831e-01
3.947700000000000000e+04 2.429648578264007597e-01 -6.471285896767042800e-02 4.440433096726010831e-01
3.947800000000000000e+04 3.627554094536478146e-01 -2.954093024591060157e-01 4.126952690758542985e-01
3.900000000000000000e+04 2.928344713018660173e-01 -2.385389340334356234e-01 5.162239604526739356e-01
4.036000000000000000e+04 2.928344713018660173e-01 -2.385389340334356234e-01 5.162239604526739356e-01
3.944700000000000000e+04 2.529046675644401887e-01 -1.894019675657254709e-01 3.879524473246860339e-01
3.955000000000000000e+04 2.539799645215730095e-01 -3.037308500149862311e-01 4.245601304162747169e-01
3.955100000000000000e+04 3.027852489638256372e-01 -2.608853050991122302e-01 5.469419537062094605e-01
3.899100000000000000e+04 3.397278262409706429e-01 -3.225661228413265746e-01 6.072557488589289676e-01
3.954300000000000000e+04 2.842359748351235282e-01 -3.360779475050321707e-01 6.361532726858243336e-01
4.031000000000000000e+04 2.842359748351235282e-01 -3.360779475050321707e-01 6.361532726858243336e-01
4.031100000000000000e+04 2.524506316786236937e-01 -3.579477447042265226e-01 7.779617676443635332e-01
4.031200000000000000e+04 2.475072884296771747e-01 -3.448533632078571998e-01 8.030536961138139418e-01
3.951000000000000000e+04 4.106500154988772522e-01 -1.692821967951338991e-01 5.830468428076969190e-01
3.902700000000000000e+04 3.685460412462759905e-01 -1.193730058437090236e-01 7.796060913701836625e-01
4.007700000000000000e+04 -2.040243330398539001e-02 7.372526464428474924e-02 1.314960065123678135e-01
3.940200000000000000e+04 -2.040243330398539001e-02 7.372526464428474924e-02 1.314960065123678135e-01
3.916800000000000000e+04 1.592905662165442493e-01 -2.218797555503115859e-02 1.983275822417809309e-01
3.929300000000000000e+04 3.068363920036176751e-02 1.899671665068218829e-01 2.114424140110173767e-01
3.954900000000000000e+04 2.437176874052084941e-01 -2.732858730986293949e-01 2.274812870233837714e-01
4.001100000000000000e+04 2.305131391539809727e-01 -1.059319316556894819e-01 3.827667506097398586e-02
3.959100000000000000e+04 3.194692995747701048e-01 -6.903750993793380530e-01 3.479577961590294422e-01
3.916900000000000000e+04 3.674156895660125599e-01 1.031002041722040019e-01 2.824743416485375747e-01
3.949500000000000000e+04 3.674156895660125599e-01 1.031002041722040019e-01 2.824743416485375747e-01
3.949400000000000000e+04 2.722796455677034544e-01 -4.018279534716313606e-01 2.928414178759375375e-01
3.903800000000000000e+04 3.989867781113005663e-01 -8.681383453754811796e-01 8.516764429837522243e-01
4.033800000000000000e+04 3.989867781113005663e-01 -8.681383453754811796e-01 8.516764429837522243e-01
3.909200000000000000e+04 3.239024442485174404e-01 -8.586310441627347245e-01 1.883324820041387682e-01
3.896500000000000000e+04 -1.906315027076850299e-01 2.941458376950123466e-02 -2.171888144921751973e-01
3.881600000000000000e+04 -1.906315027076850299e-01 2.941458376950123466e-02 -2.171888144921751973e-01
3.881700000000000000e+04 4.674496091123323538e-01 2.130455225219982651e-01 -4.449620382719032818e-02
4.027000000000000000e+04 1.341427652642721569e-01 2.177324903856927563e-01 -2.335290998603518631e-01
3.922800000000000000e+04 1.341427652642721569e-01 2.177324903856927563e-01 -2.335290998603518631e-01
3.917600000000000000e+04 1.776190907594070723e-01 2.220719802467421289e-01 -1.277979424360431437e-01
3.929600000000000000e+04 -5.474306224780889352e-02 1.183177567636803929e-01 1.299836201590665041e-02
3.890200000000000000e+04 1.035586315537919688e-01 -4.389552243281791277e-01 -1.917915463269004306e-01
3.890100000000000000e+04 5.295833604899868874e-02 -3.922394200664847119e-01 -1.660334397745799606e-02
4.013000000000000000e+04 -1.436479107989008241e-01 -1.976604272505610993e-01 -1.871715099356769940e-01
3.890000000000000000e+04 -3.686740648411657162e-02 -1.183768439505819003e-01 -1.272008810331008988e-01
3.964800000000000000e+04 1.961156046024399302e-01 -2.311768224555024176e-01 -4.125597376843970210e-02
3.895500000000000000e+04 2.427223610662316844e-01 -4.734749020851793944e-01 -8.643553204295528758e-02
3.904800000000000000e+04 3.582853813314876845e-01 -4.034841324887779024e-01 -6.081893560093476481e-03
3.904900000000000000e+04 2.815708920511674762e-01 -2.308769438243629679e-01 -1.825479141308754549e-01
3.897600000000000000e+04 -3.638835609696613460e-01 -2.312032634396601338e-01 -1.715574548438709712e-01
3.913600000000000000e+04 -4.084734407066363815e-01 -1.408245821533888886e-01 -9.661814523376222041e-02
3.913700000000000000e+04 -5.715800680683216228e-01 -1.380935774703786478e-01 6.027169144235955400e-03
3.891500000000000000e+04 -3.528221138603981899e-01 -8.593978648903615181e-01 -1.318905272233585890e-01
3.906400000000000000e+04 1.352514180548503475e+00 -2.351879295197758069e+00 1.133287864285975388e+00
3.919700000000000000e+04 8.100848207622100006e-01 -2.480223365199893948e+00 3.745555052070486113e-01
3.889300000000000000e+04 1.145888419214440290e+00 -3.778446801504117047e+00 -6.249435634556483876e-01
4.031800000000000000e+04 1.403352766780940897e+00 -3.878432275657459627e+00 2.559743136694478949e-01
4.004300000000000000e+04 2.801585879523717182e+00 -2.333687792114897519e+00 2.526220241019565549e-01
3.896000000000000000e+04 9.866159941454064608e-01 -2.353026861177628604e+00 -1.917760017901938951e+00
3.926400000000000000e+04 2.264003295117365866e+00 5.948631984092287439e+00 -3.988328154200626585e-01
3.925500000000000000e+04 2.713918408948810423e+00 6.557014678925128237e+00 7.485856510658450702e-01
4.034000000000000000e+04 2.648998692329794125e+00 6.065246352338718339e+00 9.034201034078641612e-01
3.925800000000000000e+04 2.335237388653439439e+00 4.943743455872276371e+00 1.130622808717063776e+00
3.941000000000000000e+04 3.933367274057069096e+00 4.585331238800268494e+00 1.086384324640476962e+00
3.892400000000000000e+04 2.689350461380268342e+00 4.882899272769545718e+00 1.691775446980049225e+00
4.040100000000000000e+04 1.177198542191149500e+00 5.119836768525662052e+00 1.762228789350157143e+00
3.914100000000000000e+04 5.726028553951849176e+00 5.771264943847835838e+00 -9.342746205986287578e-01
3.945000000000000000e+04 5.176190806547573686e+00 4.688537382462044434e+00 -1.651432839130155372e+00
3.882900000000000000e+04 5.176190806547573686e+00 4.688537382462044434e+00 -1.651432839130155372e+00
3.976000000000000000e+04 5.176190806547573686e+00 4.688537382462044434e+00 -1.651432839130155372e+00
3.956900000000000000e+04 4.466481880105011015e+00 4.759683414661761702e+00 -9.258758875178649816e-01
3.949200000000000000e+04 4.613293104676042589e+00 -7.369023538994134981e-01 -8.031940729195241602e-02
4.030200000000000000e+04 5.260993227624776836e+00 4.406039486094737612e+00 -1.976268878968827636e+00
3.964900000000000000e+04 5.341810869241186310e+00 -1.771062209203044802e-01 -6.253639516046298752e-01
3.916300000000000000e+04 6.032391320808976332e+00 -2.091161804877117447e-02 -3.866179251901051828e-01
4.041600000000000000e+04 4.042977686968935558e+00 8.082761263602549207e-01 -4.579894330663737634e+00
3.966200000000000000e+04 1.579783902900544490e+00 2.360095847714813289e+00 2.569303605218287601e+00
3.928400000000000000e+04 1.840583812727185631e+00 2.631186944360383251e+00 3.263673746782803420e+00
3.957200000000000000e+04 1.756088181593575825e+00 5.357138394554858962e-01 2.023194242786679808e+00
4.026000000000000000e+04 1.625318565408392146e+00 -7.824172480805593466e-01 2.106282960096791612e+00
3.958500000000000000e+04 8.978771908507070520e-01 4.638408447900772558e-01 2.940228669350680946e+00
3.927800000000000000e+04 9.513980364843384052e-01 1.412911817467602305e+00 3.152918410367046675e+00
3.943300000000000000e+04 1.662915466108582763e+00 2.424123257922463637e+00 -4.219960776584166240e-01
4.024200000000000000e+04 1.131481214933000246e+00 2.996680894480704183e+00 2.690921948318951706e-01
4.024100000000000000e+04 9.540668812245911568e-01 1.783851041796097547e+00 -6.063499340408746718e-01
3.889800000000000000e+04 2.731641573332463935e+00 2.607690199193452685e+00 1.821882686706352672e+00
3.898400000000000000e+04 2.287950480905951878e+00 3.174040541130743520e+00 1.136193827151885216e+00
3.922900000000000000e+04 2.864175907097376239e+00 -1.438605263992080552e+00 2.649710090342249913e+00
3.906300000000000000e+04 2.879926591909576672e+00 -9.864865607075863352e-01 3.539599658320376818e+00
4.025600000000000000e+04 2.241300414056723866e+00 -1.250884425844276393e+00 5.999407122395581382e-01
3.891800000000000000e+04 2.903160380361192949e+00 -1.294315407676261742e+00 1.376267684924204815e+00
3.916200000000000000e+04 2.029859906569555505e+00 -5.653858625044669850e-01 8.394178794138937860e-01
3.945600000000000000e+04 1.932096468957972490e+00 2.460113516544879531e-01 -8.195309670282071579e-01
3.975900000000000000e+04 2.718081614416988145e+00 6.132289610138883518e-01 -6.887061711435293887e-02
3.953400000000000000e+04 1.944130965323601856e+00 2.431157902347180766e-02 -1.245907480373489307e-01
3.918900000000000000e+04 2.081436567117314951e+00 1.262050298453953445e+00 5.675291814574734417e-02
4.036500000000000000e+04 2.914714358510916981e+00 1.614407260096648145e+00 2.418838924859620931e-01
3.953300000000000000e+04 2.521087788200908619e+00 4.926770800789483928e-01 3.179675341961427648e-01
4.001200000000000000e+04 2.815184658865931056e+00 1.122513823865116223e+00 1.114348867604473270e+00
4.001300000000000000e+04 2.815184658865931056e+00 1.122513823865116223e+00 1.114348867604473270e+00
3.914600000000000000e+04 1.486572466166705908e+00 2.351497341370247796e-01 -1.467657340612490202e+00
3.944800000000000000e+04 1.213485386881728800e+00 1.847940217917916073e-01 -1.449200905630249281e+00
3.902500000000000000e+04 2.911655834395581621e+00 5.196868806131469398e-01 -1.169515737317537329e+00
4.037900000000000000e+04 2.656435575929350534e+00 -6.706439665425278918e-03 -1.096901810233946506e+00
3.915200000000000000e+04 9.806179648856172548e-01 -1.330846320272364380e+00 -1.470529653386421387e+00
4.043000000000000000e+04 8.946087521384313845e-01 -6.333956787071528538e-01 -1.471689841912477092e+00
4.038000000000000000e+04 9.328545882065704120e-01 -8.550908161453527612e-01 -1.397720528240276039e+00
4.021900000000000000e+04 2.027314372141400867e+00 -5.414421105215652119e-01 -1.876232585433392330e+00
4.024600000000000000e+04 2.094704492922780048e+00 3.903630248398997082e+00 1.571243040763363297e+00
4.024500000000000000e+04 1.046544939284718367e+00 4.283604313732144675e+00 2.105365393307288002e-01
3.932500000000000000e+04 8.145859493978697685e-01 3.548535542686639843e+00 -1.325806405211302774e-01
3.947000000000000000e+04 2.587097047805222871e+00 3.621252072313293269e+00 -3.547556448459872058e-01
3.889200000000000000e+04 9.688136630340906663e-01 4.056637627217888564e+00 1.273508909201080286e+00
3.938400000000000000e+04 1.734666258951520490e+00 1.929416004772942728e+00 -2.236161604129563329e+00
3.919600000000000000e+04 1.945257155195783128e+00 1.564432003582140851e+00 -2.192631244737087926e+00
4.029800000000000000e+04 1.344267616977557367e+00 -6.705207828276051885e-01 -1.962966292712918559e+00
3.952800000000000000e+04 2.474498121213883906e+00 -8.696811339636170146e-01 -2.104406123804746898e+00
3.952900000000000000e+04 3.618495164858195778e+00 -3.342385968574106414e-01 -4.980872650008922875e-01
3.925200000000000000e+04 3.418445392890397727e+00 -1.618764348073565174e+00 9.811981822049453683e-01
3.892100000000000000e+04 3.418445392890397727e+00 -1.618764348073565174e+00 9.811981822049453683e-01
3.938300000000000000e+04 3.881755092383134098e+00 2.283202080910282206e+00 -7.581471873470420064e-01
3.968600000000000000e+04 3.129186406398510201e+00 -2.132908075017390104e+00 2.112591621593185920e+00
3.908200000000000000e+04 3.561859924458179449e+00 2.169846629251349412e+00 -2.796076043397732747e-02
3.903600000000000000e+04 3.561859924458179449e+00 2.169846629251349412e+00 -2.796076043397732747e-02
3.914300000000000000e+04 4.092569890447904868e+00 2.663258323896883439e+00 3.079414504173456635e-01
3.914400000000000000e+04 3.628437309594566784e+00 1.071903468738451437e+00 8.074064839251420267e-01
3.930700000000000000e+04 3.440614645840838648e+00 3.844396121685811352e-01 1.045680585535201601e+00
4.001900000000000000e+04 3.648127213792477619e+00 4.063966952258084575e+00 4.239470155399729379e-01
4.002000000000000000e+04 3.267128997203123220e+00 4.197480528533375832e+00 -1.246077095140948998e+00
4.032800000000000000e+04 3.801040457610177725e+00 3.487082087785665863e+00 -1.100352448685647744e+00
3.914200000000000000e+04 3.170864097828534511e+00 6.408847841214075913e-01 -2.400316949033863168e+00
3.944900000000000000e+04 3.676398130100562156e+00 -5.587555882867611956e-01 -2.165924615069155124e+00
3.958800000000000000e+04 3.448141722708992774e+00 1.703350763167396309e+00 -2.192874736678103176e+00
3.896900000000000000e+04 1.641955027376837961e+00 2.605731397274457350e+00 -3.397521367233732548e+00
3.903000000000000000e+04 1.641955027376837961e+00 2.605731397274457350e+00 -3.397521367233732548e+00
4.043100000000000000e+04 4.049288744697506104e+00 3.133695219756411632e-01 -3.869035230569176420e+00
3.918600000000000000e+04 3.295897421502612445e+00 1.085506708992536318e+00 -4.079338024445331001e+00
3.950000000000000000e+04 3.746741895811215528e+00 5.859650303354655421e-01 -3.534846776606611840e+00
4.038600000000000000e+04 9.926250994042433717e-01 -1.927952488821272681e+00 1.940261406437848279e+00
4.038500000000000000e+04 9.351417040277922865e-01 -7.812445108029528740e-01 1.644712216790647830e+00
4.037200000000000000e+04 1.019416160863883647e+00 -6.527402452085269147e-01 4.308743322673365128e-01
3.952100000000000000e+04 8.280739894226023523e-01 -6.095424020872428628e-01 6.587853880931611172e-01
3.907700000000000000e+04 9.695519896119257908e-01 1.231511409228726706e+00 3.918492675055311736e-01
3.911500000000000000e+04 1.200569573486671260e+00 -2.521014448825340537e-01 4.981535323848405028e-01
3.911600000000000000e+04 8.752243951510507713e-01 -3.469353773077834546e-01 4.025511931706731161e-01
3.911700000000000000e+04 7.867136447559310852e-01 -3.462274677271857115e-01 3.212276720586864087e-01
3.896800000000000000e+04 8.744033913667195179e-01 -2.020671598627473031e+00 1.247988949080877319e+00
3.950100000000000000e+04 8.744033913667195179e-01 -2.020671598627473031e+00 1.247988949080877319e+00
3.965100000000000000e+04 1.011089991722712966e+00 -1.633580457849401313e+00 8.635261217321819061e-01
4.032600000000000000e+04 1.042860101259012851e+00 -6.302690651716140735e-01 1.163722895566152715e-01
3.956400000000000000e+04 8.857253659870458762e-01 -1.008894159862489204e+00 1.995685989215232325e-01
3.910000000000000000e+04 8.399096880129022225e-01 -1.588744726836548438e+00 -1.637747926117469888e-01
3.949300000000000000e+04 1.061069240212965781e+00 -4.639900778147776350e-02 -8.390199787857000047e-02
4.023000000000000000e+04 1.004212826562163485e+00 -1.639511333924978942e-01 -3.577809960258093724e-02
4.023100000000000000e+04 9.707354773548004800e-01 -5.731425244267747132e-01 1.486058024487917351e-01
3.953200000000000000e+04 8.663422514710390487e-01 -4.347748493082050913e-01 -1.786187104042724627e-01
4.012500000000000000e+04 9.382197902635454057e-01 6.646694155723409381e-02 -7.407063743219293173e-01
3.956500000000000000e+04 8.022224304921685700e-01 2.755563443772146570e-01 -4.881109648624661901e-01
3.955200000000000000e+04 1.232719234476899572e+00 2.197077720598201722e-01 -9.133692802910875486e-01
3.956200000000000000e+04 8.215981325725785211e-01 3.907271723245422379e-01 -1.248307879748864480e+00
3.956300000000000000e+04 9.529704193380332811e-01 9.260374097806725047e-01 -1.157126784384258755e+00
4.045900000000000000e+04 1.340059721530622028e+00 -7.288428110557134687e-01 -1.139081189257911575e+00
4.040800000000000000e+04 1.240692043764308750e+00 -9.673063487280693096e-01 -9.794974186041400799e-01
3.947400000000000000e+04 8.760616033998971375e-01 -1.444161175918559081e-01 -1.070510503995611984e+00
4.026300000000000000e+04 1.638210257378318602e+00 4.879030940139017503e-02 1.850675566076926515e+00
4.025200000000000000e+04 1.813226449666704099e+00 -1.030101492153910669e+00 1.495167450780598983e+00
4.025300000000000000e+04 1.729102074632631769e+00 6.076105614512705699e-01 1.726807768479172722e+00
3.926700000000000000e+04 1.731781656230626965e+00 -3.711406485807060562e-01 1.875975974073170960e+00
4.041000000000000000e+04 1.741350662580895658e+00 -4.530757296479954732e-01 1.893560522823356962e+00
3.918800000000000000e+04 1.460657609757063824e+00 -1.562312159714849713e+00 8.235418732549426579e-01
3.901700000000000000e+04 1.814298366986555777e+00 6.865271713573832812e-01 7.792233076065606667e-01
3.912000000000000000e+04 1.641349091514797465e+00 7.259366185710547370e-02 1.350069201189210588e+00
4.042000000000000000e+04 1.641349091514797465e+00 7.259366185710547370e-02 1.350069201189210588e+00
4.039200000000000000e+04 1.694400704801424240e+00 -1.023031252161352711e-01 9.273688082668662958e-01
3.900900000000000000e+04 1.428588813032792615e+00 -1.903166934480960748e+00 -7.626716858539559496e-01
3.916600000000000000e+04 1.428588813032792615e+00 -1.903166934480960748e+00 -7.626716858539559496e-01
3.900800000000000000e+04 1.595138891458056207e+00 -1.113771122402642533e+00 -4.235673170650855468e-02
3.902100000000000000e+04 1.405765972773874495e+00 2.394473892436614904e-01 -2.296581844749852053e-01
4.028800000000000000e+04 1.614545986090313079e+00 -1.397190412043336494e+00 2.102593624938791095e-01
3.950300000000000000e+04 1.351893416675078896e+00 -1.306484543138910936e+00 -9.713534854228100812e-02
3.908700000000000000e+04 1.515303253632129810e+00 6.625892601413596594e-01 -4.142893818777437787e-02
3.908800000000000000e+04 1.391023339949981619e+00 3.002499409197554314e-01 -1.186538213527517982e+00
3.902000000000000000e+04 1.386803079191349042e+00 -1.587891188776989537e+00 -1.247363301875861197e+00
3.908900000000000000e+04 1.368874772787204819e+00 -4.889800522580571851e-01 -8.687092273513563612e-01
4.041900000000000000e+04 1.415189673300449869e+00 1.102419762936094116e+00 -9.206492095052709601e-01
