# halo_id 	 x_coord [pc] 	 y_coord [pc] 	 z_coord [pc] 	 vir_rad [pc]
0.000000000000000000e+00 -6.879143526032567024e+01 -4.504493257403373718e+01 -1.068990514990873635e+02 4.065567768160807560e+00
1.000000000000000000e+00 -4.257504049595445395e+01 -4.422550586005672812e+01 -6.481292743422091007e+01 3.467593711370519305e+00
2.000000000000000000e+00 -3.442936792783439159e+01 -4.997354679508134723e+01 -1.122794527793303132e+01 2.025563033352435927e+00
3.000000000000000000e+00 -3.404237165674567223e+01 -3.887704082066193223e+01 -4.800453080562874675e+01 1.676008258545153895e+00
4.000000000000000000e+00 -2.916580408252775669e+01 -7.107060334831476212e+01 -7.050523410644382238e+01 2.470426130831934852e+00
5.000000000000000000e+00 1.661520159663632512e+01 -4.413452729303389788e+01 -1.353798825163394213e+02 3.698924460124390468e+00
6.000000000000000000e+00 1.438120763702318072e+01 -4.612099622702226043e+01 -1.277482943153008819e+02 3.127384421107326062e+00
7.000000000000000000e+00 9.657590591814368963e+00 -7.355801499541848898e+01 -1.211145631526596844e+02 2.219366815443410967e+00
8.000000000000000000e+00 3.502981579862535000e+00 -2.574269197136163712e+01 -6.051679881010204554e+01 3.745110266331390214e+00
9.000000000000000000e+00 5.900804822333157063e+00 -5.994792997976765037e+01 -5.053625978063791990e+01 2.229181886521971023e+00
1.000000000000000000e+01 9.700192837044596672e+00 -4.634556655306369066e+01 -4.425785908522084355e+01 3.181946522928006615e+00
1.100000000000000000e+01 -3.589668153785169125e+00 -3.470328076742589474e+01 -9.698029991239309311e+00 3.156474869431898256e+00
1.200000000000000000e+01 5.918927327264100313e+00 -1.711181857855990529e+01 -4.116283981222659349e+01 1.561047902418200461e+00
1.300000000000000000e+01 1.436930213030427694e+01 -1.638848072057589889e+01 -4.095808865129947662e+01 4.616351596024716564e+00
1.400000000000000000e+01 9.653805624227970839e+00 -1.791753628849983215e+01 -2.791466446546837687e+01 2.225145832262399814e+00
1.500000000000000000e+01 -5.684606116265058517e+00 -1.368096881918609142e+01 -1.061490753819234669e+02 1.998308371303058939e+00
1.600000000000000000e+01 4.790830720681697130e+00 -7.394122963771224022e+00 -3.925869257003068924e+01 2.747104067434045671e+00
1.700000000000000000e+01 -4.268928278703242540e+00 3.907263959292322397e+00 -1.436009907675907016e+01 3.121947510213726851e+00
1.800000000000000000e+01 -3.485085820313543081e+00 4.947864171583205462e+00 -8.308760506566613913e+00 4.062060405441721755e+00
1.900000000000000000e+01 5.347064919304102659e+00 2.541781882848590612e+01 -3.084381606150418520e+01 3.447787386733809800e+00
2.000000000000000000e+01 -2.576536978594958782e+00 3.887586265290156007e+01 -2.531609613215550780e+01 2.017446929408616807e+00
2.100000000000000000e+01 -1.473794850986450911e+00 3.811830615298822522e+01 -2.229195214388892055e+01 3.887091525867807817e+00
2.200000000000000000e+01 3.167497473768889904e+01 -8.464036705996841192e+01 -8.117161568999290466e+01 5.483147404844967987e+00
2.300000000000000000e+01 2.559807354304939508e+01 -5.223710139747709036e+01 -7.397531352937221527e+01 2.755964803912779537e+00
2.400000000000000000e+01 3.069150300323963165e+01 -7.521580689214169979e+01 -6.520380890509113669e+01 2.974968030319857792e+00
2.500000000000000000e+01 3.610565833887085319e+01 -5.440115919802337885e+01 -6.446310455584898591e+01 2.446066305645730576e+00
2.600000000000000000e+01 9.398249444412067533e+01 -1.156380586451850832e+02 -8.000592645397409797e+01 2.516761278988826511e+00
2.700000000000000000e+01 2.048608115939423442e+02 -1.018624058780260384e+02 -2.490807499536313117e+02 2.449280506327469631e+00
2.800000000000000000e+01 5.198725863453000784e+01 -3.780284101050347090e+01 -4.491263639228418469e+01 5.841039338059316854e+00
2.900000000000000000e+01 4.957926870835945010e+01 -4.526259393896907568e+01 -2.636952478904277086e+01 2.492711891160739768e+00
3.000000000000000000e+01 4.723308970173820853e+01 -3.879044061806052923e+01 -1.367536715604364872e+01 1.142168989937196244e+01
3.100000000000000000e+01 3.082512128725647926e+01 -3.200918372394517064e+01 -3.818805388920009136e+01 8.124106678607657672e-01
3.200000000000000000e+01 3.014845281094312668e+01 -3.254429068043828011e+01 -2.955479941284283996e+01 1.615062233290949445e+00
3.300000000000000000e+01 3.927302050823345780e+01 -3.746160204568877816e+01 -1.798373524006456137e+01 2.913111459534879266e+00
3.400000000000000000e+01 4.099175301287323236e+01 -3.055569134559482336e+01 -1.386399792600423098e+01 2.675189874225299747e+00
3.500000000000000000e+01 4.592546083545312285e+01 -2.838838322227820754e+01 -1.132385258143767715e+01 4.698400194333854252e+00
3.600000000000000000e+01 5.248749636719003320e+01 -6.158880240609869361e+01 -3.842092191660776734e+01 2.391545496163719253e+00
3.700000000000000000e+01 5.253582526976242661e+01 -4.249615226686000824e+01 -3.959298896929249167e+01 1.833131661461454565e+00
3.800000000000000000e+01 5.199395977193489671e+01 -3.106074010301381350e+01 -2.199782225955277681e+01 1.774974574466040789e+00
3.900000000000000000e+01 5.668952991487458348e+01 -5.410526480525732040e+01 -2.433268658630549908e+01 2.582979948124896730e+00
4.000000000000000000e+01 5.761354198679327965e+01 -6.337698583258315921e+01 -2.056317501608282328e+01 1.593941406713156539e+00
4.100000000000000000e+01 6.454471851559355855e+01 -3.361058381432667375e+01 -4.263458052650094032e+01 3.638581647003907626e+00
4.200000000000000000e+01 5.139267985848709941e+01 -2.973494930798187852e+01 -4.458771578315645456e+01 2.100904466942544957e+00
4.300000000000000000e+01 6.193609583191573620e+01 -2.370744716841727495e+01 -3.298077672254294157e+01 3.573532169009413728e+00
4.400000000000000000e+01 7.299327263748273253e+01 -1.508540463168174028e+00 -6.249482458550482988e+01 2.113712138237322957e+00
4.500000000000000000e+01 3.084021505061537027e+01 6.612561730202287436e+00 -3.809097267128527164e+01 4.098557784793328551e+00
4.600000000000000000e+01 3.505248633958399296e+01 7.078129964880645275e+00 -3.607155282283201814e+01 1.591946458744606163e+00
4.700000000000000000e+01 6.620207638759166002e+01 2.573910953011363745e+01 -3.291863485425710678e+01 2.578647061298840359e+00
4.800000000000000000e+01 2.921754533005878329e+01 -1.715480901813134551e+01 -1.729111191723495722e+01 2.184409654525609756e+00
4.900000000000000000e+01 4.335891686379909515e+01 -2.665673766238614917e+01 -2.096843062574043870e+01 1.931150857890739259e+00
5.000000000000000000e+01 4.449003706639632583e+01 -2.033471509534865618e+01 -1.367542566359043121e+01 2.150569362203107460e+00
5.100000000000000000e+01 4.728366999281570315e+01 -1.496624267520383000e+01 -1.270073853712528944e+01 3.230774510191299687e+00
5.200000000000000000e+01 4.484928279602900147e+01 -2.826311838580295444e+01 -8.162384722381830215e+00 1.625846184065458777e+00
5.300000000000000000e+01 4.319357750471681356e+01 -2.452489411598071456e+01 -5.809090605005621910e+00 4.845611668905902114e+00
5.400000000000000000e+01 4.815916086966171861e+01 -2.047426824504509568e+01 -9.965282120741903782e+00 2.135823299108977835e+00
5.500000000000000000e+01 5.081126119941473007e+01 -2.301997820008546114e+01 -1.009160782210528851e+01 2.020483445095289543e+00
5.600000000000000000e+01 4.565478009637445211e+01 -9.889963948633521795e+00 -8.930960902478545904e+00 2.259852849992070922e+00
5.700000000000000000e+01 5.155979562876746058e+01 -2.754069594806060195e+01 -7.849400779232382774e+00 2.625232389275291123e+00
5.800000000000000000e+01 3.166392615949735045e+01 -2.834348124917596579e+00 -2.310030098445713520e+01 2.348086344488285349e+00
5.900000000000000000e+01 6.645847471896559000e+01 -5.335085871629416943e-01 -1.935626623965799809e+01 2.185134295843466745e+00
6.000000000000000000e+01 4.335374938789755106e+01 1.157583666639402509e+01 -1.676883296202868223e+01 4.445794655401434703e+00
6.100000000000000000e+01 -5.920909633487462997e+01 -5.120934467297047377e+01 2.174827675800770521e+01 2.117306372959577132e+00
6.200000000000000000e+01 -6.464344625081866980e+01 -5.608268395066261292e+00 4.046348944772034883e+00 3.711176810253120628e+00
6.300000000000000000e+01 -5.895751460595056415e+01 -8.546570902690291405e+00 1.663177001103758812e+01 2.494648427118284495e+00
6.400000000000000000e+01 -5.709390685241669416e+01 -9.339690482476726174e+01 1.137018210627138615e+01 1.641613461510168737e+00
6.500000000000000000e+01 -5.413879192294552922e+01 -8.062057438632473350e+01 1.937087705917656422e+01 1.936322618812692520e+00
6.600000000000000000e+01 -5.119030569354072213e+01 1.559230260550975800e+00 1.297857015067711473e+01 3.647746674305371251e+00
6.700000000000000000e+01 -4.491696774214506149e+01 2.012436836957931519e+01 7.598529659677296877e+00 1.841235598667586792e+00
6.800000000000000000e+01 -3.339616500446572900e+01 -6.922430292703211308e+00 -2.530184295028448105e+00 3.710579005152807142e+00
6.900000000000000000e+01 -3.713994153961539268e+01 -3.311278146691620350e+00 2.225752598932012916e+01 2.453000268380322257e+00
7.000000000000000000e+01 -8.424164934083819389e+00 5.118891443125903606e+00 3.073739390820264816e+01 2.496404091656513113e+00
7.100000000000000000e+01 -3.763380893226712942e+01 1.749662865046411753e+01 6.796475960407406092e+00 2.003870628246349650e+00
7.200000000000000000e+01 -4.216757989861071110e+01 1.979272994026541710e+01 7.588802122510969639e+00 2.274837124918578812e+00
7.300000000000000000e+01 -7.778706231666728854e+01 -7.997385750990360975e+00 4.040090336091816425e+01 2.403300686179417944e+00
7.400000000000000000e+01 -4.253369931783527136e+01 2.529831119626760483e+01 5.856587090436369181e+01 2.441838424635194738e+00
7.500000000000000000e+01 -4.834413891797885299e+01 2.164538643928244710e+01 6.414222311787307262e+01 2.469083073468482770e+00
7.600000000000000000e+01 -6.117527975421398878e+01 3.037395629286766052e+01 9.467419665260240436e+01 1.738680167521299946e+00
7.700000000000000000e+01 -3.694247835921123624e+01 1.165283058071509004e+01 1.038414370077662170e+02 1.727887537027126275e+00
7.800000000000000000e+01 -3.910864527942612767e+01 1.019638534588739276e+01 1.214402561956085265e+02 2.485430646254331855e+00
7.900000000000000000e+01 -3.755155915860086679e+01 3.519693998154252768e+00 1.296185516929253936e+02 2.831620308795160579e+00
8.000000000000000000e+01 -1.078743247920647264e+01 4.559863388538360596e+00 3.852553845895454288e+01 8.921642627438343354e+00
8.100000000000000000e+01 -1.197354027209803462e+01 4.321783801540732384e+00 4.583112492272630334e+01 2.927667453926149577e+00
8.200000000000000000e+01 -1.508369950344786048e+01 8.128682562615722418e+00 4.768653538823127747e+01 2.720669294639513236e+00
8.300000000000000000e+01 -1.651809720043092966e+01 2.052222949266433716e+01 4.315520140808075666e+01 1.903682444423994147e+00
8.400000000000000000e+01 -1.246026669023558497e+01 1.891694414941594005e+01 4.550701242033392191e+01 1.961413229768179223e+00
8.500000000000000000e+01 -1.181367793586105108e+01 1.736172143416479230e+01 5.066605988470837474e+01 3.433538348252076045e+00
8.600000000000000000e+01 -1.365828944928944111e+01 2.458735183905810118e+01 4.712498590582981706e+01 2.688023332229102724e+00
8.700000000000000000e+01 -1.057951315538957715e+01 2.316701810760423541e+01 5.131726337224245071e+01 1.772402433658757603e+00
8.800000000000000000e+01 -8.653284983709454536e+00 1.018020261684432626e+01 5.917316193738952279e+01 2.760292658529825083e+00
8.900000000000000000e+01 -7.350786007009446621e+00 1.421011517988517880e+01 6.566742101311683655e+01 4.310480486996947747e+00
9.000000000000000000e+01 -9.089792174752801657e+00 2.164674913277849555e+01 5.610268324241042137e+01 3.291779889404741422e+00
9.100000000000000000e+01 -9.901439502369612455e+00 2.364913783594965935e+01 7.626581771532073617e+01 2.688932105954007223e+00
9.200000000000000000e+01 -8.706793564837425947e+00 2.426262892736122012e+01 8.764942795969545841e+01 2.032425686441763801e+00
9.300000000000000000e+01 -1.107904781717807055e+02 4.043177896272391081e+01 5.528498363355174661e+01 1.136284175113704498e+00
9.400000000000000000e+01 -8.741627106908708811e+01 8.526922225812450051e+01 1.578047416172921658e+00 3.824173246955324679e+00
9.500000000000000000e+01 -4.313747408473864198e+01 3.884022036474198103e+01 4.067842589132487774e+01 4.032551520264531675e+00
9.600000000000000000e+01 -3.966229714360088110e+01 3.934241555863991380e+01 6.222771417582407594e+01 8.121589758810781490e+00
9.700000000000000000e+01 -4.317062836186960340e+01 5.174576440360397100e+01 3.823243577731773257e+01 2.124204933667325879e+00
9.800000000000000000e+01 -3.594117128616198897e+01 3.510600351076573133e+01 5.954923210013657808e+01 1.658940190572188333e+00
9.900000000000000000e+01 -7.632307053403928876e+01 6.435001542465761304e+01 7.749167890148237348e+01 2.631441535860606251e+00
1.000000000000000000e+02 -1.298193246405571699e+02 1.329819109742529690e+02 2.314288267535157502e+02 2.401246669763459352e+00
1.010000000000000000e+02 -7.735104315308853984e+01 1.282841362361796200e+02 2.206000484139658511e+02 2.235286815555369788e+00
1.020000000000000000e+02 -4.875034349504858255e+01 3.757390302093699574e+01 7.222156642330810428e+01 4.778854032416376185e+00
1.030000000000000000e+02 -2.150352426990866661e+01 6.657314121862873435e+01 1.030272912275977433e+02 2.652837778284516279e+00
1.040000000000000000e+02 3.486771924467757344e+01 -4.726149956835433841e+01 2.817184320185333490e+00 2.415930026139827547e+00
1.050000000000000000e+02 -4.638116899877786636e-01 -4.052860932238399982e+01 -7.961410027928650379e-01 2.377342130617407623e+00
1.060000000000000000e+02 2.553368894523009658e+01 -1.657061248738318682e+01 3.744675146881490946e+00 6.217863850059394792e+00
1.070000000000000000e+02 3.288543211575597525e+01 -1.868583772936835885e+01 8.516894455999135971e+00 1.745629197124822563e+00
1.080000000000000000e+02 1.726731054997071624e+01 -5.607312897685915232e+00 -1.437635827343910933e+00 2.871778444005703701e+00
1.090000000000000000e+02 1.510203850036486983e+01 -3.726558386348187923e+00 4.227758282795548439e+00 2.494697397561443708e+00
1.100000000000000000e+02 2.373081558616831899e+01 -1.026271406793966889e+01 3.600491396617144346e+00 4.619501537007731251e+00
1.110000000000000000e+02 3.620998547226190567e+01 -1.481304240180179477e+01 9.946189401671290398e-02 2.539308747959412305e+00
1.120000000000000000e+02 3.627295692265033722e+01 -1.551188232610002160e+01 1.289541659504175186e+01 5.261072704085328233e+00
1.130000000000000000e+02 4.205771766230463982e+01 -2.798975539905950427e+01 -2.385498304385691881e+00 2.844201115631229015e+00
1.140000000000000000e+02 4.818166178883984685e+01 -3.312572815921157598e+01 -4.191908903419971466e+00 2.115040791385502494e+00
1.150000000000000000e+02 4.655529700824990869e+01 -3.133618164714425802e+01 -5.429179156199097633e+00 2.273995054668815463e+00
1.160000000000000000e+02 4.064082976989448071e+01 -1.828893554350361228e+01 -2.820606960449367762e+00 2.739954031694279646e+00
1.170000000000000000e+02 3.821792229171842337e+01 -2.060517504392191768e+01 2.875535246916115284e+00 2.766625067535825711e+00
1.180000000000000000e+02 4.389459904190152884e+01 -1.356333292974159122e+01 -4.831849849782884121e+00 3.135550309071589048e+00
1.190000000000000000e+02 4.649047582969069481e+01 -1.403039818909019232e+01 8.453560402151197195e+00 3.837814868450339478e+00
1.200000000000000000e+02 4.709444403322413564e+01 -1.012523824814707041e+01 -4.303908600006252527e+00 1.908295769567619482e+00
1.210000000000000000e+02 4.006080985255539417e+01 4.147361982613801956e-01 -4.862674597185105085e+00 2.236682791504760015e+00
1.220000000000000000e+02 5.043961716303601861e+01 -1.831698287092149258e+01 1.865342647302895784e+00 2.453954087111940741e+00
1.230000000000000000e+02 5.544812922319397330e+01 -1.438418060773983598e+01 3.612940310966223478e+00 4.581092257281447644e+00
1.240000000000000000e+02 5.755947394249960780e+01 -2.200944496318697929e+01 -3.873835247941315174e+00 2.135459700280950557e+00
1.250000000000000000e+02 5.775459162425249815e+01 -1.565048265364021063e+01 7.013733641710132360e+00 2.637200039173398736e+00
1.260000000000000000e+02 2.836488086357712746e+01 -2.227446877816691995e+01 1.523274452937766910e+01 1.774001189126858780e+00
1.270000000000000000e+02 3.465314847789704800e+01 -1.700055726477876306e+01 1.891366231534630060e+01 3.895268666969697868e+00
1.280000000000000000e+02 2.284082600381225348e+01 -7.913987884297966957e+00 1.096459086518734694e+01 2.173307405113057644e+00
1.290000000000000000e+02 3.557705027097836137e+01 -1.166211619973182678e+01 1.521104532107710838e+01 2.200630956170277486e+00
1.300000000000000000e+02 3.228113153250887990e+01 -1.179194483160972595e+01 2.429071816941723228e+01 1.786876596140548834e+00
1.310000000000000000e+02 -4.442270319908857346e+00 3.608120408374816179e+00 2.409770805062726140e+01 5.134405220021227123e+00
1.320000000000000000e+02 2.086544034630060196e+01 -1.582370288670063019e-01 1.347904653474688530e+01 4.241545839290261632e+00
1.330000000000000000e+02 3.693817077064886689e+01 -2.015074236504733562e+01 1.706897723348811269e+01 3.255075356937361164e+00
1.340000000000000000e+02 4.252174745267257094e+01 -1.411384809995070100e+01 1.715161277772858739e+01 1.639205907186013000e+00
1.350000000000000000e+02 3.638689793460071087e+01 -1.128370458399876952e+01 1.059602113068103790e+01 1.602572156282035420e+00
1.360000000000000000e+02 9.024228289257735014e+00 -1.330135134188458323e+01 3.731224797898903489e+01 1.711104197493398038e+00
1.370000000000000000e+02 2.122812150977551937e+01 -8.831334624905139208e+00 5.429889069823548198e+01 3.149169397792459080e+00
1.380000000000000000e+02 -7.589052794501185417e+00 3.414957803674042225e+00 5.593467632541432977e+01 2.739593794727808618e+00
1.390000000000000000e+02 7.795733951823785901e+01 -2.427292105322703719e+01 8.482457983354106545e+01 2.556334661255453167e+00
1.400000000000000000e+02 7.813930846331641078e+01 -2.165911393752321601e+01 7.602629448706284165e+01 1.201035881822853257e+00
1.410000000000000000e+02 7.549272805918008089e+01 -1.876311732828617096e+01 7.509806586476042867e+01 1.558511555054626019e+00
1.420000000000000000e+02 1.431710742041468620e+01 7.803190754726529121e+00 2.156552775902673602e+01 2.909633044847233396e+00
1.430000000000000000e+02 7.924895090050995350e+00 1.619592786626890302e+01 2.530269339354708791e+01 3.120916585556822831e+00
1.440000000000000000e+02 1.440940046636387706e+01 2.423384559713304043e+01 1.783329978445544839e+01 1.719338259566664862e+00
1.450000000000000000e+02 1.351695343665778637e+01 1.232615286344662309e+01 2.914578864350914955e+01 6.222671054411070379e+00
1.460000000000000000e+02 -2.202885292936116457e+00 3.771272287610918283e+01 2.476396182132884860e+01 2.389234784897693586e+00
1.470000000000000000e+02 1.542786968545988202e+01 7.201059015933424234e+00 1.689622902078554034e+01 2.422272176575200220e+00
1.480000000000000000e+02 1.720536398189142346e+01 5.602216914296150208e+00 2.170543570723384619e+01 2.230673639585612822e+00
1.490000000000000000e+02 1.850551830464974046e+01 4.304817920597270131e+01 3.537043364858254790e+01 2.329077750537210889e+00
1.500000000000000000e+02 3.265194014972075820e+01 5.690536264050751925e+01 2.113943502772599459e+00 4.313912381338973034e+00
1.510000000000000000e+02 4.647056780522689223e+01 3.685271909320726991e+01 1.281218786025419831e+01 2.801171678002813969e+00
1.520000000000000000e+02 4.858265084354206920e+01 3.767225712491199374e+01 1.341499716229736805e+01 2.195564382985920382e+00
1.530000000000000000e+02 1.520634721498936415e+00 2.192684981226921082e+01 4.922147176414728165e+01 4.512247509280322255e+00
1.540000000000000000e+02 -4.593457930255681276e+00 1.238551107421517372e+01 5.764890772663056850e+01 2.346045372448806177e+00
1.550000000000000000e+02 -6.298007708508521318e+00 1.724923380184918642e+01 5.289511488797143102e+01 4.480360394878267982e+00
1.560000000000000000e+02 8.236195105127990246e-01 2.179462619312107563e+01 5.686831238539889455e+01 3.281989402760416397e+00
1.570000000000000000e+02 -6.748188925907015800e+00 1.786441149376332760e+01 6.217210557311773300e+01 2.880992446859398814e+00
1.580000000000000000e+02 -3.432309438008815050e+00 1.984074927354231477e+01 6.598921163845807314e+01 3.701363123615437178e+00
1.590000000000000000e+02 9.405971551313996315e+00 9.881398454355075955e+01 6.571825914457440376e+01 2.803300005225241698e+00
1.600000000000000000e+02 5.455889183562248945e+00 2.264605118753388524e+01 7.379880335554480553e+01 2.932802436413781688e+00
1.610000000000000000e+02 1.445030844770371914e+01 7.992880134377628565e+00 6.020423763664439321e+01 2.791735205535683662e+00
1.620000000000000000e+02 1.063499981258064508e+01 1.823297164123505354e+01 5.936671055806800723e+01 2.577353713991013873e+00
1.630000000000000000e+02 6.608011887781322002e+01 1.913944964576512575e+01 1.054173916759900749e+02 2.010326454011631903e+00
