# star id 	 star_x_coords [pc] 	 star_y_coords [pc] 	 star_z_coords [pc] 
3.494500000000000000e+04 -4.212795890470606430e-01 -9.361491531216685757e-01 5.498347535206171699e-01
2.636000000000000000e+03 -6.344970219644863185e-01 3.681733684365866566e-01 -1.271347145650797428e-01
3.493700000000000000e+04 -3.561325196168702023e-01 -1.950291340527172679e-01 -2.568436059922796222e-02
3.493900000000000000e+04 -5.554798732852335164e-01 9.179949060191887611e-01 1.518379200982676869e-01
3.494000000000000000e+04 -5.554798732852335164e-01 9.179949060191887611e-01 1.518379200982676869e-01
3.494200000000000000e+04 -2.639759649287469756e-01 3.003553867805592859e-01 3.261394426452766115e-01
3.495400000000000000e+04 -2.639759649287469756e-01 3.003553867805592859e-01 3.261394426452766115e-01
3.495700000000000000e+04 2.038050261157325349e-01 7.472411426021281500e-01 3.504095948061555776e-01
3.495600000000000000e+04 -1.167789748371211855e-02 5.070156376802898990e-01 3.478839858901425774e-01
3.493800000000000000e+04 4.171142705335567635e-02 -8.806409303975968328e-01 -4.770140889050755728e-01
3.495300000000000000e+04 1.609099983459529648e+00 -1.260816793667949298e+00 -1.166847011985151061e+00
2.668000000000000000e+03 1.269602257214197838e+00 -8.884941511081905219e-01 -4.242737727775485190e-01
