# star id 	 star_x_coords [pc] 	 star_y_coords [pc] 	 star_z_coords [pc] 
1.635900000000000000e+04 -4.245570975001200509e-02 2.997387430884224102e-02 -1.228091382613052396e-01
1.640600000000000000e+04 -6.666304159534597318e-02 -1.490136842439095943e-01 -9.798963934754922889e-02
1.640700000000000000e+04 -6.666304159534597318e-02 -1.490136842439095943e-01 -9.798963934754922889e-02
1.640400000000000000e+04 4.834189492708418356e-04 -2.092036136501462806e-02 1.117487970313746359e-01
1.638000000000000000e+04 -4.459279020096236223e-01 -2.973343726375272666e-01 1.144194147839936448e-01
1.638300000000000000e+04 1.263519481607922046e-01 2.219075435779593874e-01 -2.304794786141961538e-02
1.639200000000000000e+04 2.936157537888099966e-01 5.393129607910651657e-02 1.675682019316253601e-01
1.643200000000000000e+04 2.936157537888099966e-01 5.393129607910651657e-02 1.675682019316253601e-01
1.638400000000000000e+04 4.239679492540382455e-02 -1.906996747725244745e-01 -2.421521305427587478e-01
3.185300000000000000e+04 -1.212785755328766868e-01 4.025139834188760091e-01 2.041549329705327764e-02
