# star id 	 star_x_coords [pc] 	 star_y_coords [pc] 	 star_z_coords [pc] 
3.369100000000000000e+04 -1.403502072571143344e-01 -4.572067305741640553e-01 -4.069103010900505524e-01
3.369000000000000000e+04 -2.171104298366799412e-02 -7.450781826731400770e-02 -2.864581840854327766e-01
3.368500000000000000e+04 -2.578651888199772202e-01 -1.156766397543407265e-02 5.448671490009928675e-01
3.374100000000000000e+04 -2.578651888199772202e-01 -1.156766397543407265e-02 5.448671490009928675e-01
3.357000000000000000e+04 -1.072078639629410191e-01 1.851891119344912795e-01 3.596787430776942074e-01
3.370400000000000000e+04 -1.265031217093337546e-02 1.498328149745375981e-01 3.800421332128962604e-01
3.364600000000000000e+04 1.286018657399949916e-01 -1.255366163298035076e-01 -3.992398839401971600e-01
3.357600000000000000e+04 2.053893294406350378e-01 -1.494460781830895257e-01 -2.829802354823414134e-01
3.355700000000000000e+04 6.376281575720668116e-01 1.294362329569338499e-01 -1.882809440206756335e-02
3.369700000000000000e+04 4.765439331729908190e-01 -6.397705061607226185e-01 5.216938120776717369e-01
3.374600000000000000e+04 -1.265031217093337546e-02 1.498328149745375981e-01 3.800421332128962604e-01
3.372400000000000000e+04 -2.619733593578246200e-01 6.483294435831510327e-02 4.791625754247093028e-01
3.369400000000000000e+04 -1.250844815597531579e-01 -2.666727034389282380e-02 1.580015061779249663e-01
3.377200000000000000e+04 -3.771645048065863648e-01 1.520222087323546134e-01 -3.457215244073950089e-01
3.355600000000000000e+04 -6.937984310778233521e-02 4.364999868200669653e-02 2.833256240139689908e-01
3.364400000000000000e+04 -2.429437669092351371e-01 -2.849431246941946938e-02 4.516397727254286565e-01
3.354900000000000000e+04 -3.889714210786792137e-01 8.039198841262162887e-02 -1.162625803948458270e-02
3.371600000000000000e+04 5.060956716658608912e-01 2.477875769627502223e-02 -1.761376574008011175e-01
3.366600000000000000e+04 2.058513159298627215e-01 6.272484544123528849e-01 6.169683928904987624e-01
3.372600000000000000e+04 -1.128938705583948376e-01 2.912837962591368068e-01 5.570335796441554521e-01
3.370300000000000000e+04 -9.699309479989892679e-02 1.830115408996846327e-01 1.244417476857790916e-01
3.355800000000000000e+04 -3.851513356652276343e-01 3.845233302736730252e-01 4.573692904030224327e-01
3.364100000000000000e+04 -1.233281450059564577e-01 1.434067095627966637e-01 3.476635847876821117e-01
3.371900000000000000e+04 1.201420227237122162e-01 -1.380256020504120329e-01 3.046431194218257588e-02
3.374000000000000000e+04 3.925330736694263578e-01 6.547418630044603560e-01 2.785543812538264774e-01
3.372300000000000000e+04 -4.782526707191436799e-02 -8.882574715184432534e-02 1.311703719944432578e-01
3.371800000000000000e+04 -5.920449550438888764e-02 -8.897588895268881970e-02 8.076700569529293716e-02
3.356000000000000000e+04 2.736632989905842805e-01 -3.934844607979002262e-01 3.374852516456030571e-01
3.373000000000000000e+04 5.236869561770163273e-03 2.800274721222848484e-01 3.188154185042435529e-01
3.356300000000000000e+04 2.119617459837002116e-01 2.946607448912388350e-01 -2.573912073466146921e-01
3.363500000000000000e+04 2.508238735275369891e-01 -7.712515661064429651e-01 1.847583240059691434e-01
3.373300000000000000e+04 -2.839477802163798970e-01 1.100606426644787916e-01 6.946144408206578191e-02
3.355000000000000000e+04 -1.217854777790989829e-01 1.270792155878694984e-01 7.182810555832475075e-02
3.375400000000000000e+04 9.803986488853411174e-02 3.405372329610116822e-01 6.456151186883403170e-01
3.366500000000000000e+04 1.425414561019522353e-01 1.520389863513784690e-01 1.541560187620234501e-01
3.365800000000000000e+04 1.755430031232947385e-01 -4.005114398362223938e-01 2.914964613711106267e-01
3.374700000000000000e+04 2.051886176906236869e-01 1.493343674140632515e-01 7.275090774323018650e-01
3.375500000000000000e+04 -8.334319556402647322e-02 1.966540064573507607e-02 4.549986321035248693e-02
3.354100000000000000e+04 2.248229485948058937e-01 6.711625012130184587e-04 3.548746468297281353e-02
3.370600000000000000e+04 3.872118848411787440e-02 -2.385888020911295371e-01 -3.693775181016292208e-01
3.366100000000000000e+04 1.026591009931792087e-01 3.583883946592933967e-01 -7.862941862891830169e-01
3.370200000000000000e+04 3.914378918524050732e-01 1.141625723915993262e-01 -7.211088026695335884e-01
3.356200000000000000e+04 -2.917292275731142581e-01 1.435759871830555312e-02 -3.308584797850642190e-01
3.361100000000000000e+04 3.223105226328470962e-02 -1.386936476401672280e-01 -1.338812907075350722e-01
3.369800000000000000e+04 -2.507370622922735492e-01 1.594156329739959688e-01 -6.988439065349894008e-01
3.370700000000000000e+04 -2.537697936751044381e-01 -1.524116325420763474e-01 -3.250299454106482244e-01
3.373600000000000000e+04 1.837485933245943670e-01 -4.771948259231066913e-01 7.122083711294635577e-03
3.355200000000000000e+04 1.425414561019522353e-01 1.520389863513784690e-01 1.541560187620234501e-01
3.372800000000000000e+04 -2.191025263477683893e-01 -2.543507929376715992e-01 -1.720187934270995811e-01
3.369200000000000000e+04 3.122161721468899032e-01 4.348626444399883439e-02 -1.221868537633952201e-01
3.364000000000000000e+04 3.093424468237913061e-01 2.075076032830835970e-01 -6.421625826342847176e-02
3.364800000000000000e+04 5.533680402021445843e-02 1.738098153722944517e-04 -5.660472179512225921e-01
3.365100000000000000e+04 -2.200725645254237861e-01 -5.434167307431891913e-02 1.766922084850932606e-01
3.367100000000000000e+04 -1.191267755105229753e-01 -1.066534412864612591e-01 1.901863142597903789e-02
3.357500000000000000e+04 -6.903171927902462812e-02 -5.245553200970931584e-02 9.496454214473715183e-02
3.368800000000000000e+04 9.853369585837867817e-02 -1.474249747789997400e-01 -1.277665755365262612e-01
3.357400000000000000e+04 1.265437924148784532e-01 1.223571885432406248e-01 6.775449353514773065e-02
3.367600000000000000e+04 4.924935697150090164e-02 -4.513776899493393557e-02 -1.868262587129265739e-02
3.373200000000000000e+04 -6.703262976287760466e-02 -3.604470231110923351e-02 2.517128690030290272e-02
3.354300000000000000e+04 -6.024268235333352095e-02 2.045619649138430418e-01 8.527722092969725054e-02
3.353300000000000000e+04 -3.168117824414764527e-01 3.997069031085942470e-02 -1.835765069529315952e-03
3.364900000000000000e+04 -1.894735597730345944e-02 -1.921794354749337685e-01 -2.002334339213689418e-01
3.363400000000000000e+04 -7.143106657127873405e-02 -8.801804545684888126e-02 -7.939043579173699072e-02
3.356500000000000000e+04 2.755441506492957160e-01 3.599386296029578602e-01 -8.519584554730386117e-01
3.359300000000000000e+04 -6.975896628628674989e-02 -3.718682355703606390e-02 -1.083955282020667710e-01
3.361600000000000000e+04 4.313106618106985479e-01 2.221312514284008444e-01 -7.282271403550453215e-01
3.367700000000000000e+04 7.723178543358244497e-03 -7.981855411463811834e-02 -1.468074125272664787e-01
3.355900000000000000e+04 2.284652018462907108e-02 -1.570635251108853936e-01 -1.437213392165972436e-01
3.370500000000000000e+04 7.469626218133385009e-02 -7.914836659889346038e-02 -1.562270499253486378e-01
3.372900000000000000e+04 7.908978812147893223e-02 -2.994771393036472773e-01 -3.635691458291034905e-02
3.369600000000000000e+04 -3.425414263639936507e-02 -1.798579410292120428e-01 -1.681686147757659455e-01
3.357700000000000000e+04 -1.925563712575240061e-03 -6.620707948763282502e-02 -1.318649855719229436e-01
3.366700000000000000e+04 7.326373423146037567e-02 1.181125870612547146e-01 -1.215419399622703622e-01
3.364200000000000000e+04 -5.338245927543994185e-02 -1.340705231744010462e-01 1.056376481352572227e-02
3.363700000000000000e+04 -7.458868501782944804e-02 -2.214041806881255070e-01 -1.015032065982097720e-01
3.368600000000000000e+04 -1.769331018602997574e-01 -2.002976520488388701e-01 -1.727329925246294806e-01
3.358700000000000000e+04 -1.083293953917348063e-01 -1.358704226821316752e-01 -8.137233372653440711e-02
3.370900000000000000e+04 -5.227459568772019338e-02 5.105259006327855786e-02 -1.166354155347448796e-01
3.357100000000000000e+04 -1.278602095831615770e-02 -9.657796241164362527e-03 -6.597498370359744513e-02
3.373900000000000000e+04 -8.222078426541656881e-03 -3.913536210146872918e-02 -1.115750173197795903e-01
3.367000000000000000e+04 8.264025358130311361e-03 -2.183403057266275482e-01 -7.599048517704432015e-02
3.366300000000000000e+04 5.446242959655478444e-02 -7.582467639367251877e-02 -5.219596567684448019e-02
3.373700000000000000e+04 -1.186417984251875168e-01 -3.144689229829822352e-02 -1.718278897497498292e-01
3.373500000000000000e+04 -7.950211345607272051e-02 -1.525268658833454083e-01 -1.240730079857428336e-01
3.371200000000000000e+04 -7.146617973469915341e-02 2.546318642630751583e-02 1.251608654956157807e-01
3.367500000000000000e+04 -6.024268235333352095e-02 2.045619649138430418e-01 8.527722092969725054e-02
3.354500000000000000e+04 2.248229485948058937e-01 6.711625012130184587e-04 3.548746468297281353e-02
3.356400000000000000e+04 -1.048468107144344685e-01 2.219938232804423706e-01 -2.305865422065949133e-01
3.366200000000000000e+04 -3.078419772626261874e-02 6.292769751625115759e-02 1.669242600137010868e-01
3.367900000000000000e+04 -3.486749932903876470e-03 -2.558902580984323549e-02 1.563938493991940959e-01
3.363000000000000000e+04 -2.307202373013410579e-01 6.016313552110830187e-02 -1.637365063340610050e-01
3.373800000000000000e+04 -5.402826678982819431e-02 -6.746612939723206637e-02 -5.693508965201488081e-01
3.366900000000000000e+04 -8.287385466499586073e-02 -1.968332213071022352e-02 8.897139120554697911e-02
3.379400000000000000e+04 -1.590606853002896059e-02 -1.397461718560180088e-01 -2.251732752843906837e-01
3.364300000000000000e+04 -2.726344674372853660e-01 -3.679859725629341938e-02 4.257027448363714939e-02
3.376500000000000000e+04 -8.229139046852651518e-02 -1.957810105993473826e-02 2.148317724130777151e-01
3.353600000000000000e+04 2.204345043203375099e-01 7.901928958661201818e-01 2.732089907391923589e-01
3.378000000000000000e+04 -1.037535997729435167e-01 -4.415223763846398697e-01 1.340518338074900839e-01
3.374500000000000000e+04 -1.236680956095028705e-01 -1.483500545936067283e-02 1.855992927341958421e-01
