# star id 	 star_x_coords [pc] 	 star_y_coords [pc] 	 star_z_coords [pc] 
5.741800000000000000e+04 -5.469777187400068907e-01 -1.192624847162612411e+00 -1.228208395976511769e+00
5.876200000000000000e+04 8.432285680353770463e-01 2.705734251381954891e-01 1.818422101547319869e+00
5.881100000000000000e+04 1.103591508624478967e+00 5.105265127133939984e-01 8.609227715490950228e-01
5.274100000000000000e+04 1.191700699460875423e+00 2.495024260534828286e+00 -1.819583717678139312e-01
5.272600000000000000e+04 8.033554120907269169e-01 1.292105358143540883e+00 1.123948018212517219e-02
5.240600000000000000e+04 4.847342228763275029e-01 -4.859246504574343817e-01 -1.828170777282651649e-01
5.263900000000000000e+04 1.042293873186992847e+00 -4.513099171477605864e-01 3.563227852017503139e-01
3.200300000000000000e+04 -2.841214667919820247e-01 -7.191139966928297156e-01 -4.157759525597155559e-01
5.741600000000000000e+04 -1.231864946915882442e+00 -3.674042856923769307e-01 -5.864871120362740164e-01
6.855400000000000000e+04 -1.699818381738608775e+00 -3.305215345632142032e-01 -5.588540361837683879e-01
5.338400000000000000e+04 -1.706121769320732895e+00 -1.021330322197812279e+00 1.071938132474252736e-01
