# star id 	 star_x_coords [pc] 	 star_y_coords [pc] 	 star_z_coords [pc] 
1.608500000000000000e+04 -2.217004753831854913e-01 9.817220439158944600e-01 -4.576382526517317473e-01
3.826900000000000000e+04 -2.217004753831854913e-01 9.817220439158944600e-01 -4.576382526517317473e-01
1.628800000000000000e+04 -9.914622285151946102e-01 8.939173576631205265e-01 -8.180034882997926360e-01
3.801100000000000000e+04 -1.065671096706946486e+00 9.624883792979552766e-01 -1.575221121372845090e-01
3.827000000000000000e+04 -8.627897950136143024e-01 8.317897673374616829e-01 1.540958171702211388e-01
3.844000000000000000e+04 -8.627897950136143024e-01 8.317897673374616829e-01 1.540958171702211388e-01
1.608600000000000000e+04 -4.019517930914529025e-02 -7.651411038174060764e-02 -3.508934743296645564e-01
3.160700000000000000e+04 1.366863395116153512e+00 -8.499823620672444235e-01 -5.065902098670829190e-01
3.800800000000000000e+04 8.873343939266766789e-01 -1.205443106404931797e+00 1.805103592823122938e-01
3.634400000000000000e+04 5.407312480088459772e-01 -1.439369544866799799e+00 3.706588444405660709e-01
3.801000000000000000e+04 5.407312480088459772e-01 -1.439369544866799799e+00 3.706588444405660709e-01
3.800900000000000000e+04 3.784192515232576159e-01 -1.664374362908382921e-01 7.060078046157052256e-01
1.034000000000000000e+03 3.784192515232576159e-01 -1.664374362908382921e-01 7.060078046157052256e-01
