# star id 	 star_x_coords [pc] 	 star_y_coords [pc] 	 star_z_coords [pc] 
4.371500000000000000e+04 9.255447251514006268e-01 -5.939387884130056250e-01 -1.702641068160847482e+00
4.374600000000000000e+04 3.585942034935136746e-01 -1.263890605081694929e+00 -1.500021489911336658e+00
2.313500000000000000e+04 1.268962603065091344e-01 -6.943975307426057952e-01 -1.243796612430525528e+00
4.345800000000000000e+04 -6.940563387264617745e-01 -1.737901688592689453e+00 -1.225079145203231690e+00
4.372100000000000000e+04 6.464131084241415692e-01 1.229500550137480275e+00 -2.915461240985806057e-01
4.357000000000000000e+04 8.144220796856700417e-01 1.693779003668083760e+00 6.997571392357251341e-01
2.313600000000000000e+04 2.367944770761845064e-01 1.949338466803190784e+00 1.731202871989548697e+00
4.350500000000000000e+04 2.367944770761845064e-01 1.949338466803190784e+00 1.731202871989548697e+00
4.345700000000000000e+04 -1.670276365164646393e+00 -1.157165895713099246e-01 6.213074971271765889e-01
4.355800000000000000e+04 4.891090488435843042e-01 -4.162383837741465697e-01 -7.073334848255861118e-01
4.365900000000000000e+04 -1.051481663357233032e+00 -6.235394944635821446e-01 -5.165802100021714693e-01
4.357100000000000000e+04 3.323478368039260999e-01 -1.636358469787740688e+00 -4.029944141813857073e-01
4.355500000000000000e+04 1.948723505615355123e-01 -5.746510715696224736e-01 -3.329921427224142860e-01
4.351400000000000000e+04 7.386365240901007212e-01 4.652064519206149384e-01 3.131098773859619655e-02
4.355700000000000000e+04 7.386365240901007212e-01 4.652064519206149384e-01 3.131098773859619655e-02
4.375800000000000000e+04 -5.507519300142256213e-01 -1.440856776058829780e-01 3.242670615973146653e-01
4.351500000000000000e+04 -3.286555254156482420e-01 6.443246985253381354e-02 8.696376410338650942e-01
4.363100000000000000e+04 -9.352101370859493557e-01 2.363093590992733084e-01 1.076605405879973887e+00
4.375900000000000000e+04 -5.412395493390356194e-01 2.424319183013565748e-01 1.160395374209059582e+00
