# star id 	 star_x_coords [pc] 	 star_y_coords [pc] 	 star_z_coords [pc] 
4.218800000000000000e+04 8.678878109126131335e-01 3.280541295254977285e-01 2.279175783064317784e-01
4.219000000000000000e+04 -1.519292722653275973e-01 1.140825091747643683e-02 -2.423568484588571437e+00
4.219300000000000000e+04 1.040378208845993413e-02 4.781728423600029032e-01 -1.543686131085252100e+00
4.217000000000000000e+04 3.885624403385179448e-02 -1.089935625894533189e+00 -1.057289722588592440e-01
4.216000000000000000e+04 9.392820520746312241e-01 6.000804931757954819e-01 -6.494919681334891948e-01
4.219400000000000000e+04 -6.319824287580075861e-01 -1.773140969243200971e+00 2.978722327795537694e-01
4.219500000000000000e+04 -3.648015336565322286e-01 4.591391633323240740e-01 4.695544965954354666e-01
4.218300000000000000e+04 -3.648015336565322286e-01 4.591391633323240740e-01 4.695544965954354666e-01
4.216100000000000000e+04 -1.448591184484513406e-01 -5.323079936318251271e-01 8.316801802329933935e-01
4.216200000000000000e+04 -1.224015425001994117e-01 5.226345015780680114e-01 1.032776832099685294e+00
4.216900000000000000e+04 -1.224015425001994117e-01 5.226345015780680114e-01 1.032776832099685294e+00
