# star id 	 star_x_coords [pc] 	 star_y_coords [pc] 	 star_z_coords [pc] 
2.798500000000000000e+04 2.379358677656321586e+00 4.736890837372769170e-01 -3.784062427288858999e-02
2.795300000000000000e+04 1.144096012621355074e-01 -1.925761786298849643e-01 -7.373472570624528544e-02
2.795900000000000000e+04 2.214833326550824377e-01 2.393821844563603918e-03 -6.021771980495316257e-02
2.798400000000000000e+04 8.753065321567413681e-01 -7.379055492773503033e-01 -1.667189707973193435e-03
2.796600000000000000e+04 9.239460547332140061e-01 -1.179819437913259605e+00 1.198432873682406807e-01
2.796700000000000000e+04 2.088834730798589390e-01 1.204536059951095694e-01 3.641034494842330105e-01
2.796300000000000000e+04 2.304418301100903954e-01 4.589327714415247783e-02 4.909152690504754446e-01
2.794500000000000000e+04 -1.591161096664422958e+00 -6.655748580114746460e-01 3.573049596884629864e-01
2.799700000000000000e+04 -2.139590318610562036e+00 3.988272631546294633e-01 7.646101958439714963e-01
2.798700000000000000e+04 -5.118567084015297475e-01 4.205701008426316889e-01 -1.876370622114706066e+00
2.794600000000000000e+04 -1.307837279748467640e+00 -1.422094334891014000e+00 1.564281244744620381e+00
2.711500000000000000e+04 -7.319652277471189183e-01 -2.354811248093469089e-01 -1.806891087448420308e+00
2.795400000000000000e+04 -6.343234764684178018e-01 -2.315505761502976156e-01 -1.143762209056831125e-02
2.796000000000000000e+04 3.640617597245174863e-01 2.213483706756136371e-01 -8.011199374248292315e-01
2.795100000000000000e+04 -4.632119678085121484e-01 -4.245595859932649319e-01 -8.006128391649411924e-01
2.796200000000000000e+04 1.030712389428294629e-01 -8.917928359487916623e-01 -1.335736421939515139e-01
2.795800000000000000e+04 4.530544612979142127e-01 3.345334698118662686e-01 -1.568763212787587236e-01
2.799900000000000000e+04 4.328032745247020197e-01 1.202537162048642472e-01 5.038307860843218577e-01
2.794800000000000000e+04 -2.329490667225506684e-01 -5.517739500640601591e-01 7.406069940518875683e-01
2.797000000000000000e+04 -2.961316667056963087e-02 4.208051639341192640e-02 7.444764739079801075e-01
2.797500000000000000e+04 -4.567629384846253471e-01 -1.675801301798216514e+00 6.439591417496615122e-01
2.799600000000000000e+04 2.014833973154944502e+00 -2.768317766915018296e-01 -5.242837312140267159e-01
2.797700000000000000e+04 1.793173934891477916e+00 3.659532413798345374e-01 -5.020392163783355954e-01
2.799100000000000000e+04 4.696875959492812780e-01 7.598653213077213309e-01 -3.597442834185358151e-01
2.796500000000000000e+04 -4.788328132619840138e-01 9.146572496760896342e-01 1.152360298756605061e-02
2.796400000000000000e+04 -3.766109208422509513e-01 6.626350042166109233e-01 -5.818241154650962699e-01
2.709400000000000000e+04 -5.754347277807151384e-01 7.612748044717321250e-01 8.041270192926646132e-01
2.799300000000000000e+04 -7.887739259985936391e-01 7.972888674859817115e-01 1.040889972457890167e+00
2.797100000000000000e+04 -2.655920942262678386e-01 2.044043802380201669e+00 -4.222387332929571357e-01
