# star id 	 star_x_coords [pc] 	 star_y_coords [pc] 	 star_z_coords [pc] 
2.230300000000000000e+04 -1.452026532329261599e+00 4.602575018991927891e-01 1.960894191924015928e+00
2.228400000000000000e+04 3.256444701342458004e-01 -3.458656530256973838e-01 -9.685603661888109173e-02
2.228300000000000000e+04 -7.181548362934133678e-01 1.680556985230694522e-01 -8.525608873983046010e-01
2.230700000000000000e+04 5.332555724526111263e-01 9.046672870233081198e-01 -3.530987799170688390e-01
1.756300000000000000e+04 -3.472063886404113120e-01 1.395749420162481158e+00 1.348233613944280762e-01
2.231600000000000000e+04 1.437479914652897151e-01 1.272540321645223571e-01 -1.285100924664952515e-01
1.756700000000000000e+04 1.017962207907041616e-01 7.244325472733450511e-01 2.632777339585601339e-01
1.748400000000000000e+04 7.983109813447644143e-01 1.491133897756292015e+00 1.011464195692848733e+00
1.675600000000000000e+04 -3.315486937846161553e-01 3.193298790957541655e-01 1.355546396594753844e+00
2.825000000000000000e+03 4.255210910644224853e-01 -1.250537561095349304e+00 -1.026745076212460361e+00
1.054000000000000000e+03 4.255210910644224853e-01 -1.250537561095349304e+00 -1.026745076212460361e+00
8.300000000000000000e+02 -2.429761555415490548e-01 -6.077941879201205211e-01 -1.346573861938985317e+00
2.824000000000000000e+03 3.381151821855814532e-01 -2.136145300516439249e+00 1.050839404840964164e-01
