# star id 	 star_x_coords [pc] 	 star_y_coords [pc] 	 star_z_coords [pc] 
3.925400000000000000e+04 1.383916575336087362e+00 -1.562414235572106236e+00 1.815691049055644157e+00
3.930900000000000000e+04 9.782228801112182737e-01 -1.342208290104522916e+00 1.810026842442269412e+00
3.934800000000000000e+04 1.578478689387566192e+00 -1.208748661965202587e+00 2.166169594679317356e+00
3.929000000000000000e+04 1.099942186634052632e+00 -9.493863860626419182e-01 2.753742858368369184e+00
3.926200000000000000e+04 3.895501463284460897e-01 -8.076983844320295702e-01 1.594195225686746653e+00
3.942400000000000000e+04 1.326656440047599972e-01 -3.647405557547500621e-01 2.276613331705050314e+00
3.932800000000000000e+04 -5.241406407407112056e-01 1.694627907514899334e+00 -1.000469991601292463e+00
3.928600000000000000e+04 -1.461566862220081475e+00 1.772087302365903838e+00 -9.655970454957412130e-01
3.929500000000000000e+04 -1.770582169750213097e+00 2.078150636251010042e+00 -6.004027172587882433e-01
3.926000000000000000e+04 5.735480398642209821e-01 1.718082259667937706e+00 -1.016623352816154124e+00
3.925900000000000000e+04 -5.744473041163757898e-01 1.259771494660611779e+00 -3.153096474146394712e+00
3.945500000000000000e+04 -1.799081990462809699e-01 1.055120770675401332e+00 -2.661988562971856709e+00
3.934000000000000000e+04 -2.067712938138782874e+00 -1.296084748216017601e+00 -3.285895176885986757e-01
3.932500000000000000e+04 -1.284686313119834722e+00 -1.505618860416518601e+00 7.630623869131056836e-01
3.966600000000000000e+04 1.089117365034951490e+00 -2.028607188334007105e+00 1.830928247875363013e-02
3.926300000000000000e+04 -1.780672919476842253e-01 2.015312247911822396e-01 -9.172736457840358071e-02
3.933800000000000000e+04 2.345398657096922079e+00 -1.223281386968352535e+00 1.220844427964095757e+00
3.930800000000000000e+04 -6.694045819440077594e-01 1.404151871873509094e+00 -5.331449411593069954e-01
4.276000000000000000e+04 -1.172338270189612786e+00 1.003719750938600441e+00 -3.351879226657814570e-01
3.945900000000000000e+04 -4.923365758432396433e-01 4.618817915161770316e-01 -2.237125345067312310e-01
3.928500000000000000e+04 -1.118529675629133635e+00 -2.537880499229743236e-01 -1.619550807353391519e-01
3.926500000000000000e+04 -1.441734969263706034e+00 -2.685152755655053625e-01 -2.431371538114035502e-02
3.928200000000000000e+04 -1.158044715427621441e+00 -1.074221045424934573e-01 -5.190584948947218891e-02
3.936000000000000000e+04 -9.434556367680784206e-01 3.049101608969806421e-01 2.385112028649416516e-02
3.928100000000000000e+04 -3.904999731448981493e-01 4.846666449883514360e-01 1.037048854454525326e-01
3.930200000000000000e+04 -5.122067312393596694e-01 -5.513106952960811213e-02 1.039651943897013098e-01
3.925300000000000000e+04 -6.199802710320909682e-01 9.310314022428798353e-01 3.562689323392902452e-01
3.934500000000000000e+04 2.708211168418301895e-01 4.062887488445596773e-01 4.983396497872831787e-01
3.931600000000000000e+04 -4.570621970555066582e-02 -3.399142775743797529e-01 3.901461338928697842e-01
3.929900000000000000e+04 -5.181584757214352521e-01 1.812434038745323051e-01 4.010809604388896332e-01
3.947300000000000000e+04 7.165535941716427715e-01 3.758046125010139349e-02 -1.029153740923220539e+00
3.927800000000000000e+04 1.584913607769351529e+00 -6.337261317252682602e-01 1.171039721621227159e+00
3.932200000000000000e+04 7.999696509048703774e-02 4.895955648032952467e-01 1.400007244654659644e-01
3.925000000000000000e+04 8.043147749322088202e-02 4.026580840854592225e-01 6.429007235608850124e-01
3.923800000000000000e+04 1.558651712904975284e+00 -1.180741664045783068e+00 -5.442806025440205531e-01
3.924100000000000000e+04 1.689468092132187849e+00 -2.605925572241446275e+00 1.586534466416750888e+00
4.170900000000000000e+04 1.887330465106344946e-01 -9.502997462257951611e-01 1.934040057153254111e+00
3.927900000000000000e+04 -3.549062214594584930e-01 -5.938833643075582813e-01 1.708752471164700637e+00
3.925200000000000000e+04 4.106613479787881715e-01 -4.059174251129178401e-01 1.467545865110849945e+00
3.929400000000000000e+04 -7.752993943003332333e-01 -1.232719101278973994e-01 -1.904139322092845532e+00
3.926100000000000000e+04 -1.760609497523745404e+00 1.765088423540817075e-02 -1.797782037628948615e+00
3.929100000000000000e+04 4.430007762098853163e-02 1.318861494196710282e-01 -1.440287493028293397e+00
3.927200000000000000e+04 -8.992565490586912347e-03 3.871152792371788109e-01 -1.342041598934443414e+00
3.929700000000000000e+04 5.951069745828760915e-01 1.403693592092267295e+00 -1.685107469666064617e+00
4.154100000000000000e+04 1.286224544736995767e+00 -4.720022043422318347e-01 -1.673411390257257381e+00
3.934300000000000000e+04 -2.072707437276875453e+00 -9.779839777002052870e-01 -6.921563206520602307e-01
3.930300000000000000e+04 6.067105652802808891e-01 7.695823192399586787e-01 -2.880045201933256749e-01
3.925700000000000000e+04 5.973541549293770458e-01 4.325438010779407705e-01 -5.505422022693551298e-02
3.924000000000000000e+04 2.021481505184056005e+00 -4.330225347374323519e-01 7.713620902039508564e-02
3.926400000000000000e+04 5.394673107739436091e-01 4.366620273031713850e-01 -9.007396275470682667e-01
3.930400000000000000e+04 1.732566058329382486e+00 -6.007299969925554706e-01 1.576196069717212822e-01
3.927400000000000000e+04 7.998556897618414041e-01 5.224317171682315575e-01 4.606017788463674378e-01
3.930000000000000000e+04 1.324956077188488734e+00 1.075879541213851098e+00 6.635923877508105306e-01
3.929600000000000000e+04 -1.968261602427702428e+00 -2.022124925532651218e+00 3.687144697457398479e-01
3.927000000000000000e+04 -7.867834478941233556e-01 2.745613485163360679e+00 -1.858366445215466456e+00
3.941100000000000000e+04 -7.223720874063133124e-02 -1.225484028642185308e+00 1.514027713770346395e+00
3.927500000000000000e+04 -7.757889522908385516e-01 1.728514654779502280e+00 -1.829278242675286492e+00
