# star id 	 star_x_coords [pc] 	 star_y_coords [pc] 	 star_z_coords [pc] 
1.860200000000000000e+04 -7.531201652906105437e-02 -4.260763509082607925e-01 7.076396009859990954e-01
1.859600000000000000e+04 -3.548644136980740882e-01 -2.894857904762098144e-01 5.521668212491235295e-01
1.865500000000000000e+04 -1.546491030505521280e-01 -4.985256485881706112e-01 6.460852331216671018e-01
1.877200000000000000e+04 1.422394989945843236e-01 -7.023208300187704367e-01 6.296504350181919563e-03
1.864800000000000000e+04 -5.976798586929206181e-01 -4.176360437518908952e-01 2.498569883275152392e-01
1.860300000000000000e+04 -4.575207867703596776e-01 -9.247229311668903051e-02 1.716629890153953397e-01
1.860600000000000000e+04 4.898089685625635070e-01 2.996851522540211477e-01 4.382483020289171805e-01
1.860700000000000000e+04 4.505612865844170756e-01 5.807462765110145142e-01 1.867190024393039494e-01
1.876700000000000000e+04 5.288703426721568235e-01 7.671291004086562282e-01 -5.335539174549808195e-02
1.853300000000000000e+04 5.288703426721568235e-01 7.671291004086562282e-01 -5.335539174549808195e-02
1.853400000000000000e+04 -5.063332555836410620e-01 -4.216097776525558061e-01 -1.390680651395825862e-02
1.855600000000000000e+04 -5.063332555836410620e-01 -4.216097776525558061e-01 -1.390680651395825862e-02
1.857800000000000000e+04 5.098559454824851400e-01 8.748839045278344884e-03 -4.347079224029215538e-01
1.855800000000000000e+04 4.886631223055388773e-01 -1.819842885586773207e-01 -2.118512370829321867e-01
1.853900000000000000e+04 6.073471942024255554e-01 -5.010279095764857971e-02 -1.618176188771514035e-02
1.870300000000000000e+04 9.084247537369805059e-02 6.351944043417212526e-01 -1.298150981932124637e-01
1.855500000000000000e+04 -6.585145076648757367e-03 8.410576075006517272e-01 -7.954859707012218450e-02
1.876800000000000000e+04 -3.301383055182043336e-01 -2.382983672335292624e-01 -6.052008350101232281e-01
1.872500000000000000e+04 4.195893680025619688e-02 -1.167122491892698122e-01 -5.756713681758185430e-01
1.864400000000000000e+04 -2.838795471909634216e-01 -3.569179716578929629e-01 4.086019546933172819e-01
1.860100000000000000e+04 -1.024408719973237680e-01 7.962604050121058208e-03 4.363736284451249503e-01
1.850300000000000000e+04 3.945010325504938464e-02 -1.076226249355016762e-01 2.676414371274304926e-01
1.866400000000000000e+04 -5.821783863951424109e-02 -4.086126945232493313e-02 3.762590038693502947e-01
1.852400000000000000e+04 -1.959107622406648375e-01 8.585825416769665708e-02 2.768556133993769208e-01
1.859000000000000000e+04 1.428029645419570670e-01 2.868583892190450513e-01 3.026416117979948694e-01
1.866600000000000000e+04 -2.913226152301859884e-01 2.699372469082881310e-01 -5.114623776499627184e-03
1.849900000000000000e+04 -1.388211243782180304e-01 1.846206647893069430e-01 1.174948803004198794e-01
1.863000000000000000e+04 -1.178410861884771066e-01 1.636377904537980044e-01 1.299755130861655061e-01
1.850400000000000000e+04 -2.403390825395703700e-01 1.776179398915296304e-01 1.415558396383289619e-01
1.864600000000000000e+04 -2.403390825395703700e-01 1.776179398915296304e-01 1.415558396383289619e-01
1.858700000000000000e+04 -2.116144151169478960e-01 5.099089547039525883e-02 7.989578952150111490e-02
1.860400000000000000e+04 -2.199442579082742100e-01 1.074299007487162783e-01 2.531520979530625937e-01
1.865900000000000000e+04 -2.406611637537992010e-01 4.954399524421049250e-02 2.474975359467563862e-01
1.873100000000000000e+04 -2.372448480164592866e-01 -2.653676007448773078e-01 1.890628350953420522e-01
1.868300000000000000e+04 -2.372448480164592866e-01 -2.653676007448773078e-01 1.890628350953420522e-01
1.850900000000000000e+04 -3.697437659024984669e-01 -3.388211197407287045e-01 2.539282498324695325e-01
1.871000000000000000e+04 -7.486629959770141340e-02 -3.063307826662580169e-01 1.137035415385412307e-01
1.852300000000000000e+04 3.980051118205807370e-02 -4.186458983030760805e-01 1.108061448644974689e-01
1.852200000000000000e+04 -5.701083708592591393e-02 -2.316502891378675599e-01 5.780699028648683679e-02
1.863600000000000000e+04 -1.153778204238662397e-01 -1.172078940029877003e-01 2.480622974527122437e-01
1.859800000000000000e+04 -6.330449155825590424e-02 -1.879678013741639120e-01 1.384355341094334335e-02
1.851400000000000000e+04 3.743587280425231256e-03 -1.001066765982834283e-01 7.563805258996580960e-03
1.854200000000000000e+04 8.425671919093957740e-02 2.798747232235854199e-02 -4.715430236693407551e-03
1.856200000000000000e+04 3.768158440337288084e-02 -4.678955135335272075e-02 4.104808220888855885e-02
1.857100000000000000e+04 3.768158440337288084e-02 -4.678955135335272075e-02 4.104808220888855885e-02
1.867200000000000000e+04 3.768158440337288084e-02 -4.678955135335272075e-02 4.104808220888855885e-02
1.867100000000000000e+04 3.768158440337288084e-02 -4.678955135335272075e-02 4.104808220888855885e-02
1.873500000000000000e+04 -2.055557685388720301e-02 6.599760755570116544e-04 3.155320663316985019e-02
1.857400000000000000e+04 1.473732671020400176e-02 4.600406883923824353e-03 5.283226938686880203e-02
1.857300000000000000e+04 1.473732671020400176e-02 4.600406883923824353e-03 5.283226938686880203e-02
1.856600000000000000e+04 -5.742840280418448629e-02 -7.014111614935458761e-02 2.654982171647901623e-02
1.859300000000000000e+04 -5.742840280418448629e-02 -7.014111614935458761e-02 2.654982171647901623e-02
1.873700000000000000e+04 7.021063107603708886e-02 -1.577011375016859063e-01 1.481876525661007804e-01
1.867300000000000000e+04 -3.057264943120685530e-02 -1.448595807570782767e-01 2.142577777237733017e-01
1.858500000000000000e+04 4.002771630804602410e-02 -2.243324358056284495e-01 3.251780230347378620e-02
1.858400000000000000e+04 -3.631750957107016120e-02 7.012147547407110437e-02 6.875098950697378086e-02
1.851800000000000000e+04 -8.403382643280821185e-02 1.871634524494574237e-01 1.690733041392462610e-01
1.868800000000000000e+04 -1.045612202233314747e-03 1.724875477364982146e-01 6.389061653674588115e-02
1.862100000000000000e+04 2.170450289902703389e-03 1.269024573402255385e-01 1.212811227241843426e-01
1.861400000000000000e+04 2.170450289902703389e-03 1.269024573402255385e-01 1.212811227241843426e-01
1.862000000000000000e+04 3.123941054101919690e-02 5.853741828574499095e-02 3.393365582552121396e-02
1.864700000000000000e+04 -1.162401440458182833e-02 2.145986826718413454e-01 2.521089177380773094e-01
1.872700000000000000e+04 2.105633454531385951e-02 4.741721003642140886e-02 2.567202209096066667e-01
1.877600000000000000e+04 2.124477870464716034e-01 -2.587151770033493392e-01 -3.234906605939613655e-03
1.852600000000000000e+04 3.252933101277974970e-01 -7.081851015146511941e-02 1.220738750468797207e-01
1.872600000000000000e+04 1.849409298778184052e-01 -6.436159634527882645e-02 5.022485676099819329e-02
1.868100000000000000e+04 2.503747670137101977e-01 -2.438610026620366966e-01 2.861141535545783654e-01
1.856800000000000000e+04 3.981445576054198909e-01 9.370871858126150755e-02 2.653948952018438945e-01
1.867000000000000000e+04 2.478878455667015146e-01 1.018959900722649081e-03 3.796216473931011137e-01
1.851000000000000000e+04 3.715503844697138902e-01 -1.827347119827891220e-01 4.631957292481203581e-01
1.853800000000000000e+04 3.676125881853735677e-01 1.215743645472606715e-01 -1.159010132243238900e-01
1.873000000000000000e+04 1.767900845819951883e-01 1.186473127394869209e-01 -5.736135545144094294e-02
1.855100000000000000e+04 -2.435215013381508697e-01 7.893211129228205891e-02 -1.111430335833318850e-02
1.842700000000000000e+04 2.119564602348873450e-01 -4.163658458303700627e-01 -2.142975224931049638e-01
1.870600000000000000e+04 2.119564602348873450e-01 -4.163658458303700627e-01 -2.142975224931049638e-01
1.869100000000000000e+04 -1.228276269405057519e-01 -3.803679534763375614e-01 -2.523951097018581891e-01
1.852900000000000000e+04 3.876925226438743266e-02 1.644001765140181703e-01 -2.765827853848676909e-01
1.861700000000000000e+04 1.019194505967746522e-01 2.119006939533853995e-01 -1.755163734323872404e-01
1.855200000000000000e+04 1.019194505967746522e-01 2.119006939533853995e-01 -1.755163734323872404e-01
1.856500000000000000e+04 1.019194505967746522e-01 2.119006939533853995e-01 -1.755163734323872404e-01
1.839400000000000000e+04 -6.470858102257892597e-02 2.112609601019919126e-01 -2.284072703255191072e-01
1.839300000000000000e+04 7.668650721637249035e-02 1.383616416908850510e-01 -1.007993490886178733e-01
1.870000000000000000e+04 7.668650721637249035e-02 1.383616416908850510e-01 -1.007993490886178733e-01
1.869900000000000000e+04 1.232409903586173527e-01 1.545299789049146000e-01 -7.401938012748843221e-02
1.853200000000000000e+04 1.232409903586173527e-01 1.545299789049146000e-01 -7.401938012748843221e-02
1.851300000000000000e+04 2.482948829458564433e-02 1.771758486008643274e-01 -2.325958340092881826e-02
1.870100000000000000e+04 3.537386993558300219e-02 5.825507354570191865e-02 -9.581230509020599584e-03
1.853100000000000000e+04 3.537386993558300219e-02 5.825507354570191865e-02 -9.581230509020599584e-03
1.876500000000000000e+04 -2.854160791915205664e-02 9.465563113759856151e-02 -9.482782038659820500e-03
1.864000000000000000e+04 6.688511334199631619e-02 1.692568066746957811e-01 -1.075730557067799964e-02
1.862600000000000000e+04 1.541342121653812569e-01 -3.034974091360780335e-01 -2.169816723520412438e-01
1.868700000000000000e+04 -2.520311374105688174e-03 -4.373929668802816195e-01 -1.362701755931183811e-01
1.872400000000000000e+04 -1.002929856235112993e-02 -2.751446234967005466e-01 -2.457615787250944095e-02
1.876300000000000000e+04 -3.768308990429929395e-01 -8.574183085765696433e-02 -2.349141366144564813e-01
1.857500000000000000e+04 -1.267761713119028855e-01 -3.658590385379056897e-02 -2.357105148314531107e-01
1.854000000000000000e+04 -2.519797538435568640e-01 -5.845241144649904186e-02 -1.415835020665738853e-01
1.869300000000000000e+04 -2.395327969601126483e-01 -1.759847258920927970e-01 -1.578321516855183404e-01
1.869800000000000000e+04 -1.477489394529527544e-01 -1.303741543124630198e-01 -9.223426749612428921e-02
1.862400000000000000e+04 -3.128452968945509838e-01 4.137799661658903005e-02 -4.504587927278436155e-02
1.864900000000000000e+04 -1.157532096644970920e-01 3.573202039931544505e-02 -1.958928387397662618e-02
1.849800000000000000e+04 -1.157532096644970920e-01 3.573202039931544505e-02 -1.958928387397662618e-02
1.849200000000000000e+04 -1.063674401066165842e-01 6.020027815914374969e-03 -1.871958063250787063e-01
1.841500000000000000e+04 4.711522009579027781e-03 -1.798605642552075778e-02 -2.002058085204012627e-01
1.841400000000000000e+04 4.711522009579027781e-03 -1.798605642552075778e-02 -2.002058085204012627e-01
1.867900000000000000e+04 1.063710444986796233e-01 -4.525292311394224498e-02 -1.826725306966565654e-01
1.867800000000000000e+04 -6.800880588741620159e-03 -1.670993330452503756e-01 -2.098085377766878423e-01
1.876400000000000000e+04 -6.800880588741620159e-03 -1.670993330452503756e-01 -2.098085377766878423e-01
1.842100000000000000e+04 -9.196365575594001029e-02 -1.310789379300985047e-01 -8.239382190063082589e-02
1.842000000000000000e+04 1.408961387582436942e-01 -8.982302483268256310e-02 -4.380125383502786462e-02
1.841900000000000000e+04 1.408961387582436942e-01 -8.982302483268256310e-02 -4.380125383502786462e-02
1.868200000000000000e+04 5.192008052220842274e-02 -6.484937309262406302e-02 -4.376188585943907583e-02
1.839100000000000000e+04 -4.168900860744884085e-02 -9.357784551792036609e-03 -3.254211172419019249e-02
1.861600000000000000e+04 -8.923698146337244452e-02 -3.594207720794528882e-02 -8.008223114359225292e-03
1.859200000000000000e+04 2.166879860099086841e-01 5.005037579987963170e-01 7.462289949203437800e-02
1.873200000000000000e+04 -1.329516117897284744e-01 3.693900709703541452e-01 -2.567472941965931454e-01
1.873300000000000000e+04 9.865133824860095046e-02 4.633303743985059953e-01 -2.766508252395070144e-01
1.864500000000000000e+04 -1.147772541450819972e-03 4.001414794021478372e-01 -1.974149764158710241e-01
1.859500000000000000e+04 -1.147772541450819972e-03 4.001414794021478372e-01 -1.974149764158710241e-01
1.854700000000000000e+04 8.097451969685920403e-02 5.197941340074834216e-01 -4.286507414901308266e-02
1.841800000000000000e+04 -2.621360428064392067e-01 6.353805886429952920e-02 -3.093322923657950696e-01
1.864200000000000000e+04 4.252279265687519683e-02 1.407358677459065177e-01 -5.264509610188170541e-01
1.875800000000000000e+04 3.229728364278301456e-01 -3.502738989185516516e-02 -4.445874897165182915e-01
1.852700000000000000e+04 -1.736058371843114401e-01 -4.656138199359460828e-02 -5.405451626740571669e-01
1.857200000000000000e+04 1.062789393778587055e-01 -1.407622385294082790e-01 -3.826637209039489562e-01
1.854300000000000000e+04 -1.591310169376924932e-02 -5.359726193223224300e-03 -3.468002399978331596e-01
