# star id 	 star_x_coords [pc] 	 star_y_coords [pc] 	 star_z_coords [pc] 
2.300100000000000000e+04 -8.655193495771573708e-01 1.740685329691245897e+00 -3.121214742125593133e-01
4.264500000000000000e+04 -5.075651841568955547e-01 2.297658705272338509e+00 -3.634927246055044137e-01
4.132800000000000000e+04 4.482162478925566518e-02 2.012315280436951070e+00 -8.940422088330812755e-02
4.132900000000000000e+04 1.993914609422553497e-01 2.167189583442404199e+00 -4.876826382003063287e-02
4.264200000000000000e+04 1.366645276007510290e+00 -1.532054465706185198e+00 6.862385748061914370e-01
4.133600000000000000e+04 9.042719971468820006e-01 -1.271706802663596036e+00 9.991221040228905892e-01
4.133500000000000000e+04 1.575003905058571796e+00 -2.003006294337453141e+00 1.277137803001317629e+00
1.692200000000000000e+04 1.926453451651569893e+00 -9.560814881454451353e-01 -3.732944810412828218e-01
4.263900000000000000e+04 3.463213509818281466e-01 -1.314748479878755205e+00 4.420440838578150178e-01
4.134300000000000000e+04 -8.221784707581960561e-01 4.444597130866387857e-01 -7.798698987972638719e-01
4.134500000000000000e+04 -1.996078402289100495e+00 7.067890326613639473e-01 -3.854281806325197124e-01
4.134600000000000000e+04 -1.517242161105308185e+00 -4.623861121560821630e-01 2.444259286034817791e-01
4.133400000000000000e+04 -1.517242161105308185e+00 -4.623861121560821630e-01 2.444259286034817791e-01
4.137300000000000000e+04 4.030338355970073394e-01 -2.348769542997022342e-01 -6.565335006302337462e-01
4.134700000000000000e+04 4.416880732625472206e-03 2.690253853554729346e-01 -3.325440521018814266e-01
4.137000000000000000e+04 -2.873281462092833749e-01 -8.431841224061891182e-01 -5.552046619717758702e-01
4.134400000000000000e+04 7.427941020231045854e-01 -5.576921962358429852e-01 3.267036534356115851e-03
