# star id 	 star_x_coords [pc] 	 star_y_coords [pc] 	 star_z_coords [pc] 
9.076000000000000000e+03 2.006525474540683973e+00 -4.240286118395939496e-01 7.472356250376188669e-01
9.970000000000000000e+03 2.181602513984390868e+00 -7.696970821278199537e-01 1.268913389639505507e+00
9.998000000000000000e+03 -1.588354030378269499e-01 6.902624624190245584e-02 1.190513730108946788e+00
9.961000000000000000e+03 7.542936113161324840e-01 6.174828682638118238e-01 7.071961240945228155e-01
1.139100000000000000e+04 1.884116451605137854e-01 2.249183644087935363e-01 7.905592464959827481e-01
9.902000000000000000e+03 3.119447395788217392e+00 -1.513278934196849335e+00 7.129304860936978017e-01
1.003300000000000000e+04 5.297165825619565283e-01 -1.014916049677541565e+00 -7.024876886987847513e-01
9.916000000000000000e+03 5.398215971705120353e-01 -3.975729469722271148e-01 2.102936024312969110e-01
9.922000000000000000e+03 6.648475103140008002e-01 8.430157935595818941e-01 -4.461651364738505876e-01
9.918000000000000000e+03 2.362050615395855147e+00 -1.265850512708395215e+00 -3.567640947708587973e-01
9.912000000000000000e+03 1.011818440634648653e-01 9.449001130352812083e-01 -6.451746969499083662e-02
9.926000000000000000e+03 -1.128856976972015147e+00 -1.289795059708053415e+00 -1.575176818022138825e+00
9.923000000000000000e+03 -2.214197044012387039e-01 -8.184207255136275450e-01 -1.104294868040424760e+00
9.905000000000000000e+03 8.602337098964838447e-01 -3.568729654388693717e-01 -1.428040016861142902e+00
9.911000000000000000e+03 -1.054012113863525002e+00 -1.689335828702560605e-01 -1.160367062825097051e+00
9.917000000000000000e+03 1.941889198097342728e+00 -9.704834241626052460e-01 -9.706401220318463530e-01
9.907000000000000000e+03 -9.498699025910024574e-01 2.704224594164728046e-02 4.990729030296421342e-01
9.937000000000000000e+03 -1.140862664443048402e+00 1.730491698406790846e-01 4.883460553621317146e-01
9.925000000000000000e+03 -3.653232586402950233e-01 9.641242583722586801e-02 2.381612116115352507e-01
9.931000000000000000e+03 -1.809945107840391643e-01 1.394768876086160958e-02 2.666778713506365861e-01
9.906000000000000000e+03 -1.809945107840391643e-01 1.394768876086160958e-02 2.666778713506365861e-01
9.901000000000000000e+03 -4.556942156253711573e-01 3.195283245482549717e-01 2.677967813657469165e-01
9.920000000000000000e+03 -4.801795339620795744e-01 2.826241716372965840e-01 2.760886290505624174e-01
9.117000000000000000e+03 -3.323211842234030655e-01 2.129528299996437113e-01 3.559674625859194919e-01
9.953000000000000000e+03 -3.323211842234030655e-01 2.129528299996437113e-01 3.559674625859194919e-01
9.946000000000000000e+03 -1.144212659550447597e-03 -5.857358189362962264e-01 6.990021917815418817e-01
9.017000000000000000e+03 -5.507941582364992428e-01 -4.179622064367816137e-01 3.234557589985680437e-01
9.927000000000000000e+03 -5.630206135075148666e-01 5.018340557390796874e-01 4.151777867455663795e-01
9.954000000000000000e+03 -5.068556763911544749e-01 6.633790945814492801e-01 4.556731878942503755e-01
9.944000000000000000e+03 -4.186491155908598216e-01 4.998735173048967084e-01 5.890494243954353948e-01
9.976000000000000000e+03 1.514505782491681884e-01 1.632144489618152505e-01 -2.821248620039638055e-01
9.948000000000000000e+03 9.320419566527249344e-02 9.051700237044713049e-03 -1.245506147304364930e-01
9.019000000000000000e+03 -1.888522478341769784e-02 -1.830956650994863821e-02 -3.192669818904647627e-03
9.018000000000000000e+03 8.382293645290417317e-04 1.803945257856636175e-01 4.034239550264562268e-02
9.974000000000000000e+03 5.720877228938547887e-03 -7.158538684535642460e-02 1.145521253252548277e-01
9.908000000000000000e+03 5.720877228938547887e-03 -7.158538684535642460e-02 1.145521253252548277e-01
9.929000000000000000e+03 -4.815994512002177430e-01 6.957632245840095209e-02 -2.825824122154365625e-01
9.016000000000000000e+03 -3.239027836368109092e-01 -2.066028934967842901e-01 -2.770560992959980595e-01
9.075000000000000000e+03 -5.388106800455503276e-01 -2.159359920689141177e-02 -2.447103625562041529e-01
9.904000000000000000e+03 -1.872156361080783427e-01 8.052082745748911918e-02 -1.251448329180027130e-01
9.943000000000000000e+03 -1.872156361080783427e-01 8.052082745748911918e-02 -1.251448329180027130e-01
9.932000000000000000e+03 -1.867397215654662546e-01 4.931538179079630879e-02 -9.271903702738448771e-02
9.999000000000000000e+03 -6.340651590253543191e-02 -8.323139346329000432e-03 -5.625198450469337530e-02
9.933000000000000000e+03 -5.126348118292334277e-01 2.454051562954777665e-01 -2.416514880529696541e-02
9.909000000000000000e+03 -5.126348118292334277e-01 2.454051562954777665e-01 -2.416514880529696541e-02
9.900000000000000000e+03 -2.071203292510759297e-01 1.837280035473494166e-01 -1.846860172984854387e-03
9.091000000000000000e+03 -1.368176119732211760e-01 7.458314569152690865e-02 3.741409758460889634e-02
9.969000000000000000e+03 -1.932208390919036844e-01 -8.285148005905185187e-03 9.435941408780923467e-02
9.921000000000000000e+03 -1.705534721036769952e-01 3.005702367165881128e-01 1.539471479280729582e-01
9.082000000000000000e+03 -1.832357472303769441e-01 2.624447364187911802e-01 2.227978965970445202e-01
9.078000000000000000e+03 -1.832357472303769441e-01 2.624447364187911802e-01 2.227978965970445202e-01
9.910000000000000000e+03 -7.589729399724518544e-01 -3.533853523530137153e-01 -3.050378161564815116e-01
9.973000000000000000e+03 4.297713603899566692e-02 6.567531342487651358e-01 9.265281946548142855e-02
9.077000000000000000e+03 -2.370432544705600719e-01 5.931150871575834316e-01 -2.827084552043626076e-01
9.964000000000000000e+03 -1.862020194917413107e-01 4.243498180310822931e-01 -2.798874437232647949e-01
9.104000000000000000e+03 -4.874561781199489019e-01 4.303732637910648862e-01 -1.477884750518354551e-01
9.966000000000000000e+03 -4.874561781199489019e-01 4.303732637910648862e-01 -1.477884750518354551e-01
9.914000000000000000e+03 -3.660041790100230230e-01 -5.247697799218187242e-02 -3.877579451456982795e-01
9.994000000000000000e+03 -3.005431934681368489e-01 3.198476401333216756e-02 -3.333101109769502912e-01
9.945000000000000000e+03 3.447523176975231252e-01 -3.386743670490854896e-01 -3.456381658689311465e-01
9.935000000000000000e+03 3.836990163535602960e-02 6.533577510064283445e-01 -5.161477595634629267e-01
