# star id 	 star_x_coords [pc] 	 star_y_coords [pc] 	 star_z_coords [pc] 
6.034400000000000000e+04 -1.152957470288178854e+00 -1.415738937445393919e+00 2.771061401845500427e-01
6.032900000000000000e+04 -1.060239608959101076e+00 8.269807806484932300e-01 -9.799272263586722431e-02
5.862500000000000000e+04 -6.023564789120818830e-01 -1.678402602029079649e+00 1.100867424304606601e+00
5.687800000000000000e+04 -8.349998689169098043e-01 -9.622302373759206162e-02 6.468669731392164834e-01
6.409700000000000000e+04 1.968558440696916989e-01 -9.047513087917988805e-01 5.872743946434013651e-01
6.032800000000000000e+04 6.853110645871218765e-01 9.454059409108568346e-01 5.665946384219306964e-01
6.204800000000000000e+04 7.747347529627468532e-01 2.877367980673781744e-01 -8.968558229148175798e-01
6.420700000000000000e+04 1.127547198889708113e+00 1.033408058799093254e+00 -7.794594869643454160e-01
4.616700000000000000e+04 7.747347529627468532e-01 2.877367980673781744e-01 -8.968558229148175798e-01
6.622000000000000000e+04 -2.134358396384783418e-02 6.296852948952107454e-01 -3.330683365016504638e-01
