# star id 	 star_x_coords [pc] 	 star_y_coords [pc] 	 star_z_coords [pc] 
3.565400000000000000e+04 -1.396476114835456528e+00 -7.389418796412599022e-01 -4.411722196260399187e-01
2.345100000000000000e+04 -1.396476114835456528e+00 -7.389418796412599022e-01 -4.411722196260399187e-01
3.565600000000000000e+04 -4.431347751755829734e-01 -4.757509257231760103e-01 -3.574650846312081853e-01
3.565500000000000000e+04 -1.978442139023428581e-02 -3.083479793856866991e-01 4.849016816918663153e-01
2.898500000000000000e+04 -1.978442139023428581e-02 -3.083479793856866991e-01 4.849016816918663153e-01
2.341700000000000000e+04 -1.978442139023428581e-02 -3.083479793856866991e-01 4.849016816918663153e-01
3.516700000000000000e+04 -1.978442139023428581e-02 -3.083479793856866991e-01 4.849016816918663153e-01
3.516800000000000000e+04 -1.978442139023428581e-02 -3.083479793856866991e-01 4.849016816918663153e-01
2.341800000000000000e+04 1.441761772701372735e+00 8.960166882100679686e-01 -6.971890265258124941e-01
3.565300000000000000e+04 1.441761772701372735e+00 8.960166882100679686e-01 -6.971890265258124941e-01
3.565200000000000000e+04 2.364821588633603255e-03 1.092299379345213595e+00 1.773613428045273110e-01
2.245100000000000000e+04 4.491207472746747698e-01 6.110418310989373936e-01 3.231783663960641206e-02
