# star id 	 star_x_coords [pc] 	 star_y_coords [pc] 	 star_z_coords [pc] 
2.210800000000000000e+04 -4.709902642245253901e-01 -1.156416452485384383e+00 -1.300864713488891766e-01
2.335100000000000000e+04 5.121961504873642212e-01 2.471083069375552554e-01 -7.700598077803988417e-02
2.218800000000000000e+04 1.881654960031546864e-01 -8.261091754946434662e-01 4.004480157003129648e-01
2.327000000000000000e+04 2.492187630059330417e-01 2.941037732193336751e-01 9.868874826831870450e-01
2.285600000000000000e+04 2.657509491154659287e-01 -1.516821788936624671e+00 7.153279146000812716e-01
2.206300000000000000e+04 -7.234428583344687524e-02 9.919960328454493492e-01 -8.256367726086608627e-01
2.211400000000000000e+04 -2.923665263661199276e-01 8.971552410586127735e-01 2.626301168442068956e-01
2.333500000000000000e+04 7.249937798090719809e-01 4.868725412473082770e-01 -4.418342545011810785e-01
2.325200000000000000e+04 -1.104624059205072228e+00 5.821115237127258979e-01 -8.907300472073487185e-01
