# star id 	 star_x_coords [pc] 	 star_y_coords [pc] 	 star_z_coords [pc] 
1.858600000000000000e+04 -1.459021490782706820e+00 -8.499847904318844627e-01 -1.299596265076210955e+00
1.859800000000000000e+04 -7.030473893530277962e-01 -1.281504240943432293e+00 -8.086367676946579763e-01
1.859000000000000000e+04 -6.864682319025057211e-01 -4.666858126790991435e-01 -6.282883379699910620e-01
1.876800000000000000e+04 -5.398439302096740278e-01 -4.057000304192630580e-01 3.536115164220419160e-01
1.855800000000000000e+04 -6.639107252600169318e-01 -1.154511563020493625e+00 -9.729280376481810322e-01
1.864500000000000000e+04 -1.641687537301848465e+00 -1.731633880253975022e+00 -5.097422342908828341e-01
1.862100000000000000e+04 -8.880499296282451382e-01 5.501274502941910782e-02 3.380626656502343508e-01
1.868900000000000000e+04 -8.880499296282451382e-01 5.501274502941910782e-02 3.380626656502343508e-01
1.855700000000000000e+04 -5.410023737572728919e-01 -2.172055297742012669e-01 6.590954025448141351e-01
1.856200000000000000e+04 -5.410023737572728919e-01 -2.172055297742012669e-01 6.590954025448141351e-01
1.862000000000000000e+04 -9.808559561594947240e-01 -3.561958912562328550e-01 7.599883211453359877e-01
1.877600000000000000e+04 -1.109528968845101105e+00 -3.840411875312454981e-02 7.020619462001533861e-01
1.860100000000000000e+04 -6.451874754185773497e-01 9.929352777541975428e-01 2.613154910165960132e+00
1.863300000000000000e+04 -1.599800483731645073e+00 1.700352050679619254e+00 6.556619867858373141e-01
1.854300000000000000e+04 -2.272318702749362984e+00 4.273172120937793750e-01 2.047714019900723770e-01
1.865800000000000000e+04 -1.707793352196041781e+00 1.208971535472690206e+00 -3.995801056456826927e-02
1.870200000000000000e+04 -1.753149035616409890e+00 2.415958548486013768e+00 2.251546846853926809e-01
1.863900000000000000e+04 -5.593512483907829846e-01 1.226343365733283619e+00 -1.604095184923551187e+00
1.862400000000000000e+04 -5.593512483907829846e-01 1.226343365733283619e+00 -1.604095184923551187e+00
1.860300000000000000e+04 -5.920464927771291741e-01 4.093093914887244722e-01 1.501063069821455542e-01
1.860200000000000000e+04 -8.116964388214356063e-01 1.657211525332353830e-01 1.860464271873709663e-01
1.853100000000000000e+04 -4.759937301599670434e-01 5.860398781426354731e-01 7.412589679076901916e-01
1.854900000000000000e+04 -1.043258376608164895e+00 1.078433547549446203e+00 1.505383162695167698e+00
1.874200000000000000e+04 -7.794570863835588170e-01 8.217059305978988704e-01 2.336086174081870581e-01
1.861300000000000000e+04 -6.547402608568049232e-01 4.149026996616935747e-01 -2.783831219394983236e-02
1.855900000000000000e+04 -1.342217220682620393e+00 7.128004112102672707e-01 -3.012388371637300111e-01
1.859600000000000000e+04 -7.120742314723287336e-01 1.388689763641041353e+00 -1.363602454496835037e+00
1.861000000000000000e+04 4.422893633567284155e-01 2.071079957942453476e+00 -4.645084685482956388e-01
1.864400000000000000e+04 1.239564537601438587e-01 1.349124404807707123e+00 -1.047245926557302198e+00
1.873500000000000000e+04 1.081233805717722873e-01 1.363803436568746363e+00 -6.507400462480461556e-02
1.861900000000000000e+04 1.081233805717722873e-01 1.363803436568746363e+00 -6.507400462480461556e-02
1.861700000000000000e+04 -1.530433068764125437e-02 1.536244619010345147e+00 1.682734738140680975e-01
1.849200000000000000e+04 2.425738899702558626e-01 1.236018701175590095e+00 6.178971547139582299e-01
1.839400000000000000e+04 6.855542983982658711e-01 1.076318239761670625e+00 5.878431444478735557e-01
1.839300000000000000e+04 1.142857990568504789e+00 1.105806006015525256e+00 9.741433375525545557e-01
1.851200000000000000e+04 1.142857990568504789e+00 1.105806006015525256e+00 9.741433375525545557e-01
1.857700000000000000e+04 1.957833005189257847e-01 9.625143352128713303e-01 -5.163387129420584643e-01
1.871200000000000000e+04 2.087893217841383375e-01 8.934968584477580578e-01 1.088448844190352816e-01
1.855200000000000000e+04 7.267168709398319493e-02 8.446917355506400327e-01 1.484656825572017169e-02
1.864000000000000000e+04 3.262326998389681876e-01 1.049443399363051199e+00 2.257819961540477038e-01
1.862800000000000000e+04 -5.207992253193793886e-03 6.580191643451307471e-01 5.292084664377298964e-01
1.856700000000000000e+04 -2.416829134931788303e-01 2.684784293658113441e+00 6.566731494388022838e-03
1.870900000000000000e+04 -6.287847187969930474e-03 7.472648234715499882e-01 9.728983287023567073e-01
1.859100000000000000e+04 5.059527931665357414e-01 6.859187422618298058e-01 1.994042130310447192e-01
1.878200000000000000e+04 -2.384449138340087870e-01 7.137952088078804991e-01 3.758896264723148306e-01
1.858500000000000000e+04 4.869684763003867545e-01 7.447643607838383417e-01 3.450135872351154376e-01
1.858400000000000000e+04 9.195593285471304057e-02 5.670053433718003078e-01 -6.272131057399903398e-01
1.851600000000000000e+04 -1.870541855013172494e-01 6.160799939773848877e-01 -1.776928670105135666e-01
1.861500000000000000e+04 9.587864324587478393e-01 5.562074062537138985e-01 -7.110713163450839147e-01
1.861800000000000000e+04 2.517493008451765490e-02 5.427239121239129105e-01 1.180026980513900980e+00
1.855500000000000000e+04 3.421342281507051553e-01 4.953751328657212127e-01 -1.315776013369976738e+00
1.839100000000000000e+04 -5.459682170375401711e-02 4.836700489102074840e-01 -1.744402649920715476e-01
1.875600000000000000e+04 -2.248009731865217020e-01 4.364968826702479987e-01 -5.167614441421619631e-02
1.849300000000000000e+04 1.969667847142275718e-01 4.582338986912599665e-01 -4.458317960102320399e-01
1.869600000000000000e+04 1.145210640173530692e-01 4.450499073595040045e-01 -7.221981416102352114e-01
1.852300000000000000e+04 2.962144072761994096e-01 4.806893885890115570e-01 -3.648750444053519004e-01
1.866800000000000000e+04 -3.360230473571199639e-01 1.090952665125136889e+00 1.864786101295194953e-01
1.874000000000000000e+04 4.481054750379485085e-01 3.680829413786810278e-01 -1.352464670105433697e+00
1.860000000000000000e+04 4.982889195624551348e-02 3.865918574869606772e-01 1.180337001611135861e-01
1.867500000000000000e+04 9.671657315388344500e-01 3.028961827319562872e-01 4.376506685248600093e-01
1.867400000000000000e+04 -2.074607152195788728e-01 2.592496055188853177e-01 -2.011948887495975669e-01
1.875800000000000000e+04 8.758866844941266550e-01 2.928180784059968289e-01 -6.623371931882502395e-01
1.873600000000000000e+04 -3.502233296386947359e-01 2.713119854126730957e-01 1.972663228447899542e-01
1.860900000000000000e+04 -3.978123426481872116e-01 6.425784975928507947e-01 -4.151903311680840147e-01
1.870600000000000000e+04 -3.978123426481872116e-01 6.425784975928507947e-01 -4.151903311680840147e-01
1.853400000000000000e+04 2.528563534244909761e-03 2.528211732632374975e-01 2.979442242899921212e-02
1.853300000000000000e+04 -3.781699722021905075e-01 2.705721763251140999e-01 2.033250536593556035e-02
1.873200000000000000e+04 3.116695713588981675e-01 2.530324515899877724e-01 -4.019493706581727110e-01
1.870800000000000000e+04 2.671142474726266869e-01 2.166266251005541932e-01 2.027485664804018484e-01
1.866400000000000000e+04 -1.449417254300051638e-01 2.659535628933706874e-01 2.034849008666128611e-02
1.865700000000000000e+04 -3.172577297538765606e-01 2.280199121409474117e-01 1.441894702811239881e+00
1.859900000000000000e+04 1.134042107861475301e+00 2.347362772741998782e-01 -1.733904314578182948e-02
1.872300000000000000e+04 -5.671467937184715424e-02 2.075433887104356501e-01 7.116048291236864998e-02
1.852100000000000000e+04 -5.671467937184715424e-02 2.075433887104356501e-01 7.116048291236864998e-02
1.839200000000000000e+04 1.823007834684275963e-01 2.196231586539987291e-01 -3.581654137983747432e-01
1.876700000000000000e+04 -4.411164227029402696e-01 8.464489770290946069e-01 2.866698436787160631e-01
1.859300000000000000e+04 5.376887263080263324e-01 1.776734298964903758e-01 -1.386530943023203122e-01
1.863000000000000000e+04 7.400955435803986404e-01 1.737156613237846869e-01 -3.294468601637561278e-01
1.867200000000000000e+04 2.211626257224022396e+00 1.477785194342295938e-01 7.432271532474530318e-01
1.874800000000000000e+04 2.391852753548242561e-01 1.454296518922735260e-01 2.953411046361509307e-02
1.870700000000000000e+04 3.926790111475142453e-02 1.373653769121041535e-01 -1.144234633299632264e-01
1.868200000000000000e+04 -2.010103733242694091e-01 1.388510939377560760e-01 -1.097561636442918598e-01
1.873300000000000000e+04 -2.269762691935213184e-01 1.169112143385842018e-01 -5.173257337565217995e-02
1.871500000000000000e+04 1.275675448349993246e-01 1.048866204269014446e-01 -6.112638963818994853e-02
1.852200000000000000e+04 -2.085408610770862481e-01 9.708536902250308742e-02 1.964697328654168018e-01
1.867900000000000000e+04 2.693756439954597681e-02 8.793943878391807800e-02 1.357568737913084078e-02
1.867800000000000000e+04 2.450678009829587722e-02 7.993543409361159036e-02 1.938332354335869923e-02
1.858200000000000000e+04 2.450678009829587722e-02 7.993543409361159036e-02 1.938332354335869923e-02
1.861400000000000000e+04 1.451646646055664291e-01 7.271307920852976281e-02 -2.387478330332726273e-02
1.866600000000000000e+04 2.345771273138552715e-02 -8.008434584703074677e-01 -1.602625032263986782e+00
1.865900000000000000e+04 6.348910536948757510e-01 -1.765225310198280440e+00 -4.161160818851072918e-02
1.853200000000000000e+04 1.793849642427232993e+00 -7.933684522660886529e-01 9.936801043462395455e-02
1.875300000000000000e+04 1.506174984584244925e+00 -1.836888107489542676e-01 3.959491664771306318e-01
1.862500000000000000e+04 1.506174984584244925e+00 -1.836888107489542676e-01 3.959491664771306318e-01
1.864100000000000000e+04 1.559170983940738608e-01 -1.775461843483217450e+00 1.084061265650575479e+00
1.870300000000000000e+04 4.843099627294122911e-02 -9.518262893913718159e-01 -2.574315533729318872e-01
1.854600000000000000e+04 3.201528277053249383e-01 -9.764128466674559803e-01 -9.066471161160905012e-02
1.874500000000000000e+04 3.872673343892252262e-01 -5.926952746479017264e-01 -1.805801202180390419e-02
1.875200000000000000e+04 4.540534206513449078e-01 -6.533887510978377833e-01 -2.196869983282851990e-01
1.865200000000000000e+04 4.495543764619185367e-01 -8.921193338352129132e-01 -7.262104123962842550e-02
1.871800000000000000e+04 9.170202649390120087e-01 4.027460666944016054e-02 -3.283160243698688419e-01
1.867600000000000000e+04 4.993516913320945605e-01 -6.258310979144710018e-02 -3.599461420239222775e-01
1.842700000000000000e+04 1.159620138416634916e+00 -2.870286481392412270e-01 -5.006603357625323270e-01
1.849600000000000000e+04 4.619952097452717510e-01 -2.335116964352312863e-01 -5.305445191668312077e-01
1.877200000000000000e+04 1.780341844551713848e-02 -8.138824133370157199e-01 3.964185278201171059e-02
1.718200000000000000e+04 1.780341844551713848e-02 -8.138824133370157199e-01 3.964185278201171059e-02
1.851300000000000000e+04 7.005495627566560302e-02 -6.514586718508841301e-01 1.314620077322246061e-01
1.856400000000000000e+04 8.726887314493652070e-01 -6.726869644990784991e-01 3.112781593912004041e-01
1.859400000000000000e+04 6.876063560914005279e-01 -6.068125417933263321e-01 1.097660350230711401e-01
1.874300000000000000e+04 4.999859727447599766e-01 -1.013966687507386055e+00 7.320277029096899923e-02
1.854200000000000000e+04 6.842163875847440124e-01 -1.028688302126148812e+00 3.479809304247680757e-01
1.858000000000000000e+04 6.435330521728559461e-01 -2.117802235869703509e-02 3.480123412275943906e-01
1.869200000000000000e+04 4.934631666864426336e-01 -6.180337272241356317e-01 -4.793310050209242945e-02
1.869900000000000000e+04 5.664377189295670689e-01 -3.540270003342236294e-01 2.787046212922206223e-02
1.842100000000000000e+04 3.610949035453714373e-02 -9.863970346284638424e-01 4.967570045336628937e-01
1.870000000000000000e+04 2.774463732776553115e-01 -9.487065481475109863e-01 8.724395151436681317e-01
1.871300000000000000e+04 9.874396808784418056e-01 -8.128214674227542957e-01 7.580364289139680523e-01
1.865100000000000000e+04 1.638591087902447896e-01 -1.226843390961285252e-01 8.592744110610723851e-01
1.866100000000000000e+04 9.134808262666105350e-01 -4.758128858134806904e-01 6.254428714104491860e-01
1.871400000000000000e+04 7.833164783493629102e-01 -5.921311225997794025e-01 1.530454686010116916e+00
1.852400000000000000e+04 5.921685044934719144e-01 2.484675176185824341e-02 -4.899597115801270775e-01
1.870100000000000000e+04 1.971447227218519060e-01 -2.167321743275376633e-01 -9.774748103911292674e-01
1.876500000000000000e+04 1.139030874361175449e-01 -4.180297326549631265e-01 -6.540589474105971135e-01
1.874900000000000000e+04 7.223136591663568140e-01 -3.303676154756054473e-01 -6.106548662558424212e-01
1.849900000000000000e+04 8.982148756681240798e-02 -1.329933394150160098e-01 2.154434348798304200e-01
1.855400000000000000e+04 -2.319036812461305885e-02 -1.530567894117638161e-01 8.804462451841033044e-02
1.872100000000000000e+04 1.469372204383887492e-01 -1.076208201698101163e-01 3.669374919226271459e-01
1.854400000000000000e+04 6.676068483945840626e-02 -1.894185107232946308e-01 4.419905255857941029e-01
1.854700000000000000e+04 1.128878752450113154e-01 -1.326552219777710206e-02 5.399024822790465805e-02
1.873000000000000000e+04 -1.464223266655686473e-01 -7.993860531490071253e-02 4.652092961092080259e-02
1.872600000000000000e+04 1.423613947262225565e-02 -6.677559630660745427e-02 -6.785397228301803807e-02
1.861200000000000000e+04 2.035831898977420451e-01 5.851077601880838586e-02 -7.940987436381874431e-02
1.872700000000000000e+04 2.439796307582149382e-01 -1.190111156823849825e-01 2.503161579113921675e-01
1.849500000000000000e+04 2.439796307582149382e-01 -1.190111156823849825e-01 2.503161579113921675e-01
1.872500000000000000e+04 2.267762789962546321e-03 -1.177294443477325814e-01 -1.174407971409152651e-01
1.857900000000000000e+04 2.267762789962546321e-03 -1.177294443477325814e-01 -1.174407971409152651e-01
1.863600000000000000e+04 -3.056531095740666615e-03 -1.280623209375164606e-03 -3.607314875934974907e-02
1.855600000000000000e+04 7.707487918176880726e-02 1.879722809038142373e-03 -1.621558186032245885e-02
1.874600000000000000e+04 -6.159890645295007516e-02 -1.814015992077617767e-01 -1.530426449243549314e-02
1.861600000000000000e+04 6.735415261610455673e-02 -4.843404546144647327e-02 -7.811578905000970963e-02
1.857500000000000000e+04 -5.783832368024377502e-02 1.676436086056121155e-02 -1.707015507747655647e-03
1.850900000000000000e+04 -1.543229681365261285e-01 -2.231274087051282606e-02 7.178836269218891175e-03
1.871900000000000000e+04 -1.543229681365261285e-01 -2.231274087051282606e-02 7.178836269218891175e-03
1.855100000000000000e+04 -1.543229681365261285e-01 -2.231274087051282606e-02 7.178836269218891175e-03
1.852600000000000000e+04 -2.340054260253765506e-01 -1.155210286960084431e-02 2.898650121431600724e-01
1.876600000000000000e+04 -1.103608438325096586e-01 -3.605558878680348300e-02 4.123106389439357145e-02
1.872800000000000000e+04 -1.274970613718551249e-01 -2.953097055319684472e-01 6.822279206989634304e-02
1.854000000000000000e+04 -1.479502038018516430e-01 -3.115704093858440160e-02 1.475222327188419058e-01
1.867300000000000000e+04 4.334280532285461618e-02 -2.002802920729074287e-02 1.353622008782622288e-01
1.856800000000000000e+04 -2.053106780523350494e-01 -1.409594808468650484e-01 -1.755760462331394933e-01
1.854800000000000000e+04 1.077619586027260823e-01 -3.102166936744286119e-01 -1.712191023832332348e-02
1.864900000000000000e+04 3.137511144732840762e-02 -3.169898502263048812e-01 -1.062479094483137487e-01
1.869500000000000000e+04 2.222610306723993290e-01 -4.552695171436944577e-01 3.662265767734851352e-01
1.873700000000000000e+04 -3.610449871793264265e-02 -4.134396975965977106e-01 1.563182752612206627e-01
1.859200000000000000e+04 2.004359292072876997e-03 7.042734213838031110e-02 -3.185626277487330071e-02
1.864200000000000000e+04 -1.541918229926260153e-01 -9.337891966904088292e-02 2.171885707667939869e-01
1.865500000000000000e+04 -1.541918229926260153e-01 -9.337891966904088292e-02 2.171885707667939869e-01
1.858100000000000000e+04 -2.154142129964355945e-01 -2.003529133304180476e-01 6.563184451783143913e-02
1.857000000000000000e+04 -1.058981228096200766e-02 -1.753568260881390728e-01 -1.359020090987286267e-01
1.856000000000000000e+04 -1.039564562448553886e-01 -1.330334939292221463e-01 -6.669731675479795285e-03
1.856100000000000000e+04 -1.039564562448553886e-01 -1.330334939292221463e-01 -6.669731675479795285e-03
1.876100000000000000e+04 -1.039564562448553886e-01 -1.330334939292221463e-01 -6.669731675479795285e-03
1.868300000000000000e+04 -1.039564562448553886e-01 -1.330334939292221463e-01 -6.669731675479795285e-03
1.860400000000000000e+04 -1.157551752124170719e-01 -9.291607021733838678e-02 -5.125650751483590284e-02
1.871700000000000000e+04 -1.157551752124170719e-01 -9.291607021733838678e-02 -5.125650751483590284e-02
1.871600000000000000e+04 3.814102603287494730e-02 -2.042519913524003528e-01 2.180834761211940531e-01
1.851900000000000000e+04 -9.805503936796355902e-02 -1.287635659842099045e-01 7.851646822533808745e-02
1.862600000000000000e+04 -1.689838878043694592e-01 -6.633157892821373025e-03 3.613777031272746854e-02
1.878300000000000000e+04 4.530214622880990305e-02 -7.914137822431932534e-02 1.471634588235559704e-02
1.864300000000000000e+04 -1.849854743282364211e-02 -2.796053398134006329e-01 5.369388887867643234e-02
1.857100000000000000e+04 -1.830512903433856309e-02 -1.531286738825148319e-01 7.740127838031440888e-02
1.856500000000000000e+04 3.025299947674824352e-01 -7.113013180692639992e-02 -1.315767261660738541e-01
1.851400000000000000e+04 1.466858739651186738e-01 -1.025168488147958357e-01 -1.313819280378325516e-01
1.861100000000000000e+04 1.915245388869131205e-01 -2.900126570326833075e-02 -1.594516342658565122e-01
1.873100000000000000e+04 4.467838805396482371e-01 3.620840119453205830e-02 -9.343025778028390960e-02
1.850800000000000000e+04 -1.105184318429657253e-01 -1.562824648089069512e-01 -9.706576387542753537e-02
1.865300000000000000e+04 2.883383368812530989e-02 -7.204167200242750368e-03 2.243523553052284569e-02
1.850000000000000000e+04 1.145162640315398050e-01 5.976521425846748059e-02 -5.875575409000077798e-02
1.856300000000000000e+04 4.424453946631956569e-02 4.745307600414250260e-02 2.366268050209896501e-03
1.869100000000000000e+04 2.085812075489101858e-02 -7.654629435392124037e-02 -1.306779986229074098e-01
1.867700000000000000e+04 2.085812075489101858e-02 -7.654629435392124037e-02 -1.306779986229074098e-01
1.851000000000000000e+04 3.161189049120238792e-02 3.078519205502061595e-03 6.443575241789289976e-03
1.858300000000000000e+04 6.600966278599074144e-02 -4.004074428946857722e-02 2.655052536414359565e-02
1.850100000000000000e+04 -1.059605162330932160e-01 5.352547502823767900e-04 -6.746231037944028230e-02
1.871000000000000000e+04 1.807792755302806142e-01 1.755470461406716254e-02 -4.946678389146086374e-02
1.864700000000000000e+04 1.807792755302806142e-01 1.755470461406716254e-02 -4.946678389146086374e-02
1.857800000000000000e+04 3.595192674713487690e-02 -2.385709246340539380e-02 -4.031072399134671969e-02
1.863700000000000000e+04 4.073545245617893329e-02 -1.188811892559105132e-01 -1.236829685106854981e-01
1.849700000000000000e+04 2.710939658782685058e-01 4.258432859616689825e-02 -1.282254766996260287e-01
1.856600000000000000e+04 3.234965772986164723e-01 -1.357523467603716227e-01 -1.734323452481305594e-01
1.858900000000000000e+04 8.159047373624161992e-03 -1.257232521484787924e-01 -5.990379786771882209e-02
1.858800000000000000e+04 5.588991440230373087e-02 5.948917787163843229e-02 -8.865641649658329015e-02
1.850300000000000000e+04 5.787188746983673582e-02 -3.065046744226211928e-01 -1.056864292958010765e-01
1.850400000000000000e+04 -4.394598136684635392e-03 -2.569980059544025863e-01 -9.650937487069199960e-02
1.866300000000000000e+04 -8.304886492869201220e-03 -1.006864082106506686e-01 -1.115346726270374234e-01
1.864600000000000000e+04 -8.304886492869201220e-03 -1.006864082106506686e-01 -1.115346726270374234e-01
1.853000000000000000e+04 -7.982523897748805553e-02 -2.676732968916510913e-01 -1.270342942965072552e-01
1.850200000000000000e+04 8.732638589600227874e-02 -1.465309286647755727e-01 -4.807707064919952700e-02
1.872400000000000000e+04 1.394775920562096871e-02 5.945116523397686592e-03 -7.849648441071366278e-02
1.860800000000000000e+04 -1.024829775920359509e-01 -1.870252410995636438e-01 5.457860069294895311e-02
1.869400000000000000e+04 -1.381712960394843037e-01 -2.708058932836774346e-01 -2.348302378752009645e-02
1.857300000000000000e+04 -3.058483514608667519e-02 -2.438121939631248125e-01 -7.948034393569258782e-02
1.857400000000000000e+04 2.363264533494202624e-02 -1.522740988878883428e-01 -2.415095968306957275e-01
1.852000000000000000e+04 -2.766391303239146282e-02 -2.300137319561361693e-01 -5.521266094004317893e-02
1.850700000000000000e+04 3.522192792138447714e-01 -2.271086864241276260e-01 -2.074182487110931561e-01
1.863100000000000000e+04 3.258873078080846142e-01 -8.366215812180932687e-02 -2.903859119581397863e-02
1.869800000000000000e+04 3.804156315710081060e-01 -4.316148734164535483e-01 -1.650239955237182699e-01
1.857600000000000000e+04 -6.413586558862505171e-02 -4.641467623290651545e-03 4.269350207742661496e-02
1.868400000000000000e+04 2.052297108741072407e-01 2.151952949846780427e-02 -1.098142015328349430e-01
1.855000000000000000e+04 -1.688412464276929370e-01 -8.496653243475726924e-02 -4.275384512529427639e-01
1.868100000000000000e+04 -6.530244970927867598e-02 -5.416940626636499445e-01 -5.477398086144944500e-01
1.866000000000000000e+04 1.176592874674575739e-01 6.267582344845479270e-02 -2.764207790816683996e-01
1.862900000000000000e+04 5.042141925817844594e-02 -8.224593143552105801e-02 -3.551801688124669454e-01
1.870500000000000000e+04 1.989046088219055264e-01 -5.590384328750097609e-02 -3.358308326794272602e-01
1.859500000000000000e+04 2.519102040152887412e-01 -2.016804731801720152e-01 -2.833768064083272975e-01
1.860600000000000000e+04 -1.242454732765523318e-01 -1.383135655890539439e+00 -5.482560615269349569e-01
1.860700000000000000e+04 -1.242454732765523318e-01 -1.383135655890539439e+00 -5.482560615269349569e-01
1.869300000000000000e+04 9.439067188683480936e-02 -3.252634437226298303e-02 3.914247099549328368e-02
1.854100000000000000e+04 -1.411562529736087868e-01 -3.650203753234695370e-01 -1.238846896907901396e-01
1.858700000000000000e+04 -1.159482830024671784e-02 1.699502158508892080e-03 2.544922675821723601e-01
1.715500000000000000e+04 -1.238729393032720338e-01 -3.492053659006693067e-01 -9.895575990337590611e-02
1.868700000000000000e+04 -5.513362892915907310e-02 -9.586754937670924903e-01 3.449555145193983208e-02
1.874400000000000000e+04 -1.511679582534632971e-01 -3.731469869583232679e-01 -2.927132154338920600e-01
1.857200000000000000e+04 -2.279293559838642125e-01 -2.548562521898762867e-01 1.785288268808855605e-01
1.841200000000000000e+04 -1.427307954556731318e-01 -1.131425668536767404e-01 -5.288245909210473883e-01
1.867100000000000000e+04 -6.630514695956080118e-02 -1.074997135348372268e-01 -9.484039805681021562e-02
1.851500000000000000e+04 -2.027726066635580082e-01 6.905127881838879489e-02 2.791165840448499580e-01
1.868000000000000000e+04 -2.419388061126106493e-01 -3.136590289903509188e-01 1.146808338724483178e-01
1.855300000000000000e+04 -2.446649852962323735e-02 -3.699654390788253977e-02 -6.698718441214168706e-03
1.850600000000000000e+04 -1.385059715392209512e-01 -1.031601947672786679e-01 1.290994476822717729e-01
1.860500000000000000e+04 -1.197087122470179565e-01 -2.546439006969691832e-02 4.775128568251645333e-01
1.863500000000000000e+04 -3.220351494350133237e-01 -1.262177377724267302e-01 3.639578658604492034e-01
1.853800000000000000e+04 -2.096819363462643082e-01 -1.229137357364624705e-01 -3.342993488119816448e-02
1.842000000000000000e+04 -1.997190551258434255e-01 -8.523779658827201899e-02 4.844622179133040163e-02
1.867000000000000000e+04 -2.382832036207105375e-01 -2.497530415313928387e+00 -8.606943306408965100e-01
1.851800000000000000e+04 -2.483889800574630158e-01 -6.420245915895250732e-02 8.962032351402626773e-02
1.853900000000000000e+04 -2.029585617934692721e-01 -2.417045461038593857e-01 2.696245000171728634e-01
1.852900000000000000e+04 -1.911316709309183182e-01 -7.941140476000008164e-02 -1.374802529505032567e-01
1.841900000000000000e+04 -1.862630400355804738e-01 -2.475324931188715993e-02 -9.896418972444820383e-02
1.852700000000000000e+04 -2.975974663637153128e-01 -2.407132280952204439e-01 1.471333465434909726e-01
1.841800000000000000e+04 -3.072355869033209785e-01 -4.940655657455543803e-01 2.320862835940005198e-01
1.849800000000000000e+04 -3.384363506952432488e-01 -1.725571290360203847e-01 -9.977029824648724343e-01
1.859700000000000000e+04 -3.524782099989813844e-01 -4.268495270286400967e-01 3.700457536809125259e-01
1.876400000000000000e+04 -3.434348185391762343e-01 -1.358471746513139067e-01 2.342450620801699301e-01
1.876300000000000000e+04 -3.735770190644309707e-01 -4.461748709783819322e-02 2.461705719205014020e-01
1.868800000000000000e+04 -3.735770190644309707e-01 -4.461748709783819322e-02 2.461705719205014020e-01
1.874100000000000000e+04 -3.633834968869606996e-01 -5.141016398176461166e-01 -1.628687932817811657e-01
1.851700000000000000e+04 -4.523006090306402882e-01 -6.764605746768292960e-01 9.205438476317340246e-02
1.864800000000000000e+04 -4.661029757661552253e-01 -8.521990559007264210e-04 1.688026845110570662e-01
1.854500000000000000e+04 -4.738165658835562510e-01 -1.113076769978693648e-01 -1.533452558655525877e-01
