# star id 	 star_x_coords [pc] 	 star_y_coords [pc] 	 star_z_coords [pc] 
2.616400000000000000e+04 -1.221137369582763199e+00 -4.468117570416296758e-02 8.610702720562528611e-01
2.608200000000000000e+04 -1.221137369582763199e+00 -4.468117570416296758e-02 8.610702720562528611e-01
2.609700000000000000e+04 6.558415359575988646e-01 -6.072167963099168730e-01 -6.388055425608705207e-01
2.609800000000000000e+04 3.197544376157708257e-01 2.314424015332576801e-01 -8.411021074658719954e-01
2.616800000000000000e+04 8.773645376592895673e-01 -3.029242871896169476e-01 -2.062682912090458842e-01
2.608400000000000000e+04 2.083302429896392027e-01 -5.555282461896879909e-01 -5.047384922721676048e-01
2.608300000000000000e+04 2.527092284621730300e-01 -9.164055423037265058e-02 3.556615349389602443e-02
2.616900000000000000e+04 2.208987116353711144e-02 -3.290812843984003422e-02 4.172294217390515314e-04
2.611800000000000000e+04 2.960888079687364893e-01 -5.443795439065741704e-01 -3.085605207876227496e-01
2.612000000000000000e+04 2.960888079687364893e-01 -5.443795439065741704e-01 -3.085605207876227496e-01
2.611300000000000000e+04 1.186112879678873355e-01 5.909590484187159376e-01 5.264393688724062770e-01
2.620600000000000000e+04 1.186112879678873355e-01 5.909590484187159376e-01 5.264393688724062770e-01
2.612700000000000000e+04 6.964244385961180228e-01 -1.180587020338172977e-01 6.426803958101139358e-01
2.620000000000000000e+04 4.237817668849217512e-01 -9.417639580028795976e-01 -3.755958577721330016e-01
2.610900000000000000e+04 8.650811273111287392e-01 1.053637903416888122e+00 -6.352794463568720573e-01
2.618900000000000000e+04 7.962889281220384419e-01 8.158515867588853610e-01 8.421897813312995140e-01
3.768900000000000000e+04 -1.898561932559850618e+00 6.232174609505811702e-01 9.565605908257523993e-02
2.612300000000000000e+04 -4.614369122460573180e-01 7.019783695770946963e-01 -3.912347773863693590e-01
2.613800000000000000e+04 -3.551897377690380608e-01 -4.127536040494304004e-01 -2.494667157652834533e-01
2.617100000000000000e+04 -7.896030031256913162e-01 -3.671301163365185971e-01 6.808334779421798544e-02
