# star id 	 star_x_coords [pc] 	 star_y_coords [pc] 	 star_z_coords [pc] 
1.527600000000000000e+04 -4.634546884894943375e-01 -4.111909866798555413e-01 7.756359112228494723e-03
1.524300000000000000e+04 -4.634546884894943375e-01 -4.111909866798555413e-01 7.756359112228494723e-03
1.527400000000000000e+04 -2.877005303107793566e-01 -4.386746067229978507e-01 2.979412483912824428e-02
1.525200000000000000e+04 6.577432219870216201e-02 -2.864267035330385625e-01 -3.199531933027230934e-01
1.527800000000000000e+04 6.481474515824270366e-02 -1.103539117342364761e-01 -2.558613765462851575e-01
1.527000000000000000e+04 -3.518095463123194211e-01 -8.021898727875509394e-03 -2.163801947739969478e-01
1.527700000000000000e+04 -1.238288707353671914e-01 -8.791686635450446374e-02 -4.442174189388126138e-02
1.526300000000000000e+04 7.455345153116199608e-02 3.214955391367624316e-01 2.541051868035282268e-02
1.526500000000000000e+04 -4.859213314937083084e-02 3.572103469199419123e-01 1.594909074612758104e-01
1.531200000000000000e+04 -1.692804940931571522e-01 4.431797865006501524e-01 2.993766339048775649e-01
1.523100000000000000e+04 1.124250529844288415e-01 1.540741367874147727e-01 -1.643360021230400037e-01
1.529000000000000000e+04 4.027346394373044758e-01 1.099785633180232480e-01 -1.569336093469146931e-01
1.526800000000000000e+04 3.031192338133711361e-01 5.685155886882853338e-02 -9.116029843789519305e-02
1.526700000000000000e+04 4.411986724239551627e-01 -5.016087371203070688e-02 2.942237345157749928e-01
1.529200000000000000e+04 2.217504133380194808e-01 1.805734508369596369e-01 2.126188921590532743e-01
1.529300000000000000e+04 2.217504133380194808e-01 1.805734508369596369e-01 2.126188921590532743e-01
