# star id 	 star_x_coords [pc] 	 star_y_coords [pc] 	 star_z_coords [pc] 
2.431000000000000000e+03 -1.138359175871215712e+00 1.019443757277194607e+00 -1.178752848207967219e+00
2.350000000000000000e+03 -1.175356720314425729e+00 -1.530279745655178658e-01 -9.668649356567620146e-01
2.446000000000000000e+03 -3.745411998923628971e-01 -1.108274391588608410e+00 -6.767654878884101777e-01
2.427000000000000000e+03 -7.975603449547321588e-01 -4.165343236057950094e-01 -4.376992518364133389e-01
2.430000000000000000e+03 8.343607525791298940e-01 9.188325695624470768e-01 -9.948845201078171385e-02
2.423000000000000000e+03 8.343607525791298940e-01 9.188325695624470768e-01 -9.948845201078171385e-02
2.441000000000000000e+03 2.421379087796537988e-01 9.606302412835532323e-01 -5.268603840211838474e-02
2.481000000000000000e+03 2.958759326743916063e-01 2.498036992416885482e-01 1.875550699466899118e-02
2.422000000000000000e+03 2.958759326743916063e-01 2.498036992416885482e-01 1.875550699466899118e-02
2.459000000000000000e+03 4.967789509479842991e-01 5.077787355583822659e-01 1.284362017898850183e-01
2.458000000000000000e+03 -7.388885514595244786e-02 -1.315540837299124632e+00 2.166501701063765495e-01
2.450000000000000000e+03 -5.978080344459897333e-01 -1.449889068766431421e+00 2.303840707993174419e-01
2.499000000000000000e+03 -4.335194202630532345e-01 -4.393510030918292841e-01 4.460394505796436704e-01
2.500000000000000000e+03 -4.335194202630532345e-01 -4.393510030918292841e-01 4.460394505796436704e-01
2.449000000000000000e+03 1.528416199681274179e+00 -1.665113979313304071e-01 4.491334202933181530e-01
2.434000000000000000e+03 1.259162643007357474e+00 5.292925997492048396e-01 7.281124411840700361e-01
2.484000000000000000e+03 -2.584069197548188868e-01 6.104104459374468661e-01 9.027563075387767810e-01
2.442000000000000000e+03 1.029719160481576523e+00 5.998009302175617563e-01 1.166658788100789934e+00
2.429000000000000000e+03 -1.533728150136582258e+00 -1.076149248660364321e+00 -1.239975843056910776e+00
