# star id 	 star_x_coords [pc] 	 star_y_coords [pc] 	 star_z_coords [pc] 
6.707100000000000000e+04 1.352766102427835904e-01 -5.250763698379934397e-01 5.023304465668338992e-01
6.703700000000000000e+04 9.620104363034442940e-01 -2.316031867580807813e-01 2.853962086616572691e-01
6.704000000000000000e+04 -1.247179103191982108e+00 9.905952894705745138e-01 5.572560788522551434e-02
6.705800000000000000e+04 -9.654891303006962744e-01 -5.325795784195728189e-01 -6.300293338513007768e-01
6.706600000000000000e+04 -3.988216648658919894e-01 3.651690321876674972e-01 -3.117430907280027697e-01
6.706700000000000000e+04 4.914565978994929196e-01 3.485410610011872024e-01 1.048911913606644930e-01
6.706300000000000000e+04 -7.050150764340656906e-02 6.146200055131245676e-02 -1.348880676306265514e-01
6.704300000000000000e+04 1.051050566650687301e+00 -4.393437077996953377e-01 3.509901060320608224e-02
6.707200000000000000e+04 6.358983707098531113e-02 -2.007981124497204561e-01 7.829914867878251528e-02
