# star id 	 star_x_coords [pc] 	 star_y_coords [pc] 	 star_z_coords [pc] 
5.954000000000000000e+03 -1.589659699590508346e+00 2.326791914000700956e-01 1.417028523713991461e+00
6.176000000000000000e+03 -1.698947981896746562e+00 5.907874063297775535e-01 6.553499704029768225e-01
6.177000000000000000e+03 9.544506020524452516e-01 -1.784640660986177352e+00 3.772780075710358005e-02
5.935000000000000000e+03 2.128606060859729254e+00 8.119801139769471376e-01 -1.147482772666563733e-02
5.934000000000000000e+03 2.128606060859729254e+00 8.119801139769471376e-01 -1.147482772666563733e-02
5.936000000000000000e+03 -2.073373690960099047e+00 1.647619383936529402e-01 -4.604832637059033118e-01
6.014000000000000000e+03 2.842513638252781583e-01 -5.996633051222524102e-01 1.211220053465414281e+00
6.057000000000000000e+03 -6.048559871642495978e-01 6.904754678469515738e-01 8.670590974681466889e-01
6.025000000000000000e+03 -1.270384879145534995e+00 -9.355837903761141661e-01 3.556537703873523526e-01
6.172000000000000000e+03 -1.270384879145534995e+00 -9.355837903761141661e-01 3.556537703873523526e-01
5.992000000000000000e+03 -1.270384879145534995e+00 -9.355837903761141661e-01 3.556537703873523526e-01
5.991000000000000000e+03 1.644592616536444396e-02 -9.358238405496450696e-01 4.241862467290964389e-01
6.022000000000000000e+03 -2.150040991931017054e-01 -5.517650705208012596e-01 5.144480535742914640e-01
6.079000000000000000e+03 -2.243042150053256023e-01 8.677026249213604103e-01 5.619327593425289535e-01
5.946000000000000000e+03 9.196768909755137500e-01 -8.766367707248079455e-02 6.217359899458507755e-01
5.947000000000000000e+03 1.163579793775454618e+00 -8.075368229133523812e-01 -5.442935231895873471e-02
6.173000000000000000e+03 3.614340841001069116e-01 -9.769683990288804409e-01 1.815947925381244943e-01
6.026000000000000000e+03 6.316754171416665287e-01 1.164732263894396880e+00 2.205063717178283866e-01
5.904000000000000000e+03 -2.221335355198434947e-01 -1.067754423031352928e+00 2.220688991921875299e-01
6.077000000000000000e+03 -5.704633161015628673e-01 7.911693557138299582e-01 -1.707922505065830876e-01
5.912000000000000000e+03 4.655995848723741837e-01 -1.519624678789746497e+00 -1.201991011327372405e-01
5.993000000000000000e+03 5.893111737178680087e-02 2.861739027586480688e-01 -6.142046047504869932e-01
6.046000000000000000e+03 -2.683013142094368142e-01 5.422784213062286085e-01 -6.082597302616221668e-01
5.921000000000000000e+03 -7.366424952136005899e-01 5.128445272572150770e-01 -3.484740061687823243e-01
5.922000000000000000e+03 -6.637348187642633235e-01 -4.451469425643495015e-02 -5.511793059824512397e-01
6.065000000000000000e+03 6.148323080813193897e-01 -2.583766510310709918e-01 -7.448182106162306582e-01
6.094000000000000000e+03 5.901533960595211070e-01 -1.400500169697949104e-03 -5.309213522489137915e-01
6.027000000000000000e+03 1.588495433298751092e+00 9.637002940192580525e-01 8.926031210076459388e-01
6.042000000000000000e+03 1.441223308711971018e+00 1.164131461287354341e-03 -4.516080955889556492e-01
6.037000000000000000e+03 -2.363580191951264453e-03 -2.301474212670946429e-01 -9.002912572938619462e-01
6.036000000000000000e+03 7.665033907703668881e-01 -1.079789184075586661e+00 -1.704148582869425610e+00
6.166000000000000000e+03 4.615526607701703199e-02 3.702403622462213661e-03 4.449149934118992178e-01
6.165000000000000000e+03 -4.098517022118342013e-02 -6.423812477281742872e-02 3.855534168360428282e-01
5.976000000000000000e+03 3.610457462688785313e-01 -1.044844200345984575e-01 4.022590261383420795e-01
6.109000000000000000e+03 -3.372252665969202035e-01 4.329010026636126440e-02 8.206357663302910055e-02
6.078000000000000000e+03 -3.372252665969202035e-01 4.329010026636126440e-02 8.206357663302910055e-02
6.009000000000000000e+03 -3.473521931550305197e-01 1.377343644164739089e-01 1.160798823188216033e-01
6.071000000000000000e+03 -1.379590068605116571e-01 1.135199280594001436e-01 7.192011201639658680e-02
6.020000000000000000e+03 -1.379590068605116571e-01 1.135199280594001436e-01 7.192011201639658680e-02
5.931000000000000000e+03 1.118197349431726551e-02 8.269665503205203549e-02 1.073293545265485704e-02
5.902000000000000000e+03 9.767125185777381091e-03 9.465526802890877889e-02 7.025082406176608174e-03
6.047000000000000000e+03 4.872122117145449849e-02 1.294684899670421885e-01 4.712517236496438500e-02
5.907000000000000000e+03 4.872122117145449849e-02 1.294684899670421885e-01 4.712517236496438500e-02
6.041000000000000000e+03 -4.590316500098845509e-02 1.702758213793273967e-01 6.146861236678802243e-02
5.994000000000000000e+03 8.564022564678275273e-02 8.958723186827555196e-02 6.578334145547870548e-02
5.890000000000000000e+03 4.531415998522358990e-02 2.577282937424918430e-01 9.717414027709381230e-02
5.891000000000000000e+03 -1.067473040770163806e-01 2.152754368701081944e-01 9.252938592797121942e-02
6.129000000000000000e+03 -5.442375969205937025e-03 1.058138209412788910e-01 1.408070625822048783e-01
6.097000000000000000e+03 -7.496516454356383363e-02 3.942350131550398373e-02 1.214181253878905409e-01
5.963000000000000000e+03 1.007502390180858853e-01 3.784667977197386790e-02 1.986022399536935268e-02
6.140000000000000000e+03 1.546058145309991971e-02 3.945383577191563518e-02 1.401943265819092233e-01
5.983000000000000000e+03 5.461343315237909835e-02 3.734237355161340588e-02 1.100293680676145414e-02
5.886000000000000000e+03 4.390507894380757392e-02 3.305685590327200885e-02 1.542629561208030964e-02
5.887000000000000000e+03 4.390507894380757392e-02 3.305685590327200885e-02 1.542629561208030964e-02
5.984000000000000000e+03 -9.202458850865014028e-02 1.905676583817488279e-01 2.674359002722539458e-01
6.021000000000000000e+03 -3.610242350157366609e-01 3.523804136622494809e-01 1.299623133430571897e-02
5.962000000000000000e+03 -3.576532518057700116e-01 3.029712914880633434e-03 7.401891745242750176e-02
6.049000000000000000e+03 2.127450827282957313e-01 -5.989702906460081522e-02 1.200895856388193295e-01
5.945000000000000000e+03 1.579860559849586288e-01 -4.933784805708896215e-02 3.834819257086152788e-02
6.161000000000000000e+03 1.827923284465140519e-01 2.092508726067521252e-02 2.209994750996813195e-01
2.478800000000000000e+04 1.190178112225468432e-01 2.392716582211562582e-02 1.335706065016069033e-01
2.478900000000000000e+04 1.136006322276621461e-01 -1.226508916837865115e-01 1.017032178433510126e-01
5.920000000000000000e+03 1.110303078908727592e-01 -2.864319275096605111e-02 4.325163614707605575e-02
6.035000000000000000e+03 -1.419844372569900592e-01 -2.432246976826490936e-01 1.307529275352798948e-01
6.072000000000000000e+03 -1.500292830962424162e-01 -1.061084917512609138e-01 5.140531725728436641e-02
5.915000000000000000e+03 -1.249978479567328549e-01 -1.762528240739769103e-02 6.654541995188623105e-02
5.957000000000000000e+03 8.963459601788681397e-03 2.084867518451360979e-02 2.580832121859799599e-02
6.082000000000000000e+03 -5.396495566651937636e-02 -3.398272557768322599e-02 -2.344528642936438700e-03
5.978000000000000000e+03 3.830119469767190310e-03 2.373983790771916347e-02 6.453465442429973109e-03
5.932000000000000000e+03 3.721408948633042613e-02 -1.479376996036769754e-01 1.425777926838023291e-02
5.956000000000000000e+03 3.721408948633042613e-02 -1.479376996036769754e-01 1.425777926838023291e-02
6.169000000000000000e+03 6.869162380758364606e-02 -3.711003013338398659e-02 3.617889936419160790e-02
5.965000000000000000e+03 6.869162380758364606e-02 -3.711003013338398659e-02 3.617889936419160790e-02
5.975000000000000000e+03 7.239886504267145639e-02 -2.961423343552382903e-02 6.654189467028004401e-04
6.081000000000000000e+03 7.239886504267145639e-02 -2.961423343552382903e-02 6.654189467028004401e-04
5.950000000000000000e+03 -2.598925022606124458e-02 -5.308257371966362825e-02 2.104200204035677757e-02
6.108000000000000000e+03 -2.598925022606124458e-02 -5.308257371966362825e-02 2.104200204035677757e-02
2.478700000000000000e+04 -4.993883685455502430e-02 -4.423860721750472180e-02 1.936976064605033798e-02
5.988000000000000000e+03 -7.110415794714297633e-02 -1.097843094750245996e-01 4.039598069961058968e-02
6.032000000000000000e+03 -8.151237704792846372e-02 1.571806471181957932e-02 6.697962933784751272e-02
6.068000000000000000e+03 7.499004561093736143e-02 -1.724767195858234459e-02 7.396255930749617846e-02
6.069000000000000000e+03 -7.914438941093315805e-02 -1.300897610682731909e-01 7.768589557407779012e-02
6.043000000000000000e+03 -2.663176555840829351e-02 2.263800134499405203e-02 1.099378089669578173e-01
6.044000000000000000e+03 -2.663176555840829351e-02 2.263800134499405203e-02 1.099378089669578173e-01
6.016000000000000000e+03 -2.927842230310062632e-02 -4.474596789856022383e-02 9.521141921074516290e-02
6.017000000000000000e+03 -2.927842230310062632e-02 -4.474596789856022383e-02 9.521141921074516290e-02
6.038000000000000000e+03 7.150975678085913501e-02 -8.275665736166715192e-02 1.161300255733550557e-01
6.126000000000000000e+03 -7.399561099987606028e-02 -9.275991222264323710e-02 1.779390741973578827e-01
6.039000000000000000e+03 -1.402549358321816264e-01 1.668369076344689006e-02 6.644521387712032379e-02
6.170000000000000000e+03 1.535796694552304942e-02 -1.611406080152093523e-01 2.126962329163362142e-01
6.145000000000000000e+03 -1.177696971651620572e-02 -9.003272848503840464e-02 2.516586721095741552e-01
5.977000000000000000e+03 2.191781086548281188e-01 2.311261929646946101e-01 4.494904964769119715e-02
5.943000000000000000e+03 1.270055543250445673e-01 9.466076743703766283e-02 7.870289029044741369e-02
5.910000000000000000e+03 1.127452877323409375e-01 5.200390670436050300e-02 1.304175127622997366e-02
5.911000000000000000e+03 8.609392617920930135e-02 3.431560856027999762e-01 1.683673876684217419e-01
5.903000000000000000e+03 1.191358775425497285e-01 5.326209810868363093e-01 2.679026743152377321e-01
6.029000000000000000e+03 -1.756050733334220126e-01 3.723772903546418434e-02 -7.556822482563418930e-02
5.967000000000000000e+03 -1.756050733334220126e-01 3.723772903546418434e-02 -7.556822482563418930e-02
6.059000000000000000e+03 -1.680034493521538330e-01 5.353069402652366193e-02 -4.116867267225288174e-02
6.054000000000000000e+03 -1.680034493521538330e-01 5.353069402652366193e-02 -4.116867267225288174e-02
5.980000000000000000e+03 1.424563596626287065e-01 1.344808400560211226e-01 -1.486478238500943405e-01
6.085000000000000000e+03 1.424563596626287065e-01 1.344808400560211226e-01 -1.486478238500943405e-01
6.107000000000000000e+03 1.707199558119927296e-01 7.386884586605191316e-02 -1.683641615931250612e-01
5.999000000000000000e+03 2.867496933334900966e-01 2.516483718480735376e-01 -1.566293655955846020e-01
6.000000000000000000e+03 1.608450615849359444e-01 1.616993916221289851e-01 -4.510274476718123537e-02
6.096000000000000000e+03 1.150043757509395803e-01 5.282052961602801133e-02 -1.208371762362681068e-01
6.064000000000000000e+03 1.150043757509395803e-01 5.282052961602801133e-02 -1.208371762362681068e-01
5.941000000000000000e+03 -1.594987843558923757e-01 1.100912223855345928e-01 -8.662665209754294438e-02
5.926000000000000000e+03 -1.594987843558923757e-01 1.100912223855345928e-01 -8.662665209754294438e-02
5.974000000000000000e+03 -7.604751251329266992e-02 5.626956397448878988e-02 -2.120400317299271364e-01
5.893000000000000000e+03 2.577414712661152407e-03 1.700175601137914327e-01 -1.585795284415993933e-01
5.928000000000000000e+03 5.213673000216711984e-02 5.909159047867262871e-02 -8.522844270958884749e-02
6.120000000000000000e+03 3.174353428866849569e-02 5.173588556615982270e-02 -7.872897600686457054e-02
5.989000000000000000e+03 3.019486232453516550e-03 6.366531801965891191e-02 -6.917620788109601904e-02
6.186000000000000000e+03 -4.182722416100492779e-02 9.414765200085994934e-02 -6.109571279317549397e-02
5.955000000000000000e+03 -4.182722416100492779e-02 9.414765200085994934e-02 -6.109571279317549397e-02
6.089000000000000000e+03 -8.929361286823889188e-02 1.960500782773166861e-01 -4.450636935925089688e-02
6.053000000000000000e+03 5.730089102661573008e-02 1.626849367817797543e-01 -4.134093868907484648e-02
6.063000000000000000e+03 5.730089102661573008e-02 1.626849367817797543e-01 -4.134093868907484648e-02
6.008000000000000000e+03 -1.110620198876612896e-01 2.204213551395284298e-01 -2.890722427318337395e-02
6.067000000000000000e+03 1.005430449796795855e-02 7.632505027057234770e-02 -2.575988059637523975e-02
6.066000000000000000e+03 1.578908139779677811e-03 7.587703810305157504e-02 -2.299208034509803156e-02
6.122000000000000000e+03 -1.613563170170015937e-01 2.150263282620947791e-01 -1.796428584875542356e-02
6.028000000000000000e+03 4.814245015108031822e-02 1.068951822502377524e-01 -1.649469880590004323e-02
5.952000000000000000e+03 4.814245015108031822e-02 1.068951822502377524e-01 -1.649469880590004323e-02
5.944000000000000000e+03 4.814245015108031822e-02 1.068951822502377524e-01 -1.649469880590004323e-02
5.997000000000000000e+03 9.442782174735642187e-02 4.395801802800036739e-02 -1.679367514904228642e-02
6.086000000000000000e+03 9.442782174735642187e-02 4.395801802800036739e-02 -1.679367514904228642e-02
5.898000000000000000e+03 -7.819369312018764617e-04 -2.571737172325860854e-01 -4.830102036898153983e-03
6.011000000000000000e+03 -2.474293311430995068e-01 -5.980680884458777768e-02 -1.927263649553836444e-01
6.010000000000000000e+03 -2.135865546756909872e-01 -7.682793382528885218e-02 -1.734250322065129524e-01
5.901000000000000000e+03 -2.135865546756909872e-01 -7.682793382528885218e-02 -1.734250322065129524e-01
5.979000000000000000e+03 -3.326785100817892804e-01 -1.205919474450283246e-01 -1.684005112585893471e-01
5.982000000000000000e+03 1.959236636073486970e-01 6.169324174127410743e-03 -1.686756892622334192e-01
5.899000000000000000e+03 2.186266227371063131e-01 -7.826859107552763817e-02 -7.952163051793803561e-02
5.998000000000000000e+03 -6.468673295567883841e-02 -1.870235834905784600e-01 -2.250096168290376397e-01
5.973000000000000000e+03 6.551672078545411892e-02 -1.219052483410649756e-01 -1.903153503291292736e-01
5.878000000000000000e+03 -3.513793991072944323e-02 7.200966104555561742e-03 -1.848008238690361793e-01
6.167000000000000000e+03 -4.031456493247054240e-02 -3.314553121079200082e-03 -1.575398954271101104e-01
6.073000000000000000e+03 -9.241019208430634180e-02 -3.333863628648714439e-02 -1.395254744842127081e-01
5.960000000000000000e+03 -3.248535886051451271e-02 -8.839242436019745242e-02 -1.384554669238333702e-01
5.894000000000000000e+03 -3.248535886051451271e-02 -8.839242436019745242e-02 -1.384554669238333702e-01
6.105000000000000000e+03 -3.830805619817834184e-02 1.001255070426410043e-02 -1.425958665366664491e-01
6.104000000000000000e+03 1.544291297345079528e-02 -5.987893211270289839e-02 -1.080502829715968005e-01
6.024000000000000000e+03 3.483800275349580033e-02 -7.202940900789300827e-02 -9.235160567147104871e-02
5.959000000000000000e+03 3.483800275349580033e-02 -7.202940900789300827e-02 -9.235160567147104871e-02
6.056000000000000000e+03 -6.606833840558801185e-02 -4.526083942032244067e-03 -8.169292360223678884e-02
6.055000000000000000e+03 -6.606833840558801185e-02 -4.526083942032244067e-03 -8.169292360223678884e-02
6.005000000000000000e+03 -9.987414241622483146e-02 2.846877632934763369e-02 -7.236889811922608828e-02
6.004000000000000000e+03 5.048880632313679229e-02 1.461461486680804001e-02 -6.826358292751422141e-02
6.003000000000000000e+03 2.190573636167325589e-02 -1.009533626052068200e-01 -5.639799922290933409e-02
5.885000000000000000e+03 9.131559083518769881e-02 -1.251038369036550080e-02 -5.616768006783345868e-02
5.972000000000000000e+03 9.131559083518769881e-02 -1.251038369036550080e-02 -5.616768006783345868e-02
6.088000000000000000e+03 -8.961508706866050389e-02 -1.453356734273434370e-01 -5.857424961368096206e-02
6.087000000000000000e+03 1.321036035874101344e-02 -3.292334964459087132e-02 -4.344996847394710926e-02
6.180000000000000000e+03 1.321036035874101344e-02 -3.292334964459087132e-02 -4.344996847394710926e-02
6.006000000000000000e+03 5.686953284514961737e-02 1.966271123631102569e-02 -2.923143987889531559e-02
5.918000000000000000e+03 5.686953284514961737e-02 1.966271123631102569e-02 -2.923143987889531559e-02
6.092000000000000000e+03 5.686953284514961737e-02 1.966271123631102569e-02 -2.923143987889531559e-02
5.896000000000000000e+03 -6.872231020367713938e-03 1.031238552399216246e-02 -2.608226970506422049e-02
5.879000000000000000e+03 -6.872231020367713938e-03 1.031238552399216246e-02 -2.608226970506422049e-02
5.968000000000000000e+03 1.015968003429805755e-01 -1.990217065825952147e-01 -2.211946009380127975e-02
6.106000000000000000e+03 4.212942993417101434e-02 8.277246008407956879e-03 -1.800141151372258719e-02
6.119000000000000000e+03 -1.507641261554759637e-02 -3.695684619714967312e-02 -1.447765215666407812e-02
5.969000000000000000e+03 -1.507641261554759637e-02 -3.695684619714967312e-02 -1.447765215666407812e-02
5.964000000000000000e+03 5.218615968904494196e-03 -7.594468373412865958e-02 -8.041924658972021689e-03
6.152000000000000000e+03 5.218615968904494196e-03 -7.594468373412865958e-02 -8.041924658972021689e-03
6.034000000000000000e+03 -1.333329017788282833e-01 -8.001332011810546874e-02 -6.152411319405359791e-03
5.987000000000000000e+03 -2.104994409702261038e-01 3.472662235331149816e-01 -1.333857827537237029e-01
6.091000000000000000e+03 1.188740738482176873e-01 5.707917833267579510e-01 -2.140150597551695455e-01
1.694900000000000000e+04 1.868657098154491436e-02 7.536455567205990747e-02 -3.048685566463653629e-01
6.151000000000000000e+03 1.046137771245692072e-01 4.938587993028455969e-01 -3.594620460214201785e-01
6.033000000000000000e+03 -3.856824450356404199e-01 -8.034386705244145332e-02 -3.609593959211494507e-01
6.093000000000000000e+03 -4.558204752031258522e-02 -9.838646528037386929e-02 -5.432210889077921934e-01
