# star id 	 star_x_coords [pc] 	 star_y_coords [pc] 	 star_z_coords [pc] 
1.634000000000000000e+04 9.699822707649374820e-02 -8.334256956459498156e-01 2.776287059209181507e-02
1.622200000000000000e+04 -4.627196645111855133e-01 4.413861850941671605e-01 -6.970087617509150846e-01
1.634100000000000000e+04 -3.614800885358668836e-01 1.628893186665010262e-01 -3.502600541144573754e-01
1.653900000000000000e+04 -1.066095771738542197e-01 6.107609735996533118e-01 -8.421172755258510279e-02
1.656000000000000000e+04 1.963386296974851675e-01 6.371531276106168207e-02 1.652848344336419473e-01
1.660000000000000000e+04 7.246670629123137530e-01 -2.541721693547174254e-01 5.601644831582746065e-01
1.655800000000000000e+04 1.109707800853634296e+00 -2.853459723070272958e-03 9.817753737624173027e-01
1.662400000000000000e+04 1.109707800853634296e+00 -2.853459723070272958e-03 9.817753737624173027e-01
1.661600000000000000e+04 -7.739178834940005913e-01 -5.009777757182121150e-02 4.289640408707384722e-02
1.650100000000000000e+04 -8.070689410475004877e-01 -7.431812697836690518e-01 -1.776112202626336511e-01
1.644900000000000000e+04 -6.049527601087447692e-01 5.242041357661761936e-01 -1.349613746608241627e+00
