# star id 	 star_x_coords [pc] 	 star_y_coords [pc] 	 star_z_coords [pc] 
6.298000000000000000e+04 -4.184974198847442040e-01 1.442755071392802790e+00 1.943807520354745577e-01
6.347000000000000000e+04 1.028869827623836386e+00 -2.730677995291017623e-01 -1.144883268238189977e+00
6.199300000000000000e+04 8.240466022067352014e-01 -5.340416402001011420e-01 -9.226995239011799299e-01
6.346900000000000000e+04 2.865851320540997449e-01 -7.631444676490986012e-01 -4.459290905242765390e-01
6.199200000000000000e+04 2.865851320540997449e-01 -7.631444676490986012e-01 -4.459290905242765390e-01
6.346800000000000000e+04 -7.616597526962323172e-01 -5.204205578172746982e-01 2.495762887205206226e-01
6.332300000000000000e+04 -4.249654276491696692e-01 4.826469256892309545e-01 8.278615176265482489e-01
6.342900000000000000e+04 -4.249654276491696692e-01 4.826469256892309545e-01 8.278615176265482489e-01
6.296500000000000000e+04 -4.249654276491696692e-01 4.826469256892309545e-01 8.278615176265482489e-01
