# star id 	 star_x_coords [pc] 	 star_y_coords [pc] 	 star_z_coords [pc] 
3.933200000000000000e+04 1.186569137552538677e+00 4.940594849582595316e+00 8.294349633043651693e-03
3.896500000000000000e+04 9.361904477593085971e-01 4.187145661373648409e+00 -9.580867452908670145e-01
4.043200000000000000e+04 -1.839434561932336010e-01 3.733403574861284824e+00 -7.724923058497488171e-01
3.949900000000000000e+04 1.147429745721950667e-01 3.451638952930743187e+00 -1.443187036081514663e+00
3.957700000000000000e+04 -3.670421411789561716e-01 3.342774729154619706e+00 1.459935765695504983e+00
3.908300000000000000e+04 2.736306492875328900e-01 2.922346228068001039e+00 2.464975090132284663e+00
4.027200000000000000e+04 3.167537458962428332e-01 2.761878395270777276e+00 -6.601714726027587687e-01
3.892400000000000000e+04 -3.446104208519784606e-02 3.195425839186007977e+00 -1.300083855722597548e+00
3.923000000000000000e+04 7.977499998250436875e-02 2.872462134751089025e+00 6.036673537315451199e-02
3.930300000000000000e+04 -1.227504799030043614e+00 3.086634252149458746e+00 -4.514295981390684886e+00
3.945200000000000000e+04 -1.227504799030043614e+00 3.086634252149458746e+00 -4.514295981390684886e+00
3.963100000000000000e+04 -3.339066775230961071e-01 2.806352623669809532e+00 -3.794373055299587350e+00
4.027100000000000000e+04 -9.938464842476619765e-01 2.723522886669528020e+00 3.992158379114343347e-01
4.046300000000000000e+04 3.928456507624389360e-01 2.472860947359258432e+00 7.819140536181947709e-01
3.944200000000000000e+04 6.685930366228305388e-01 2.690977268218418317e+00 1.018766464477611322e+00
3.907800000000000000e+04 2.213514256103977118e+00 2.408525835778533519e+00 1.651367308711773063e+00
3.915700000000000000e+04 -1.200689993490556162e+00 2.309708531393418696e+00 1.573516040324459908e+00
3.958700000000000000e+04 1.154309951930777345e+00 2.012259774063743123e+00 9.330964679798654515e-01
3.968400000000000000e+04 1.736597031441704075e+00 2.209205980937099412e+00 -1.180082680607114298e+00
3.981900000000000000e+04 -2.785254087453999716e+00 2.120507181517929496e+00 -1.364901918129071134e-01
4.043100000000000000e+04 -9.467530460948552218e-01 2.028568647262730451e+00 3.093812606173521829e+00
3.919100000000000000e+04 -8.929964420770204470e-01 1.931767018377833267e+00 -6.339429187516820718e-01
4.001000000000000000e+04 -2.627135758342724614e+00 2.053054720967800506e+00 -8.528899815041199872e-01
3.904000000000000000e+04 8.255629376005018116e-01 1.946276807839900869e+00 2.980001736525750289e-01
3.943500000000000000e+04 -2.251631746779167997e+00 1.900683471091078047e+00 7.034654075301816079e-01
3.943900000000000000e+04 2.956223552256602716e-01 2.007254512169254212e+00 -1.467762915901431597e-01
3.907600000000000000e+04 -1.896807451478963458e+00 1.901294995055572201e+00 -2.629263570870346456e+00
3.966200000000000000e+04 -1.126064305309668612e-01 1.987135690698536905e+00 -3.461592517257500390e+00
3.895700000000000000e+04 -2.410865672388617043e+00 2.112247766934700621e+00 -1.600643444156151673e+00
3.892200000000000000e+04 -3.247383479917687055e-02 1.908358074132500803e+00 1.670682901067443993e-01
4.039500000000000000e+04 2.883995488199175838e-01 1.740249488320593230e+00 -3.601632819458018275e-01
3.973300000000000000e+04 -1.168465685151751643e+00 1.725181098468468122e+00 -2.819227737201757122e+00
3.944500000000000000e+04 -2.302113070316750054e+00 1.821298040664025564e+00 -1.478720361563784280e+00
3.944300000000000000e+04 -2.732131658845773359e-01 1.708729173661737377e+00 2.285167345642921788e+00
3.952200000000000000e+04 1.074592854209484472e+00 1.822721421286502164e+00 4.270744165967535366e+00
3.966600000000000000e+04 1.437206275770670061e+00 1.799446615374456826e+00 -2.369195032523450095e-01
4.000700000000000000e+04 -5.029597880926601761e-01 1.687067836441336510e+00 5.415272051972657152e-01
4.041700000000000000e+04 -4.407189983618096107e-01 1.669776961362359202e+00 -2.576162414616863572e+00
3.901300000000000000e+04 2.097999244846597833e+00 1.582820138400542476e+00 1.643987917457170767e+00
4.030100000000000000e+04 -8.232316146040687954e-01 1.624118015875353649e+00 2.714894586991292158e+00
3.913100000000000000e+04 8.117763964635571483e-02 1.572072209852763081e+00 5.084759120796071841e-01
3.913000000000000000e+04 2.925237485782972158e-01 1.647270329810361034e+00 -1.919857125474067061e-01
3.910400000000000000e+04 9.295527224864486016e-03 1.529268757019977443e+00 -5.643968216368868696e-01
3.908400000000000000e+04 -2.564378893244693813e+00 1.517354845647247430e+00 -2.321229135063124005e+00
3.910100000000000000e+04 3.510247088709732566e-01 1.501823227441704489e+00 4.516410971784132755e-01
4.041600000000000000e+04 -5.678127638740377847e-01 1.597839782473414516e+00 -1.336303582853343386e+00
3.892000000000000000e+04 1.514887801925084432e-01 1.474795100219999711e+00 -6.296745590018844041e-01
4.029000000000000000e+04 -4.955453067588422300e-02 1.499961588260077860e+00 -7.866533334961864909e-01
3.891300000000000000e+04 5.712221761593099245e-01 1.455694271937225892e+00 -1.260119271574318134e-01
3.915100000000000000e+04 1.737317647384550412e+00 1.398949853166016055e+00 -2.949247782055408607e-02
3.984400000000000000e+04 7.741317297893317573e-01 1.349740178274352331e+00 4.437811829167088717e-01
3.965500000000000000e+04 -7.460668292613163999e-01 1.397328365750972523e+00 1.842224844106429060e+00
3.984100000000000000e+04 -2.768514152399369266e+00 1.405544264589309478e+00 -1.012730071198504334e-01
3.939800000000000000e+04 1.574066694605519956e+00 1.376597960141744181e+00 -6.696288412118320821e-01
4.032100000000000000e+04 -1.150129288620831858e+00 1.397264394873985793e+00 -3.248671143411073103e+00
3.905800000000000000e+04 -1.150129288620831858e+00 1.397264394873985793e+00 -3.248671143411073103e+00
3.910500000000000000e+04 4.563513851103522256e-01 1.428046717808854282e+00 1.441813830929280726e+00
3.958600000000000000e+04 -3.464079529974100069e-01 1.328987394382579623e+00 -1.574965884862113086e+00
3.917500000000000000e+04 1.440270735550775782e+00 1.379487167699821271e+00 1.544577419345124270e+00
3.944600000000000000e+04 -9.141947158852445909e-01 1.338717248346327438e+00 -2.558773153870603778e-01
3.924800000000000000e+04 2.432091340331432150e+00 1.395263849375083964e+00 -1.228740611990289722e+00
3.949600000000000000e+04 -9.888304888150827310e-01 1.325936726806716592e+00 -1.619090627919277381e-01
3.941800000000000000e+04 4.471424526702350022e-01 1.283571226559018896e+00 -4.473586271406624348e-01
3.941900000000000000e+04 -1.151788071024391513e+00 1.266592688143887813e+00 3.706435563171915248e+00
3.998100000000000000e+04 -1.528470508268810590e+00 1.294878529162623693e+00 2.211631891556251617e-01
3.905600000000000000e+04 -1.528470508268810590e+00 1.294878529162623693e+00 2.211631891556251617e-01
3.902500000000000000e+04 3.211859151363469778e-01 1.292302353761698441e+00 2.279595915940014095e+00
3.944000000000000000e+04 -1.309472333609292605e+00 1.334987528678219348e+00 1.125663647049687910e+00
3.928400000000000000e+04 3.340558217059452772e-02 1.287668377833625755e+00 8.306956460733587733e-01
3.911400000000000000e+04 -2.447369032377046949e+00 1.255813784489902218e+00 1.886688014457554630e+00
3.948800000000000000e+04 -8.269393138100440410e-01 1.191226246720162862e+00 -1.237930606005580358e+00
3.931600000000000000e+04 1.436633159207872268e+00 1.185919904461584906e+00 2.172064087905738461e-01
3.931700000000000000e+04 -7.363161045887451905e-01 1.121185930564969624e+00 -5.923060160987461131e-01
3.962100000000000000e+04 1.598164401561277259e-01 1.129027699677905616e+00 5.479802157684368069e-01
3.948400000000000000e+04 -1.474225141972006270e+00 1.115391116152089523e+00 1.978009750657918175e+00
3.912600000000000000e+04 8.434114050373864302e-03 1.096977032563337673e+00 1.357587311022523835e+00
3.916300000000000000e+04 8.434114050373864302e-03 1.096977032563337673e+00 1.357587311022523835e+00
3.919200000000000000e+04 6.661638802844436213e-01 1.068168639950158649e+00 -1.519547005124842087e+00
3.954200000000000000e+04 -4.592899508836460143e+00 -1.161214976086597517e-01 1.363586811342042182e+00
3.897400000000000000e+04 -5.790089361048842420e-01 -1.278676838113092629e+00 3.099004906604584164e+00
3.897500000000000000e+04 -1.023855630589714849e+00 -1.171167747161337758e+00 3.543171174128616485e+00
3.957200000000000000e+04 -2.370923585085449758e+00 1.041312267336458319e+00 3.087410936922822202e+00
3.919300000000000000e+04 -2.408067510248784515e+00 1.733746162434712801e-01 3.988346281138753113e+00
3.890800000000000000e+04 8.797990954323609003e-02 3.958015129462637560e-01 3.581074518334304457e+00
4.030200000000000000e+04 -2.339306297293433090e-01 3.995217326433717631e-01 3.453257181368506679e+00
4.027500000000000000e+04 -1.588778765244164504e+00 9.861731376217690581e-01 3.820409272905074261e+00
4.027400000000000000e+04 -1.035297552112751873e+00 4.446193175264880892e-01 3.185700784457573320e+00
4.008500000000000000e+04 -1.548896721082826389e-01 -1.241855446958339826e+00 1.820082148158714830e+00
3.950100000000000000e+04 -4.020895166728877257e-02 8.084854670386008024e-01 2.082774947557197720e+00
3.934200000000000000e+04 -4.020895166728877257e-02 8.084854670386008024e-01 2.082774947557197720e+00
4.009300000000000000e+04 6.268323289101118689e-01 8.944876321015371445e-01 2.484429132301144705e+00
4.024900000000000000e+04 -7.400046831978812634e-02 5.884292292139292613e-01 2.655542078837292763e+00
3.951100000000000000e+04 7.770135625395866441e-01 -2.259768426444669132e+00 2.230970845742007214e+00
3.951200000000000000e+04 7.127385841312374737e-01 4.249013943483603839e-01 2.770179017854424330e+00
3.951000000000000000e+04 7.595185973840656857e-01 -2.891461509551724873e+00 2.156914268023982117e+00
3.958500000000000000e+04 -2.195051295416874382e-01 -9.432889956912049456e-03 2.488454900282196292e+00
3.907400000000000000e+04 5.067101825543858240e-01 -5.387973089226960610e-01 2.955999554671144836e+00
3.950000000000000000e+04 -6.096420089722585089e-01 -7.840166634313732175e-01 2.075869315375477697e+00
3.945700000000000000e+04 7.293543538879632138e-01 -3.914152776198452699e+00 -1.005120101849012570e+00
3.927900000000000000e+04 -2.356745785546998206e+00 -1.248555482027065011e+00 -5.297615898567897830e-02
4.036300000000000000e+04 -4.080328743656231438e+00 -1.793808538821640042e+00 -1.345334306928442913e-01
4.012500000000000000e+04 -8.692451743659290742e-01 1.312004319907273953e-01 2.088277148948087358e+00
4.037000000000000000e+04 3.043069308511903159e-01 -2.402982923339678223e+00 2.780525112283918077e-01
3.882400000000000000e+04 -2.249640809242123396e+00 -4.679486777795247576e-01 -2.156409234739200542e-01
4.024700000000000000e+04 -4.413543186507055793e+00 -4.442397921780454340e-01 1.289551057148266011e-01
3.932500000000000000e+04 -2.221471713851599361e+00 -6.143578244061416171e-01 9.858965830898185345e-01
4.037200000000000000e+04 -2.327364336276389167e+00 -7.110546750366495417e-01 1.612186728005386982e+00
4.030900000000000000e+04 -4.282083865452506188e+00 -4.900266141409730380e-01 1.773909375502057628e+00
3.901700000000000000e+04 -4.306273624091119245e+00 -1.197727113782061537e+00 2.117296649162472733e+00
4.035300000000000000e+04 -4.332232371942538407e+00 -3.032321301646163647e-01 1.839692350466165749e+00
3.903600000000000000e+04 -3.638296454800276081e+00 -9.693102750243127730e-01 1.162700353150562194e+00
3.964900000000000000e+04 -1.972914631907869421e-01 -1.921694063680163822e+00 -2.097895911643519185e-01
3.938400000000000000e+04 1.459989206893652636e-02 -1.602471112246931284e+00 1.735470371534724165e-01
3.904500000000000000e+04 1.459989206893652636e-02 -1.602471112246931284e+00 1.735470371534724165e-01
3.904400000000000000e+04 -4.728835036793554991e-01 -2.106140952883425399e+00 -4.343925633555763000e-01
3.918600000000000000e+04 -2.445850605839552827e+00 4.153178494476321703e-01 2.255710851692995789e-01
3.929800000000000000e+04 -7.087685717447840261e-01 -9.379893474674361187e-01 -2.330231292967638979e+00
3.929700000000000000e+04 2.916144380087359878e-02 -1.865599998299085627e+00 9.456958445431205007e-01
3.952500000000000000e+04 -5.162402460090191880e-01 3.003666930603685614e-01 -3.230185987338241915e+00
3.891800000000000000e+04 2.434679195437396970e-01 1.225794273389624323e-02 -2.795548566007362012e+00
3.967700000000000000e+04 2.543180009863164059e-01 2.668918705830165550e-01 -2.518668142858253134e+00
3.949300000000000000e+04 2.543180009863164059e-01 2.668918705830165550e-01 -2.518668142858253134e+00
3.963300000000000000e+04 -2.725673312167991469e+00 -1.450972093971117260e+00 -8.668666526553323592e-01
4.045900000000000000e+04 -2.318771293102450670e+00 -1.668489687243976505e+00 -4.724387638721267990e-01
3.953700000000000000e+04 -2.678310988086799682e+00 -1.993161168348112966e+00 -1.559452951759578099e+00
3.881700000000000000e+04 1.844353697360148203e-01 -1.921876836846887926e+00 -7.424168402327246952e-01
3.881600000000000000e+04 5.780214204320159865e-01 -1.039609024292268202e+00 -2.631382335991940380e+00
3.930400000000000000e+04 5.651910498335226407e-01 -3.288370896117978504e+00 -2.944333869105882684e+00
4.040600000000000000e+04 -2.293554929408735177e+00 -8.676587543310745332e-01 -1.002677049882311877e+00
3.968600000000000000e+04 -7.106463555581612468e-01 -2.569297112271179628e+00 -2.987643743581251954e-01
3.908200000000000000e+04 -1.752029770138186393e+00 6.721022812508721245e-01 -3.427849362506336206e+00
3.948700000000000000e+04 -4.015386552391078112e+00 5.731402159401923768e-01 2.092182457705199283e+00
3.900800000000000000e+04 -1.126348073059752153e+00 -1.609380268906068778e+00 -3.249479894660591839e+00
3.900900000000000000e+04 -4.624770370500641548e-02 -2.302172261025628330e+00 -1.245106665537285551e+00
3.898400000000000000e+04 -2.122454289492878843e-01 -2.504554314017948258e+00 -4.358022267226751012e-01
4.025600000000000000e+04 -3.459324648659311663e+00 -1.481326999607144757e+00 -1.716095663570953889e+00
3.926700000000000000e+04 -3.154261577268279382e+00 9.136787436880453583e-01 -2.286892157175678619e+00
3.959600000000000000e+04 -3.199862328314118542e+00 9.617655423156179495e-03 -2.214613007268720679e+00
4.032600000000000000e+04 -2.096551363814434410e+00 -8.896403657185203429e-02 -1.490179407963850622e+00
3.958800000000000000e+04 -3.930177091997308025e+00 -9.233473105864504760e-01 -7.146564944992483959e-01
4.024200000000000000e+04 2.324346523126976649e-01 -1.609071748363390952e-01 -1.865069811674366917e-01
4.024100000000000000e+04 7.868732024293692007e-01 4.348926092662921405e-01 -2.468844666284297773e-02
3.913700000000000000e+04 7.868732024293692007e-01 4.348926092662921405e-01 -2.468844666284297773e-02
3.889200000000000000e+04 7.419571512359368626e-01 4.449321218820401214e-01 -6.023640893450021849e-02
3.945000000000000000e+04 7.067121852256974535e-01 -1.368371096092694472e+00 3.283984475534467151e-01
3.958900000000000000e+04 8.033637930636601254e-01 -4.670245494990155066e-02 3.229821912966315267e-01
3.947900000000000000e+04 7.971882034587238763e-01 -9.739087480209533965e-01 -9.510224960444517706e-01
3.953200000000000000e+04 7.944217065457124249e-01 -5.554724911069186533e-01 -5.364332016681814252e-01
4.031200000000000000e+04 7.068651255177655912e-01 5.105146682503516331e-01 -1.309263625798394060e+00
4.031100000000000000e+04 7.068651255177655912e-01 5.105146682503516331e-01 -1.309263625798394060e+00
4.031000000000000000e+04 -1.085037840572326218e+00 -7.860200309299116839e-01 -3.654310897388199919e-01
3.892100000000000000e+04 -1.602717725292876594e+00 -1.435585007009112957e+00 7.822550960636576178e-02
3.884500000000000000e+04 -1.602717725292876594e+00 -1.435585007009112957e+00 7.822550960636576178e-02
3.913600000000000000e+04 -1.148416901655771483e+00 -6.154873742889250821e-01 -7.666174193518315860e-02
4.044100000000000000e+04 -1.401948876925033005e+00 -2.543168758401037621e-02 4.203176824347920615e-02
4.024600000000000000e+04 -8.712040104146225872e-01 -1.509858026592684865e+00 9.707145809262129887e-03
3.954900000000000000e+04 -1.024957517085624659e+00 -4.694211429286596626e-01 -9.678907453533724947e-02
3.956300000000000000e+04 -5.346888345540747878e-01 -7.253932436663674821e-01 -2.221822888256959061e-01
3.956200000000000000e+04 -8.733469668292883625e-01 -1.970059618883794883e-01 1.652094198302123118e-02
4.023300000000000000e+04 -1.021151705776716767e+00 -8.603138094705826688e-01 5.289358468201434960e-01
4.023200000000000000e+04 -1.066292421720895334e+00 -6.294051031220604386e-01 4.433587154670171060e-01
3.899500000000000000e+04 -1.112522808300759891e+00 -1.482172520934433635e+00 1.484182522279674288e+00
3.890200000000000000e+04 -5.244453452253168280e-01 -1.581131747052896941e+00 5.203710464765158861e-01
3.890100000000000000e+04 -1.894813132377748843e+00 8.270825285858762754e-02 4.186911905428942759e-01
3.898500000000000000e+04 -1.775575648927592454e+00 -5.705753805426709846e-01 5.530051239382025585e-01
3.890000000000000000e+04 -9.334447606562790156e-01 -8.264589021904242827e-01 1.209982135938211911e+00
3.906300000000000000e+04 -1.923633900381531703e-01 -1.339470688292710321e+00 3.054135103939614737e-02
4.023100000000000000e+04 -6.614000336230674293e-01 -6.836774198512429734e-01 3.113601311000167016e-01
4.023000000000000000e+04 -4.149929366708775547e-01 -1.078236213958152945e+00 9.572749069211070605e-01
3.904300000000000000e+04 -6.943884290563744344e-01 3.724020095724611679e-01 -1.965453931898970552e-01
3.901100000000000000e+04 -7.998989881893194820e-01 6.968381536362926454e-01 -5.742420825308869325e-02
3.904200000000000000e+04 -1.839566649245440999e-01 -7.730743833250102170e-01 2.142709252737802217e-01
3.904100000000000000e+04 -1.468927123067729212e+00 -5.197961191209472531e-01 1.099655010381560771e+00
4.039200000000000000e+04 -2.410236859373569018e-01 7.367236757632014132e-01 -2.176140228158018886e-02
3.906400000000000000e+04 -5.288649533724054663e-02 5.312632079943497843e-01 -1.550302880952365570e-01
3.922900000000000000e+04 -1.076117435500464126e+00 1.026284777540453774e+00 8.876099624810507294e-02
3.898600000000000000e+04 -2.013946262245625007e-01 -4.686891062820706111e-01 -2.060276762546386919e-01
3.929600000000000000e+04 -2.772107517465940418e-01 -3.574372338736750976e-01 -5.048541343468073705e-01
4.024500000000000000e+04 -2.789728636616501944e-01 -1.939184759704950523e+00 8.722624709937285559e-01
3.917600000000000000e+04 3.430470316642839634e-01 5.864302737593760639e-01 -4.994936464979566892e-01
4.001300000000000000e+04 4.879153337130333057e-01 8.461489992996504839e-01 -7.858694420746559217e-02
4.001200000000000000e+04 -5.879601346864049560e-01 1.017598802869308372e+00 -2.766209525614762299e-01
4.001100000000000000e+04 -6.651970906888209356e-01 1.029956979724943267e+00 -5.499685337397508533e-02
3.945600000000000000e+04 -6.515655437809257933e-01 6.994809413918403607e-01 -2.990977670882237760e-01
3.926300000000000000e+04 -1.269379121442291591e+00 4.714838096013167501e-01 -2.506257586048299402e-01
3.945300000000000000e+04 3.088955592194722044e-01 -8.017301926606421603e-01 -3.337617409941557867e-01
4.026000000000000000e+04 6.428824794470955339e-02 -7.915102804350482302e-02 -1.810394246911428695e-01
3.967800000000000000e+04 6.306797368429641892e-01 -1.116234042541179861e-01 -4.976882006081950749e-02
3.961800000000000000e+04 -1.891471433496590748e+00 7.911955791893845458e-01 8.327474146937881017e-01
4.032400000000000000e+04 1.834686738125768102e-01 1.800286821334537990e-01 3.604513593732967536e-01
3.949200000000000000e+04 -3.233644175449441605e-01 -8.344685753123357586e-01 3.593921075029165024e-01
4.002000000000000000e+04 5.009400416325178185e-01 4.444596240455567226e-01 1.076308599821583556e+00
4.001900000000000000e+04 -6.581722758316956856e-01 -2.146875263639600462e-01 2.892041318618403523e-01
3.963000000000000000e+04 -8.485391550780292391e-01 1.048452422866247957e+00 3.053593926466220410e-01
3.962900000000000000e+04 -4.946047570158995654e-01 -1.469139070323056018e+00 7.353154803018000507e-01
3.953900000000000000e+04 -1.318242800603925957e-01 1.044336819394267479e+00 6.486534186276742275e-01
3.907700000000000000e+04 -2.577968170122346692e-03 6.546214121245981232e-01 6.079012957360774294e-01
3.938300000000000000e+04 -2.455777147520166181e-02 9.614404523095245736e-01 7.079048478854019777e-01
3.946900000000000000e+04 -1.106252444062931772e-01 6.971917669810565599e-01 8.330584530497624485e-01
3.903000000000000000e+04 -1.106252444062931772e-01 6.971917669810565599e-01 8.330584530497624485e-01
3.975900000000000000e+04 -2.687812784032672653e-02 -2.961797370775727245e-01 1.110551619856501304e-01
3.976000000000000000e+04 1.459707710368434164e-01 -2.851165276378608837e-01 5.150099638721030715e-01
3.903100000000000000e+04 -2.259359963477436395e-01 1.449477596864312545e-02 5.082915426899532463e-01
4.031800000000000000e+04 5.900133930696611628e-01 8.374998223755767413e-01 3.750505829871784158e-01
3.925800000000000000e+04 5.900133930696611628e-01 8.374998223755767413e-01 3.750505829871784158e-01
3.916800000000000000e+04 5.830660971055081632e-01 4.206080747437539458e-01 3.774471736377336128e-01
3.916900000000000000e+04 5.830660971055081632e-01 4.206080747437539458e-01 3.774471736377336128e-01
4.046400000000000000e+04 5.648308122441960677e-01 7.132238343855590301e-01 3.594876014993673152e-01
3.908500000000000000e+04 3.345726116394587280e-02 8.251679023394586920e-01 5.216087953984072101e-01
3.915000000000000000e+04 2.537570116345406745e-01 8.902876743457284192e-01 6.681179686821110408e-01
3.951500000000000000e+04 -8.331185151984357162e-01 8.242110147787968799e-01 2.859314394010574745e-01
3.930500000000000000e+04 -6.598770703954315309e-01 6.901375087685011067e-01 3.320715112470153940e-01
3.888000000000000000e+04 4.050072230265442386e-01 7.946239800391907693e-02 4.033696021791470798e-01
3.959400000000000000e+04 2.350157396853944647e-01 -4.746729801647333602e-01 4.702430808128141848e-01
3.905100000000000000e+04 -1.454942553234275238e-01 8.741391375614426806e-02 9.063468268580088250e-01
3.905000000000000000e+04 2.625292752912145033e-01 -5.825689434005454359e-02 1.120587780094194130e+00
3.914600000000000000e+04 -1.140867941936249963e+00 8.167437076914652039e-01 1.236268348305724629e+00
3.925200000000000000e+04 -1.140867941936249963e+00 8.167437076914652039e-01 1.236268348305724629e+00
4.042000000000000000e+04 -1.266975788348233323e+00 6.124273435868943238e-01 1.459880627771418915e+00
4.041900000000000000e+04 -1.142503945485842110e-01 -6.142478365335648505e-01 1.084691765200535229e+00
4.038200000000000000e+04 2.386751488664629051e-03 6.587594390096356278e-01 7.386654901800930872e-01
4.039600000000000000e+04 -5.180367049236167531e-01 5.832466280802535152e-01 9.108682263567580151e-01
3.899700000000000000e+04 7.437946238388093434e-01 8.272260310825174656e-03 1.185381080186804326e+00
3.955400000000000000e+04 3.012190154493055161e-03 4.537003587158068285e-01 1.256722474374367238e+00
3.889800000000000000e+04 3.012190154493055161e-03 4.537003587158068285e-01 1.256722474374367238e+00
3.947300000000000000e+04 -5.710923347071030776e-01 2.253409995642883246e-01 1.934133939841608196e+00
3.881800000000000000e+04 -4.235924335068190771e-01 -1.221769895533658001e+00 1.468290432773262211e+00
4.033800000000000000e+04 -1.715933488328147405e-01 -6.112919765944155870e-01 -4.741518506286261925e-01
3.908700000000000000e+04 -1.411850039564427561e+00 -1.059558571452242859e+00 -1.051820480447876349e+00
3.895500000000000000e+04 1.735357444027272322e-01 1.184511160452572653e-01 1.620431066851352853e+00
3.908800000000000000e+04 2.936288490107799021e-01 3.077468064030242090e-01 1.393618431868961949e+00
4.040800000000000000e+04 4.028246761462668246e-01 -9.668973911874374494e-01 -8.809185509832957450e-01
3.952800000000000000e+04 1.721108011365686252e-01 -6.558556493533487242e-01 -3.192894050146293239e-01
3.952900000000000000e+04 4.968994279030169992e-02 -9.422388093561337996e-01 -3.816418768923774962e-01
4.025200000000000000e+04 -5.552533729369315552e-01 -5.185780315178405431e-01 -7.599750273137750867e-01
4.025300000000000000e+04 1.695578010932763391e-02 1.357434042315475153e-02 -8.208791232545635808e-01
4.028800000000000000e+04 -8.684249947393141156e-03 -2.232347486450905194e-01 -9.901716127308439752e-01
3.953300000000000000e+04 -1.426802924033125919e-01 -5.736420584333004058e-01 -7.429335447406160142e-01
3.953400000000000000e+04 -1.426802924033125919e-01 -5.736420584333004058e-01 -7.429335447406160142e-01
3.908900000000000000e+04 -3.014149540267823113e-01 -3.987571342283189324e-01 -6.667938418357408636e-01
3.908000000000000000e+04 1.228754550473922791e-01 -3.454387831283298738e-01 -3.790064099492305161e-01
3.934000000000000000e+04 -4.908854986084065786e-03 -1.550177134298493797e-01 -6.271602341501782973e-01
3.956400000000000000e+04 -4.908854986084065786e-03 -1.550177134298493797e-01 -6.271602341501782973e-01
3.902000000000000000e+04 -2.116530779270533458e-01 -3.189619878679081921e-01 -8.803403631487896064e-01
3.902100000000000000e+04 -2.524070135605427367e-01 -5.862358874368638340e-01 -4.897882132406792266e-01
3.941000000000000000e+04 -3.205057265349182671e-01 -4.386020168740358827e-01 -6.398247216729018305e-01
3.963200000000000000e+04 3.006162154894127525e-01 -1.538782716391295935e-01 -4.842409503851605734e-01
3.899100000000000000e+04 -1.096335342872180263e+00 -1.367917679325657332e+00 -4.059191570090838752e-01
3.914200000000000000e+04 3.735571349234589889e-01 -5.328977702508481684e-01 -2.848888323377281040e-01
3.914300000000000000e+04 3.029375596215757582e-01 -3.908321240506467120e-01 -1.114556994912412335e+00
3.914400000000000000e+04 -4.856789029348362874e-02 -3.765716019109817125e-01 -3.083700614121589467e-01
3.896900000000000000e+04 -1.020599289340182736e+00 -1.914468307849546136e-01 -6.244679065334253210e-01
3.881500000000000000e+04 -4.490933928040874434e-02 4.639164191751277144e-01 -1.082341641486323169e+00
3.934800000000000000e+04 5.525514754233000758e-01 4.868083365518316441e-01 -9.010809811462472396e-01
4.033200000000000000e+04 3.423102493303389338e-01 5.179442679960573059e-01 -8.460291134092479126e-01
4.008400000000000000e+04 7.343691412736745860e-01 1.831672351864028769e-01 -2.764427442914616506e-01
3.920400000000000000e+04 -1.527575931812918952e-02 8.703476067405730987e-01 -7.319634919133548578e-01
3.889300000000000000e+04 -4.833814895589867433e-01 9.905109314571873824e-01 -7.578597393900281531e-01
3.956000000000000000e+04 -3.036558600208394409e-01 9.712021573947922093e-01 -4.878182597759810335e-01
3.950300000000000000e+04 -3.036558600208394409e-01 9.712021573947922093e-01 -4.878182597759810335e-01
3.954300000000000000e+04 5.196359088028401629e-01 4.822805207311944287e-01 -3.308482881475782733e-01
3.934700000000000000e+04 -1.717610945782155341e-02 9.053661092271312327e-01 -6.457083032195001238e-01
3.947400000000000000e+04 4.983686030922029886e-02 9.845773635797527845e-01 -6.551478882611014853e-01
3.896800000000000000e+04 4.983686030922029886e-02 9.845773635797527845e-01 -6.551478882611014853e-01
4.027000000000000000e+04 5.526683188342715880e-01 6.447154232076641733e-01 -5.413641672025519824e-01
3.956500000000000000e+04 -1.580143945730171140e+00 3.842947644098444471e-01 -6.768169194264501698e-01
3.983000000000000000e+04 -2.056119905239128798e+00 1.807057331714005954e-01 -8.058757277747758963e-01
4.015200000000000000e+04 -8.215282583065004474e-01 1.220512980050969531e-01 -7.922193797747389965e-01
4.034100000000000000e+04 6.194082673219085677e-01 3.271689045030186094e-01 -1.121250721650095983e+00
3.910700000000000000e+04 8.045918187797411747e-01 7.505032722134714618e-01 -1.237715732693668969e+00
3.910600000000000000e+04 2.358842418411839503e-01 -6.876273581095873055e-01 -1.616655330435182947e+00
4.007200000000000000e+04 2.358842418411839503e-01 -6.876273581095873055e-01 -1.616655330435182947e+00
3.926400000000000000e+04 8.325327639322210871e-02 -7.755579635584339826e-01 -1.546344934005070115e+00
4.034200000000000000e+04 -3.833397054259322090e-01 -8.580964191552169495e-01 -9.270973509798849932e-01
3.950400000000000000e+04 -4.748533397510215082e-01 -9.659533125380193042e-02 -1.048367902635330751e+00
3.901500000000000000e+04 -2.880582543032517151e-01 -3.332212573674624423e-01 -1.137965534057748584e+00
4.038500000000000000e+04 4.306385222112680822e-01 -2.979737707648766332e-01 -1.130393808148252077e+00
4.038600000000000000e+04 -1.166351280227800657e+00 -8.433865231894586145e-01 -1.202441202979994017e+00
4.038000000000000000e+04 1.141740661984158578e-02 5.893608573929327576e-01 -1.088753059731690342e+00
4.022900000000000000e+04 -3.999539259706708094e-01 2.521495392168944250e-01 -1.224942613362546950e+00
3.904800000000000000e+04 -3.999539259706708094e-01 2.521495392168944250e-01 -1.224942613362546950e+00
3.904900000000000000e+04 -1.965926425948154588e-01 4.025079828726205733e-01 -7.673984750734028637e-01
3.900200000000000000e+04 3.594992554606122326e-01 6.259675151940555793e-01 -1.213521825272334098e+00
3.955200000000000000e+04 4.964564276478640181e-01 8.322707838341898423e-01 -1.118530341664509820e+00
3.948300000000000000e+04 -1.751790705533196046e+00 4.388177413284566342e-01 -1.407729661744486549e+00
3.949500000000000000e+04 -4.881325794124151685e-01 9.107950092780612295e-01 -1.366087315761827625e+00
3.964000000000000000e+04 -4.622157379198910121e-01 -1.674824993432366682e+00 -2.109262403266171759e+00
4.003300000000000000e+04 -1.146089719301983223e+00 -4.989424220800557919e-01 -1.636176005643470432e+00
3.908100000000000000e+04 -7.355567304082626379e-01 -6.876549049093299004e-01 -2.056515023149625421e+00
4.004200000000000000e+04 -5.324040909916618602e-01 5.046232356079372039e-01 -1.604831761197019091e+00
3.906500000000000000e+04 2.891006958240893709e-02 4.422536968780903521e-01 3.192128988927542821e-01
3.941600000000000000e+04 -2.996529253882513899e-01 1.912794286943508837e-01 2.215539401644051054e-02
3.943800000000000000e+04 -2.497031551001356320e-01 1.884348992602653539e-01 1.649447964903671959e-01
4.008100000000000000e+04 -4.703611901912552185e-01 7.233415216297558459e-01 5.154216384155922981e-01
3.980400000000000000e+04 -4.974475779380753693e-01 5.084678919232388239e-01 2.024616820155245023e-01
4.073400000000000000e+04 -4.974475779380753693e-01 5.084678919232388239e-01 2.024616820155245023e-01
3.892800000000000000e+04 1.587115492581290255e-01 2.827126920398299603e-01 1.070048005665036328e-01
3.945500000000000000e+04 1.579770957118924457e-01 5.985899927178692792e-01 1.509228253275765042e-01
3.903700000000000000e+04 -8.989551602707308575e-01 2.516763690823609068e-02 5.441904580243708267e-01
4.009800000000000000e+04 -4.848275329473565876e-01 2.625050752288231593e-01 4.856966358730012701e-01
3.882300000000000000e+04 4.269373261341513626e-02 -1.862032591468860687e-01 -3.481828989144730713e-04
4.038900000000000000e+04 -1.230673288074939364e-01 -1.653955823251891388e-01 -1.626189314013615217e-02
3.965000000000000000e+04 -1.630674464164769688e-01 2.061631200802409580e-01 6.218554409510446135e-02
3.940200000000000000e+04 -1.798354330340430351e-01 7.727592047168485578e-02 -1.958209328265922977e-01
4.025900000000000000e+04 -1.798354330340430351e-01 7.727592047168485578e-02 -1.958209328265922977e-01
3.953800000000000000e+04 -1.798354330340430351e-01 7.727592047168485578e-02 -1.958209328265922977e-01
3.923300000000000000e+04 -2.652425062025542957e-01 3.072788108715371891e-01 -1.757790212556820109e-01
3.954500000000000000e+04 -3.315765130638226310e-01 -5.939907297345570214e-02 -7.582078389279800490e-02
4.022500000000000000e+04 -3.315765130638226310e-01 -5.939907297345570214e-02 -7.582078389279800490e-02
4.022600000000000000e+04 -3.571646658753451220e-01 2.284889480896339364e-01 -8.878671174910479635e-02
3.947100000000000000e+04 -3.571646658753451220e-01 2.284889480896339364e-01 -8.878671174910479635e-02
4.035900000000000000e+04 -3.986115274700452460e-01 -3.369150458089364975e-02 1.444050489915582602e-01
3.942700000000000000e+04 -1.772400811986116764e-01 2.883950818015748041e-01 1.312434930281334289e-01
4.010900000000000000e+04 -1.772400811986116764e-01 2.883950818015748041e-01 1.312434930281334289e-01
4.025100000000000000e+04 -3.728227131570918118e-01 2.179200584280422959e-01 -4.703071883083964622e-02
4.039900000000000000e+04 -5.468364222338095715e-02 1.417319079275998206e-01 -5.006716761173990449e-02
3.946700000000000000e+04 -5.468364222338095715e-02 1.417319079275998206e-01 -5.006716761173990449e-02
3.970600000000000000e+04 -1.985531686196821965e-01 -8.837598369281352007e-02 -3.373015359225277621e-01
3.984900000000000000e+04 1.746359699349255834e-01 7.399700994086799710e-02 8.444783426543978067e-02
4.009900000000000000e+04 1.746359699349255834e-01 7.399700994086799710e-02 8.444783426543978067e-02
4.045000000000000000e+04 -1.184494008029446377e-01 1.901843313842590533e-01 -2.668805770118218845e-01
4.044900000000000000e+04 -1.161854930269399233e-01 -8.716617162716033818e-02 -3.306165481158629404e-01
3.934600000000000000e+04 -1.800274517754161252e-01 3.903215128081498619e-01 1.608975600899569258e-01
4.024300000000000000e+04 -3.483680330899261435e-01 3.688384202160932546e-02 -7.361420501937487870e-02
3.960000000000000000e+04 -3.483680330899261435e-01 3.688384202160932546e-02 -7.361420501937487870e-02
3.952100000000000000e+04 5.762127127667326931e-03 3.291367873372337272e-01 2.803389802266629260e-01
3.895100000000000000e+04 -3.178603687583816395e-01 3.125264074520757163e-01 3.171242223853347753e-01
4.036500000000000000e+04 -3.225232862336611106e-01 1.197122777590422515e-01 -2.642176202193304846e-01
4.001500000000000000e+04 -1.592969849176526509e-01 4.808441871169293336e-01 -2.271668841731617761e-01
3.901600000000000000e+04 -3.899850667700377471e-01 4.119285537346257797e-01 -6.297206935641597170e-02
3.978600000000000000e+04 -3.899850667700377471e-01 4.119285537346257797e-01 -6.297206935641597170e-02
3.955300000000000000e+04 -2.995532664910385279e-01 -1.081363407342195160e-02 -9.462494385547870479e-02
3.930800000000000000e+04 -1.833506098099988435e-01 2.908718118692874555e-01 -1.291498867979932186e-01
3.982100000000000000e+04 -4.046843057583799919e-01 -5.210714722290248346e-01 -1.619485436548870894e-01
3.904600000000000000e+04 -5.465325107747389666e-01 -3.365406080530775057e-01 -2.122385715187036226e-02
3.995900000000000000e+04 -4.278223141296564336e-01 2.737560488781554113e-02 9.546619096910546887e-02
3.909300000000000000e+04 -3.277539180430082411e-01 4.535203488106276382e-02 3.572738638948180778e-02
4.002800000000000000e+04 -1.363053513865253308e-02 -2.884589617701394104e-01 9.416968213158227741e-02
3.882100000000000000e+04 -1.363053513865253308e-02 -2.884589617701394104e-01 9.416968213158227741e-02
3.882900000000000000e+04 -4.841407514504751930e-01 -9.548905850276412366e-02 -1.898692412911060501e-01
4.037300000000000000e+04 -1.367079974497826811e-01 -3.041981964100770597e-01 2.675421867228173767e-01
3.954000000000000000e+04 -1.948747615282186985e-01 -5.120514211543820693e-01 -9.817037257504779291e-02
4.029500000000000000e+04 -1.948747615282186985e-01 -5.120514211543820693e-01 -9.817037257504779291e-02
3.954700000000000000e+04 -2.222269410775936649e-01 -4.378559234187591187e-01 3.015897542422187882e-01
4.028000000000000000e+04 -1.172812436548014148e-01 -3.528880634417674855e-02 -2.363885889880634750e-02
3.918900000000000000e+04 3.128429430757506680e-02 3.998477342717166039e-02 1.985216764974637726e-01
3.898900000000000000e+04 -3.317215987678352462e-01 3.312441946154365269e-01 4.957692205220354253e-03
3.902400000000000000e+04 -3.317215987678352462e-01 3.312441946154365269e-01 4.957692205220354253e-03
3.986000000000000000e+04 1.395887714325780848e-01 5.632184683641128231e-03 -2.354854116570272993e-01
4.012600000000000000e+04 1.395887714325780848e-01 5.632184683641128231e-03 -2.354854116570272993e-01
3.900000000000000000e+04 2.074020283306552415e-01 8.289840753970736387e-01 -7.720536249030374165e-02
3.954400000000000000e+04 7.927876327066485374e-03 5.136440748545822998e-01 3.298276809987754632e-02
4.036200000000000000e+04 5.645440998051043380e-02 2.794511669609676119e-01 3.318604417918322724e-01
3.979600000000000000e+04 -2.321979326945182720e-01 1.668050392229289969e-01 -5.535289302057222471e-02
4.010600000000000000e+04 -2.321979326945182720e-01 1.668050392229289969e-01 -5.535289302057222471e-02
3.969600000000000000e+04 -2.321979326945182720e-01 1.668050392229289969e-01 -5.535289302057222471e-02
3.981000000000000000e+04 -2.465910036603915501e-01 5.831527192927410397e-01 -1.109549598894830069e-01
3.916200000000000000e+04 -2.439027017920167850e-01 4.965353331489552602e-02 -1.441208662190653911e-01
4.004600000000000000e+04 -2.439027017920167850e-01 4.965353331489552602e-02 -1.441208662190653911e-01
3.901400000000000000e+04 -5.767513645596977767e-02 -9.062818359538482582e-02 -3.500602263869438957e-01
4.021900000000000000e+04 -5.767513645596977767e-02 -9.062818359538482582e-02 -3.500602263869438957e-01
4.034400000000000000e+04 -2.027153354887119008e-01 5.810844706094542289e-02 8.667539479350949705e-02
4.034500000000000000e+04 -2.796407515955721124e-01 2.949591738541315067e-01 -1.070659435127900849e-01
3.910800000000000000e+04 -2.086535808204743603e-01 4.352863654807492821e-02 -4.275495606665558057e-02
3.958300000000000000e+04 -2.086535808204743603e-01 4.352863654807492821e-02 -4.275495606665558057e-02
3.954800000000000000e+04 -2.086535808204743603e-01 4.352863654807492821e-02 -4.275495606665558057e-02
4.033100000000000000e+04 -1.723894460801318473e-01 1.291260232623869797e-02 -1.810798215958691060e-01
3.943600000000000000e+04 -1.723894460801318473e-01 1.291260232623869797e-02 -1.810798215958691060e-01
3.936600000000000000e+04 -4.184094799254083341e-01 5.154635176453581380e-02 6.094310428718330286e-02
3.949800000000000000e+04 -4.184094799254083341e-01 5.154635176453581380e-02 6.094310428718330286e-02
3.951300000000000000e+04 -1.240529131898355786e-01 4.765464582474265853e-02 -3.790381858532434478e-01
3.949700000000000000e+04 -1.240529131898355786e-01 4.765464582474265853e-02 -3.790381858532434478e-01
4.033300000000000000e+04 -1.240529131898355786e-01 4.765464582474265853e-02 -3.790381858532434478e-01
3.964800000000000000e+04 7.697182728224305492e-02 3.658290660312601972e-01 -6.015811073443799728e-02
3.952000000000000000e+04 -1.862218264151920266e-01 1.512685522956829232e-01 -2.880105643386521308e-01
3.924500000000000000e+04 -1.862218264151920266e-01 1.512685522956829232e-01 -2.880105643386521308e-01
3.983900000000000000e+04 -2.532913178397961929e-01 5.884380187408311258e-02 -2.486181466898855774e-01
4.036000000000000000e+04 -2.532913178397961929e-01 5.884380187408311258e-02 -2.486181466898855774e-01
3.965200000000000000e+04 4.598209637292427487e-02 -1.430515521239072996e-02 -1.532669047356982617e-01
3.910900000000000000e+04 -5.480402703571485290e-02 3.610045814459539315e-02 -2.252914130294598749e-01
3.934300000000000000e+04 -5.480402703571485290e-02 3.610045814459539315e-02 -2.252914130294598749e-01
3.930200000000000000e+04 -3.624978532617859628e-01 2.220632154156163551e-01 -2.002440735482799994e-01
4.034900000000000000e+04 -1.320476725607520052e-01 3.251142899745218529e-01 -1.052914701379030760e-01
3.960500000000000000e+04 -3.540477706286822013e-01 1.097379875858450760e-01 -1.714342012993057551e-01
4.046000000000000000e+04 -9.281181827013540442e-02 7.298866447259655388e-02 -2.950929818363547952e-01
3.946000000000000000e+04 -9.281181827013540442e-02 7.298866447259655388e-02 -2.950929818363547952e-01
3.956700000000000000e+04 -1.336521860710533360e-01 3.059138785493118462e-01 -3.520001624254653905e-01
3.953500000000000000e+04 -1.336521860710533360e-01 3.059138785493118462e-01 -3.520001624254653905e-01
3.909900000000000000e+04 -3.049974931833361325e-01 1.868909294877596494e-02 -4.495932059042928586e-02
3.983300000000000000e+04 -1.664747443649901015e-01 -1.465366422588445516e-01 4.903566967898598250e-02
3.983400000000000000e+04 -4.206154777435955339e-01 3.883725721596320568e-01 -3.540101420800425558e-01
3.956900000000000000e+04 -2.483161034584924209e-01 1.224912336460022289e-01 -1.467910154169267400e-01
3.947600000000000000e+04 -9.115717347794500824e-01 -2.155528022260142507e-01 -1.845712076119667699e-01
3.915300000000000000e+04 -4.402592343118101326e-01 2.455670000710057366e-01 -4.008648546439061988e-01
3.912000000000000000e+04 -3.572861096427075722e-01 -1.250061120421293026e-01 -6.318446764579448427e-01
4.014800000000000000e+04 -4.271589661094807866e-01 -2.102789974487038194e-01 -1.122639268950571534e-01
3.958000000000000000e+04 -1.978720727603473506e-01 -1.243894399766176662e-01 -4.394023221823815106e-01
3.925500000000000000e+04 -1.978720727603473506e-01 -1.243894399766176662e-01 -4.394023221823815106e-01
3.909500000000000000e+04 -1.978720727603473506e-01 -1.243894399766176662e-01 -4.394023221823815106e-01
3.896000000000000000e+04 -1.088077090092625099e-01 -9.377059853000702105e-02 -1.662324291038110857e-01
3.980300000000000000e+04 -1.276163793359543774e-01 2.149375580601002866e-01 -1.909822919453354473e-01
3.890400000000000000e+04 -1.276163793359543774e-01 2.149375580601002866e-01 -1.909822919453354473e-01
4.008900000000000000e+04 5.357249422236520786e-02 -1.311282652504175417e-01 -1.401562613529634405e-01
3.980200000000000000e+04 4.049155938667254873e-01 -1.276103943445860978e-01 3.326417183304997138e-02
3.883400000000000000e+04 4.049155938667254873e-01 -1.276103943445860978e-01 3.326417183304997138e-02
3.972100000000000000e+04 1.958809957212181985e-01 1.047900744728522682e-01 2.086408095295801957e-01
3.898800000000000000e+04 2.318109788787126035e-02 1.517893717384097840e-01 -7.462255371125081638e-02
3.703800000000000000e+04 -7.140274659565193360e-02 5.000310103238092552e-02 -1.682626976060745960e-01
3.927000000000000000e+04 -1.654777881702855780e-01 3.539757442399960041e-01 -5.717366210827101725e-01
3.944400000000000000e+04 -1.654777881702855780e-01 3.539757442399960041e-01 -5.717366210827101725e-01
4.007500000000000000e+04 -2.112167376829319210e-01 2.443270918694295801e-01 -1.068659648788568006e-01
4.033000000000000000e+04 2.124978392460263876e-02 4.174206336282537677e-02 7.354593225942451795e-02
3.921000000000000000e+04 -3.165352581955929168e-01 4.044040320068376104e-02 -2.928002391608188759e-01
3.939000000000000000e+04 -1.449360772259424834e-01 -2.290147691177253364e-01 -3.654951272370254856e-01
4.008700000000000000e+04 -2.997861062719664460e-02 3.554044491873469269e-01 2.140836460411854603e-01
3.946100000000000000e+04 8.569749154492001253e-02 8.995039634192636413e-02 -3.304319764448493402e-01
3.939300000000000000e+04 4.225086695133697390e-01 3.077995161448399131e-01 -1.985815587446282393e-01
3.928700000000000000e+04 -1.914570241576285525e-02 -1.811803111990499815e-01 -6.997071342011800255e-01
3.923200000000000000e+04 -1.914570241576285525e-02 -1.811803111990499815e-01 -6.997071342011800255e-01
3.949400000000000000e+04 1.708297922093109378e-01 -4.405471026253806599e-01 -4.428524793344053023e-01
3.915800000000000000e+04 -3.168900229054685269e-01 -3.480626018347834361e-01 -4.589071796864416797e-01
3.922800000000000000e+04 -3.168900229054685269e-01 -3.480626018347834361e-01 -4.589071796864416797e-01
3.918500000000000000e+04 -1.529756315766164221e-01 -1.538860052492196928e-02 -3.193959672670771965e-01
4.027300000000000000e+04 2.275114202124726148e-01 -1.646620719527476240e-01 -6.617526619703717472e-01
3.950900000000000000e+04 2.138318979674949105e-01 -4.237819596740877159e-02 -4.568222882313719424e-01
3.926500000000000000e+04 2.138318979674949105e-01 -4.237819596740877159e-02 -4.568222882313719424e-01
4.040100000000000000e+04 2.295797791283717970e-01 -5.373554803082924991e-02 -4.954592518748803798e-01
3.922200000000000000e+04 -8.928340804855139368e-02 1.569865928302505154e-02 -5.840327021263256313e-01
3.914100000000000000e+04 -8.928340804855139368e-02 1.569865928302505154e-02 -5.840327021263256313e-01
3.982700000000000000e+04 -8.928340804855139368e-02 1.569865928302505154e-02 -5.840327021263256313e-01
3.883600000000000000e+04 -2.259708843760677155e-01 -2.399913314828552302e-01 -7.152165038743696357e-01
3.883700000000000000e+04 6.812196602285069957e-02 3.071733089172852260e-01 -4.867748376983556113e-01
3.901000000000000000e+04 -6.424465435399682178e-01 -1.048507711291080113e-01 -6.131317964309488389e-01
3.926900000000000000e+04 -4.825233792389056475e-01 5.306734691686401106e-01 -4.881131236818383456e-01
3.919700000000000000e+04 -7.602979488779197936e-01 -7.622951080575290916e-02 5.558485845728000641e-02
3.919600000000000000e+04 -1.461771521047623423e-01 2.025421866850507513e-01 -1.925718323365437357e-01
3.930700000000000000e+04 3.180987367526455500e-02 5.766904197209044014e-02 -5.888520771179770463e-01
4.034000000000000000e+04 3.180987367526455500e-02 5.766904197209044014e-02 -5.888520771179770463e-01
3.927800000000000000e+04 2.070999720194208749e-01 3.798666982846867768e-01 -6.070896945278754231e-01
3.899300000000000000e+04 -9.280710132661340594e-02 6.114678827816319995e-01 2.872141727846155845e-02
4.032800000000000000e+04 -1.446977172478014495e-01 7.150872951740012695e-01 -4.222512905895214885e-02
4.030300000000000000e+04 -2.277827064662503176e-01 2.882590071547710409e-01 2.605939889544970356e-01
3.909200000000000000e+04 -4.425731671019335067e-01 5.673124764072596804e-01 9.931905297703735869e-02
3.959100000000000000e+04 -3.167058968981777411e-01 1.193557089035621743e-01 2.692626302886615974e-01
3.922000000000000000e+04 6.317262619495522813e-02 7.361974057376272640e-01 3.855312272971644916e-02
4.032300000000000000e+04 3.371585453990348924e-01 2.702640218087140056e-01 2.577944473793323255e-01
4.003700000000000000e+04 -5.448981074012237968e-02 3.668252235772300196e-01 -1.842432622411003251e-01
3.892700000000000000e+04 -5.206786158579532753e-01 6.787061512755414583e-01 1.779995906063156497e-01
3.902200000000000000e+04 2.441814376403712572e-01 4.965856245552586756e-01 4.164179609001976701e-01
3.943300000000000000e+04 -7.718849894155752622e-01 7.460821188457416042e-01 -4.005210835097940958e-01
3.942900000000000000e+04 -6.134439078963183078e-01 6.175527888182514857e-01 3.193255755225337111e-01
3.884700000000000000e+04 -8.622779651043472882e-01 5.540984605315983913e-01 1.477513315738008259e-01
3.884800000000000000e+04 -4.361390307520665033e-01 9.378815767409918180e-01 -3.991621253379769030e-01
3.893100000000000000e+04 6.756646883463588438e-01 -7.863316142514520379e-02 4.894597349922577223e+00
3.899800000000000000e+04 1.245262362386654331e+00 -3.328282910295001784e-01 4.494475704669305571e+00
3.926200000000000000e+04 1.317462466485267214e+00 6.839296615988814665e-01 4.984642046799564241e+00
4.015600000000000000e+04 1.720265152431259992e+00 -1.029468339202921356e-01 5.957629131807266276e+00
3.935900000000000000e+04 4.469772537744599816e+00 -1.454283209053031101e-01 4.874227129614041587e-01
3.918000000000000000e+04 4.469772537744599816e+00 -1.454283209053031101e-01 4.874227129614041587e-01
4.029800000000000000e+04 1.378759205866010973e+00 -4.385565125756137661e+00 3.018121576323764543e-01
4.024000000000000000e+04 1.378759205866010973e+00 -4.385565125756137661e+00 3.018121576323764543e-01
4.003800000000000000e+04 1.044458376966815649e+00 -3.791184701900291998e+00 1.872948948423083237e+00
4.036600000000000000e+04 1.883177423883623192e+00 -3.406656219427720345e+00 -1.385130353628902355e+00
3.921300000000000000e+04 1.123890578982226884e+00 -3.534960634874892094e+00 -6.220727740279485829e-01
3.937400000000000000e+04 1.040580051952687768e+00 -2.096943586746650823e+00 -9.994154272893283064e-01
3.937300000000000000e+04 1.753983547728545034e+00 -2.018597924706874380e+00 -9.733473776564416369e-01
4.040300000000000000e+04 1.753983547728545034e+00 -2.018597924706874380e+00 -9.733473776564416369e-01
4.043000000000000000e+04 9.389126305473354250e-01 -1.877235869235690302e+00 -1.119718581886729680e+00
3.973200000000000000e+04 1.433884326857494784e+00 -2.316566923647659593e+00 -7.874185896856324973e-01
3.890900000000000000e+04 1.708239866228872472e+00 4.804269993988867782e-01 -1.672942761488254604e+00
3.948200000000000000e+04 1.711832208375518860e+00 1.022028640366734464e+00 -8.422603786894526934e-01
3.968100000000000000e+04 1.956981420142213324e+00 7.180919449483695871e-01 -7.959143983837542180e-01
3.953000000000000000e+04 1.233943762650923759e+00 -2.555787168967849965e+00 -7.323668889439716168e-02
3.910000000000000000e+04 1.564286189979178232e+00 -1.447514503893643223e-01 -1.326658710875960878e-01
3.956800000000000000e+04 1.481250886221538110e+00 -2.979286733032964207e-01 -2.880848077778779270e-01
3.955000000000000000e+04 1.461000537002249189e+00 -7.839727568240917321e-01 4.521630534505050036e-03
3.955100000000000000e+04 1.887716350404431864e+00 -1.118706501153184263e+00 3.812977286173087066e-01
3.918800000000000000e+04 9.017372768236810998e-01 -2.389069851813331979e+00 -4.885219273343075486e-01
3.944800000000000000e+04 1.600655338565886154e+00 -1.319258026804764228e+00 -1.038757877585290146e-01
3.958100000000000000e+04 1.753878681630851588e+00 -2.312991662053438091e+00 3.350243340107290635e-01
3.958200000000000000e+04 1.913937040265260237e+00 4.149637625012161379e-01 5.403147597130022461e-01
3.952300000000000000e+04 1.898285492850561695e+00 -9.645812394808928047e-01 7.031433081713274191e-01
3.923900000000000000e+04 1.444571025937740671e+00 -1.945885658070451996e-01 1.064056338885116304e+00
4.028700000000000000e+04 1.925429772288090646e+00 -2.387601315972979421e+00 8.967907444059619593e-01
4.041800000000000000e+04 1.246331239142818958e+00 -2.061328223948372340e+00 7.492776140581867139e-01
3.998000000000000000e+04 1.627068443134533027e+00 -1.371741601129549792e+00 5.905867985993573654e-01
3.899000000000000000e+04 1.537313735800388770e+00 -2.184165980693911990e+00 1.287864788829871543e+00
3.952600000000000000e+04 1.420909549661615756e+00 -1.445600743102609442e+00 1.434933446040695060e+00
4.031300000000000000e+04 1.578790751824584504e+00 6.332712139979079780e-01 1.364843120720788505e+00
3.960600000000000000e+04 1.864768602028050282e+00 -2.950260257293535915e+00 2.078101291439779175e+00
3.920700000000000000e+04 1.262015485487786748e+00 -6.498326513536127891e-01 1.955941247914879000e+00
3.898100000000000000e+04 9.972584993272732845e-01 -1.454792197143415677e+00 2.157694098679741046e+00
4.030700000000000000e+04 1.667915425240558136e+00 -2.057515235990763358e-01 3.247245944426502717e+00
3.956600000000000000e+04 9.321902897272238420e-01 1.006941772259743573e+00 3.452765026780014068e+00
3.947000000000000000e+04 8.439749215462981624e-01 -3.292504378791122122e+00 -2.119330679593460331e+00
3.916600000000000000e+04 1.433846552626022230e+00 -1.715758148742693834e+00 -1.969484293078291870e+00
3.957500000000000000e+04 2.197336313748920134e+00 -1.088212987920844199e+00 -7.419981734161567033e-01
3.965100000000000000e+04 3.011339869806704428e+00 -2.841233031540756571e+00 7.375289611872943851e-01
4.023500000000000000e+04 2.935066781012231729e+00 -2.478446957865536149e+00 1.301616832033190008e+00
3.906700000000000000e+04 2.113777754038622447e+00 -2.101401531858755334e-01 6.993941111986963222e-01
4.003900000000000000e+04 2.411453745871412480e+00 -1.114186181470202541e-01 6.019658372129050861e-01
3.960100000000000000e+04 2.095806943330330796e+00 -4.474912200144565588e+00 6.953064964292998695e-01
4.037900000000000000e+04 2.439921077061129040e+00 -2.273873504086587616e+00 -9.159827395084221280e-01
3.948100000000000000e+04 2.330975691178402087e+00 4.293533116760102075e-01 -1.479414604099986263e+00
3.919900000000000000e+04 2.107179711490225316e+00 -1.351041483460893033e+00 9.139229674978359697e-01
3.898300000000000000e+04 2.252802367756835622e+00 -2.986117790642531133e+00 2.830576997858074151e-01
3.983500000000000000e+04 2.832802627702186271e+00 -2.922940711035053596e-01 -6.005626156668135707e-01
3.903800000000000000e+04 2.334938629976747393e+00 -4.439787209548523350e+00 1.756654323661166472e-01
3.897600000000000000e+04 2.394686636075057606e+00 -3.835350013345653508e+00 2.678128407998592309e-01
3.945400000000000000e+04 2.815134745290933438e+00 -1.641363698017553219e+00 -2.101111739401204659e-01
3.950500000000000000e+04 2.815134745290933438e+00 -1.641363698017553219e+00 -2.101111739401204659e-01
3.898000000000000000e+04 2.933769009057883181e+00 -1.780861338781139835e+00 4.820103989078035056e-01
3.920300000000000000e+04 3.279460771413283737e+00 -2.551497690560093901e+00 -1.303325084432017889e+00
3.888600000000000000e+04 3.297287593249976112e+00 -8.007349602899935803e-01 -1.401657932471731982e+00
3.957400000000000000e+04 3.231763484436555700e+00 -4.315933598117212000e-01 -1.733263659302743065e+00
3.953600000000000000e+04 4.263450463384817368e+00 -6.724054796835048364e-01 3.449401224255197462e-01
4.041000000000000000e+04 3.573695585989717927e+00 -7.202475181836121010e-01 4.587710051289199953e-01
3.893600000000000000e+04 3.658338662593372703e+00 7.384435030827631863e-01 -6.007754170050709774e-01
4.008200000000000000e+04 3.198160864193027919e+00 -2.602755838202263305e+00 2.374664065259388224e+00
4.010800000000000000e+04 3.211600768984354204e+00 -3.081683601546366447e+00 1.801273191736861179e+00
3.896400000000000000e+04 1.918470771942743625e+00 -3.238913275582945062e+00 -3.179503852401484920e+00
3.886100000000000000e+04 1.271566057988884779e+00 -3.995091108569575056e+00 -3.827324473269708704e+00
3.886200000000000000e+04 1.922040811561622320e+00 -4.192244457201137919e+00 -3.619090118467894968e+00
3.951400000000000000e+04 1.187507995477034228e+00 1.330964821067865955e-01 9.892928380339256478e-01
3.884400000000000000e+04 8.841690130145423154e-01 -1.445939255903070375e-01 9.997461906514395480e-01
3.915400000000000000e+04 1.198448237726253751e+00 -1.570436994326836810e+00 5.942031550093105352e-01
3.940000000000000000e+04 1.075580340520190248e+00 -1.401127031823929059e+00 9.346962384891490672e-01
3.949000000000000000e+04 1.075580340520190248e+00 -1.401127031823929059e+00 9.346962384891490672e-01
3.900500000000000000e+04 1.289568502225193924e+00 -1.128955369339522008e+00 5.245461067005940947e-01
3.907500000000000000e+04 1.121502888443053791e+00 1.006061882803521712e-01 1.830620581003969960e-01
3.977100000000000000e+04 1.104705172912176181e+00 -1.342457722395824504e+00 1.892568695389762468e-01
4.040900000000000000e+04 1.187239331977558265e+00 1.058777122387091651e+00 7.643562416451388231e-02
3.900600000000000000e+04 1.061964799360289646e+00 9.165341339927266517e-01 3.534175122368772293e-01
3.900700000000000000e+04 8.486922954213298453e-01 -5.172918607892356135e-01 1.635823406681609526e+00
3.929100000000000000e+04 8.084520445815073231e-01 -7.618897467732352879e-01 -4.593988410630025498e-01
3.901200000000000000e+04 1.094289396274284343e+00 1.888200985848342839e-01 -4.801442737867382959e-01
3.927100000000000000e+04 1.021893156350380139e+00 2.559435470186812722e-01 -7.873874952109716219e-02
3.929300000000000000e+04 1.021893156350380139e+00 2.559435470186812722e-01 -7.873874952109716219e-02
4.026300000000000000e+04 1.056081684162229806e+00 -3.800736626343308444e-01 -3.377341434979186374e-01
3.918400000000000000e+04 8.110783049019261171e-01 -5.232445406290224810e-01 -1.728979170406965693e-01
3.944700000000000000e+04 1.231982636229176364e+00 9.744459480661902262e-01 -4.481038024051002822e-01
3.948900000000000000e+04 1.051240726850423357e+00 8.557599526536350254e-01 -2.801563889040146194e-01
3.948600000000000000e+04 1.369130745100257229e+00 -2.605063952825616980e-01 -1.007968891280278001e+00
3.902700000000000000e+04 1.309011133361138945e+00 -2.482952323854306087e-01 -9.161113555336086733e-01
3.944900000000000000e+04 1.092805200955098144e+00 -1.262692237521605421e+00 -7.110645429463602341e-01
3.915200000000000000e+04 9.961609880725035282e-01 1.010508233674407563e+00 -1.354930875298052229e+00
