# star id 	 star_x_coords [pc] 	 star_y_coords [pc] 	 star_z_coords [pc] 
2.249900000000000000e+04 -1.623683796534560742e-01 3.901808466319067747e-01 2.103505394467219958e-01
2.271400000000000000e+04 4.494669925751537676e-02 2.516074908366343621e-01 1.273614745656246328e-01
2.132100000000000000e+04 9.835567754110563499e-02 -3.954731966945517208e-01 1.938279034544070356e-01
2.223900000000000000e+04 -5.993023202741198929e-03 4.383091188856047538e-02 -1.407733190971782733e-01
2.322400000000000000e+04 1.627985221276038175e-01 -2.162026974958819459e-01 -1.386164067347799289e-01
2.310200000000000000e+04 -1.454315504871637188e-01 -2.433581722718689555e-01 1.745842265048889175e-01
2.198800000000000000e+04 7.404395365134952556e-02 -8.007075849637734777e-02 5.897241816718512553e-02
2.198700000000000000e+04 1.409578275353950971e-01 -9.336301865231622088e-02 -1.008090902235103670e-01
2.331300000000000000e+04 1.409578275353950971e-01 -9.336301865231622088e-02 -1.008090902235103670e-01
2.233600000000000000e+04 -3.157431256941123365e-03 -2.486480213503674541e-01 -1.982304644005914440e-01
2.296700000000000000e+04 -2.316799255613730679e-01 1.900335627026605856e-01 -4.582357148546840619e-01
2.261600000000000000e+04 -1.517975009153325061e-01 -3.604973712065666636e-01 -3.213725580761472855e-01
2.176400000000000000e+04 -2.821827774957146318e-01 1.150623790354661224e-01 -1.978977324218824663e-01
2.202700000000000000e+04 4.987976025346263498e-02 -2.195260248838697414e-01 -4.585591531925121700e-01
2.234100000000000000e+04 -7.052284752544402124e-02 -7.371899636668421962e-02 2.066444991041826995e-02
2.224000000000000000e+04 3.643615311539250001e-02 9.830660323844142567e-02 -8.280211143176785527e-04
2.134300000000000000e+04 3.643615311539250001e-02 9.830660323844142567e-02 -8.280211143176785527e-04
2.130500000000000000e+04 1.418704916393433990e-01 1.380936764994626920e-01 4.366906683616509355e-01
2.142700000000000000e+04 1.129597851796173558e-01 4.714068189496063432e-01 1.794335387333063636e-01
2.155000000000000000e+04 1.349058913519307623e-02 2.273923941607147725e-01 7.150743599192121991e-01
