# star id 	 star_x_coords [pc] 	 star_y_coords [pc] 	 star_z_coords [pc] 
3.054200000000000000e+04 1.039653676693639284e-01 1.228168312778606719e+00 -1.659672636478894958e+00
3.047000000000000000e+04 1.039653676693639284e-01 1.228168312778606719e+00 -1.659672636478894958e+00
3.092300000000000000e+04 -1.977757821480672362e-01 -7.339990408036527469e-01 -1.223433815428194293e-01
3.018100000000000000e+04 -5.112799527571922908e-01 1.659765208705437090e-01 -5.210797098238231229e-01
2.954100000000000000e+04 8.675934134123792774e-01 -1.936713943349062106e-01 -3.766859236327704252e-01
3.019100000000000000e+04 8.518778343645898588e-01 -1.049959057117035854e-01 -4.067774518716404941e-01
3.017100000000000000e+04 7.856767473803465407e-01 -1.143890029419978305e-01 -5.415429182129898322e-01
2.933400000000000000e+04 7.168952619842556828e-01 -1.405453315340849940e-01 -1.775207567572891776e-01
2.933500000000000000e+04 7.749479695643941568e-01 -2.449658649269181865e-01 -1.678786003854781939e-01
2.933600000000000000e+04 7.749479695643941568e-01 -2.449658649269181865e-01 -1.678786003854781939e-01
2.933700000000000000e+04 -2.714912683545733785e-01 -7.758240782804080027e-01 5.089941553415613384e-01
2.933800000000000000e+04 -1.993252235371159031e-01 -7.444826701407052383e-01 4.337029368843943189e-01
2.933900000000000000e+04 -5.362837373425151100e-01 -9.761815050549955686e-01 6.305287456385002542e-01
3.088600000000000000e+04 -4.629809961671433882e-01 -1.140663566227914316e+00 5.706077207423021491e-01
3.004200000000000000e+04 -4.098855376638823600e-01 -8.591825483250374873e-01 7.080065480724329063e-01
3.005000000000000000e+04 -4.098855376638823600e-01 -8.591825483250374873e-01 7.080065480724329063e-01
3.148100000000000000e+04 -6.335628284167071911e-01 -7.623494625919775558e-01 8.130369615038119946e-01
2.952800000000000000e+04 -6.335628284167071911e-01 -7.623494625919775558e-01 8.130369615038119946e-01
3.021600000000000000e+04 -6.335628284167071911e-01 -7.623494625919775558e-01 8.130369615038119946e-01
3.092200000000000000e+04 -2.261155761503133022e-01 -8.316728739121330705e-01 9.171587309843332037e-01
3.012900000000000000e+04 -4.168725757619284877e-02 -8.230127352360412374e-01 -5.472041099729807456e-01
3.092100000000000000e+04 -1.067293160772599947e-01 -1.069361119260747728e+00 -2.189214375240098320e-01
3.091900000000000000e+04 -7.483550791396709201e-02 -8.744584473416381343e-01 -1.345540673409288956e-01
3.146100000000000000e+04 -7.483550791396709201e-02 -8.744584473416381343e-01 -1.345540673409288956e-01
3.148300000000000000e+04 3.589859215112163326e-01 -9.525045858738252491e-01 8.487183144009904368e-01
2.964900000000000000e+04 -2.885026760942892565e-01 -5.150443780529059268e-01 -3.770600300719308962e-01
2.958600000000000000e+04 -3.951681370627504464e-01 -5.281354810377223430e-01 -3.143007371735180300e-01
3.135700000000000000e+04 6.434965489140722639e-01 -3.324719847270287687e-01 -6.043377398548059887e-01
3.135800000000000000e+04 6.434965489140722639e-01 -3.324719847270287687e-01 -6.043377398548059887e-01
2.978800000000000000e+04 6.434965489140722639e-01 -3.324719847270287687e-01 -6.043377398548059887e-01
3.014300000000000000e+04 7.201828800650211804e-01 -3.081875421174373741e-01 -4.843199042837866841e-01
3.029800000000000000e+04 -5.553021873006684928e-01 4.175143930299682893e-01 -6.437294417532939406e-01
3.029900000000000000e+04 -1.098636067916594072e-01 8.218356955022088073e-01 -2.751708130371284255e-01
3.012300000000000000e+04 4.560898119116529870e-01 6.147327369093957827e-01 -4.063357387940769172e-01
2.958800000000000000e+04 4.683675820131689704e-01 7.022636047275412352e-01 -3.180146062693509634e-01
3.055200000000000000e+04 6.110582985519634747e-01 4.156903000771521306e-01 -4.525905663844156379e-01
3.055300000000000000e+04 -1.729969847077690304e-01 -5.635948126662881918e-01 9.033184910092089126e-01
3.032200000000000000e+04 -1.729969847077690304e-01 -5.635948126662881918e-01 9.033184910092089126e-01
3.032300000000000000e+04 -1.729969847077690304e-01 -5.635948126662881918e-01 9.033184910092089126e-01
3.091800000000000000e+04 -6.414973695514234464e-01 -6.216563556039602645e-01 5.373220215737717353e-01
3.092000000000000000e+04 5.232921732422646244e-01 -6.060754505600840503e-01 5.400338132674278313e-01
3.146000000000000000e+04 4.215151523703433156e-01 -5.641489605318810163e-01 6.693949882424519160e-01
3.034400000000000000e+04 4.707425318969029604e-01 -6.961105774345952568e-01 8.402585984288464260e-01
3.022900000000000000e+04 4.566427756186470788e-01 -5.064513981571749923e-01 8.177934695438224821e-01
3.124000000000000000e+04 3.807096473016819971e-01 -7.601229920984167165e-01 8.980669727911489986e-01
2.991500000000000000e+04 4.781032363497850213e-01 -4.137876374629883003e-01 6.585178548324677195e-01
2.991600000000000000e+04 3.769456895923006812e-01 -6.286463808028273093e-01 -5.250555128591756215e-01
2.991700000000000000e+04 -6.755109251773916412e-02 6.040618727685043154e-01 -4.721515223897654323e-01
2.950200000000000000e+04 -6.755109251773916412e-02 6.040618727685043154e-01 -4.721515223897654323e-01
3.095200000000000000e+04 2.179212111571970922e-01 8.651719223587335250e-01 -4.049610290483585118e-01
3.100500000000000000e+04 2.179212111571970922e-01 8.651719223587335250e-01 -4.049610290483585118e-01
3.100600000000000000e+04 2.179212111571970922e-01 8.651719223587335250e-01 -4.049610290483585118e-01
3.057200000000000000e+04 5.080227712084450786e-02 7.626217042070990715e-01 -3.912821497376697266e-01
2.953300000000000000e+04 1.832079515059916730e-01 6.722688242888352761e-01 -3.988458257996327916e-01
3.139100000000000000e+04 -5.106273933662919262e-03 6.965354340278580025e-01 -2.078787580442522653e-01
2.993600000000000000e+04 -5.106273933662919262e-03 6.965354340278580025e-01 -2.078787580442522653e-01
2.993700000000000000e+04 1.794449398282402797e-01 5.516986365188927266e-01 -1.322353794377448821e-01
2.963800000000000000e+04 2.990965343736711191e-01 6.574646022452128591e-01 -1.299297763127356120e-01
3.007000000000000000e+04 1.525501687871795298e-01 7.739877561285979368e-01 -1.033789308608206170e-01
3.007100000000000000e+04 1.155867877219346695e+00 6.845858133545448254e-01 -5.679868052990499905e-01
2.980400000000000000e+04 1.004843401172841766e+00 8.571203086890406553e-01 -5.552256421782857387e-01
3.097000000000000000e+04 1.122592280761935513e+00 6.679782853980142932e-01 -2.915648203099365787e-01
2.992000000000000000e+04 1.469035339279983532e+00 3.230597538610027186e-01 -1.896292987880983105e-01
3.096900000000000000e+04 1.351391987053144561e+00 5.779700339918178997e-01 -1.944429162019218893e-01
3.018300000000000000e+04 1.096078686239483346e+00 5.891463004607402354e-01 -6.425156011311372595e-02
3.035100000000000000e+04 -1.321658727698178382e-01 -8.997981807607402516e-01 -4.035835538484633389e-02
3.036600000000000000e+04 5.334114947163044462e-01 -7.884711972633908772e-01 2.148859947180881136e-01
3.024600000000000000e+04 7.708161049369799400e-01 -8.529980755344865884e-01 1.629171151655057770e-01
3.027000000000000000e+04 6.815304137078399549e-01 9.029602409783166195e-02 1.744396192471526774e-01
3.027100000000000000e+04 7.585467248258126460e-01 1.401367859195090659e-02 3.365159785303148965e-01
3.150900000000000000e+04 -2.910436475544777579e-01 -9.443343266860821927e-01 1.057616578239013450e+00
3.018800000000000000e+04 1.092402073303937016e+00 1.105879477066693539e-01 2.357318313265466259e-03
3.018900000000000000e+04 1.092402073303937016e+00 1.105879477066693539e-01 2.357318313265466259e-03
3.022000000000000000e+04 1.044194706673884809e+00 5.830761028077802166e-02 5.178159995108444491e-02
3.022100000000000000e+04 1.044194706673884809e+00 5.830761028077802166e-02 5.178159995108444491e-02
3.022200000000000000e+04 1.095916675956697617e+00 4.686848177495761547e-02 2.683049113489488491e-01
3.016600000000000000e+04 -4.178697820748773495e-01 -6.956232518331049164e-01 2.561114748110568939e-01
3.022600000000000000e+04 8.011317841365155346e-01 -3.685308174457659902e-01 3.566013902595273066e-01
2.950400000000000000e+04 -3.411875249874682936e-01 6.781755441359962333e-01 3.053466323450493292e-03
3.148800000000000000e+04 -5.550548112385982336e-01 6.239387121721620133e-01 -8.776769028403208495e-02
2.951300000000000000e+04 -3.607433430795978779e-01 8.504507376310854738e-01 2.117450501482665004e-01
2.951400000000000000e+04 -3.607433430795978779e-01 8.504507376310854738e-01 2.117450501482665004e-01
3.096800000000000000e+04 -2.503067541894203885e-01 6.324808654101943262e-01 1.183666534750713595e-01
3.025200000000000000e+04 -2.806797669408780393e-01 7.083723125400496201e-01 1.051939959879533149e-01
3.145900000000000000e+04 -2.806797669408780393e-01 7.083723125400496201e-01 1.051939959879533149e-01
2.961500000000000000e+04 -2.806797669408780393e-01 7.083723125400496201e-01 1.051939959879533149e-01
3.111300000000000000e+04 -5.763544859485243421e-01 6.619977065849269593e-01 3.450530695775100298e-01
3.111400000000000000e+04 -5.763544859485243421e-01 6.619977065849269593e-01 3.450530695775100298e-01
3.111500000000000000e+04 -2.335377866079397791e-01 7.320647097252717117e-01 3.177590731890234110e-01
2.977400000000000000e+04 -5.565926389560580390e-01 6.348566786287435093e-01 4.806598688973267031e-01
3.010700000000000000e+04 4.649177329587210750e-01 6.811955403803935383e-01 1.845778185108457592e-01
3.045400000000000000e+04 4.649177329587210750e-01 6.811955403803935383e-01 1.845778185108457592e-01
3.057800000000000000e+04 5.539719440974728570e-01 7.141985504526147110e-01 1.162628549875321937e-01
3.030700000000000000e+04 7.764055965662493008e-01 2.413815368695679808e-01 1.739687485681074008e-01
3.030800000000000000e+04 7.678282944421717104e-01 4.916897156197990171e-01 3.199148630641062141e-01
2.979200000000000000e+04 7.274846896899802573e-01 6.158962342586704608e-01 1.233916016015612627e-01
3.117700000000000000e+04 -1.838772718056063127e-01 -4.427550574430512142e-01 1.007201558875131298e+00
3.117800000000000000e+04 -1.838772718056063127e-01 -4.427550574430512142e-01 1.007201558875131298e+00
2.920900000000000000e+04 -3.097957206120369733e-01 -2.294498220831968638e-01 1.310077354069846933e+00
2.921000000000000000e+04 -8.658543989003675279e-03 7.221419705350555773e-01 1.300382957814534279e-01
2.961400000000000000e+04 1.785819945853432955e-01 6.171640518956138521e-01 3.062887473099991098e-01
2.959100000000000000e+04 1.785819945853432955e-01 6.171640518956138521e-01 3.062887473099991098e-01
3.095300000000000000e+04 2.369283792273648714e-01 7.811902135019224147e-01 4.966419855066916966e-01
3.111200000000000000e+04 1.140742382784711850e+00 4.800587601460648557e-01 3.165481230626241427e-01
3.095400000000000000e+04 1.140742382784711850e+00 4.800587601460648557e-01 3.165481230626241427e-01
3.111100000000000000e+04 9.416389162016685077e-01 4.554985189280458258e-01 2.498574799973596328e-02
3.012500000000000000e+04 -9.600351634297155101e-02 -6.735220372539600930e-01 9.008172683208215403e-01
2.923300000000000000e+04 -6.951926822978649056e-02 -5.173589669838776217e-01 1.000609082171415309e+00
3.041500000000000000e+04 -6.951926822978649056e-02 -5.173589669838776217e-01 1.000609082171415309e+00
3.034200000000000000e+04 -1.652044785897892609e-01 -6.286649706481526323e-01 1.224546930161068303e+00
3.023600000000000000e+04 -1.013204569573780134e-01 8.320751919835345234e-02 8.513334377531691644e-01
3.095600000000000000e+04 -3.523980418863814634e-01 -1.659711847181881694e-01 8.109852408369135901e-01
3.095700000000000000e+04 -3.523980418863814634e-01 -1.659711847181881694e-01 8.109852408369135901e-01
3.095800000000000000e+04 6.337528562976544322e-01 2.186572179851040687e-01 7.795743601496596398e-01
2.957300000000000000e+04 6.337528562976544322e-01 2.186572179851040687e-01 7.795743601496596398e-01
3.146800000000000000e+04 3.806921559291041035e-01 -5.877101511540416823e-02 8.253207151682033782e-01
3.132400000000000000e+04 6.617432493591479670e-03 1.877966338798131574e-02 7.204714570793910866e-01
3.088900000000000000e+04 -6.393281075682111236e-01 7.096576342529914427e-01 6.049400492253909078e-01
2.922300000000000000e+04 -5.511366025490360698e-01 7.877404986396854270e-01 4.580346571631039865e-01
2.922400000000000000e+04 -5.511366025490360698e-01 7.877404986396854270e-01 4.580346571631039865e-01
2.922600000000000000e+04 -4.199471923078768043e-01 6.463069505302954099e-01 7.767611836561627570e-01
2.922700000000000000e+04 -4.199471923078768043e-01 6.463069505302954099e-01 7.767611836561627570e-01
3.043400000000000000e+04 -1.443625197873465993e-01 4.913422831377403099e-01 5.461158219650670276e-01
3.012400000000000000e+04 -3.546941769734139882e-01 3.939654728249024629e-01 9.241295466099472833e-01
2.953600000000000000e+04 -7.300045544650011209e-01 5.246106540855421940e-01 5.101917083349576387e-01
3.132500000000000000e+04 6.856643088907716788e-01 3.937344851791095834e-01 4.853041232354087242e-01
3.095500000000000000e+04 5.003226996517255998e-01 6.228941121676854209e-01 4.964737971242527692e-01
3.019600000000000000e+04 5.236338495776919899e-01 7.134259367832527232e-01 8.040541219239614179e-01
3.003100000000000000e+04 1.011009545213070737e-01 6.391116763218320784e-01 7.625799498434133739e-01
3.003200000000000000e+04 1.135397567417832931e-01 8.404114679187486558e-01 9.409419718655342990e-01
2.954000000000000000e+04 2.476603383798021696e-01 5.481935965570912117e-01 6.003223014580854056e-01
3.008400000000000000e+04 -1.539898173848612828e-01 7.222101587911140541e-01 5.933426464895532604e-01
3.008500000000000000e+04 -1.539898173848612828e-01 7.222101587911140541e-01 5.933426464895532604e-01
2.965800000000000000e+04 -2.274324354890211453e-01 -1.536212382320059078e-01 1.103660200158259386e+00
2.964000000000000000e+04 -3.172842598928333757e-01 1.399029229685879727e-01 1.029879312229610377e+00
3.050100000000000000e+04 -1.478656714221919799e-01 2.584554397376734869e-01 9.868269992291445192e-01
3.050200000000000000e+04 -5.167427757828981782e-01 3.642179371795251086e-01 1.113454653424376772e+00
3.050300000000000000e+04 3.981443862611122597e-01 8.947343200759405590e-03 1.042406577623609110e+00
3.050400000000000000e+04 2.096683991272882963e-01 3.171844665249778927e-01 1.220108223238561607e+00
2.984600000000000000e+04 1.044710601834992758e-01 1.919898801213477668e-01 1.242759701174811937e+00
2.984700000000000000e+04 2.550726369267835025e-01 1.489759292265162571e-01 1.373045708251183328e+00
2.984800000000000000e+04 2.550726369267835025e-01 1.489759292265162571e-01 1.373045708251183328e+00
2.984900000000000000e+04 -3.617898578142302313e-01 5.790278039621483686e-01 1.162791525525804559e+00
2.985000000000000000e+04 7.654706128013089028e-02 4.893584881894241789e-01 1.317729699798277920e+00
3.013900000000000000e+04 -3.606902280615571499e-01 -1.008220689485227695e+00 -1.073868733497931771e+00
2.962200000000000000e+04 -3.606902280615571499e-01 -1.008220689485227695e+00 -1.073868733497931771e+00
2.980600000000000000e+04 -3.606902280615571499e-01 -1.008220689485227695e+00 -1.073868733497931771e+00
2.972900000000000000e+04 -3.606902280615571499e-01 -1.008220689485227695e+00 -1.073868733497931771e+00
2.957000000000000000e+04 -1.933860601355377185e-01 -8.758630604546908671e-01 -1.031883263205038759e+00
3.016500000000000000e+04 -1.978045598921944759e-01 -1.170025984054404944e+00 -1.066938434827775950e+00
3.140900000000000000e+04 -5.102187553526285058e-01 -7.611972277019205535e-01 -7.368928032950776696e-01
3.107100000000000000e+04 -1.526249022299062119e-01 -8.442925385491051316e-01 -6.564076534930336493e-01
3.107200000000000000e+04 -2.091461509927299289e-01 -2.938373853653075685e-01 -1.000727395331750813e+00
3.107300000000000000e+04 -2.399585647981652414e-01 -3.476772604151108226e-01 -8.789224838448888022e-01
3.107400000000000000e+04 -2.410018897273609184e-01 -3.003600363163982934e-01 -9.626375816595214019e-01
3.033900000000000000e+04 -2.196483701750970852e-01 -5.701091221989571522e-01 -9.048422514742497924e-01
3.143500000000000000e+04 -5.863323495399228591e-01 -5.525890254310183991e-01 -8.644728978733056124e-01
3.016800000000000000e+04 -3.567766892511343713e-01 -6.040576475432288817e-01 -7.257544998947551562e-01
3.024700000000000000e+04 -8.743551761050483151e-02 -6.597065328425273378e-01 -1.171737808554212279e+00
2.924000000000000000e+04 2.133603306513442988e-01 -4.055207037065997611e-01 -8.637219632236323719e-01
2.924100000000000000e+04 7.526575883163033609e-02 -5.576860403439738434e-01 -8.378301349122594388e-01
2.953000000000000000e+04 7.526575883163033609e-02 -5.576860403439738434e-01 -8.378301349122594388e-01
2.954500000000000000e+04 -2.174156161661144893e-02 -2.677235479905775151e-01 -7.988419536137953969e-01
3.034600000000000000e+04 -2.174156161661144893e-02 -2.677235479905775151e-01 -7.988419536137953969e-01
3.024500000000000000e+04 1.499709106946518489e-01 -2.191677764436334996e-01 -8.253834540766078476e-01
2.956900000000000000e+04 7.363697931453216938e-02 -1.924487896866793335e-01 -7.501980706038793301e-01
3.035400000000000000e+04 4.071809259638747847e-01 -4.564177635484583107e-01 -5.829567903670351825e-01
3.006500000000000000e+04 -1.392148179543717390e-01 1.294341745151058376e+00 -3.523357211142368328e-01
3.009500000000000000e+04 -2.618836842328917669e-01 1.178963159017243356e+00 -2.756689739139872586e-01
3.009600000000000000e+04 -3.630088096046790724e-01 9.566702729661855642e-01 -3.543433872950814134e-01
2.962000000000000000e+04 -3.665330362237533279e-01 1.238643141630262789e+00 -2.440060868903231039e-01
3.034000000000000000e+04 -1.988065628174240373e-01 -6.506131541778614746e-02 -8.838253505501398877e-01
3.003700000000000000e+04 -1.314201923568951713e-01 5.500261740004930289e-02 -7.573342781145413483e-01
2.958400000000000000e+04 4.000174984978741577e-01 8.805499482676282241e-03 -8.593943519985671742e-01
3.017700000000000000e+04 5.406934444023967501e-01 2.310512530822208532e-01 -7.660860929346640091e-01
3.006000000000000000e+04 4.960008181701027752e-01 1.392604778212742644e-01 -7.256097259196749860e-01
3.005900000000000000e+04 4.041356688317421231e-01 -1.982907340158845955e-01 -6.328848839137251048e-01
3.047900000000000000e+04 -3.248925747984543477e-01 8.139632439825845722e-01 3.471445230746539323e-01
3.035600000000000000e+04 5.780320125646341012e-01 1.042116766582850573e+00 1.545094219658338375e-01
3.035500000000000000e+04 4.616549176950783817e-01 9.871797556373138605e-01 7.785176194985865550e-02
2.955400000000000000e+04 6.954675247810833127e-01 1.047176200526351408e+00 2.417966565000142509e-01
3.040800000000000000e+04 1.877341693432157399e-01 1.262683457362214767e-01 -1.025916143298481131e+00
2.957500000000000000e+04 3.621962096016382304e-01 -7.799792406462557892e-02 -9.162936681786888471e-01
2.957100000000000000e+04 -1.123712113327002271e-01 7.743623456433823549e-02 -7.376275986152691644e-01
2.987200000000000000e+04 1.015436265830160778e-01 -1.405730616191718241e-01 -7.624943618027657521e-01
2.987100000000000000e+04 3.794648891754803799e-02 2.870966180452612093e-01 -7.049767594031166595e-01
2.987000000000000000e+04 3.794648891754803799e-02 2.870966180452612093e-01 -7.049767594031166595e-01
3.014700000000000000e+04 1.804918922083622590e-01 2.012748829009325391e-01 -7.384136408025767651e-01
2.986900000000000000e+04 2.910822568211308692e-01 -4.904634301536958674e-02 -6.340145769474503368e-01
3.028000000000000000e+04 -3.443391575703103058e-02 -6.988320126760783069e-02 -6.976070220668759703e-01
3.029500000000000000e+04 3.732421189898040836e-01 1.031675426301035259e-01 -6.897612225847069567e-01
3.018400000000000000e+04 3.633371422306552745e-02 9.785092621742705887e-01 2.515664922695819428e-01
3.033800000000000000e+04 -1.035941777205131586e-01 9.169555199479049179e-01 2.249911332829412913e-02
3.014100000000000000e+04 6.360341781932739025e-01 5.407486021307761348e-01 -9.182008868732793871e-01
3.014000000000000000e+04 4.992429609737669693e-01 5.356053562113913813e-01 -8.391911623205956516e-01
3.013600000000000000e+04 1.173819164943630255e-01 7.112754086175243629e-01 -1.076862189544833370e+00
3.138800000000000000e+04 1.376907379019556288e-01 5.196844609005637494e-01 -1.055487233085237619e+00
2.965400000000000000e+04 1.376907379019556288e-01 5.196844609005637494e-01 -1.055487233085237619e+00
3.121900000000000000e+04 3.451561394449775833e-01 4.235154041833624206e-01 -8.345410153363204131e-01
3.121800000000000000e+04 5.888755990401506324e-03 4.788527008387859496e-01 -7.916951053645462366e-01
3.140800000000000000e+04 2.812557939097786175e-01 7.078546205188800400e-01 -8.179459967674773679e-01
3.140700000000000000e+04 -8.542543752957598713e-02 5.586551916766850923e-01 -6.599830335716774243e-01
3.024200000000000000e+04 1.352713235353135701e-01 5.062430696536424080e-01 -6.991001479217118231e-01
3.137600000000000000e+04 1.352713235353135701e-01 5.062430696536424080e-01 -6.991001479217118231e-01
2.950100000000000000e+04 1.352713235353135701e-01 5.062430696536424080e-01 -6.991001479217118231e-01
3.048100000000000000e+04 1.352713235353135701e-01 5.062430696536424080e-01 -6.991001479217118231e-01
3.031100000000000000e+04 2.557942017530301371e-01 8.924313116249464883e-01 6.787889126899813164e-01
3.031000000000000000e+04 2.557942017530301371e-01 8.924313116249464883e-01 6.787889126899813164e-01
3.009700000000000000e+04 1.868202042033217936e-02 8.848444331284852638e-01 1.180542685661926328e+00
3.092700000000000000e+04 1.370039837018950379e-01 8.642766847571010658e-01 1.276670222600252202e+00
3.124400000000000000e+04 1.355770458313536153e+00 8.261260351236003885e-01 -6.056024558630355159e-01
3.093800000000000000e+04 6.071628128048303097e-01 2.173649948244644747e-01 -1.310368789772844877e+00
3.148200000000000000e+04 -5.257362189353642634e-02 -2.175212070516607810e-02 -1.423888464605980175e+00
2.984000000000000000e+04 1.879960332893446662e-01 -1.431353810627129519e-01 -1.404046578057055683e+00
3.010800000000000000e+04 1.879960332893446662e-01 -1.431353810627129519e-01 -1.404046578057055683e+00
3.131700000000000000e+04 -7.464953996553447269e-02 -6.191724032518663989e-02 -1.269724073714435519e+00
3.131800000000000000e+04 -1.025169470974418573e-01 -3.043269633930734130e-01 -1.212543783400562347e+00
3.130800000000000000e+04 -2.542204880348002405e-01 -7.526570992904026980e-01 -1.184235680212452735e+00
3.105100000000000000e+04 -2.395391205778132360e-01 -7.721678092593577958e-01 -1.151436099570823046e+00
3.105000000000000000e+04 7.010412900667724045e-01 5.292946088725756226e-01 -1.378404728017450509e+00
3.104900000000000000e+04 4.073820239421159783e-01 4.463008292882690853e-01 -1.370429629824307938e+00
3.104800000000000000e+04 2.964526041342132601e-01 6.796139807442784786e-01 -1.394710576251711132e+00
3.130200000000000000e+04 2.964526041342132601e-01 6.796139807442784786e-01 -1.394710576251711132e+00
2.918900000000000000e+04 3.850267508004989736e-01 9.236662075132286986e-01 -1.356054378076237299e+00
2.918800000000000000e+04 1.238718777932916737e-01 1.022172298870231089e+00 -1.356096483956335419e+00
2.918700000000000000e+04 1.503556907518550645e-01 -4.497020142904730733e-01 6.771291231129410448e-01
3.124100000000000000e+04 -6.095568366916879199e-01 -2.127222280666458687e-01 5.753546733148695580e-01
3.106000000000000000e+04 4.992270035296897390e-02 -2.410999403018649900e-01 5.921087283193173789e-01
3.130900000000000000e+04 9.321159399402034751e-02 -1.125179611146336356e-01 6.095223940381231387e-01
3.100400000000000000e+04 -3.714957669536254059e-01 -3.260611742428807247e-01 6.354556945527960465e-01
3.124300000000000000e+04 -4.516172231406834214e-01 -3.424665951705847533e-01 5.641865357933468772e-01
3.105200000000000000e+04 -1.489616513061307046e-01 -4.374941581182980599e-01 5.627538777495146860e-01
3.105400000000000000e+04 3.499735337617977393e-01 -3.770657987278482892e-01 4.863819098201886959e-01
3.093700000000000000e+04 3.499735337617977393e-01 -3.770657987278482892e-01 4.863819098201886959e-01
2.971000000000000000e+04 -1.950833611868247885e-01 -8.103881096901943693e-02 1.664537926368652165e-01
3.002400000000000000e+04 -3.217950024659614883e-01 -2.117107737922481192e-01 2.158802453151551504e-01
3.138200000000000000e+04 -1.791821818427017377e-01 -1.362423505090077924e-01 1.824428141811438309e-01
3.132000000000000000e+04 -1.791821818427017377e-01 -1.362423505090077924e-01 1.824428141811438309e-01
2.956400000000000000e+04 -1.791821818427017377e-01 -1.362423505090077924e-01 1.824428141811438309e-01
2.972100000000000000e+04 -1.791821818427017377e-01 -1.362423505090077924e-01 1.824428141811438309e-01
3.007700000000000000e+04 -2.302004166789686224e-01 -8.411443825713149636e-02 2.197813310314984392e-01
3.114400000000000000e+04 -2.106001804340706940e-01 -2.490240947665185445e-01 4.778426397617536736e-01
3.114500000000000000e+04 -2.600770355752537455e-01 -1.710803294105645023e-01 4.008866345483710347e-01
3.017200000000000000e+04 -2.600770355752537455e-01 -1.710803294105645023e-01 4.008866345483710347e-01
3.146200000000000000e+04 -2.600770355752537455e-01 -1.710803294105645023e-01 4.008866345483710347e-01
3.132600000000000000e+04 -2.600770355752537455e-01 -1.710803294105645023e-01 4.008866345483710347e-01
3.132700000000000000e+04 -2.600770355752537455e-01 -1.710803294105645023e-01 4.008866345483710347e-01
3.016200000000000000e+04 -6.607655008698856136e-01 1.406764896440080292e-01 3.645946585867534395e-01
2.992600000000000000e+04 -4.785571155065220239e-01 2.665863447070933034e-01 2.699226316616503141e-01
2.955500000000000000e+04 -6.537609172953970926e-01 9.683237432420810364e-02 4.277483505269472630e-01
3.105300000000000000e+04 -6.180735215526915738e-01 1.109094575737401556e-02 4.019518990420394289e-01
3.092800000000000000e+04 -2.689909946868525026e-01 3.464070888740593546e-01 3.487171380041331759e-01
3.020100000000000000e+04 -3.270676783650650066e-01 1.661986467556104685e-01 4.399412281140797631e-01
3.047300000000000000e+04 -3.270676783650650066e-01 1.661986467556104685e-01 4.399412281140797631e-01
2.955900000000000000e+04 -2.454372563960127707e-01 1.854954810921611852e-01 3.988523215608879013e-01
3.039600000000000000e+04 -5.886483752034941119e-01 -6.363212715294253030e-02 6.111985306830263198e-01
3.107000000000000000e+04 5.398135976244411438e-01 -1.375791422708374512e-01 6.973495690255688828e-01
3.106900000000000000e+04 4.596912621610123040e-01 -1.490479907197794773e-02 6.761112269559816923e-01
3.106800000000000000e+04 5.943060556539201400e-01 -1.364901804072147229e-01 4.541410151563880504e-01
3.005500000000000000e+04 -8.125002356411670235e-02 5.000228776646054030e-02 5.960034720368980743e-01
2.963100000000000000e+04 -2.530455137105391827e-02 -2.042294513030213921e-01 5.252527714895833810e-01
3.151700000000000000e+04 -2.530455137105391827e-02 -2.042294513030213921e-01 5.252527714895833810e-01
3.006600000000000000e+04 -2.530455137105391827e-02 -2.042294513030213921e-01 5.252527714895833810e-01
2.959300000000000000e+04 4.541258124407931973e-02 3.106545452286511022e-01 6.643435044020407076e-01
3.047100000000000000e+04 -6.794695892979518703e-02 4.723335869201150672e-01 5.200897211776904783e-01
3.017600000000000000e+04 -3.095433015388131537e-01 -3.431245775416869037e-03 4.728028819310736708e-01
3.136500000000000000e+04 2.458246698656800788e-01 6.881497559622573590e-02 7.302341883955278945e-01
3.136400000000000000e+04 1.333794062422413162e-01 -1.103708055840471047e-01 5.941283043359462113e-01
3.032400000000000000e+04 -4.971887658117779552e-01 1.274329089278722904e-01 5.118384970760629926e-01
3.019000000000000000e+04 -3.439826322270356229e-01 1.930811330852648666e-01 6.946925413045121900e-01
2.921300000000000000e+04 -1.178068647185988027e-01 2.632893934077173981e-03 5.117136786891762767e-01
3.099300000000000000e+04 3.777155331674748595e-01 1.381335033207804486e-01 7.685189879543372626e-01
2.921200000000000000e+04 2.226811446387486626e-01 2.545289725755779386e-01 4.089267720423777064e-01
3.099400000000000000e+04 -5.957955551842886166e-02 -1.220546419342412037e-01 1.552424156412683942e-01
2.973600000000000000e+04 -5.957955551842886166e-02 -1.220546419342412037e-01 1.552424156412683942e-01
2.955600000000000000e+04 1.104970544928605136e-01 8.568921497691661671e-02 1.507188784760771227e-01
3.090700000000000000e+04 1.115217599354032529e-01 -1.547490767182324589e-02 2.534022621620266591e-01
3.090800000000000000e+04 1.115217599354032529e-01 -1.547490767182324589e-02 2.534022621620266591e-01
3.090900000000000000e+04 -4.324029054766498348e-02 -1.612461465523296056e-01 2.721615223698279351e-01
2.962100000000000000e+04 -4.324029054766498348e-02 -1.612461465523296056e-01 2.721615223698279351e-01
3.020900000000000000e+04 -2.257263595562264413e-02 5.939121727658402961e-02 3.932036603609674330e-01
3.141400000000000000e+04 -1.178072241508374418e-01 -1.418538833301710156e-01 1.965726045972928659e-01
3.114100000000000000e+04 -6.540228678716886179e-02 -1.704713137031816927e-01 2.883369041742298577e-01
3.114200000000000000e+04 -6.540228678716886179e-02 -1.704713137031816927e-01 2.883369041742298577e-01
3.114300000000000000e+04 -6.255732059207730344e-02 -1.288017771241314335e-01 2.947464931367633767e-01
3.013400000000000000e+04 -6.255732059207730344e-02 -1.288017771241314335e-01 2.947464931367633767e-01
3.001200000000000000e+04 -2.294011278070726689e-01 -1.385501964114794760e-01 2.254753945260929981e-01
3.001100000000000000e+04 1.098101498443746493e-01 -1.104476613131453178e-01 4.853798209600199698e-01
3.048700000000000000e+04 -9.366655070021323581e-02 3.334799156348324800e-01 3.616464526424962855e-01
2.954700000000000000e+04 -9.366655070021323581e-02 3.334799156348324800e-01 3.616464526424962855e-01
3.044200000000000000e+04 -9.366655070021323581e-02 3.334799156348324800e-01 3.616464526424962855e-01
3.038200000000000000e+04 -8.386476202517201273e-03 4.562914966879390022e-01 3.019015151690283005e-01
2.959400000000000000e+04 -8.386476202517201273e-03 4.562914966879390022e-01 3.019015151690283005e-01
2.995700000000000000e+04 -1.143573103338226815e-01 4.781649485479562145e-01 4.530655916579817699e-01
3.129500000000000000e+04 1.287112218871477864e-01 -3.601889808209080002e-04 2.433890247592174205e-01
3.129400000000000000e+04 1.287112218871477864e-01 -3.601889808209080002e-04 2.433890247592174205e-01
3.035800000000000000e+04 4.036004214226984743e-01 -1.726280959400341430e-01 1.526120347268431487e-01
3.022300000000000000e+04 2.123645685956390139e-01 -1.727057260799682581e-01 4.201957802486120386e-01
3.018600000000000000e+04 2.123645685956390139e-01 -1.727057260799682581e-01 4.201957802486120386e-01
2.980800000000000000e+04 1.516897091813582676e-01 -1.199814126230123179e-01 4.439150155391260455e-01
2.969800000000000000e+04 -2.212254763884935471e-01 5.926024130516083233e-01 3.933396251326257698e-01
3.011500000000000000e+04 -3.402350669193161536e-01 5.209046090548667962e-01 3.348290673872185153e-01
2.917400000000000000e+04 4.033401588555420858e-01 -5.510106466332089781e-01 4.252185638108940680e-01
2.917300000000000000e+04 2.215201316811175047e-01 -5.298407242213087898e-01 4.053927876973872912e-01
2.928200000000000000e+04 3.264370213170160184e-01 3.587304401145630095e-01 2.027285599394090809e-01
3.119200000000000000e+04 3.264370213170160184e-01 3.587304401145630095e-01 2.027285599394090809e-01
3.119100000000000000e+04 2.660095499209731429e-01 5.516740235058961161e-01 2.797168273720274101e-01
3.119000000000000000e+04 2.660095499209731429e-01 5.516740235058961161e-01 2.797168273720274101e-01
2.960600000000000000e+04 3.084226564526204584e-02 -6.551052342054219935e-03 1.472736619377528200e-01
3.143300000000000000e+04 -9.226725534104929238e-02 1.147961006434812248e-01 2.854870795412978168e-01
3.053700000000000000e+04 -1.300345728068208473e-02 2.703618543145367425e-01 3.118454536377797126e-01
2.958000000000000000e+04 2.062036073563007221e-01 1.871821683062293573e-01 4.538544819036474109e-01
3.047400000000000000e+04 -3.596912059058965383e-02 1.105875142956520563e-01 4.958126029651594990e-01
3.026100000000000000e+04 -4.546471078815628175e-01 -4.630207674071868951e-01 3.255705510023787497e-01
2.991300000000000000e+04 6.673801302262560853e-02 -2.906376715072980232e-01 1.921437525445526262e-01
2.991400000000000000e+04 3.546033988541843485e-01 1.391052225231490524e-01 2.385380919024484569e-01
3.034300000000000000e+04 2.005310350699573974e-01 1.455971132483568908e-01 1.648181007122602182e-01
3.029400000000000000e+04 2.005310350699573974e-01 1.455971132483568908e-01 1.648181007122602182e-01
3.027200000000000000e+04 2.005310350699573974e-01 1.455971132483568908e-01 1.648181007122602182e-01
3.011300000000000000e+04 2.246971034170108794e-01 -3.834941468183927782e-02 2.259216223017332936e-01
3.141800000000000000e+04 2.075503860038914183e-01 3.292172375996642586e-01 3.126162295448082773e-01
3.013100000000000000e+04 2.538774009387090302e-01 4.828010219758027688e-02 1.885383784309908606e-01
3.038400000000000000e+04 2.538774009387090302e-01 4.828010219758027688e-02 1.885383784309908606e-01
3.027600000000000000e+04 1.182770457432411604e-01 2.408107288340133323e-01 3.558167783285668406e-01
3.027500000000000000e+04 -3.115003283752209029e-01 -4.755991237399683769e-01 2.374187875314817120e-01
3.093500000000000000e+04 -3.115003283752209029e-01 -4.755991237399683769e-01 2.374187875314817120e-01
3.009900000000000000e+04 -3.115003283752209029e-01 -4.755991237399683769e-01 2.374187875314817120e-01
2.957700000000000000e+04 -3.115003283752209029e-01 -4.755991237399683769e-01 2.374187875314817120e-01
2.921900000000000000e+04 -1.682657654532135894e-01 -4.332962533593018861e-01 3.322659864853676481e-01
2.921800000000000000e+04 -3.102377619859915114e-01 -2.299457685784958016e-01 4.480115656377847699e-01
3.120600000000000000e+04 -2.347468678361543937e-01 -4.206482872321402056e-01 3.802363644706687751e-01
3.120500000000000000e+04 -1.534961375793528759e-01 -2.266143555601090043e-01 5.082698804510314972e-01
3.120400000000000000e+04 -1.941638832060341713e-01 -2.467234813480914113e-01 4.221251009122681808e-01
3.011100000000000000e+04 -1.941638832060341713e-01 -2.467234813480914113e-01 4.221251009122681808e-01
3.046000000000000000e+04 -1.941638832060341713e-01 -2.467234813480914113e-01 4.221251009122681808e-01
3.009800000000000000e+04 3.175403722428136177e-01 -2.289339493919513302e-01 3.505931371567925225e-01
3.093400000000000000e+04 3.324591149272428936e-01 -4.682673136038317807e-01 3.511360150905673549e-01
2.922500000000000000e+04 1.943257680159966583e-01 -3.409419085249183468e-01 3.005820710567022047e-01
3.093200000000000000e+04 1.718569695843790157e-01 -2.883739994034542065e-01 2.430729418423851484e-01
3.053500000000000000e+04 4.027142690126481739e-01 7.681309189965190853e-02 4.179196044860731263e-01
2.937800000000000000e+04 4.027142690126481739e-01 7.681309189965190853e-02 4.179196044860731263e-01
2.937900000000000000e+04 4.027142690126481739e-01 7.681309189965190853e-02 4.179196044860731263e-01
2.978100000000000000e+04 4.027142690126481739e-01 7.681309189965190853e-02 4.179196044860731263e-01
3.039500000000000000e+04 4.027142690126481739e-01 7.681309189965190853e-02 4.179196044860731263e-01
3.103000000000000000e+04 5.505558619955586153e-01 -4.252090890265733947e-01 2.609198138267103673e-01
3.103100000000000000e+04 -1.664509081404048629e-01 -1.449854263681871203e-01 -8.403821839166170093e-02
3.136900000000000000e+04 -1.664509081404048629e-01 -1.449854263681871203e-01 -8.403821839166170093e-02
3.137000000000000000e+04 -1.225386967266572924e-01 -6.985263782028283686e-02 1.051473250942578375e-01
3.023900000000000000e+04 -1.152238655915702736e-01 -7.136216902929248818e-02 5.858561610219936711e-02
3.033100000000000000e+04 -1.152238655915702736e-01 -7.136216902929248818e-02 5.858561610219936711e-02
2.917600000000000000e+04 -1.152238655915702736e-01 -7.136216902929248818e-02 5.858561610219936711e-02
3.044700000000000000e+04 -1.152238655915702736e-01 -7.136216902929248818e-02 5.858561610219936711e-02
3.044800000000000000e+04 -1.152238655915702736e-01 -7.136216902929248818e-02 5.858561610219936711e-02
2.960000000000000000e+04 -1.738265528189586462e-01 -2.823805302526238847e-02 3.103378947906065832e-02
2.960100000000000000e+04 -4.275397100771982650e-02 -1.623080238675100873e-02 1.316096583025583300e-01
2.952600000000000000e+04 -4.285682163871413763e-01 2.810860422082086529e-01 6.072598028145392846e-02
3.131000000000000000e+04 -4.944257994861764871e-01 2.155733205173930855e-01 1.516757795053038649e-01
3.013000000000000000e+04 -6.439814533250434181e-01 2.722768482532842427e-01 1.062178654952319334e-01
3.091300000000000000e+04 -6.439814533250434181e-01 2.722768482532842427e-01 1.062178654952319334e-01
3.026000000000000000e+04 -4.419212533114773578e-01 1.234596331270907399e-01 1.219521282940618789e-01
3.136200000000000000e+04 -6.200128565016562732e-01 2.620203549330000214e-01 4.933542870446672168e-04
2.920300000000000000e+04 -6.200128565016562732e-01 2.620203549330000214e-01 4.933542870446672168e-04
2.920400000000000000e+04 -1.906007332887860173e-01 1.966316331298756381e-01 -3.933492526666526601e-02
3.146400000000000000e+04 -1.906007332887860173e-01 1.966316331298756381e-01 -3.933492526666526601e-02
3.028400000000000000e+04 -1.775561445220752432e-01 5.376138813069530897e-03 8.624864039191493248e-03
3.032900000000000000e+04 -1.285554098131278522e-01 1.327054022463585170e-01 -5.635221817997404514e-02
3.033000000000000000e+04 -2.844956599932615404e-01 6.934797948055404504e-02 1.211435195908237006e-01
3.018700000000000000e+04 -2.844956599932615404e-01 6.934797948055404504e-02 1.211435195908237006e-01
3.036700000000000000e+04 -2.844956599932615404e-01 6.934797948055404504e-02 1.211435195908237006e-01
3.003300000000000000e+04 -3.937104971083833505e-01 2.056048736520992293e-01 9.454229135386782445e-02
3.054800000000000000e+04 -8.503868943764558708e-02 -5.558243344422919563e-02 7.251488268516226299e-02
3.000400000000000000e+04 9.405074422494408282e-02 -8.902620558065166279e-02 -5.549011559768501911e-02
3.000500000000000000e+04 -5.402350179804216168e-02 2.882284859190065163e-03 -9.823842389977954781e-02
2.969200000000000000e+04 1.298122744235676862e-01 5.543104344096860814e-02 5.351316812117801192e-02
3.129300000000000000e+04 1.298122744235676862e-01 5.543104344096860814e-02 5.351316812117801192e-02
2.995300000000000000e+04 1.298122744235676862e-01 5.543104344096860814e-02 5.351316812117801192e-02
2.995400000000000000e+04 1.298122744235676862e-01 5.543104344096860814e-02 5.351316812117801192e-02
3.091200000000000000e+04 -7.243162604932962267e-03 -2.060260306271644026e-01 3.422289199072281463e-02
3.136100000000000000e+04 1.410983156826830509e-01 -2.368775333734944866e-01 1.164057349993186108e-02
3.133200000000000000e+04 -3.248113335952851344e-02 -2.358242225548821125e-01 3.017894628219153219e-02
3.146500000000000000e+04 9.481986096486494375e-02 -7.816381188147403236e-02 3.322549268754926288e-02
3.132800000000000000e+04 1.158231306143839845e-01 -2.129105376799955707e-01 1.814667142893924279e-01
3.129600000000000000e+04 1.158231306143839845e-01 -2.129105376799955707e-01 1.814667142893924279e-01
2.986500000000000000e+04 1.096846225564824806e-01 -7.760650908259236758e-02 9.348953475335974872e-02
3.009200000000000000e+04 -1.637645010785604427e-02 -1.906646769072892766e-01 -8.646461839732921817e-02
2.970400000000000000e+04 1.094929853927020247e-01 -3.665959370686522334e-02 1.411446904167021899e-01
3.093300000000000000e+04 -6.072956506710625035e-02 -1.202070212395796034e-01 1.329896447028389161e-01
3.136800000000000000e+04 -1.428514163425163019e-01 -1.575270488756785880e-01 1.003479490612591007e-02
3.020800000000000000e+04 -1.428514163425163019e-01 -1.575270488756785880e-01 1.003479490612591007e-02
2.949400000000000000e+04 -1.571744570085016335e-01 -2.558126725183811345e-01 1.660022976719659482e-01
2.958500000000000000e+04 -2.196786242566268754e-01 3.058929433637800344e-01 -6.628725353958486721e-02
3.144400000000000000e+04 8.565021600679045832e-02 2.704102468961266936e-01 1.219408797837076008e-01
3.021500000000000000e+04 1.735413821378806176e-01 7.820171339168524582e-02 -2.072403534901923194e-02
3.131200000000000000e+04 1.735413821378806176e-01 7.820171339168524582e-02 -2.072403534901923194e-02
3.131300000000000000e+04 2.271574138492056250e-01 -1.000696450242060109e-01 -5.599399799811521916e-02
3.024800000000000000e+04 3.207364917784367719e-01 -3.382866006518270297e-02 -2.845174104037084817e-02
3.024900000000000000e+04 3.207364917784367719e-01 -3.382866006518270297e-02 -2.845174104037084817e-02
2.963900000000000000e+04 2.167115007357480749e-01 2.008533449533445037e-02 -6.841992766236160151e-02
3.089700000000000000e+04 2.432832495510943716e-01 -2.026049573241479607e-01 -9.476317446898718799e-02
3.148900000000000000e+04 2.204351564515683037e-01 -2.992763363148753797e-02 -3.582221691893749949e-02
3.089600000000000000e+04 2.204351564515683037e-01 -2.992763363148753797e-02 -3.582221691893749949e-02
3.089400000000000000e+04 2.204351564515683037e-01 -2.992763363148753797e-02 -3.582221691893749949e-02
2.956100000000000000e+04 2.204351564515683037e-01 -2.992763363148753797e-02 -3.582221691893749949e-02
3.027700000000000000e+04 2.406053174702584840e-01 3.167383835651094159e-02 9.303159750039924347e-03
3.021900000000000000e+04 2.406053174702584840e-01 3.167383835651094159e-02 9.303159750039924347e-03
2.952000000000000000e+04 2.406053174702584840e-01 3.167383835651094159e-02 9.303159750039924347e-03
3.144500000000000000e+04 2.406053174702584840e-01 3.167383835651094159e-02 9.303159750039924347e-03
3.144600000000000000e+04 2.406053174702584840e-01 3.167383835651094159e-02 9.303159750039924347e-03
2.988300000000000000e+04 1.435684423761927064e-01 -2.212763299016984320e-02 3.690940062791270293e-02
2.954200000000000000e+04 2.565937608840940243e-01 -1.324578072709456933e-01 1.463102425563178599e-01
3.024400000000000000e+04 4.001485532707285131e-01 -1.945011612173530580e-01 -2.616114016364434747e-02
2.953200000000000000e+04 1.334580329784174069e-01 -1.176795824156116055e-01 1.051952668287583492e-01
3.028300000000000000e+04 1.334580329784174069e-01 -1.176795824156116055e-01 1.051952668287583492e-01
3.021300000000000000e+04 1.334580329784174069e-01 -1.176795824156116055e-01 1.051952668287583492e-01
3.007400000000000000e+04 2.537030257385772813e-01 5.912517342030625400e-01 -8.074956934066790382e-02
3.006200000000000000e+04 2.516832818374510339e-01 5.117638066034899680e-01 1.160009591582920052e-01
3.006300000000000000e+04 1.154485235107749475e-01 4.262962743692639833e-01 6.689304240354232434e-02
2.919100000000000000e+04 1.270145709523866628e-01 2.543755829375129451e-01 -1.027710522346367839e-01
3.075000000000000000e+04 1.270145709523866628e-01 2.543755829375129451e-01 -1.027710522346367839e-01
3.089500000000000000e+04 -8.326347603109951478e-02 1.092534345907978377e-01 -8.363469006993540233e-02
3.136000000000000000e+04 8.248507116078229728e-02 6.677868012698695566e-02 2.183779039133071365e-02
3.128800000000000000e+04 3.260008507216838325e-02 2.231062385952427007e-01 3.848950011726515186e-02
3.760800000000000000e+04 3.260008507216838325e-02 2.231062385952427007e-01 3.848950011726515186e-02
3.025100000000000000e+04 1.437067336184725264e-01 1.237150208166752918e-01 6.921809273060830492e-02
3.012000000000000000e+04 -1.694808227716997351e-01 1.193220051295185158e-01 4.818140609549459441e-02
3.012100000000000000e+04 -1.379492647654423365e-01 1.573645453671019823e-01 2.701449016115731183e-02
3.149400000000000000e+04 -1.379492647654423365e-01 1.573645453671019823e-01 2.701449016115731183e-02
2.993900000000000000e+04 -8.376822525355720472e-02 2.955323372451275077e-01 8.845483736990900070e-02
3.143800000000000000e+04 -8.376822525355720472e-02 2.955323372451275077e-01 8.845483736990900070e-02
2.918300000000000000e+04 6.603406710139125835e-02 6.743110543472141671e-02 1.560730104882139813e-01
2.918400000000000000e+04 6.603406710139125835e-02 6.743110543472141671e-02 1.560730104882139813e-01
2.918500000000000000e+04 6.603406710139125835e-02 6.743110543472141671e-02 1.560730104882139813e-01
3.049000000000000000e+04 6.603406710139125835e-02 6.743110543472141671e-02 1.560730104882139813e-01
3.117300000000000000e+04 6.603406710139125835e-02 6.743110543472141671e-02 1.560730104882139813e-01
2.961200000000000000e+04 6.603406710139125835e-02 6.743110543472141671e-02 1.560730104882139813e-01
3.143000000000000000e+04 -1.124697276490707054e-01 8.997786230265347740e-02 2.187442021362073774e-01
3.123100000000000000e+04 1.017535776039508733e-01 -3.538033704271228430e-01 -7.073645697942509969e-02
3.134600000000000000e+04 1.923762823565766666e-03 -5.541376824457628913e-01 2.906733819486362336e-02
2.998100000000000000e+04 1.367324733716408502e-01 -2.536316895071735189e-01 4.088624160792164730e-02
2.998200000000000000e+04 1.343882416181259032e-01 1.815568995940353147e-01 -5.220417452562742255e-03
3.029700000000000000e+04 1.343882416181259032e-01 1.815568995940353147e-01 -5.220417452562742255e-03
2.998300000000000000e+04 1.343882416181259032e-01 1.815568995940353147e-01 -5.220417452562742255e-03
3.014600000000000000e+04 1.343882416181259032e-01 1.815568995940353147e-01 -5.220417452562742255e-03
3.096600000000000000e+04 1.343882416181259032e-01 1.815568995940353147e-01 -5.220417452562742255e-03
3.109200000000000000e+04 1.343882416181259032e-01 1.815568995940353147e-01 -5.220417452562742255e-03
3.109300000000000000e+04 3.686804976998345751e-01 1.648322510287769660e-01 -7.010926565805419841e-02
2.955700000000000000e+04 1.726764922744123965e-01 8.824738064914328106e-02 8.060873101281629260e-02
3.043100000000000000e+04 1.674403414658662825e-01 6.717469549294463604e-02 1.225010635204029086e-01
3.021000000000000000e+04 -4.471188629209841281e-01 -1.734720562859592974e-01 6.990066874885059178e-02
2.949900000000000000e+04 -5.598712024829168854e-01 -1.815510403594160493e-01 9.766304171035500303e-02
3.012600000000000000e+04 5.304228784257283280e-01 -1.413706052927210521e-02 1.251438706275251889e-01
2.954300000000000000e+04 4.331725491541114081e-01 6.092043007831904333e-02 -3.655604478603891039e-02
2.988800000000000000e+04 4.998699829161203922e-01 -6.186717138949404671e-02 1.065924982547770128e-01
2.988900000000000000e+04 -1.579109745147597721e-01 -5.036455032178110969e-01 -5.225403955187601923e-02
3.135900000000000000e+04 -2.576535757900515478e-01 -2.653253025138795351e-01 2.342616828015309238e-02
2.964700000000000000e+04 -1.511285855732857897e-01 -2.957457580789935037e-01 -1.082318046018500013e-01
2.957200000000000000e+04 -1.817387872352718148e-01 -1.646284841195253534e-01 2.077695117357336585e-02
2.955200000000000000e+04 -7.197679586436223076e-02 -3.681044105023687507e-01 4.759725448059271002e-02
3.023700000000000000e+04 -3.610441627051876878e-01 -1.876188110070415860e-01 1.216708099223637873e-01
3.023800000000000000e+04 -3.610441627051876878e-01 -1.876188110070415860e-01 1.216708099223637873e-01
3.096500000000000000e+04 -1.657043437184668733e-01 -3.049897163373032072e-01 1.652879180032726936e-01
3.096700000000000000e+04 -2.883761761224796771e-01 -3.893680074816074921e-01 9.954431452853640394e-02
2.978500000000000000e+04 -2.883761761224796771e-01 -3.893680074816074921e-01 9.954431452853640394e-02
2.938000000000000000e+04 1.300008024860304090e-01 -3.744758533175058801e-01 7.111623669526068170e-02
3.010100000000000000e+04 1.300008024860304090e-01 -3.744758533175058801e-01 7.111623669526068170e-02
2.965900000000000000e+04 1.300008024860304090e-01 -3.744758533175058801e-01 7.111623669526068170e-02
2.950700000000000000e+04 3.370220944874802171e-01 -2.750757446350533542e-01 3.701427040104476873e-02
3.032100000000000000e+04 1.441862981737571658e-01 -2.302362501059462829e-01 1.006843297188453334e-01
3.008600000000000000e+04 3.096057165281749235e-01 -3.163768392576429278e-01 1.116078874266079879e-01
3.006900000000000000e+04 3.771368726708601571e-01 -4.223517579141287115e-01 1.481695915024872079e-01
2.954800000000000000e+04 1.861680583189126992e-01 -2.284322958201130405e-01 9.839844853861734464e-02
2.979600000000000000e+04 1.861680583189126992e-01 -2.284322958201130405e-01 9.839844853861734464e-02
3.024000000000000000e+04 -4.114270157482486923e-01 -1.791419954758453059e-01 -1.281080155595404335e-01
3.024100000000000000e+04 -3.911199623586902874e-01 -2.728394434331420371e-01 3.894828445069720146e-03
3.140000000000000000e+04 -3.911199623586902874e-01 -2.728394434331420371e-01 3.894828445069720146e-03
3.140100000000000000e+04 -3.911199623586902874e-01 -2.728394434331420371e-01 3.894828445069720146e-03
2.965500000000000000e+04 -6.683548834358497004e-01 -3.456054877634358036e-01 -4.077905450444774260e-02
3.017800000000000000e+04 5.242437139237665633e-01 1.933966186919704455e-01 -2.425285802488019726e-03
3.099600000000000000e+04 5.242437139237665633e-01 1.933966186919704455e-01 -2.425285802488019726e-03
2.955100000000000000e+04 5.242437139237665633e-01 1.933966186919704455e-01 -2.425285802488019726e-03
3.149300000000000000e+04 4.533849694903580030e-01 1.957227667445238239e-01 8.627630661814578161e-02
3.760700000000000000e+04 7.030767471098791077e-01 9.536801375916326151e-02 2.186962036099231455e-01
3.047800000000000000e+04 6.600715695499701496e-01 -4.072831170411745916e-01 -1.158091694774512348e-01
3.017400000000000000e+04 6.600715695499701496e-01 -4.072831170411745916e-01 -1.158091694774512348e-01
2.955000000000000000e+04 5.984147088797087122e-01 3.990171900596450882e-01 2.732186076005760356e-01
3.147200000000000000e+04 -2.527296712145066238e-01 5.562421398302319631e-02 -1.793550453305954306e-01
2.958100000000000000e+04 -1.165058081931213962e-01 -3.204378483113146103e-02 -2.739988011541072410e-01
3.129100000000000000e+04 -2.477127543933903553e-01 -7.594726351110381302e-02 -2.111985133026834660e-01
2.955300000000000000e+04 -2.477127543933903553e-01 -7.594726351110381302e-02 -2.111985133026834660e-01
2.958700000000000000e+04 -3.445624195922896149e-01 6.721844036411539491e-02 -1.558597450424983322e-01
2.971100000000000000e+04 -2.709949240676721161e-01 -5.799817627158176947e-02 -6.797031952989840420e-02
2.961000000000000000e+04 -2.709949240676721161e-01 -5.799817627158176947e-02 -6.797031952989840420e-02
2.961100000000000000e+04 -3.686719850918649399e-01 1.323505140984906348e-01 -2.598023444021748674e-01
3.098500000000000000e+04 -2.931374379838835864e-01 2.353824581314896136e-01 -2.189397399231793884e-01
3.136300000000000000e+04 -8.476577027250797869e-02 -1.925602209040278012e-01 -2.602861344657654286e-01
3.098600000000000000e+04 5.685379311180938089e-02 -2.228257995338580599e-01 -3.937323138685613344e-01
3.020400000000000000e+04 5.685379311180938089e-02 -2.228257995338580599e-01 -3.937323138685613344e-01
3.029600000000000000e+04 -6.049998501075748436e-02 -1.817585077359638035e-01 -2.819441847877115492e-01
3.019700000000000000e+04 1.391108858108438540e-01 4.490138286509903764e-02 -2.629911203610575399e-01
3.019800000000000000e+04 1.391108858108438540e-01 4.490138286509903764e-02 -2.629911203610575399e-01
2.978600000000000000e+04 1.391108858108438540e-01 4.490138286509903764e-02 -2.629911203610575399e-01
3.028200000000000000e+04 -2.218295431649863758e-03 -2.416950177634191732e-02 -1.552395819539995614e-01
3.147000000000000000e+04 -7.210556147757785084e-03 -3.790998548105051213e-02 -2.166082658968804253e-01
3.056900000000000000e+04 -8.872828926025633223e-02 3.751190913704505192e-02 -2.707587730972846884e-01
3.098700000000000000e+04 1.167013959923579591e-02 -1.819296971160540011e-01 -1.178189591231770805e-01
2.961800000000000000e+04 1.167013959923579591e-02 -1.819296971160540011e-01 -1.178189591231770805e-01
3.023200000000000000e+04 1.167013959923579591e-02 -1.819296971160540011e-01 -1.178189591231770805e-01
2.983700000000000000e+04 1.167013959923579591e-02 -1.819296971160540011e-01 -1.178189591231770805e-01
2.968400000000000000e+04 1.167013959923579591e-02 -1.819296971160540011e-01 -1.178189591231770805e-01
3.037200000000000000e+04 1.070782491250668045e-01 3.957928098840710618e-01 -2.617721185041617105e-01
3.040600000000000000e+04 7.912968079888926809e-02 4.700907788239803153e-01 -9.939036760737707255e-02
2.962800000000000000e+04 2.138208635333782581e-02 3.398615528250346074e-01 -1.144979706360516047e-01
2.967200000000000000e+04 2.138208635333782581e-02 3.398615528250346074e-01 -1.144979706360516047e-01
3.135000000000000000e+04 2.154511001561587591e-01 -7.449867013987443443e-02 -1.202525158905061176e-01
2.928800000000000000e+04 3.442713139202595585e-01 -6.463439435925266707e-02 -7.138350400518334027e-02
2.928900000000000000e+04 3.056889904031834249e-01 4.718636658562047614e-02 -4.377808137741112660e-02
2.929000000000000000e+04 3.335695637646480805e-01 -1.450613662051551955e-01 -8.631701379997025469e-02
3.146900000000000000e+04 -1.541627957062772225e-01 4.473060673527271547e-01 -3.521815316584877564e-01
2.959900000000000000e+04 1.850938264517090204e-01 3.477025142944754066e-01 -3.138588821164844944e-01
3.145000000000000000e+04 -6.778565729893060166e-02 8.813921122330725666e-02 -2.791943851898324169e-01
3.020700000000000000e+04 -6.778565729893060166e-02 8.813921122330725666e-02 -2.791943851898324169e-01
3.019500000000000000e+04 3.400129366696447164e-02 2.352860093318298595e-02 -2.657889361703809072e-01
3.036900000000000000e+04 3.400129366696447164e-02 2.352860093318298595e-02 -2.657889361703809072e-01
3.144200000000000000e+04 -1.201713870820348973e-01 1.774429624901614488e-01 -1.289489731642134984e-01
3.108000000000000000e+04 1.340961527856521229e-02 2.156434977314702905e-01 -2.698043582033093912e-01
3.149800000000000000e+04 -1.645871650021035748e-02 1.816271938789029150e-01 -2.535569479718020602e-01
3.017900000000000000e+04 -1.645871650021035748e-02 1.816271938789029150e-01 -2.535569479718020602e-01
3.149700000000000000e+04 -1.645871650021035748e-02 1.816271938789029150e-01 -2.535569479718020602e-01
3.099500000000000000e+04 -8.944167034001182515e-02 2.820946175374885456e-01 -1.724640585340040388e-01
3.117400000000000000e+04 -4.136509893437789742e-02 1.043223304106746241e-01 -1.123483658350536984e-01
3.117500000000000000e+04 -4.136509893437789742e-02 1.043223304106746241e-01 -1.123483658350536984e-01
2.971200000000000000e+04 -4.136509893437789742e-02 1.043223304106746241e-01 -1.123483658350536984e-01
3.113300000000000000e+04 -4.136509893437789742e-02 1.043223304106746241e-01 -1.123483658350536984e-01
3.113400000000000000e+04 -4.136509893437789742e-02 1.043223304106746241e-01 -1.123483658350536984e-01
3.113500000000000000e+04 -4.136509893437789742e-02 1.043223304106746241e-01 -1.123483658350536984e-01
3.113600000000000000e+04 -4.136509893437789742e-02 1.043223304106746241e-01 -1.123483658350536984e-01
3.022500000000000000e+04 9.988666264652579230e-02 4.760347661366637340e-02 -9.303861012126191099e-02
2.956800000000000000e+04 1.721842778985305245e-02 -3.330669247889872508e-01 -2.986939188836004178e-01
2.983400000000000000e+04 -7.156872519593449056e-02 -3.535693429261357323e-01 -2.607195340226269309e-01
2.983500000000000000e+04 -4.425598278471198910e-02 -3.837168322487158889e-01 -2.112346799573501244e-01
2.983600000000000000e+04 1.938592748402356847e-02 -2.430512062589968991e-01 -3.037604572805250314e-01
3.007500000000000000e+04 2.063057158053283047e-02 -3.085005936480271771e-01 -1.292802698040063092e-01
2.983800000000000000e+04 2.404960034906231670e-01 8.447219510360781669e-02 -2.286728448564971927e-01
3.016100000000000000e+04 4.460936830350199500e-01 3.828729722508157352e-01 -1.765359208936345681e-01
2.962300000000000000e+04 1.774924219609061993e-01 1.776989497316563416e-01 -9.206981918319456781e-02
3.137400000000000000e+04 1.774924219609061993e-01 1.776989497316563416e-01 -9.206981918319456781e-02
3.027300000000000000e+04 3.265572609905298407e-01 1.396844148200599989e-01 -5.819277402600420146e-02
3.057500000000000000e+04 3.265572609905298407e-01 1.396844148200599989e-01 -5.819277402600420146e-02
3.108100000000000000e+04 -4.889234336834498151e-01 -7.781549364678141956e-02 -2.893306821777059668e-01
3.110300000000000000e+04 -4.889234336834498151e-01 -7.781549364678141956e-02 -2.893306821777059668e-01
3.021700000000000000e+04 -4.889234336834498151e-01 -7.781549364678141956e-02 -2.893306821777059668e-01
3.010900000000000000e+04 -4.889234336834498151e-01 -7.781549364678141956e-02 -2.893306821777059668e-01
3.010600000000000000e+04 -3.226810562376414282e-01 -1.592758712877255789e-01 -2.642643115473219950e-01
3.007300000000000000e+04 -5.062008220266775993e-01 -2.055896995678736516e-01 -1.707465525586542299e-01
3.010000000000000000e+04 -4.254047406717127444e-01 -7.371487322088654537e-02 -1.207148934572686017e-01
3.133500000000000000e+04 -5.670966632703944299e-01 -1.192395203219973610e-01 -1.472465664498656679e-01
3.128400000000000000e+04 5.295238596866234104e-01 -8.934230742807613979e-02 -1.799999265467135956e-01
3.015500000000000000e+04 5.295238596866234104e-01 -8.934230742807613979e-02 -1.799999265467135956e-01
2.950800000000000000e+04 5.083595581672284425e-01 -1.473238496668400899e-01 -2.548437250988655478e-01
3.018000000000000000e+04 3.273761435275126530e-01 -6.570513876231132144e-02 -7.783863226011789038e-02
3.015100000000000000e+04 3.273761435275126530e-01 -6.570513876231132144e-02 -7.783863226011789038e-02
3.094100000000000000e+04 1.154852172851406067e-02 -7.513485624395315199e-01 -3.259997850048961254e-01
3.094200000000000000e+04 -5.276349950822734058e-02 -5.383734701985432025e-01 -2.798602449935927439e-01
3.094300000000000000e+04 -7.023074703372600425e-02 -7.154470407321937842e-01 -5.659566041436647765e-02
3.003800000000000000e+04 -1.607033238653876595e-01 -4.195747326319221315e-01 -2.824398191772559130e-01
2.957900000000000000e+04 -1.603351474354397510e-01 -4.311456858378619472e-01 -2.938414113001499572e-01
3.133400000000000000e+04 -2.330446694894909854e-01 -4.556671081250769362e-01 -1.889706206546719613e-01
3.099800000000000000e+04 -3.389151283697131589e-01 -2.923051344519933537e-01 -2.120919911061420748e-01
2.922200000000000000e+04 -1.635686439384471669e-01 -3.200713249176416753e-01 -1.749101732609474880e-01
3.037700000000000000e+04 -3.728708152082909066e-01 -3.438568666135211060e-01 -2.312936633290405553e-01
3.099700000000000000e+04 -8.953743399826663563e-02 -3.078706708409200132e-01 -1.285938762816201120e-01
3.110400000000000000e+04 -8.953743399826663563e-02 -3.078706708409200132e-01 -1.285938762816201120e-01
2.919700000000000000e+04 -1.529426149216028819e-01 -4.226696920439820815e-01 -1.316590075505601476e-01
3.046300000000000000e+04 3.163901462377154417e-01 -2.049376374286779878e-01 -3.877620502376259992e-01
3.019300000000000000e+04 3.396067248838967600e-01 -4.377984507610008791e-01 -2.946503263801361072e-01
3.021400000000000000e+04 3.255062490459437186e-02 -2.427171365359654942e-01 -9.627663402577013585e-02
3.020500000000000000e+04 1.947596465667515986e-01 -2.659844573994192274e-01 -1.492917358850931464e-01
3.020600000000000000e+04 1.947596465667515986e-01 -2.659844573994192274e-01 -1.492917358850931464e-01
2.961600000000000000e+04 1.908692743223348032e-01 -2.377651262524480558e-01 -6.984156535934005205e-02
3.130400000000000000e+04 1.908692743223348032e-01 -2.377651262524480558e-01 -6.984156535934005205e-02
2.968900000000000000e+04 6.205434281203956459e-01 5.000829102246768798e-01 4.010694743084997071e-02
2.959500000000000000e+04 4.238802862418502571e-01 3.520061857881273681e-01 -6.057516361082093681e-04
3.139300000000000000e+04 4.566881024400224476e-01 -2.897956537892483198e-01 -9.655963597508332441e-02
3.129000000000000000e+04 -2.319459932410481429e-01 -7.434184311373428500e-01 -1.573349931911494082e-01
3.003600000000000000e+04 -2.319459932410481429e-01 -7.434184311373428500e-01 -1.573349931911494082e-01
2.983100000000000000e+04 4.073662512683924319e-01 -5.281284306361300196e-01 4.122450669976274185e-02
2.983200000000000000e+04 4.252660385031497015e-01 4.039251346481975702e-01 -2.630832847151864939e-01
2.959600000000000000e+04 3.776088042105456566e-01 5.399518599222190574e-01 -2.553142061135105223e-02
3.037600000000000000e+04 3.776088042105456566e-01 5.399518599222190574e-01 -2.553142061135105223e-02
3.151900000000000000e+04 -8.507772881026554046e-02 -8.643634735068417285e-02 -5.927855994268611539e-01
2.951800000000000000e+04 -1.634658455710678027e-01 -1.874201329069720146e-01 -5.678165128804906203e-01
2.957800000000000000e+04 -1.634658455710678027e-01 -1.874201329069720146e-01 -5.678165128804906203e-01
3.033400000000000000e+04 -2.807687586765652554e-01 -1.381750587530135022e-01 -3.514263426064374585e-01
3.094500000000000000e+04 -1.358519664467721100e-01 2.844448834184944985e-01 -2.634024861986290489e-01
3.133100000000000000e+04 2.279949480570664377e-02 4.867714939593668078e-01 -6.206524697767363818e-01
3.026600000000000000e+04 -6.891221084275045428e-02 4.734446921012107623e-01 -4.102821969146788206e-01
3.033500000000000000e+04 3.901646244159913124e-01 -2.305868935658210717e-01 -5.627794367181877533e-01
3.025000000000000000e+04 3.901646244159913124e-01 -2.305868935658210717e-01 -5.627794367181877533e-01
3.129200000000000000e+04 3.901646244159913124e-01 -2.305868935658210717e-01 -5.627794367181877533e-01
3.148700000000000000e+04 1.888718588101632179e-01 2.897401877033445317e-02 -5.132271603387366099e-01
3.128000000000000000e+04 3.718699404640517514e-01 -1.371921264106035210e-01 -4.390623175774237552e-01
2.951700000000000000e+04 3.718699404640517514e-01 -1.371921264106035210e-01 -4.390623175774237552e-01
3.132200000000000000e+04 2.040293364868261961e-01 -1.496988655585766992e-01 -3.870983036861943560e-01
3.031900000000000000e+04 3.681145685272397827e-01 2.900019654654784063e-02 -3.881251507769576392e-01
3.039300000000000000e+04 1.798238528951898729e-01 3.460082042773606759e-01 -5.892334641274743490e-01
2.940900000000000000e+04 2.417303874531597785e-01 2.864462539307126576e-01 -2.924934345451006834e-01
2.923600000000000000e+04 4.481445637812626615e-01 1.667074147443443621e-01 -4.490617553229725445e-01
3.057300000000000000e+04 4.907461313710470563e-02 1.890525029761960241e-01 -2.893904647509515371e-01
3.088800000000000000e+04 1.907674802728926977e-01 2.110486308276264822e-01 -4.764402720901728117e-01
3.088700000000000000e+04 -4.022332566980217905e-01 4.399315439101769698e-02 -4.249154881303027764e-01
3.141700000000000000e+04 -4.022332566980217905e-01 4.399315439101769698e-02 -4.249154881303027764e-01
3.142400000000000000e+04 4.941915922114468174e-01 -2.859417016735221750e-02 -5.329078904743838052e-01
3.021200000000000000e+04 -4.333189794373737413e-02 -4.724339709231841766e-01 -5.687444311671612240e-01
3.044600000000000000e+04 -1.557775334537510048e-01 -5.266622724117127063e-01 -3.382192867317712626e-01
3.028700000000000000e+04 3.902450266428090231e-01 -4.442757823633272096e-01 -5.910269286213107875e-01
2.953900000000000000e+04 3.902450266428090231e-01 -4.442757823633272096e-01 -5.910269286213107875e-01
2.985400000000000000e+04 3.902450266428090231e-01 -4.442757823633272096e-01 -5.910269286213107875e-01
3.130300000000000000e+04 1.703176269210651128e-01 -3.147022120786928667e-01 -5.950198476554433569e-01
2.923700000000000000e+04 1.703176269210651128e-01 -3.147022120786928667e-01 -5.950198476554433569e-01
3.022800000000000000e+04 1.731419318650857520e-01 -2.020485313107727166e-01 -3.831052045623053459e-01
3.015300000000000000e+04 -6.424751550134821798e-01 -8.699525074109146772e-01 6.983499688282179818e-01
3.141300000000000000e+04 -6.424751550134821798e-01 -8.699525074109146772e-01 6.983499688282179818e-01
3.009300000000000000e+04 -6.531371003527723929e-01 9.293808369550049520e-02 -3.354390165959415526e-01
3.097400000000000000e+04 -6.531371003527723929e-01 9.293808369550049520e-02 -3.354390165959415526e-01
3.038500000000000000e+04 -6.711886100877073602e-01 -9.730324778679175779e-01 4.838529142037870656e-01
3.045900000000000000e+04 -6.339710906328761553e-01 2.546976155414100162e-01 -1.065704941008789319e-01
2.933000000000000000e+04 -6.678497979462214573e-01 4.741658172892684320e-01 -1.999042648829174595e-01
3.018200000000000000e+04 -7.162180522248959846e-01 -7.329705873521774606e-01 5.801961274229228138e-01
2.923800000000000000e+04 -7.658970355672849450e-01 -2.201145732672173949e-01 -1.031075176744167265e-01
2.951600000000000000e+04 -7.568846904117059182e-01 4.406541505701113692e-01 2.869007532790135429e-02
3.029000000000000000e+04 -7.396591034027899525e-01 7.509565192266620670e-01 -6.718406487155448303e-02
2.934100000000000000e+04 -7.396591034027899525e-01 7.509565192266620670e-01 -6.718406487155448303e-02
3.140500000000000000e+04 -7.571240932056220174e-01 3.825764620757823309e-01 -4.901438456161528734e-01
3.034800000000000000e+04 -7.726406885238468192e-01 2.563376552759422111e-01 2.726039605390440101e-01
3.081200000000000000e+04 -7.726406885238468192e-01 2.563376552759422111e-01 2.726039605390440101e-01
2.923900000000000000e+04 -7.815334687820261195e-01 -8.703449421542686082e-01 -4.025183889894634603e-02
2.955800000000000000e+04 -7.843974769149646420e-01 -6.351219244601722380e-01 -1.720366888701647667e-01
2.962900000000000000e+04 -9.685772771149991911e-01 -1.293155215776593536e+00 -4.138465996458506879e-02
3.023500000000000000e+04 -9.685772771149991911e-01 -1.293155215776593536e+00 -4.138465996458506879e-02
3.093000000000000000e+04 -9.269213120297052910e-01 1.420952167618452222e-01 -7.509878134736354127e-01
3.092900000000000000e+04 -9.269213120297052910e-01 1.420952167618452222e-01 -7.509878134736354127e-01
3.037100000000000000e+04 -7.936139449587606975e-01 -8.643806754405858328e-02 -7.299279124478559311e-01
3.013200000000000000e+04 -9.219374926158323547e-01 2.944162408629296124e-01 -6.104567805346192699e-01
3.137100000000000000e+04 -8.121173718607082037e-01 2.275297009080148314e-01 -5.894024749944932751e-01
3.019400000000000000e+04 -8.941340806129609575e-01 -2.781580357420523342e-01 -6.406603151322372014e-01
2.994400000000000000e+04 -9.345474289191280093e-01 -1.003128485932705871e+00 7.117253504247855744e-02
3.053800000000000000e+04 -9.468434142394350772e-01 -1.151037195102134092e+00 1.796699810296118471e-01
2.994300000000000000e+04 -9.468434142394350772e-01 -1.151037195102134092e+00 1.796699810296118471e-01
3.029100000000000000e+04 -9.468434142394350772e-01 -1.151037195102134092e+00 1.796699810296118471e-01
3.139200000000000000e+04 -9.689383391280443902e-01 -3.244972372480816603e-01 1.446574640251583332e-01
3.138600000000000000e+04 -8.941822191260229147e-01 -3.951074192190446865e-01 -2.072023274952883298e-01
3.016900000000000000e+04 -9.340519302818819369e-01 -4.823726337337177483e-01 6.576900065091706438e-02
2.950900000000000000e+04 -9.340519302818819369e-01 -4.823726337337177483e-01 6.576900065091706438e-02
3.011000000000000000e+04 -9.059972532248856680e-01 -6.098336526210061947e-01 2.175708157922784380e-01
2.934000000000000000e+04 -8.311452602155142699e-01 -8.400209138146124133e-01 9.315945252694390888e-01
2.962600000000000000e+04 -8.722053743284554628e-01 -2.970794355086852079e-01 4.488395004868976912e-01
2.969400000000000000e+04 -8.116248575322906333e-01 -6.947326606964523421e-01 7.567401013304575486e-01
2.978000000000000000e+04 -1.035443348612016479e+00 5.172432556742592169e-01 -6.521740061815251011e-02
3.055600000000000000e+04 -1.052961545345919347e+00 3.574567071645304850e-01 7.266674890841784418e-02
2.994200000000000000e+04 -9.185574882445983746e-01 3.103607916971284908e-01 9.670426630302841886e-02
2.962700000000000000e+04 -9.185574882445983746e-01 3.103607916971284908e-01 9.670426630302841886e-02
3.102000000000000000e+04 -8.889073729337155783e-01 2.885641781301302444e-01 3.435723477466510190e-01
