# star id 	 star_x_coords [pc] 	 star_y_coords [pc] 	 star_z_coords [pc] 
1.397800000000000000e+04 1.396939732759037156e-01 8.167456920759637029e-01 3.072965065940742591e-01
1.395500000000000000e+04 1.226310990151660008e-01 7.085785754760340893e-01 1.038389026398220949e-01
1.394700000000000000e+04 1.315169109038691886e-01 7.493985416216819573e-02 2.151486627853316236e-01
1.395800000000000000e+04 6.455382977458157256e-02 8.450197290677863293e-02 1.102036843235794095e-01
1.395700000000000000e+04 1.695507898685946202e-01 -2.109343895248203538e-01 -3.810875599342011810e-02
1.397700000000000000e+04 1.695507898685946202e-01 -2.109343895248203538e-01 -3.810875599342011810e-02
1.401600000000000000e+04 2.237773896432528886e-01 -5.762336630280184835e-02 1.372931961661549849e-02
1.404400000000000000e+04 1.155074536916202987e-01 -1.368197653336844510e-01 7.619533770416708762e-02
1.396600000000000000e+04 1.469271357597605743e-01 -1.897844176386165316e-02 9.870407199600350623e-02
1.398500000000000000e+04 3.945076722155960169e-01 -2.015362310829162951e-01 1.184197714644028565e-01
1.396800000000000000e+04 3.530784713615844339e-01 -1.601539587111338037e-01 1.396296310965929877e-01
1.398300000000000000e+04 1.059207614506618711e-02 8.656891862677262850e-03 1.203175714596582679e-01
1.405000000000000000e+04 -9.220504071549839864e-05 4.512158350347128533e-02 1.038147821385173586e-01
1.404900000000000000e+04 -3.741328951043243478e-02 -1.609290736084814100e-01 9.115861623613952247e-02
1.400600000000000000e+04 6.671334211225143918e-02 -1.101735593055099827e-01 4.154908857814625378e-01
1.398600000000000000e+04 -8.705315641130795257e-02 4.707604552736910364e-02 2.502802508274584170e-01
1.403400000000000000e+04 -8.705315641130795257e-02 4.707604552736910364e-02 2.502802508274584170e-01
1.395600000000000000e+04 -1.008921142718222086e-01 3.707300169954041991e-02 -8.704028761741255948e-05
1.403800000000000000e+04 -1.891945253358287005e-01 -3.613357829816621347e-02 -3.961858383486571711e-02
1.396100000000000000e+04 -1.891945253358287005e-01 -3.613357829816621347e-02 -3.961858383486571711e-02
1.399900000000000000e+04 -1.736789910269678217e-01 -1.591142630051081142e-01 7.597195833183789659e-02
1.387800000000000000e+04 -2.776722527293600251e-01 -8.982787704138761598e-02 1.509105471202900617e-01
1.399800000000000000e+04 -1.938413525111215563e-01 3.753693850850021718e-01 5.455059694203967524e-02
1.403900000000000000e+04 -1.938413525111215563e-01 3.753693850850021718e-01 5.455059694203967524e-02
1.402800000000000000e+04 -1.645386618765414255e-01 6.141292902373267637e-01 9.716586971911311821e-02
1.402700000000000000e+04 -2.156462530919540654e-01 9.101642252959774027e-02 2.384246606336368757e-01
1.399400000000000000e+04 3.902893807282481475e-02 7.660343313159501122e-02 -2.834058262958940588e-01
1.396700000000000000e+04 3.902893807282481475e-02 7.660343313159501122e-02 -2.834058262958940588e-01
1.402300000000000000e+04 2.282560728571212394e-01 1.473651796491664001e-01 -6.404871276005152936e-02
1.402200000000000000e+04 -4.398632950613077242e-01 2.428914872627263577e-01 -1.818954037152415992e-01
1.394800000000000000e+04 -2.891741993765748475e-01 3.240805105423678611e-01 -8.826542699330275354e-02
1.403600000000000000e+04 1.714498665785058051e-01 -3.158917519584063527e-01 -2.496809113988263107e-01
1.403500000000000000e+04 2.141636296880022883e-01 -2.957114373758287229e-01 -2.186537461397648485e-01
1.398700000000000000e+04 2.509246564732237061e-01 -1.324111146482360724e-01 -2.047776235378151455e-01
1.400300000000000000e+04 -6.745612300090186864e-02 -2.888887461355063024e-01 -2.769851385118684561e-01
1.404000000000000000e+04 1.611025819483202781e-01 -5.093643407982373361e-02 -1.370477103912293160e-01
1.406500000000000000e+04 2.663129735682971955e-01 -3.578152356435246872e-01 -1.232787952129932307e-01
1.403200000000000000e+04 2.841689671285365648e-01 -1.171831249106087824e-01 -6.914029623135320435e-02
1.387900000000000000e+04 2.725823704139429537e-04 -1.166009411572526133e-01 -5.901575475382259128e-02
1.400800000000000000e+04 2.725823704139429537e-04 -1.166009411572526133e-01 -5.901575475382259128e-02
1.397500000000000000e+04 3.056388968494161418e-01 -2.352268670732646783e-01 -5.659011634986654826e-02
1.397600000000000000e+04 1.606056940376987541e-02 -2.603255124366494755e-01 -4.609969565373361888e-02
1.395000000000000000e+04 1.606056940376987541e-02 -2.603255124366494755e-01 -4.609969565373361888e-02
1.402500000000000000e+04 1.876009588848148724e-03 -1.759153123789936046e-03 -4.529185058096629746e-02
1.402600000000000000e+04 -2.640455806115511450e-01 1.067392706666048241e-02 -1.909764361768147012e-01
1.404600000000000000e+04 -2.081676076122818131e-01 2.452847725247941923e-02 -6.708107065821522497e-02
1.406900000000000000e+04 -2.081676076122818131e-01 2.452847725247941923e-02 -6.708107065821522497e-02
1.400700000000000000e+04 -3.581162542219971101e-01 -5.697991120146550514e-02 -5.635193745516176023e-02
1.401300000000000000e+04 -3.581162542219971101e-01 -5.697991120146550514e-02 -5.635193745516176023e-02
