# star id 	 star_x_coords [pc] 	 star_y_coords [pc] 	 star_z_coords [pc] 
1.388000000000000000e+03 -3.443771190325506382e-02 -5.046816731237677711e-01 -1.059346722162923804e-01
1.393000000000000000e+03 -3.030575157681525411e-02 -2.193245028803599284e-01 -7.598389097475610754e-02
1.392000000000000000e+03 -1.495848654942122380e-02 2.115840137984179026e-02 -3.397347953498597306e-02
1.309000000000000000e+03 -1.495848654942122380e-02 2.115840137984179026e-02 -3.397347953498597306e-02
1.391000000000000000e+03 2.529190647056864805e-01 5.371447786403890645e-02 -2.737701261905156613e-02
1.269000000000000000e+03 -8.818692808114647619e-02 7.561399400977081298e-02 1.222130663549689800e-01
1.296000000000000000e+03 -8.818692808114647619e-02 7.561399400977081298e-02 1.222130663549689800e-01
1.295000000000000000e+03 -3.381551614289932672e-01 2.381957703462339038e-01 1.013216441177933191e-02
1.350000000000000000e+03 3.562703858355575903e-01 2.385511355070153439e-01 2.268423772148864259e-02
