# star id 	 star_x_coords [pc] 	 star_y_coords [pc] 	 star_z_coords [pc] 
3.021100000000000000e+04 -1.782279874623795557e-01 -2.742908092099369810e-01 9.616903071526081703e-01
2.990900000000000000e+04 9.252633251816517745e-01 5.706206288406647786e-01 7.345447644504758955e-01
2.990500000000000000e+04 4.015448373605323695e-02 4.920832135251131945e-01 1.369996887528827756e+00
2.990400000000000000e+04 -1.294794918257695215e+00 -6.690018855628707684e-01 8.579962628467114882e-01
3.021800000000000000e+04 -1.294794918257695215e+00 -6.690018855628707684e-01 8.579962628467114882e-01
3.025600000000000000e+04 -1.280480629166852236e+00 -5.319908511905850901e-01 -8.115352230871906158e-01
2.991000000000000000e+04 -2.283834755205234934e+00 2.622821026685500101e-01 -4.711159419245660729e-01
3.021900000000000000e+04 9.744093840342493706e-01 -4.650956629541980192e-02 -1.681857661668274773e+00
2.991500000000000000e+04 1.124813251356721944e+00 -1.230544377741523476e+00 -1.341345916563184915e+00
2.992000000000000000e+04 3.007532660439886651e-01 -5.763663387550437278e-01 -8.062288905111927306e-01
2.991400000000000000e+04 5.173207050377710559e-01 -1.462013492839012940e+00 -6.666357012721988440e-01
3.025300000000000000e+04 8.476857798072945371e-02 5.242236357569325378e-01 -5.860032770958838455e-01
3.023900000000000000e+04 -1.718406556434715071e-01 -5.404162428484937664e-02 -3.801279716847432155e-01
3.024000000000000000e+04 6.409000008949581328e-01 -1.177988999820911431e-03 -1.136029258601922720e-01
3.022000000000000000e+04 1.073126935219424594e+00 -3.529497343127587783e-01 2.077078240171488233e-01
3.023500000000000000e+04 1.073126935219424594e+00 -3.529497343127587783e-01 2.077078240171488233e-01
3.021600000000000000e+04 -7.253918747695338176e-01 -1.204500025890808956e-02 5.748323289268739700e-01
2.991800000000000000e+04 1.588710055417414058e+00 9.955128394598915520e-01 3.983293397047873441e-01
3.025000000000000000e+04 -7.465271549354524083e-01 1.382947797129624234e+00 6.986953597754563816e-02
2.991100000000000000e+04 -3.483606061170840817e-01 2.011217702434777266e+00 6.600186199821109767e-01
