# star id 	 star_x_coords [pc] 	 star_y_coords [pc] 	 star_z_coords [pc] 
5.869000000000000000e+03 -1.012434455739423811e-01 6.025256571155921392e-01 -1.006009171434975258e+00
5.846000000000000000e+03 -5.005843326029975060e-01 4.516509561134824935e-01 -5.159229716202133886e-01
5.804000000000000000e+03 -1.834094450687786093e+00 8.348243800450063645e-01 -3.330462760819870027e-01
5.862000000000000000e+03 -1.796549120936106192e-01 5.391258220350749752e-01 -1.276520875295403812e-01
5.849000000000000000e+03 -1.796549120936106192e-01 5.391258220350749752e-01 -1.276520875295403812e-01
5.853000000000000000e+03 -2.761383083530546401e-01 2.959435904099763093e-01 -4.384151019620219358e-02
4.352000000000000000e+03 -2.761383083530546401e-01 2.959435904099763093e-01 -4.384151019620219358e-02
7.313000000000000000e+03 2.347253193640455038e-01 -1.364282329860785126e+00 6.497064529832385915e-01
5.906000000000000000e+03 -5.910394524140372141e-01 1.068313459453989367e+00 1.072196031664034876e+00
4.350000000000000000e+03 1.940726788677835657e-01 -8.516681528638230247e-01 1.149801360884787016e+00
4.351000000000000000e+03 2.363834762687275770e-01 -7.335359716105216421e-01 1.344124948084804316e+00
5.854000000000000000e+03 2.363834762687275770e-01 -7.335359716105216421e-01 1.344124948084804316e+00
5.864000000000000000e+03 1.444494325802594403e-01 -2.313344151755316602e+00 1.373948822159050565e+00
5.863000000000000000e+03 1.444494325802594403e-01 -2.313344151755316602e+00 1.373948822159050565e+00
5.829000000000000000e+03 -4.105111602920743508e-01 1.531019049088939710e-01 1.756840320400641531e+00
5.883000000000000000e+03 1.075595281290645744e+00 6.115436311605577657e-01 -7.047165734821447813e-01
5.914000000000000000e+03 1.075595281290645744e+00 6.115436311605577657e-01 -7.047165734821447813e-01
5.850000000000000000e+03 4.829684872573807297e-01 1.349681411457609670e+00 -4.305367034213318789e-01
5.834000000000000000e+03 2.788319286148350784e-01 -3.769288137360717883e-01 -2.596144089440471703e+00
5.835000000000000000e+03 3.123102680872591463e-02 2.522518061223308905e-01 -1.896581799967165693e+00
5.811000000000000000e+03 1.069476875176889052e-01 1.396797779390212213e+00 -1.404324361681169364e+00
