# star id 	 star_x_coords [pc] 	 star_y_coords [pc] 	 star_z_coords [pc] 
2.021400000000000000e+04 -2.108128991296140953e-01 -4.043229499664739990e-01 2.083138732789233671e-01
2.024300000000000000e+04 4.064504119458511866e-02 1.214526337674914913e-01 1.867572304872791022e-01
2.010100000000000000e+04 4.064504119458511866e-02 1.214526337674914913e-01 1.867572304872791022e-01
2.010000000000000000e+04 4.064504119458511866e-02 1.214526337674914913e-01 1.867572304872791022e-01
2.009900000000000000e+04 1.197028601599043895e-01 8.888548337184865034e-02 1.667542379446498302e-01
2.079300000000000000e+04 1.475090730067094569e-01 -5.906816220271302598e-01 -5.248958557550587045e-02
2.079600000000000000e+04 -1.852941184295744392e-01 2.522380352491229161e-01 -1.867589381829155570e-01
2.079500000000000000e+04 -1.852941184295744392e-01 2.522380352491229161e-01 -1.867589381829155570e-01
2.079400000000000000e+04 7.499455236158425464e-02 3.913959081276168206e-01 -1.505281742167330350e-01
1.974900000000000000e+04 4.297715405873425709e-02 3.023127523973503372e-01 -1.504986555560847705e-01
2.023900000000000000e+04 -1.345394494032525756e-01 -2.863826551345365345e-01 -5.982792379825419005e-02
2.013600000000000000e+04 6.185311810711091596e-02 -9.784594401926227647e-02 -4.585031095235514442e-02
2.013700000000000000e+04 6.185311810711091596e-02 -9.784594401926227647e-02 -4.585031095235514442e-02
2.024700000000000000e+04 6.185311810711091596e-02 -9.784594401926227647e-02 -4.585031095235514442e-02
