# star id 	 star_x_coords [pc] 	 star_y_coords [pc] 	 star_z_coords [pc] 
1.002800000000000000e+04 -4.178291397052085188e-01 -1.915527052234189398e-01 -2.412576205972172261e-02
9.934000000000000000e+03 -4.445718395992130922e-01 -1.478496438793719392e-01 2.631989021875966728e-01
9.992000000000000000e+03 7.441076181335155582e-01 6.831923266975792330e-03 -9.912973799693602928e-02
9.990000000000000000e+03 -2.935668762220213779e-01 -2.831688957542155549e-02 -2.395425966580333466e-02
9.983000000000000000e+03 5.113520550471175596e-01 -9.084274019568283620e-02 -3.612954526170000236e-01
9.849000000000000000e+03 1.656439752571969848e-01 9.028087821079822106e-02 -3.217728011227620755e-01
9.851000000000000000e+03 -2.298344460131342970e-01 -6.211466510759322546e-03 1.242286056635606428e-01
9.986000000000000000e+03 2.530037707170862404e-03 1.688541079407812617e-01 1.432520395085461473e-01
9.978000000000000000e+03 -3.783138426215515437e-02 1.988065370984948288e-01 2.995984637268982453e-01
