# star id 	 star_x_coords [pc] 	 star_y_coords [pc] 	 star_z_coords [pc] 
1.053400000000000000e+04 -5.388451669815808032e-02 -2.107732353314375473e-01 1.397244179470646941e-01
1.058400000000000000e+04 -3.461003872889811817e-01 1.912440934393799807e-02 2.807206281167964335e-01
1.051000000000000000e+04 -3.461003872889811817e-01 1.912440934393799807e-02 2.807206281167964335e-01
1.054400000000000000e+04 -1.485484568766821667e-01 -9.524235020871429924e-02 3.084765028689275823e-01
1.046100000000000000e+04 -2.971032088453799958e-01 -2.446988051629546135e-01 3.213285783171215826e-01
1.041000000000000000e+04 5.102123635586863770e-02 -2.728151227926574052e-01 2.325848401586938508e-01
1.041100000000000000e+04 5.102123635586863770e-02 -2.728151227926574052e-01 2.325848401586938508e-01
1.049700000000000000e+04 1.780465092638934266e-01 1.288153468186834516e-01 1.683230754720312916e-01
1.054600000000000000e+04 4.953480677660362375e-01 -1.635323873748646406e-01 2.849380495333946328e-01
1.037600000000000000e+04 3.239347699929506774e-01 -1.469619378356696870e-01 3.531851209406795533e-01
1.048300000000000000e+04 3.239347699929506774e-01 -1.469619378356696870e-01 3.531851209406795533e-01
1.049800000000000000e+04 7.161341000576904037e-02 -4.082045378076060160e-02 3.802194611433833416e-01
1.041200000000000000e+04 -8.898233960941936971e-02 -1.497545926123677873e-01 -1.991108249280841846e-01
1.039400000000000000e+04 -4.162707585228666574e-01 -1.052880584261330910e-01 -1.661672582943651832e-01
1.039500000000000000e+04 -6.923629975108624990e-02 2.974935336385442497e-02 -1.507078688886878126e-01
1.063300000000000000e+04 -6.923629975108624990e-02 2.974935336385442497e-02 -1.507078688886878126e-01
1.054500000000000000e+04 -3.704168187165883808e-01 2.143378502331216851e-02 -1.572620283835135524e-01
1.059500000000000000e+04 -1.615577397973524398e-01 1.800356425524611836e-01 -1.613074625274748541e-01
1.050600000000000000e+04 -2.794254057129688107e-01 -2.531839364576029539e-01 -1.135446966596873608e-01
1.040300000000000000e+04 -1.593418298280422363e-01 -2.218561377594525652e-01 -1.141706990461983651e-01
1.048200000000000000e+04 -1.398857020552952690e-01 5.955303654626220577e-02 -8.906176445171354317e-02
1.050500000000000000e+04 -1.398857020552952690e-01 5.955303654626220577e-02 -8.906176445171354317e-02
1.038300000000000000e+04 -1.398857020552952690e-01 5.955303654626220577e-02 -8.906176445171354317e-02
1.050000000000000000e+04 -1.741901107268155613e-01 -1.585526019048799640e-01 -5.825314862296693263e-02
1.048900000000000000e+04 -7.439055333106026069e-02 -6.916575725611551206e-02 3.158127059938919956e-02
1.048800000000000000e+04 -7.439055333106026069e-02 -6.916575725611551206e-02 3.158127059938919956e-02
1.037500000000000000e+04 -2.887397198287189326e-02 1.897991369635221304e-01 -9.876148975253329354e-02
1.046200000000000000e+04 -2.887397198287189326e-02 1.897991369635221304e-01 -9.876148975253329354e-02
1.037700000000000000e+04 1.882407333121882687e-02 2.127064686623540979e-01 -3.793840680190498915e-01
1.058500000000000000e+04 2.593587857028509802e-01 6.697603789410777608e-02 -3.260114306151251640e-01
1.047200000000000000e+04 2.584398374466694293e-01 1.831171397245654475e-01 -1.095439912969595753e-01
1.047300000000000000e+04 1.625104277341282710e-01 2.108436705334426620e-01 -9.888623693332476705e-02
1.038200000000000000e+04 7.021983341675763768e-02 -9.863811464759919545e-02 -7.983898605738204424e-02
1.050200000000000000e+04 7.021983341675763768e-02 -9.863811464759919545e-02 -7.983898605738204424e-02
1.050100000000000000e+04 9.212942260006684592e-02 -3.791194142534237699e-02 -2.845279432058589464e-02
1.052600000000000000e+04 9.212942260006684592e-02 -3.791194142534237699e-02 -2.845279432058589464e-02
1.052500000000000000e+04 1.263243306413563971e-02 -1.599215881214988144e-01 7.352904339839483328e-03
1.049900000000000000e+04 -2.117614829147562716e-02 9.874083537575728542e-02 1.253967056304361449e-02
1.053300000000000000e+04 -2.117614829147562716e-02 9.874083537575728542e-02 1.253967056304361449e-02
1.065000000000000000e+04 9.500077240261539657e-02 1.352004345782162886e-01 1.581984386905332940e-02
1.059700000000000000e+04 9.500077240261539657e-02 1.352004345782162886e-01 1.581984386905332940e-02
1.038000000000000000e+04 1.172092065091696611e-01 1.083594100775471247e-01 6.469298018454594512e-02
1.046700000000000000e+04 1.172092065091696611e-01 1.083594100775471247e-01 6.469298018454594512e-02
1.046800000000000000e+04 -6.607129590072169378e-02 2.206933225374712038e-01 -4.328860702169379238e-01
1.061000000000000000e+04 -6.607129590072169378e-02 2.206933225374712038e-01 -4.328860702169379238e-01
1.037900000000000000e+04 2.652272964488986418e-01 2.862334336713914240e-01 -4.200289091172919598e-01
1.055200000000000000e+04 5.600443287810321635e-01 -1.754447069308184837e-02 5.595387749994529258e-01
