# star id 	 star_x_coords [pc] 	 star_y_coords [pc] 	 star_z_coords [pc] 
3.486600000000000000e+04 1.592703879290869651e+00 2.584135435064780495e+00 2.065063885606491567e+00
3.487100000000000000e+04 1.730529151675217037e+00 2.316649115767059897e+00 2.889893508213944529e+00
3.484200000000000000e+04 5.106483556759897624e-01 -2.862043890149529091e+00 -9.462174440827624267e-01
3.487500000000000000e+04 6.052806855176662282e-01 -3.131488339363684759e+00 -7.598170548793774515e-01
3.481800000000000000e+04 1.693172692015647129e+00 -2.408661329761905279e+00 -1.134709397882275539e+00
3.488600000000000000e+04 2.594576472449336535e+00 -2.923203944540468058e+00 -3.339313127615639587e-02
3.482600000000000000e+04 -3.035657651024912695e+00 -1.021404361206343481e+00 -1.572982538480033554e+00
3.483500000000000000e+04 -3.100256494080888103e+00 6.927955145457573849e-01 -1.181272668680250604e+00
3.488000000000000000e+04 -3.196981697717166782e+00 1.920472647061480131e+00 -2.957539299336389149e-01
3.484300000000000000e+04 1.531941408658319403e-01 -2.036603499518669480e+00 -1.623650751390655955e+00
3.487800000000000000e+04 2.999689763041750723e-01 -1.706270821188063280e+00 -1.867544749363872825e+00
3.483400000000000000e+04 1.466550653932365833e+00 -4.397011524107625746e-01 -1.410456014961297910e+00
3.482700000000000000e+04 3.164037639235175448e-01 -8.502844922118768523e-01 -5.749121785705568755e-01
3.483000000000000000e+04 1.681701334706520612e+00 -1.641936846295571684e+00 -1.276206403679154278e+00
3.483700000000000000e+04 -1.943563792848337357e-01 -7.858178574793583948e-02 -1.393970737943433846e+00
3.487900000000000000e+04 6.974776044043764500e-01 8.377123340601144719e-02 -1.059460348974923249e+00
3.483600000000000000e+04 1.046142898944911082e+00 6.491254667713519666e-02 -1.052867633983609608e+00
3.484700000000000000e+04 4.939130651636531866e-01 2.046363140814122517e-02 -1.985040768553787416e+00
3.484100000000000000e+04 5.774711376317753775e-02 -1.623725779399549651e-01 -4.803410319199485912e-01
3.485700000000000000e+04 -4.930396203062912264e-01 -3.142460452369348900e-01 -5.121674152968580529e-02
3.489500000000000000e+04 -5.571413008661068034e-01 -6.448953186699384332e-01 4.574585410138354291e-02
3.482000000000000000e+04 -5.777628222886761478e-01 -7.418328862759224762e-01 6.773920366063492793e-01
3.486800000000000000e+04 1.062237956622496426e+00 -1.822405971720236550e+00 7.046929421681511485e-01
3.487200000000000000e+04 -5.958444398362061634e-01 -9.427067702269908978e-02 8.573168241920541277e-01
3.482400000000000000e+04 2.400072807161926391e+00 -2.094545340603332306e+00 -4.237867882208092851e-01
3.481400000000000000e+04 2.854270278738678002e+00 -7.694558264165536343e-01 -2.129331214985086262e-02
3.489600000000000000e+04 2.209299722006047517e+00 -1.264169684690074291e+00 8.737489907991999871e-01
3.486900000000000000e+04 2.285638137542626680e+00 -2.009602734375008026e+00 1.188607783759024983e+00
3.481500000000000000e+04 3.331771679074897463e-01 2.223925193821614243e-01 4.068625270478207767e-01
3.480700000000000000e+04 1.204936300673580263e-01 4.062914803954598142e-01 1.925562144056414127e-02
3.482100000000000000e+04 -1.144830339915792194e-01 2.641275648181817814e-01 6.231024164668497178e-02
3.485300000000000000e+04 2.376894735331447350e-01 4.882165897098644791e-01 3.044151655133333634e-01
3.482900000000000000e+04 1.026915159321291071e-01 4.042070575476017780e-01 3.558054037338678199e-01
3.486000000000000000e+04 2.987393190947535970e-01 1.220438591384741756e+00 6.068567622821205987e-01
3.485500000000000000e+04 -5.079682514514978209e-01 1.119698169667358911e+00 6.713523204059868021e-01
3.485400000000000000e+04 8.836908028099870194e-01 1.015556493999852705e+00 7.056940485260980722e-01
3.484900000000000000e+04 5.856883060255526630e-01 3.500544367080422603e-01 8.792982889938798508e-01
3.484000000000000000e+04 5.856883060255526630e-01 3.500544367080422603e-01 8.792982889938798508e-01
3.489200000000000000e+04 -3.786178917712703651e-01 9.944257524926314318e-02 1.176806585062550425e+00
3.483300000000000000e+04 -3.438505240325717693e-01 7.191586205306848001e-01 1.221917397707258601e+00
3.482200000000000000e+04 -6.004235380977718251e-03 4.469605869505883788e-01 1.346431749538893996e+00
3.483100000000000000e+04 -5.608553585781947959e-01 -1.973254511423050417e-02 1.448545789822901497e+00
3.483200000000000000e+04 1.742821550078179627e+00 1.810580151568803586e+00 9.478460888922057848e-01
3.487600000000000000e+04 2.042819094292916304e+00 2.030383937110293857e+00 3.294535976822231760e+00
3.481000000000000000e+04 -2.186448777340469718e+00 -1.222945210704260433e+00 -1.656291832005933884e+00
3.483800000000000000e+04 -1.123466987679531570e+00 -9.046893625920304771e-01 -1.635433659229803993e+00
3.488800000000000000e+04 -2.349434090711600476e+00 -1.092389410586470433e+00 -1.078967462143836542e+00
3.485600000000000000e+04 -1.288236167915780328e+00 2.806760342195641300e+00 -1.162465448149006875e+00
3.483900000000000000e+04 -2.579435738341544493e+00 1.694023950412372415e+00 -1.571668700279744257e+00
3.487400000000000000e+04 -1.889125386072006307e+00 1.685689455913067292e+00 -8.518172377973769471e-01
3.485000000000000000e+04 -1.019552172098787679e+00 -8.658074751405351321e-01 -2.469093755712350458e-01
3.489100000000000000e+04 -1.394039178258893230e+00 -7.109653545458982649e-01 -8.301655934835139306e-02
3.484500000000000000e+04 -1.057957952239821253e+00 3.334231146456659189e+00 9.120830576718219618e-01
3.482500000000000000e+04 -1.817651495948684470e+00 1.751343861549802483e+00 7.408815486490993862e-02
3.488300000000000000e+04 -1.114406270118685427e+00 1.778084292865397487e+00 9.230383203660466052e-01
3.481900000000000000e+04 -1.401574327588427593e+00 2.017704484614569083e+00 1.038887914208288521e+00
