# star id 	 star_x_coords [pc] 	 star_y_coords [pc] 	 star_z_coords [pc] 
1.798600000000000000e+04 2.642584487542759542e-01 -4.737572461740917618e-01 -4.779814208343395876e-01
1.792900000000000000e+04 2.648001535182054056e-02 -8.406242849704881337e-02 -1.701674554473839862e-01
1.804800000000000000e+04 2.773131495365653842e-01 -2.525389088128306980e-01 -1.166596122755976239e-01
1.792300000000000000e+04 2.175341361113369842e-02 -2.132435145522286746e-01 -6.969030449502611191e-02
1.718100000000000000e+04 -1.543757321547639949e-01 -1.617633822287203316e-01 1.914701531613047791e-01
1.801800000000000000e+04 5.148596191640874009e-01 -1.234061771297625398e-01 -6.904762189763715696e-01
1.796700000000000000e+04 3.151568375840100300e-01 9.678601068338110736e-02 -4.523507141755800376e-01
1.790600000000000000e+04 -6.211774341584617165e-01 2.091862967026116849e-01 1.481234108342732725e-02
1.786000000000000000e+04 -5.158530856224889938e-01 2.573079510643054846e-01 3.099173013154157275e-01
1.790300000000000000e+04 1.535378419352356194e-01 1.525093894631766034e-01 -4.110583366013429440e-01
1.799800000000000000e+04 1.786248455347292374e-01 2.056630568977944051e-01 -1.377764199456876781e-01
1.793600000000000000e+04 -4.136548813033349981e-02 -4.676954784770259721e-02 4.130276157913357338e-01
1.798500000000000000e+04 -2.440640744451237631e-01 2.089068610522986091e-01 4.821056685482290050e-01
1.792500000000000000e+04 -4.187759793944222375e-01 4.224740180460564432e-01 4.937298181122784513e-01
1.799500000000000000e+04 2.436276216763129110e-01 -1.972923844792227044e-01 6.210975757650345486e-01
