# star id 	 star_x_coords [pc] 	 star_y_coords [pc] 	 star_z_coords [pc] 
2.218800000000000000e+04 -1.207122905832810567e+00 -2.940833567201290855e-01 -1.349258734450369701e+00
3.971000000000000000e+03 -1.177852891331226948e+00 7.270543390282209195e-01 -5.886598073233706430e-01
9.299000000000000000e+03 1.715219808688592806e-01 9.399979360636261383e-01 -6.879830013619532281e-01
3.015000000000000000e+03 1.715219808688592806e-01 9.399979360636261383e-01 -6.879830013619532281e-01
1.119800000000000000e+04 -4.173432412387547696e-01 -8.794277810261830197e-02 -7.830294655994407549e-02
1.119900000000000000e+04 -7.014918236556533238e-02 4.107149559255041105e-01 3.582436725489728246e-01
3.868500000000000000e+04 8.150565131095013349e-01 -1.260205674711444956e+00 1.261459090716115838e+00
3.016000000000000000e+03 8.150565131095013349e-01 -1.260205674711444956e+00 1.261459090716115838e+00
9.652000000000000000e+03 8.993112415249933100e-01 -1.153276744241780172e-01 5.110256466498732664e-01
