# star id 	 star_x_coords [pc] 	 star_y_coords [pc] 	 star_z_coords [pc] 
5.928000000000000000e+03 2.250415469115245592e-01 -5.025751289188060689e-01 3.124037363207372575e-01
6.049000000000000000e+03 6.032189854354319536e-02 -4.820909353308415746e-01 -5.382411507949373952e-01
6.039000000000000000e+03 -9.292733687110588114e-02 3.091553172156677465e-02 -4.829050019537681204e-01
5.973000000000000000e+03 -6.579464655673090689e-01 -1.092045734853379635e-01 -2.704889058202418761e-01
5.936000000000000000e+03 -5.860377411174716444e-01 4.436001458345879556e-01 -3.387683969442284448e-01
5.964000000000000000e+03 2.120070669030815758e-02 -2.163306136761422027e-01 4.255253494963253669e-01
6.172000000000000000e+03 2.115540143882599367e-02 3.127094768358085197e-02 2.433550499185355154e-01
6.173000000000000000e+03 1.869378225147300121e-02 -3.420897104898928953e-04 2.292854758239739610e-01
6.167000000000000000e+03 -1.095800127175381444e-01 -2.823827561491780713e-01 1.120941685974636837e-01
5.962000000000000000e+03 -5.673351624416822503e-02 -1.803696453510351683e-01 1.479339577294691566e-01
5.963000000000000000e+03 1.704528146407424671e-03 -1.874157236037168606e-01 -4.324934743866326592e-02
6.092000000000000000e+03 1.704528146407424671e-03 -1.874157236037168606e-01 -4.324934743866326592e-02
6.093000000000000000e+03 6.778257644803153958e-02 -2.659516727547015513e-01 -7.652759696901501041e-02
5.968000000000000000e+03 4.621432289114801861e-02 -2.149356947519963645e-01 -3.566725986455576702e-02
5.969000000000000000e+03 6.549081363031583614e-02 -2.708483977539987708e-01 -3.649764129830823656e-02
6.165000000000000000e+03 2.057903051259746263e-03 -1.909855679548767560e-01 -3.260515635393068656e-02
6.166000000000000000e+03 -3.455032005708957854e-03 -2.816716607851302845e-01 1.726337045363446343e-02
6.038000000000000000e+03 -2.245800071752568350e-02 -2.411766469169958349e-01 1.944398329071739262e-02
5.903000000000000000e+03 -1.103899806317190091e-01 5.345484663066762954e-02 -7.782869426271354918e-02
5.904000000000000000e+03 -1.755574757069078284e-01 -5.577353871576726241e-02 -6.469125939644437828e-02
6.057000000000000000e+03 -6.418476471112621873e-02 -1.084488718032477483e-01 -8.196003680240981915e-03
5.960000000000000000e+03 -6.418476471112621873e-02 -1.084488718032477483e-01 -8.196003680240981915e-03
5.907000000000000000e+03 -5.172479975695232213e-02 -8.401455591774946441e-02 1.131794647914818874e-02
6.034000000000000000e+03 -5.172479975695232213e-02 -8.401455591774946441e-02 1.131794647914818874e-02
5.946000000000000000e+03 -5.172479975695232213e-02 -8.401455591774946441e-02 1.131794647914818874e-02
6.145000000000000000e+03 -1.358042765066826973e-01 2.546723889591739898e-02 -3.695558129550691184e-03
6.169000000000000000e+03 -1.616573996713972505e-01 4.516408825187948062e-02 9.407408437500541787e-03
6.033000000000000000e+03 -1.616573996713972505e-01 4.516408825187948062e-02 9.407408437500541787e-03
5.947000000000000000e+03 -1.982022521145889726e-01 1.032185216304405684e-01 6.694777653908279280e-02
5.896000000000000000e+03 -5.961131706342581715e-02 -7.672311960018701749e-02 7.767490567070312046e-02
6.109000000000000000e+03 -5.961131706342581715e-02 -7.672311960018701749e-02 7.767490567070312046e-02
5.993000000000000000e+03 -5.961131706342581715e-02 -7.672311960018701749e-02 7.767490567070312046e-02
5.974000000000000000e+03 -1.427629920993283008e-01 -8.019115496958058309e-02 7.333265571783276204e-02
5.959000000000000000e+03 -1.427629920993283008e-01 -8.019115496958058309e-02 7.333265571783276204e-02
6.014000000000000000e+03 -7.518905579110168880e-02 -1.580412436650385777e-03 1.316359571042429177e-01
6.009000000000000000e+03 -7.518905579110168880e-02 -1.580412436650385777e-03 1.316359571042429177e-01
6.069000000000000000e+03 -1.390223402609016556e-01 -1.305413942791064374e-02 1.430752034684714680e-01
6.068000000000000000e+03 -1.255421348215590704e-01 4.008059955439821631e-02 1.575418628754641226e-01
5.885000000000000000e+03 -1.255421348215590704e-01 4.008059955439821631e-02 1.575418628754641226e-01
6.011000000000000000e+03 -2.079330679755237998e-01 1.025573788356584914e-01 1.595023323146973482e-01
1.366400000000000000e+04 -3.346009668880461918e-01 3.253849617216880707e-02 9.444781897246568025e-02
5.894000000000000000e+03 -4.074359518816228487e-02 -3.132445625337744455e-02 2.951139938595326306e-02
6.010000000000000000e+03 -1.796595898386210699e-02 -8.467981000257723823e-03 7.376341606146730179e-02
6.088000000000000000e+03 8.682301735105424356e-03 -2.777735859453737965e-02 3.248900574279733888e-04
6.087000000000000000e+03 9.283701057615267871e-02 4.313579841734571652e-02 -8.976532556794447615e-02
6.005000000000000000e+03 1.105143633127241287e-01 -3.444716195636292333e-02 -7.794134770063076978e-02
6.004000000000000000e+03 5.859057234218090215e-02 -1.598509349207495600e-02 -6.085848743386224058e-02
6.003000000000000000e+03 5.859057234218090215e-02 -1.598509349207495600e-02 -6.085848743386224058e-02
5.955000000000000000e+03 8.936898351463362644e-02 -1.040478176428512591e-01 -3.766331809407741371e-02
5.911000000000000000e+03 1.486857137331298873e-01 -7.598171737804601533e-02 -4.475926288932463581e-02
5.910000000000000000e+03 1.486857137331298873e-01 -7.598171737804601533e-02 -4.475926288932463581e-02
6.037000000000000000e+03 1.058098752929150788e-01 7.758641419039560838e-02 -4.232220633485428429e-02
6.036000000000000000e+03 1.058098752929150788e-01 7.758641419039560838e-02 -4.232220633485428429e-02
6.021000000000000000e+03 1.359736530278750077e-01 3.743415776353306579e-02 -3.496706818376393855e-02
6.085000000000000000e+03 1.181275997882025308e-01 2.576294843424087322e-04 -1.756400849889405702e-02
5.991000000000000000e+03 1.181275997882025308e-01 2.576294843424087322e-04 -1.756400849889405702e-02
5.992000000000000000e+03 6.617032057963356806e-02 -6.742296572837286339e-02 -2.085317590702850943e-03
6.071000000000000000e+03 6.617032057963356806e-02 -6.742296572837286339e-02 -2.085317590702850943e-03
6.086000000000000000e+03 3.985886055593845789e-02 4.706515344065265172e-02 -2.614193901079342464e-02
6.025000000000000000e+03 1.818174945578543422e-02 5.417131397355012812e-02 3.250349940626229284e-02
5.989000000000000000e+03 1.579109555007922605e-01 -1.617386233596322664e-02 2.706366399682968993e-02
6.026000000000000000e+03 1.579109555007922605e-01 -1.617386233596322664e-02 2.706366399682968993e-02
6.027000000000000000e+03 7.420707044561325461e-03 -7.427241504808779204e-03 -1.566834986043319500e-02
6.006000000000000000e+03 1.321427090656737136e-01 4.593396477580177772e-02 3.191117395171783055e-02
6.065000000000000000e+03 1.321427090656737136e-01 4.593396477580177772e-02 3.191117395171783055e-02
6.046000000000000000e+03 7.751531598390148936e-02 2.168817224990077230e-02 2.675978928407796165e-02
6.140000000000000000e+03 9.460249848936519435e-02 -1.383604685644144738e-01 4.525720936223776025e-02
5.893000000000000000e+03 -2.977512800554915628e-03 -1.724089196619406350e-02 -1.353674441111896165e-03
6.186000000000000000e+03 1.868875213573570893e-01 2.087001330747839667e-02 3.598338314463866983e-02
6.077000000000000000e+03 7.065877993679636759e-03 -9.124489827038169409e-02 4.519541271192439869e-02
6.078000000000000000e+03 3.354557783543632432e-02 -1.075171194349064385e-03 5.625112229901696459e-02
5.941000000000000000e+03 3.354557783543632432e-02 -1.075171194349064385e-03 5.625112229901696459e-02
6.108000000000000000e+03 1.576470186166192278e-01 5.859095901305672038e-02 4.152572378931795871e-02
5.988000000000000000e+03 -1.047879825550324107e-02 5.306189033185113035e-02 -2.452198737067079470e-02
6.170000000000000000e+03 1.425927429799305202e-01 7.817154234568418625e-02 5.405510773463895191e-02
5.954000000000000000e+03 6.113870062246640202e-02 -5.848895435650534186e-02 5.923753812520848872e-02
5.982000000000000000e+03 6.113870062246640202e-02 -5.848895435650534186e-02 5.923753812520848872e-02
5.967000000000000000e+03 8.100401625306874465e-02 5.178524686467939064e-02 5.245371588609615277e-02
6.104000000000000000e+03 1.802729200694825895e-01 9.972596248757711890e-02 7.109867443509465534e-02
6.105000000000000000e+03 1.802729200694825895e-01 9.972596248757711890e-02 7.109867443509465534e-02
5.902000000000000000e+03 -9.829846864521041283e-03 2.777220614212735916e-02 -3.584171343673370203e-02
6.126000000000000000e+03 2.005751679904672624e-01 8.460426768136242170e-03 7.311067038381302563e-02
5.976000000000000000e+03 2.005751679904672624e-01 8.460426768136242170e-03 7.311067038381302563e-02
5.890000000000000000e+03 7.428808918012719253e-02 -9.706045087109677061e-02 7.521171575908203177e-02
6.056000000000000000e+03 7.428808918012719253e-02 -9.706045087109677061e-02 7.521171575908203177e-02
5.891000000000000000e+03 1.047595160828105332e-01 9.353756966794801730e-03 7.464322693638958395e-02
6.055000000000000000e+03 5.470706867147789865e-03 -7.049931724372456021e-02 9.402481469964452110e-02
6.177000000000000000e+03 5.470706867147789865e-03 -7.049931724372456021e-02 9.402481469964452110e-02
5.931000000000000000e+03 3.872811033246326140e-02 -5.415522479890025331e-02 1.048434920520611158e-01
5.999000000000000000e+03 3.872811033246326140e-02 -5.415522479890025331e-02 1.048434920520611158e-01
6.000000000000000000e+03 8.925962428294420548e-02 -3.188881257850795237e-02 1.060962707478061429e-01
6.094000000000000000e+03 1.768980990517117213e-01 -1.207896501142146223e-01 1.210935401618029594e-01
5.932000000000000000e+03 3.716013999095424403e-02 7.370003982169323620e-02 1.178645322569391585e-01
6.106000000000000000e+03 -2.775568544671558335e-02 4.692130822201254214e-02 -2.510436401153204322e-02
6.066000000000000000e+03 -3.269625806751830233e-02 -7.862100689297504830e-02 -5.542778184248708939e-02
6.067000000000000000e+03 1.868496759665383422e-02 -7.278543740669543571e-02 1.412096555150677002e-01
5.922000000000000000e+03 -4.691313640445726740e-02 4.466022692072907363e-02 -3.185651234520592290e-02
6.043000000000000000e+03 -1.477865751259253013e-01 1.120067391851093941e-01 -4.054009141685943618e-02
6.044000000000000000e+03 -1.477865751259253013e-01 1.120067391851093941e-01 -4.054009141685943618e-02
5.972000000000000000e+03 -9.479893188514432190e-02 2.003428904926700671e-01 1.712999701999822211e-01
5.886000000000000000e+03 -8.222778586280732327e-02 1.114473919722961115e-01 1.749681787129564459e-01
5.887000000000000000e+03 -4.481005854789699150e-02 1.318088396628304682e-01 -7.146297036254611879e-02
6.176000000000000000e+03 -8.203842267852534675e-03 1.644404264876202504e-01 9.503908687476636530e-03
5.912000000000000000e+03 -8.203842267852534675e-03 1.644404264876202504e-01 9.503908687476636530e-03
5.934000000000000000e+03 1.066345706565785534e-01 1.322482096443818311e-01 -3.513776445271110660e-02
6.063000000000000000e+03 1.066345706565785534e-01 1.322482096443818311e-01 -3.513776445271110660e-02
6.059000000000000000e+03 1.277963713705652093e-01 1.573016261918774861e-01 -6.003340320807415420e-02
6.079000000000000000e+03 2.906242981539741699e-02 2.470590937567462286e-01 5.158606157550016391e-02
5.879000000000000000e+03 2.906242981539741699e-02 2.470590937567462286e-01 5.158606157550016391e-02
5.977000000000000000e+03 1.718635326724360368e-02 1.790369524444568317e-01 4.911171820839688174e-02
6.073000000000000000e+03 1.718635326724360368e-02 1.790369524444568317e-01 4.911171820839688174e-02
5.984000000000000000e+03 4.033640012878469960e-02 2.496893697638604692e-01 8.218769511488921431e-02
6.081000000000000000e+03 4.033640012878469960e-02 2.496893697638604692e-01 8.218769511488921431e-02
6.028000000000000000e+03 1.134821276927207023e-01 1.244292688568935379e-01 -8.123661304840956721e-02
6.122000000000000000e+03 9.876984463686011573e-02 3.807634418274365995e-01 1.089646919767800481e-01
6.041000000000000000e+03 9.407045148807258172e-02 1.151788199260865564e-01 1.445570337474721967e-01
5.978000000000000000e+03 -4.520890536345096855e-01 2.317212218569182358e-01 -8.536659278847424925e-02
6.022000000000000000e+03 -4.589428949077032360e-01 -1.337073189209329882e-01 1.989636259971061527e-02
5.901000000000000000e+03 4.995692196881640346e-01 9.141237540970820197e-02 -7.802014699476167436e-05
6.029000000000000000e+03 2.730629435194118493e-01 7.762702120486353330e-02 3.237999695626292418e-02
6.107000000000000000e+03 -7.299280967822241450e-02 -2.496633028319646952e-01 -2.887472410827383040e-01
5.975000000000000000e+03 4.071072990502977440e-02 -2.985272371699349003e-01 -3.166018134835216769e-01
6.042000000000000000e+03 -2.045597589909076142e-01 -2.790021946223039673e-02 -2.404903146254755431e-01
5.944000000000000000e+03 -1.388766458702006545e-01 1.446182142896043632e-02 -1.698367995946572506e-01
6.096000000000000000e+03 -2.113903910107701734e-01 2.925822466184782589e-02 -1.645873544046154713e-01
5.998000000000000000e+03 7.676136404737432528e-02 5.501061404455082071e-02 -2.539241511374070726e-01
5.997000000000000000e+03 1.339041097726398899e-01 -2.390213124941441281e-02 -1.999306461982079952e-01
6.017000000000000000e+03 5.301302640941885080e-02 3.866417583116876777e-02 -1.642575266959880320e-01
6.016000000000000000e+03 -4.655446656214352608e-01 -5.321805019468757447e-02 -2.889085237259160222e-01
5.899000000000000000e+03 -3.251449157516865807e-01 3.466955907351885191e-01 -2.161626035092839571e-01
5.898000000000000000e+03 4.639399782843622866e-02 1.279562544916065248e-01 -1.352461074300239652e-01
6.024000000000000000e+03 4.639399782843622866e-02 1.279562544916065248e-01 -1.352461074300239652e-01
6.089000000000000000e+03 2.455120783339108659e-01 -1.104496030781642879e-01 -3.330202686407984780e-01
5.935000000000000000e+03 1.489723083349669963e-01 4.638344160466489896e-01 6.047951091599723661e-03
