# star id 	 star_x_coords [pc] 	 star_y_coords [pc] 	 star_z_coords [pc] 
2.993000000000000000e+03 -6.435126111549926975e-02 -6.790685584390256935e-01 -5.981922284112082266e-01
1.574600000000000000e+04 -6.435126111549926975e-02 -6.790685584390256935e-01 -5.981922284112082266e-01
4.034000000000000000e+03 -6.059057307399147163e-01 -3.936339263099597474e-01 -2.940604212743958001e-01
4.033000000000000000e+03 -6.059057307399147163e-01 -3.936339263099597474e-01 -2.940604212743958001e-01
1.574700000000000000e+04 -6.059057307399147163e-01 -3.936339263099597474e-01 -2.940604212743958001e-01
2.991000000000000000e+03 2.868913180745362723e-01 -3.568215720114569223e-01 1.303219654442463238e+00
2.992000000000000000e+03 -6.336787045099789850e-01 7.808095425410659374e-01 -3.407332055840806007e-01
1.439000000000000000e+03 -8.662568406824178169e-01 -8.344594502212032694e-04 7.782544136177023120e-01
1.990000000000000000e+03 5.768705131818672172e-01 2.590832922530292848e-01 -1.311266554292007669e-01
3.890000000000000000e+03 5.768705131818672172e-01 2.590832922530292848e-01 -1.311266554292007669e-01
3.708000000000000000e+03 5.768705131818672172e-01 2.590832922530292848e-01 -1.311266554292007669e-01
3.707000000000000000e+03 7.144262012564457365e-01 6.693177521602393654e-01 3.656024085286118108e-01
3.706000000000000000e+03 7.144262012564457365e-01 6.693177521602393654e-01 3.656024085286118108e-01
