# star id 	 star_x_coords [pc] 	 star_y_coords [pc] 	 star_z_coords [pc] 
6.254000000000000000e+03 7.728587956982031493e-01 2.712251407269583581e-01 1.819852590136434856e-01
6.330000000000000000e+03 7.808642421156042346e-01 6.851428494610090070e-02 2.483782400401146617e-01
6.480000000000000000e+03 7.255681533349327417e-01 2.075594422289626095e-01 4.601697973541440945e-01
6.310000000000000000e+03 1.034774704441993265e+00 -1.747302055941872823e-01 1.648451137466189209e-01
6.463000000000000000e+03 7.885224869432665429e-01 -2.459254206407344157e-01 2.211803722100853520e-01
6.478000000000000000e+03 -1.817323330017881489e-01 -5.448527064674664189e-01 7.230461903575076121e-01
6.479000000000000000e+03 -5.866688870524905397e-02 -5.205797403356093866e-01 8.009918466402652371e-01
6.334000000000000000e+03 -5.866688870524905397e-02 -5.205797403356093866e-01 8.009918466402652371e-01
6.296000000000000000e+03 -1.926508094175001240e-01 -5.511406169893433571e-01 6.271651046989035194e-01
6.642000000000000000e+03 -1.926508094175001240e-01 -5.511406169893433571e-01 6.271651046989035194e-01
6.496000000000000000e+03 2.397843706955482546e-02 -4.142577066457846513e-01 4.895711153732520415e-01
6.646000000000000000e+03 -1.489314099900305166e-01 -7.657882031732867745e-01 -4.260293770414165238e-01
6.399000000000000000e+03 -1.185481895981399525e-01 -7.386209207986951242e-01 -3.753523227869237644e-01
6.253000000000000000e+03 5.604833590382267694e-01 -4.469889364195331893e-01 -8.996167285157241622e-02
6.404000000000000000e+03 -4.392465150348265901e-01 -4.707365974196342506e-01 -4.514279676927337448e-01
6.295000000000000000e+03 -2.366637513115006364e-01 -2.447358533567118855e-01 -9.113127911841836237e-01
6.397000000000000000e+03 -1.897912814477131782e-01 -3.023521752304496601e-01 -7.543681832481503591e-01
6.356000000000000000e+03 -5.947200656096507387e-02 -5.404763418733544711e-01 -6.865540861683747664e-01
6.317000000000000000e+03 -3.764533303881876236e-01 -1.292505661849254750e-01 -8.505244182239550810e-01
6.578000000000000000e+03 -6.607448779496860602e-01 -4.155613108852804771e-01 -5.523091988655579598e-01
6.329000000000000000e+03 1.725067536882018970e-01 -1.649930555273471100e-01 4.067794474641992508e-01
6.579000000000000000e+03 1.725067536882018970e-01 -1.649930555273471100e-01 4.067794474641992508e-01
6.726000000000000000e+03 2.297016974753405272e-01 -1.514486706614732725e-01 4.649040554829255711e-01
6.301000000000000000e+03 -1.258332798913124329e-01 -1.640636016267613684e-01 2.359968927074618250e-01
6.246000000000000000e+03 -1.258332798913124329e-01 -1.640636016267613684e-01 2.359968927074618250e-01
6.346000000000000000e+03 8.837511946793119577e-02 -1.220133550714024295e-01 2.368796117716627236e-01
6.426000000000000000e+03 5.497919998770495198e-02 -1.332446728334417685e-01 3.002510968828708826e-01
6.245000000000000000e+03 -3.231795293712558248e-02 -1.138286866738944525e-01 2.981698090806084167e-01
6.678000000000000000e+03 -4.105879949303048448e-02 -2.776431335091373853e-01 3.671513501875836027e-01
6.318000000000000000e+03 7.837262388535881641e-02 -3.262244515284500324e-01 2.800331730248721840e-01
6.451000000000000000e+03 -4.864381223906959484e-01 -2.921164831668860984e-01 3.173827212487303484e-01
6.415000000000000000e+03 -4.438148048887775587e-01 -2.540455521182991561e-01 4.203103556976977018e-01
6.512000000000000000e+03 -4.438148048887775587e-01 -2.540455521182991561e-01 4.203103556976977018e-01
6.511000000000000000e+03 2.106528099809650278e-01 -4.762237312226815789e-01 3.599283866824620759e-01
6.387000000000000000e+03 2.224920765611417828e-01 -2.098639815593301705e-01 4.111593966103654907e-02
6.721000000000000000e+03 1.733161903405595616e-01 -2.879805608974841391e-01 -3.241245013344595804e-02
6.483000000000000000e+03 3.639195483316490787e-01 -1.935676790568656713e-01 2.019128975649167046e-01
6.400000000000000000e+03 -2.031621610589047222e-01 -3.206920385697067388e-01 1.022321803948713637e-01
6.516000000000000000e+03 -1.579528305017721124e-01 -1.450781704025203567e-01 9.385373785743666986e-03
6.322000000000000000e+03 -2.055275758661867513e-01 -1.010809905001579523e-01 9.111434203289547895e-02
6.336000000000000000e+03 -1.346349525103049949e-01 -2.988712089763936319e-01 1.116380347806966711e-02
6.531000000000000000e+03 -2.135931013745295814e-01 -8.241416583074823166e-02 1.266025012627096658e-01
6.344000000000000000e+03 -1.258554732584693525e-01 -1.615362699713713823e-01 1.816426445411174484e-01
6.745000000000000000e+03 -1.563618710922325405e-01 -3.001411652459538004e-01 2.138217212026916059e-01
6.475000000000000000e+03 -9.314919206921690176e-02 -2.341182063667979207e-01 3.394205006320660800e-02
6.293000000000000000e+03 1.339962595957278069e-01 -1.152364059493073967e-01 -1.418139470697710181e-02
6.761000000000000000e+03 4.305502171122244093e-02 -1.781272792472492483e-01 -1.581149612244203695e-02
6.292000000000000000e+03 3.995741758112147934e-02 -9.879875079183264575e-02 9.056918035973637870e-03
6.555000000000000000e+03 7.718310532207928176e-02 -1.210868976152426058e-01 1.615331646289419609e-02
6.652000000000000000e+03 2.845413588771750213e-02 -9.202917133543309092e-02 4.268991858507931170e-02
6.724000000000000000e+03 5.933097890742899949e-02 -1.204847895821714587e-01 1.923385169718017096e-02
6.262000000000000000e+03 -1.453487545838960671e-02 -2.155961393380643187e-01 2.755855277410290682e-02
6.360000000000000000e+03 -1.453487545838960671e-02 -2.155961393380643187e-01 2.755855277410290682e-02
6.734000000000000000e+03 9.364936953652680529e-02 -1.578227139877981244e-01 4.849661196818999542e-02
6.535000000000000000e+03 4.464966488413146806e-02 -1.286271215567609261e-01 5.109369318752499112e-02
6.476000000000000000e+03 -1.393551456214670026e-02 -1.244711724483842374e-01 8.010286271288435955e-02
6.732000000000000000e+03 -3.267695991898200703e-02 -1.364069512522121386e-01 5.346180831218916296e-02
6.762000000000000000e+03 3.092335130388912390e-02 -8.399506999226602488e-02 5.357972320101112018e-02
6.458000000000000000e+03 3.092335130388912390e-02 -8.399506999226602488e-02 5.357972320101112018e-02
6.381000000000000000e+03 -1.242836861210472321e-02 -1.337041084735623997e-01 6.322214921424063050e-02
6.382000000000000000e+03 -4.662759472478006373e-02 -1.889615341375474600e-01 7.981890539863911727e-02
6.305000000000000000e+03 -5.099422681607013175e-02 -1.445327516851087069e-01 8.658888341446768777e-02
6.316000000000000000e+03 -4.434768244191555908e-02 -9.979311497960097199e-02 5.594080994282890629e-02
6.434000000000000000e+03 -3.682306387267564318e-02 -1.309009183171099266e-01 9.735838154733400529e-02
6.403000000000000000e+03 -3.582033112518034912e-02 -2.458935076045101198e-01 9.700595614347307105e-02
6.567000000000000000e+03 -9.171262519027667537e-03 -1.768780247771779557e-01 1.005201440015675018e-01
6.457000000000000000e+03 4.352556972062426865e-02 -1.092968159305804932e-01 1.099767664566897452e-01
6.278000000000000000e+03 1.636115521523162641e-02 -9.312084367740069979e-02 1.138701342978336584e-01
6.587000000000000000e+03 1.636115521523162641e-02 -9.312084367740069979e-02 1.138701342978336584e-01
6.586000000000000000e+03 -3.380066769317968678e-02 -1.885784726562178548e-01 1.216303452202289748e-01
6.585000000000000000e+03 -8.669757866814897795e-02 -8.169104878529154234e-02 -3.452973971160488986e-02
6.331000000000000000e+03 -8.669757866814897795e-02 -8.169104878529154234e-02 -3.452973971160488986e-02
6.641000000000000000e+03 -9.323476494163207562e-02 -2.270201768645243590e-01 3.734183187649975366e-02
6.398000000000000000e+03 4.279121499168425657e-03 -1.298731870760683194e-01 1.646532937711135958e-01
6.487000000000000000e+03 4.279121499168425657e-03 -1.298731870760683194e-01 1.646532937711135958e-01
6.741000000000000000e+03 1.008848720968322787e-01 -7.983712594777969684e-02 1.717278641176065435e-01
6.576000000000000000e+03 -8.465330817216720760e-02 -1.791324223643009361e-01 -1.113439835570417813e-02
6.604000000000000000e+03 5.265954655262872208e-02 -2.428791135097014831e-01 2.108719666978728924e-01
6.345000000000000000e+03 2.925056142318154251e-01 -5.505261312736919876e-01 1.378587305339493696e-01
6.375000000000000000e+03 -1.057532987117566492e-01 -4.040603378420293268e-01 -2.175203050487759526e-01
6.279000000000000000e+03 1.400206146732099199e-01 -3.419255793158306744e-01 -1.299659360798166574e-01
6.406000000000000000e+03 5.973074090824148641e-02 -4.393998719549543353e-01 -1.102161995330561695e-01
6.525000000000000000e+03 4.901737168367681363e-02 -5.671589831105414703e-01 -1.134241597072076502e-01
6.717000000000000000e+03 -1.286956864250945465e-01 -2.076958498674592590e-01 -1.354070893861525349e-01
6.311000000000000000e+03 -3.263035251041968010e-01 -2.971092466569800195e-01 -2.724996728861377449e-01
6.365000000000000000e+03 -9.196068665969514555e-02 -8.697324199835776426e-02 -8.742665852942721472e-02
6.376000000000000000e+03 -6.205292960585184758e-02 -1.329244216565115266e-01 -2.394727652514170302e-01
6.541000000000000000e+03 4.028927665292059146e-02 -8.499888909345898469e-02 -9.354213446462011916e-02
6.281000000000000000e+03 -5.900079095857613254e-02 -3.283502762675070130e-01 -9.965738699738935225e-02
6.559000000000000000e+03 2.228781349464803441e-03 -9.823578024910872841e-02 -5.076286781124750291e-02
6.269000000000000000e+03 2.228781349464803441e-03 -9.823578024910872841e-02 -5.076286781124750291e-02
6.270000000000000000e+03 -4.214729727993251629e-01 -3.159219512077484637e-01 -1.833300007733207337e-01
6.558000000000000000e+03 1.456739108548177342e-02 -3.685890664094735314e-01 -3.429402687688636320e-01
6.448000000000000000e+03 -1.460676067157757885e-01 -2.258478949865398988e-01 -3.214294551942060707e-01
6.294000000000000000e+03 2.830128204814297277e-02 -2.190714271303058069e-01 -4.267601857847900249e-01
6.280000000000000000e+03 4.110586289582229824e-02 -8.761301710602964476e-02 -3.538250394627340256e-01
6.268000000000000000e+03 -9.284279635813597054e-02 -1.293061758014211193e-01 -4.933793584379557728e-01
6.373000000000000000e+03 -7.598913237741822257e-02 -1.071066458272795785e-01 -3.085723529120478759e-01
6.720000000000000000e+03 -2.934112319271298119e-01 -2.465976295919602990e-02 6.122684133898452785e-01
6.520000000000000000e+03 8.231354459601636364e-02 1.348495711083472770e-01 6.528913287889395178e-01
6.627000000000000000e+03 3.817146778295699150e-02 2.720872188331853181e-01 4.917612811986344923e-01
6.247000000000000000e+03 -5.067382614302142763e-01 1.880371021664828390e-02 8.930726303424982859e-01
6.338000000000000000e+03 5.012557167629902999e-01 4.668759682331327099e-01 6.435024295902422864e-01
6.389000000000000000e+03 -6.362133427630616289e-01 1.898144127972614115e-01 1.608913260070075069e-01
6.486000000000000000e+03 -6.797149321949769174e-01 9.187056762595346981e-03 4.167779461761611515e-02
6.550000000000000000e+03 6.424848860851111176e-01 7.499506662318822237e-02 1.571049596086275812e-01
6.372000000000000000e+03 5.530005701961981934e-01 3.525923356047968582e-01 1.995215214947059224e-01
6.636000000000000000e+03 -1.034822139142352881e-01 5.057101757647792795e-01 4.074633841339192486e-02
6.493000000000000000e+03 -1.034822139142352881e-01 5.057101757647792795e-01 4.074633841339192486e-02
6.725000000000000000e+03 -1.518386733538648059e-01 9.100658406684942747e-01 1.290109737975484450e-01
6.489000000000000000e+03 -9.978070193558297163e-02 7.714210022288696678e-01 1.575418099767027513e-01
6.449000000000000000e+03 -2.969645137833913928e-01 5.565376768165606336e-01 -2.168383084152125662e-02
6.553000000000000000e+03 1.434472879590980021e-01 4.721606300429819214e-01 1.457465059038973720e-01
6.600000000000000000e+03 1.572863287386905284e-01 4.709465678715147874e-01 7.370355328542643747e-02
6.719000000000000000e+03 3.283842022320371257e-01 5.026370636701749106e-01 1.939550605806239503e-01
6.297000000000000000e+03 3.356686522633696157e-01 5.531155274297532287e-01 2.671999553137460737e-01
6.439000000000000000e+03 4.683069676545015270e-01 5.436591356550479759e-02 -9.236819750740465906e-02
6.456000000000000000e+03 5.389765823266490230e-02 6.506870310192525153e-01 -3.340869797328664959e-01
6.416000000000000000e+03 2.425653838835373222e-02 5.510965772218732184e-01 -2.652305941298642722e-01
6.333000000000000000e+03 -3.164296057632087766e-02 5.627620295865689570e-01 -5.953524001406407251e-02
6.363000000000000000e+03 1.797011428350248075e-01 4.621817559394436614e-01 -1.187586081731453191e-01
6.409000000000000000e+03 2.864313679268972734e-01 3.072063493434811221e-01 -6.712902218058900417e-01
6.644000000000000000e+03 3.521659026316426022e-01 6.384126855151350810e-02 -6.284714238559878652e-01
6.425000000000000000e+03 -4.755185950991913657e-02 5.243596221022457371e-01 -7.357387777717221411e-01
6.424000000000000000e+03 1.377696781600201703e-01 6.363087160395508590e-01 -6.991071622311189060e-01
6.423000000000000000e+03 -3.506280891816571099e-02 8.911250937315813303e-01 -6.281018872524519736e-01
6.412000000000000000e+03 2.668015421557186073e-01 4.719069292597524168e-01 -9.641469700456006819e-01
6.410000000000000000e+03 -1.478590883382100429e-01 9.219188528250654713e-02 3.028208172468573878e-01
6.727000000000000000e+03 -1.768766221453765830e-01 -1.707025059101141551e-03 3.468005914861329586e-01
6.723000000000000000e+03 -2.462992665846512885e-01 3.856126394693859538e-02 4.093901854638204441e-01
6.402000000000000000e+03 -3.229075803620862217e-03 1.097138236279526780e-01 2.501054247813812026e-01
6.401000000000000000e+03 1.328923077256471963e-01 9.613696935875637450e-02 4.674812745631626854e-01
6.282000000000000000e+03 2.917660683147174083e-01 7.345940977064202571e-02 3.004088995614537794e-01
6.570000000000000000e+03 -3.352493521773212137e-01 2.522223031266435100e-01 2.352376360420542767e-01
6.485000000000000000e+03 1.224915552566767651e-01 2.162391492453998865e-01 3.106410668576273792e-01
6.759000000000000000e+03 -2.536209970142651038e-01 1.089341684199673921e-01 -1.936807387743755271e-02
6.377000000000000000e+03 -1.574134821510679849e-01 8.000543160998319081e-02 1.844160004922024143e-01
6.460000000000000000e+03 -1.574134821510679849e-01 8.000543160998319081e-02 1.844160004922024143e-01
6.368000000000000000e+03 -8.181985768210076060e-02 5.769771354594865898e-02 9.051831743795446528e-02
6.287000000000000000e+03 -7.548823372278778976e-02 8.745395669943434314e-02 1.157736855084401384e-01
6.314000000000000000e+03 1.008313724449299009e-01 9.060794189738174964e-02 -2.513926528815702000e-02
6.315000000000000000e+03 -3.808676249774922695e-02 1.338983497311829751e-01 -1.177858067033810130e-02
6.407000000000000000e+03 4.182454540317070979e-02 -4.371538398721952490e-03 -7.703956223394925473e-03
6.413000000000000000e+03 4.243602730687090485e-02 1.810890253618779866e-02 8.987256882353023002e-03
6.343000000000000000e+03 3.080686333863225101e-02 7.522662371065180764e-02 4.264613302982667165e-03
6.391000000000000000e+03 3.080686333863225101e-02 7.522662371065180764e-02 4.264613302982667165e-03
6.461000000000000000e+03 1.673392640066984072e-02 5.597863617370180123e-02 1.728555168661216612e-03
6.392000000000000000e+03 1.673392640066984072e-02 5.597863617370180123e-02 1.728555168661216612e-03
6.273000000000000000e+03 1.156723835518311816e-01 3.617057804762069395e-02 3.035104076615269264e-02
6.274000000000000000e+03 1.876480083174492108e-02 1.233632967562634519e-01 3.059870398005060110e-02
6.272000000000000000e+03 2.676666846619824014e-03 -1.513040471517967944e-02 -2.005524594825303097e-02
6.328000000000000000e+03 1.343208602277168318e-01 4.528446767446681065e-02 6.295438406013076360e-02
6.447000000000000000e+03 -3.609361954772216663e-02 -4.853414099315500607e-03 5.694454966486262038e-02
6.603000000000000000e+03 -3.609361954772216663e-02 -4.853414099315500607e-03 5.694454966486262038e-02
6.444000000000000000e+03 -3.609361954772216663e-02 -4.853414099315500607e-03 5.694454966486262038e-02
6.507000000000000000e+03 5.364643816698810852e-02 1.054123190470548366e-01 3.980579852402854613e-02
6.505000000000000000e+03 1.429029246330593139e-02 2.894018355996763603e-02 4.961190650217872644e-02
6.645000000000000000e+03 4.995941692511873811e-02 1.537866991636569480e-01 4.462051931361443735e-02
6.420000000000000000e+03 -2.283058752280631154e-03 -2.687994456383435704e-02 -1.880178984897895589e-02
6.524000000000000000e+03 4.890482867249490440e-02 -1.578303663233526777e-02 -1.804423270563049186e-02
6.352000000000000000e+03 4.890482867249490440e-02 -1.578303663233526777e-02 -1.804423270563049186e-02
6.748000000000000000e+03 3.407401588623404365e-02 4.766491627655256025e-02 8.429787207140293503e-02
6.749000000000000000e+03 1.217634732111831930e-01 -1.996725113820829733e-02 8.249994671502136612e-02
6.465000000000000000e+03 -3.750427323773664057e-02 3.415070975084333327e-02 7.793479019889204551e-02
6.605000000000000000e+03 2.869694176253512197e-02 4.552019406907348298e-02 8.490435689067865610e-02
6.256000000000000000e+03 -4.465205564807606109e-02 3.875408590608131476e-02 9.689266140690477869e-02
6.509000000000000000e+03 -4.499395618349488757e-02 1.608735621096819557e-01 1.041262807323093398e-01
6.435000000000000000e+03 8.731833450402826102e-02 -1.459423604642040573e-02 9.962457335645069634e-02
6.248000000000000000e+03 8.731833450402826102e-02 -1.459423604642040573e-02 9.962457335645069634e-02
6.394000000000000000e+03 -3.989358426150069192e-02 -4.613853753669161506e-02 1.130049228537863826e-01
6.313000000000000000e+03 7.677516078475665751e-03 -1.546776519049331000e-02 1.257556359108882305e-01
6.527000000000000000e+03 3.486467912981439099e-02 -5.733129960533744907e-02 7.580132237645642590e-03
6.277000000000000000e+03 -2.795375450628068137e-02 1.648313456286132350e-03 1.325704919086980738e-01
6.750000000000000000e+03 -9.774367307164411045e-03 -1.727531253679615020e-02 1.563992113886243374e-01
6.573000000000000000e+03 -8.800651652167879035e-02 6.937935275267648194e-03 -9.577506627461929156e-03
6.286000000000000000e+03 -8.800651652167879035e-02 6.937935275267648194e-03 -9.577506627461929156e-03
6.467000000000000000e+03 -8.541298645023243097e-02 6.061061140410117787e-02 -3.163176870028650001e-02
6.584000000000000000e+03 -8.448608218922393220e-02 2.188437545212806867e-02 1.858981082591206757e-01
6.495000000000000000e+03 3.894283357271266510e-02 -7.117367217065151408e-02 -3.318161564699195765e-02
6.430000000000000000e+03 3.894283357271266510e-02 -7.117367217065151408e-02 -3.318161564699195765e-02
6.647000000000000000e+03 3.894283357271266510e-02 -7.117367217065151408e-02 -3.318161564699195765e-02
6.622000000000000000e+03 7.985567730998033298e-02 -6.958005118266186173e-02 -2.897566289698261244e-02
6.488000000000000000e+03 7.985567730998033298e-02 -6.958005118266186173e-02 -2.897566289698261244e-02
6.283000000000000000e+03 9.532347291127907241e-02 1.061493531128583356e-01 2.008962207035906999e-01
6.370000000000000000e+03 4.181248428657591276e-02 -7.702191270067260120e-02 -2.494431482677583745e-02
6.371000000000000000e+03 4.181248428657591276e-02 -7.702191270067260120e-02 -2.494431482677583745e-02
6.470000000000000000e+03 -3.104057233957480122e-02 -7.873509319958316155e-02 -2.667128804872476167e-02
6.471000000000000000e+03 -4.644955080557258142e-01 1.324282315445550751e-01 -2.714450130770984515e-03
6.339000000000000000e+03 -3.980676094680988264e-01 9.407032938796078270e-02 1.714393794708257701e-02
6.494000000000000000e+03 -4.057759116490422535e-01 -2.974285612969040926e-02 8.128350649605309286e-02
6.364000000000000000e+03 -2.907683950394814865e-01 3.014673535492846668e-01 -3.535690405926672497e-02
6.358000000000000000e+03 -2.781796599096635347e-01 2.366123941137807662e-01 -3.696503419021723857e-03
6.349000000000000000e+03 2.150189695998956374e-01 2.787836413633577592e-01 3.646963655058002018e-01
6.442000000000000000e+03 1.844103033651416368e-01 3.595857376715549947e-01 3.042228100526997991e-01
6.421000000000000000e+03 2.824083653631879187e-01 1.306193554291539272e-01 -5.858239147034538519e-03
6.327000000000000000e+03 2.072054962124267874e-01 -1.721470678652536890e-02 3.085917647100089312e-02
6.337000000000000000e+03 2.122118223685949268e-01 8.262290376670478054e-02 1.358409394043889051e-01
6.536000000000000000e+03 2.104172905900911772e-01 -1.895908139364266276e-02 1.746843865275522489e-01
6.537000000000000000e+03 1.666817655478891602e-01 -4.587472137691150920e-02 2.070307022434860755e-01
6.374000000000000000e+03 7.354903306890436809e-02 2.220357153688539142e-01 -2.644675459086798242e-02
6.545000000000000000e+03 -1.649165396007257200e-02 2.382208067188393841e-01 2.121550605873778750e-02
6.546000000000000000e+03 3.430120997189378684e-02 2.740601110664933060e-01 2.506581284505671192e-02
6.241000000000000000e+03 2.626453855020383088e-02 2.430311847079060783e-01 7.457401254747253461e-02
6.608000000000000000e+03 2.626453855020383088e-02 2.430311847079060783e-01 7.457401254747253461e-02
6.359000000000000000e+03 8.166502868343972210e-03 2.190289357317602992e-01 -3.612073310683427962e-02
6.417000000000000000e+03 8.166502868343972210e-03 2.190289357317602992e-01 -3.612073310683427962e-02
6.718000000000000000e+03 4.569175163219130198e-02 1.904253264507538290e-01 -2.546971275297238435e-03
6.267000000000000000e+03 1.035392058911241975e-01 1.866993915962886774e-01 6.140459724194968771e-02
6.562000000000000000e+03 -5.854619792248128007e-02 1.806138708365025991e-01 3.315560817478413469e-02
6.490000000000000000e+03 4.725356581894102348e-02 2.003541964373347639e-01 2.047992464216399355e-01
6.348000000000000000e+03 -6.005773260651130485e-01 3.801558666205941961e-01 1.660408970842475185e-01
6.437000000000000000e+03 2.407642425491469673e-01 2.727487302836948402e-01 1.323043699507131521e-01
6.414000000000000000e+03 -1.474196301033323664e-01 -3.127828815383892902e-02 -1.482449876157119206e-01
6.445000000000000000e+03 -2.315039757344035110e-01 7.407512158533791080e-02 -1.090147510426895394e-01
6.309000000000000000e+03 -2.878173231733511805e-01 -1.822940772471426385e-02 -7.876593406446019685e-02
6.251000000000000000e+03 -1.067447529641261106e-01 5.502175297107214647e-02 -5.740621562944880907e-02
6.242000000000000000e+03 -1.067447529641261106e-01 5.502175297107214647e-02 -5.740621562944880907e-02
6.263000000000000000e+03 -1.117450655548410943e-01 -7.513826522004052322e-02 -9.437409958777109864e-02
6.654000000000000000e+03 -1.849167301617971049e-01 -7.681461949304235759e-02 -7.702789481735194954e-02
6.655000000000000000e+03 -1.849167301617971049e-01 -7.681461949304235759e-02 -7.702789481735194954e-02
6.722000000000000000e+03 -1.962140597751007576e-01 8.058721382509048681e-02 -4.322646262519924676e-02
6.252000000000000000e+03 -2.019014748016183525e-01 6.703972057591656153e-02 -4.091949298155839188e-02
6.598000000000000000e+03 -8.522784834615348970e-02 3.977723026757473690e-02 -1.487158807105615210e-01
6.319000000000000000e+03 -7.105469338484216024e-03 7.774815831081127726e-02 -2.900799114213121754e-01
6.320000000000000000e+03 3.584414879280251043e-02 7.256765336541803890e-02 -2.763712145481491689e-01
6.332000000000000000e+03 -6.621779325016508011e-03 5.385244472194727905e-02 -2.522035436824623389e-01
6.300000000000000000e+03 -4.397197405617614407e-03 1.352384775631065850e-02 -2.169261682043170936e-01
6.572000000000000000e+03 -6.903155865943588765e-03 8.400516776191579993e-02 -1.814305642075630942e-01
6.571000000000000000e+03 -2.075196106133159191e-03 5.140770675431838299e-03 -1.908439354781421571e-01
6.418000000000000000e+03 -2.075196106133159191e-03 5.140770675431838299e-03 -1.908439354781421571e-01
6.350000000000000000e+03 2.607995610023827737e-02 2.199299133389587269e-02 -1.673844788149558838e-01
6.291000000000000000e+03 6.736246477860641235e-02 -4.072425621465214363e-02 -1.933556377573779628e-01
6.547000000000000000e+03 1.498579825919867936e-01 1.128035509213241028e-01 -1.561953622460698909e-01
6.503000000000000000e+03 -4.712125729557925524e-04 4.394724350916590083e-02 -1.492116910185004031e-01
6.730000000000000000e+03 -4.712125729557925524e-04 4.394724350916590083e-02 -1.492116910185004031e-01
6.731000000000000000e+03 1.200112768892314108e-03 -5.143073255808872091e-04 -1.405032347244201674e-01
6.335000000000000000e+03 1.524015613074722886e-01 -4.282670046409720044e-02 -2.369980194369460946e-01
6.464000000000000000e+03 1.524015613074722886e-01 -4.282670046409720044e-02 -2.369980194369460946e-01
6.469000000000000000e+03 9.249375918324176382e-02 -4.471630637256041041e-02 -1.222724690081165022e-01
6.508000000000000000e+03 8.296490834792313862e-02 9.004575682807214321e-02 -1.200565703131317719e-01
6.369000000000000000e+03 -1.436926605341026786e-02 -1.635406867528388375e-02 -8.990292561933443949e-02
6.303000000000000000e+03 2.437279320703877872e-02 8.760121184213431889e-03 -9.269399738261796529e-02
6.466000000000000000e+03 2.437279320703877872e-02 8.760121184213431889e-03 -9.269399738261796529e-02
6.733000000000000000e+03 -4.120216490881478677e-02 5.201456526805969816e-02 -8.559898880396588083e-02
6.548000000000000000e+03 -5.874316922515010475e-02 6.231021949278670036e-02 -7.925905166020896786e-02
6.549000000000000000e+03 2.228169131758939159e-03 -5.664036130238869760e-02 -7.940648585204712617e-02
6.323000000000000000e+03 2.228169131758939159e-03 -5.664036130238869760e-02 -7.940648585204712617e-02
6.324000000000000000e+03 1.391031553438177859e-01 -6.791394950681706177e-03 -7.560997793428470004e-02
6.255000000000000000e+03 6.809508593355673156e-02 -6.240437745504934242e-02 -6.976238954920788160e-02
6.453000000000000000e+03 1.486633269612731567e-01 1.361416492087528241e-01 -6.531939874716741201e-02
6.534000000000000000e+03 -5.552612085027242017e-02 7.115298841358708160e-02 -6.576038610033663190e-02
6.577000000000000000e+03 -5.552612085027242017e-02 7.115298841358708160e-02 -6.576038610033663190e-02
6.498000000000000000e+03 1.456949558384534882e-02 2.856872926051678974e-02 -5.975774241116482699e-02
6.588000000000000000e+03 -4.900066344169484722e-02 -4.001558237354529979e-02 -5.950382963329658992e-02
6.261000000000000000e+03 3.800326619687632856e-02 -7.033715557961173204e-02 -1.236941787414806981e-01
6.551000000000000000e+03 8.193358929277305691e-03 8.019716741856086628e-04 -5.612623785988901659e-02
6.739000000000000000e+03 -6.262935325239959994e-02 -3.315434613128331875e-02 -4.994268764126985616e-02
6.259000000000000000e+03 -5.037214518035293409e-02 -7.562459518470276976e-02 -5.294234882156345634e-02
6.340000000000000000e+03 -2.279321864795624819e-02 -1.423865615280561769e-02 -4.611157611405047874e-02
6.264000000000000000e+03 -2.279321864795624819e-02 -1.423865615280561769e-02 -4.611157611405047874e-02
6.385000000000000000e+03 -1.640762517866445336e-02 3.900453728281405574e-03 -4.165484677594122331e-02
6.378000000000000000e+03 5.999152640024618677e-02 -7.879149518169370481e-02 -4.866732598370759888e-02
6.504000000000000000e+03 -6.119274257737572498e-02 1.212769754729947635e-03 -3.717319879876868072e-02
6.312000000000000000e+03 -4.430366265796603642e-02 3.506418324827009769e-02 -3.723452751731315402e-02
6.528000000000000000e+03 -4.430366265796603642e-02 3.506418324827009769e-02 -3.723452751731315402e-02
6.455000000000000000e+03 -4.430366265796603642e-02 3.506418324827009769e-02 -3.723452751731315402e-02
6.583000000000000000e+03 -2.487581532193861023e-03 -7.177650863821583016e-02 -3.711736221491790388e-02
6.408000000000000000e+03 -2.487581532193861023e-03 -7.177650863821583016e-02 -3.711736221491790388e-02
6.597000000000000000e+03 -9.023151720179090063e-02 2.936103135995900004e-01 -1.351649392212124212e-01
6.367000000000000000e+03 8.555428425635280831e-03 3.651905308766068003e-01 -2.482785810347181155e-01
6.341000000000000000e+03 1.083048071422849645e-01 2.384408196048894979e-01 -1.819625764029346726e-01
6.472000000000000000e+03 -2.822593566085185302e-02 2.895325294343287226e-01 -1.445534999890050187e-01
6.446000000000000000e+03 -7.878466410866069580e-02 2.400717186145371329e-01 -1.853453546775050143e-01
6.388000000000000000e+03 6.305691138527258488e-02 1.995774504517626724e-01 -9.183660835066831396e-02
6.288000000000000000e+03 1.996122652926475283e-01 4.983552345740349665e-02 -7.512212431755926900e-02
6.625000000000000000e+03 2.109787324898482197e-01 1.998839559627612061e-01 -2.319840229724583480e-01
6.529000000000000000e+03 3.572549135897444827e-01 1.660955901981111538e-01 -3.615334186462177968e-01
6.569000000000000000e+03 -7.568802773884586443e-02 6.534370807794331881e-02 -4.508198717617268869e-01
6.543000000000000000e+03 -4.086009492028086498e-02 5.025894234891126189e-02 -3.418743494977789510e-01
6.544000000000000000e+03 -4.086009492028086498e-02 5.025894234891126189e-02 -3.418743494977789510e-01
6.609000000000000000e+03 -8.497972074040927026e-02 2.444789901314337044e-02 -3.200462987776155899e-01
6.436000000000000000e+03 1.733948313209627834e-01 1.976665407455797663e-01 -3.867840011515930598e-01
6.482000000000000000e+03 -9.493695071402674657e-02 3.144759041370477348e-01 -5.005786983250857247e-01
6.250000000000000000e+03 -5.253227740181953820e-02 2.285554867104266918e-01 -3.934945895343844313e-01
