# star id 	 star_x_coords [pc] 	 star_y_coords [pc] 	 star_z_coords [pc] 
4.232000000000000000e+04 -9.986593439484181545e-02 -4.795976984692060796e-01 -3.310236791486431684e-01
4.225800000000000000e+04 1.011642427587005955e+00 -8.758447437349161646e-01 -4.076192157126925508e-01
4.227300000000000000e+04 8.752220378116106758e-01 -4.001886873686544277e-01 -2.362221307456273678e-01
4.244400000000000000e+04 -7.507748594755980776e-02 1.797844285414385013e-01 -2.777319701077161085e-01
4.237300000000000000e+04 -1.978009059199337116e-01 2.958744625945541884e-01 -2.696963044637321616e-01
4.218900000000000000e+04 -8.496400838203044259e-02 -1.506822962700624657e-01 -2.673552137544064067e-01
4.217800000000000000e+04 -8.496400838203044259e-02 -1.506822962700624657e-01 -2.673552137544064067e-01
4.231700000000000000e+04 -3.249281258167684427e-01 3.818076970175354745e-02 -2.540502260155506065e-01
4.241300000000000000e+04 -2.664387916860562200e-01 2.682704177297523529e-01 -2.469488662761385456e-01
4.237700000000000000e+04 -2.664387916860562200e-01 2.682704177297523529e-01 -2.469488662761385456e-01
4.234600000000000000e+04 -2.664387916860562200e-01 2.682704177297523529e-01 -2.469488662761385456e-01
4.227100000000000000e+04 -4.810985405750187738e-01 9.742314028356702238e-02 -2.772260472821699295e-01
4.221200000000000000e+04 -4.913313024709964338e-01 2.351676480790416690e-01 -3.520437426013813820e-01
4.225200000000000000e+04 -1.446672650640437041e-01 1.030665226478220120e-01 -1.293558061719970453e-01
4.220600000000000000e+04 -5.374357495840200727e-01 2.622811607931794242e-01 -3.831908379918651519e-01
4.230100000000000000e+04 -4.509931445595611876e-01 -1.638804790351144902e-01 -2.944679668826566399e-02
4.226300000000000000e+04 -3.859453346108239202e-01 7.754038195008661205e-02 1.644595574698826113e-02
4.230000000000000000e+04 -1.449828892786186429e+00 -7.591172476791996360e-02 -5.836319883492500082e-01
4.232200000000000000e+04 1.460730226674613164e+00 3.847346010172287833e-01 -5.113151931837833786e-02
4.230200000000000000e+04 1.260095584669770119e+00 1.210277549303526712e-01 1.278828657164002180e+00
4.220900000000000000e+04 2.261868258151622513e+00 -1.689306780097012961e-01 5.063169025316156535e-01
4.230400000000000000e+04 -6.922557626165826150e-01 -1.282011703574895023e+00 4.266522494481606032e-02
4.221600000000000000e+04 -6.933757880822923880e-01 -1.522792013481222284e-01 1.228455448397909322e-01
4.231900000000000000e+04 -3.811332430852161224e-01 -5.550524794008566687e-01 1.617319194627775403e-01
4.222200000000000000e+04 -2.310665818568509167e-01 -2.412651698890044827e-02 1.230077813658034813e-01
4.237000000000000000e+04 -1.775330269790913462e-01 1.255719137802202567e-02 7.237824213888188751e-02
4.218600000000000000e+04 -8.515442370037362707e-02 1.395768523561002894e-01 5.814810737310338595e-02
4.216900000000000000e+04 -3.045638850621941174e-01 2.721248812493257674e-01 1.673587708070911617e-01
4.231000000000000000e+04 -3.045638850621941174e-01 2.721248812493257674e-01 1.673587708070911617e-01
4.220700000000000000e+04 -3.972598545521606184e-01 -1.722302627393190733e-01 2.928754984170574005e-01
4.237500000000000000e+04 -1.598932751669224217e-02 1.658268165943894701e-01 3.246316575778074309e-01
4.218300000000000000e+04 9.138025943143190943e-02 1.215243898941764655e-02 1.978703267167070123e-01
4.232400000000000000e+04 3.960368036130716973e-01 4.024691672775446705e-01 8.354886375817116573e-02
4.232300000000000000e+04 8.386617975969556937e-02 5.180295777049792605e-01 3.353355654927696605e-01
4.236800000000000000e+04 -2.669841496304172779e-01 -3.491976299930854566e-02 4.260479113801487472e-01
4.225900000000000000e+04 8.726333379285478031e-01 6.339559380646164755e-02 5.926651394184645483e-02
4.233500000000000000e+04 9.906949319338167470e-01 2.666624732935076736e-01 4.161519166988583152e-01
