# star id 	 star_x_coords [pc] 	 star_y_coords [pc] 	 star_z_coords [pc] 
2.605600000000000000e+04 -6.553054963944227040e-01 -1.997421078679000317e-01 -6.291059502157931860e-01
2.508900000000000000e+04 -2.892530123559318156e-01 -4.724888814777177259e-01 1.104757850833237853e-02
2.575200000000000000e+04 4.878362481834770392e-01 -4.593439630353230996e-01 -4.187646617100142521e-01
2.547600000000000000e+04 6.206713113595867526e-01 -6.183454253549616197e-01 -1.660793857813942509e-01
2.595200000000000000e+04 -7.257921052205702495e-01 -1.441351757851787596e-01 -5.990534767802611071e-01
2.607500000000000000e+04 -7.257921052205702495e-01 -1.441351757851787596e-01 -5.990534767802611071e-01
2.546700000000000000e+04 -8.344754897973984953e-01 7.625111307634391267e-02 -5.329577317655971314e-01
2.546800000000000000e+04 -2.742314366760538746e-01 3.904724814563440560e-01 -8.932007136685911064e-01
2.587800000000000000e+04 -9.005958152726734056e-02 4.714192231205434069e-01 -7.714350695565368454e-01
2.571200000000000000e+04 -2.298614996217480666e-01 5.497598316166936172e-01 -5.387403780393089647e-01
2.568500000000000000e+04 -2.298614996217480666e-01 5.497598316166936172e-01 -5.387403780393089647e-01
2.604800000000000000e+04 -9.032636554773567639e-01 -1.281964266963164789e-02 -8.031228687116964693e-02
2.588600000000000000e+04 -7.747180284150516627e-01 -4.184713786465366070e-02 1.371215492595041496e-01
2.551200000000000000e+04 3.720811351253168198e-01 4.986632520532197077e-02 -7.151320979414137469e-01
2.573800000000000000e+04 1.781283987407249469e-01 1.466926203523950534e-01 -7.064555115813657693e-01
2.516700000000000000e+04 7.678671945554427225e-02 -4.886987476647064454e-03 -7.270435127842684864e-01
2.516600000000000000e+04 9.328435930946454846e-02 4.556596735797882047e-01 -6.942277388059796550e-01
2.561300000000000000e+04 6.234362127705388446e-01 1.126434937416274096e-01 -4.736775850198675641e-01
2.575100000000000000e+04 -3.117033845342476184e-02 5.735592353112455299e-01 -3.802866915667308945e-01
2.575800000000000000e+04 -5.267789537575033876e-01 1.173650267702761596e-01 7.402385879298236659e-01
2.529900000000000000e+04 -1.267094098591456941e-01 4.450048386901599429e-01 6.757386186378688819e-01
2.553300000000000000e+04 -1.476186064430251577e-02 5.282273734583355917e-01 6.084039857188585643e-01
2.553400000000000000e+04 4.054770179984821254e-01 -6.231161658270245596e-02 6.450948060978127785e-01
2.599300000000000000e+04 4.469254289628530330e-01 -1.467844847293697796e-02 7.292302746080849829e-01
2.582200000000000000e+04 4.065126722479952548e-01 -5.297968388989460209e-02 8.609060064348668107e-01
2.573400000000000000e+04 6.757559552128071800e-01 3.241556836225782945e-01 3.504963814152688428e-01
2.543700000000000000e+04 7.438207571639559035e-01 2.380715738051861763e-01 4.897956311055509104e-01
2.604200000000000000e+04 1.824083996937595487e-01 4.792414024134021844e-01 6.054828269446907996e-01
2.552400000000000000e+04 1.556827074316160520e-01 6.144628426276650401e-01 6.049868894827170607e-01
2.570400000000000000e+04 -9.509480844528184207e-03 8.490518208556849800e-01 3.468944159097482327e-01
2.514200000000000000e+04 2.498503741224062935e-01 5.241188985873801442e-01 3.980806606098177269e-01
2.564000000000000000e+04 -4.941174647493475902e-01 2.917637959713346163e-01 -1.068469883465963832e+00
2.553500000000000000e+04 -9.674381937086806715e-02 -4.528522070734180005e-01 3.364993195697891792e-01
2.551700000000000000e+04 -1.979142596358762773e-01 -4.267485260453298679e-01 4.684111478869823486e-01
2.586900000000000000e+04 -5.274482516355405437e-01 6.684205024521716609e-02 5.836373242721428767e-01
2.564800000000000000e+04 -4.819307987896799261e-01 6.578513321102086309e-02 2.581416416937436509e-01
2.571700000000000000e+04 -4.192882261365227237e-02 7.018395309891722889e-02 3.325749016082788501e-01
2.571800000000000000e+04 -4.626940822009473209e-02 7.246801768261335042e-02 4.273947982002503920e-01
2.572800000000000000e+04 -1.515970441871310470e-01 -4.672846591880386313e-03 3.818447911875253453e-01
2.572700000000000000e+04 1.031167699810353611e-01 6.488099203754948974e-02 5.056046072063047347e-01
2.544300000000000000e+04 2.202259327153619495e-01 1.164690945009585477e-01 2.128335518215571653e-01
2.575900000000000000e+04 5.889754070706842981e-02 -1.716877194547805630e-02 4.537139813421369183e-01
2.598300000000000000e+04 1.514684046501564296e-01 -6.913482016814853637e-02 1.961301943714701679e-01
2.594300000000000000e+04 3.983626659671557491e-02 -8.378799889574217730e-02 5.746740377114534226e-01
2.602500000000000000e+04 3.983626659671557491e-02 -8.378799889574217730e-02 5.746740377114534226e-01
2.597200000000000000e+04 1.301782856666520161e-01 2.692233857387460461e-01 4.107741996027876041e-01
2.587300000000000000e+04 -1.179162353972138533e-01 -6.357551756473416305e-01 -1.191871177058700937e-02
2.553700000000000000e+04 -1.179162353972138533e-01 -6.357551756473416305e-01 -1.191871177058700937e-02
2.587200000000000000e+04 -5.473332272912152519e-01 -3.753619272889192615e-01 2.494331957382911469e-03
2.576700000000000000e+04 -4.608788550400753081e-01 -1.942098749813929714e-01 -7.300113865372992450e-03
2.591100000000000000e+04 -4.869841832366681444e-01 -3.467054041850818891e-01 1.081540867621093582e-01
2.569100000000000000e+04 -5.821629181526652985e-01 -4.290991219255193556e-01 5.681608985901220876e-02
2.566600000000000000e+04 7.567840851920593082e-02 -2.251142754712986971e-01 1.308017950101039162e-01
2.600100000000000000e+04 1.141042055121523902e-01 -6.432947628777441196e-02 1.458880513772307097e-01
2.564700000000000000e+04 -5.186921486152584748e-02 -9.643874630303272966e-02 8.029924589994763551e-02
2.603600000000000000e+04 -5.186921486152584748e-02 -9.643874630303272966e-02 8.029924589994763551e-02
2.558500000000000000e+04 2.881783763999834491e-02 -1.677377001912869758e-01 3.729646459541058334e-02
2.550600000000000000e+04 2.881783763999834491e-02 -1.677377001912869758e-01 3.729646459541058334e-02
2.595700000000000000e+04 -8.668438510483156278e-02 -2.658073628675783340e-01 7.811175112958324007e-02
2.588700000000000000e+04 -1.770584098015959285e-02 -4.138275338471597564e-01 1.443163133709468582e-01
2.542600000000000000e+04 -1.441300298284531323e-02 -2.137883198745722524e-01 2.143347315270602849e-01
2.548200000000000000e+04 2.279883391050674390e-02 -1.368281634539751934e-01 1.733834769854745161e-01
2.557000000000000000e+04 2.591985764140858350e-02 -2.172824118378358094e-01 2.890577196883725719e-02
2.599200000000000000e+04 -1.312171218960571650e-01 -3.038659453900240948e-01 1.310305763325985140e-01
2.569600000000000000e+04 -1.088765443502914820e-01 -3.107107852492987377e-01 1.880455885856591181e-01
2.554100000000000000e+04 -6.089562840661493226e-01 -8.329664291931138109e-02 1.181585923080135103e-01
2.593400000000000000e+04 -2.700872903648310341e-01 -2.647192464797676337e-02 3.907075606293020087e-02
2.593500000000000000e+04 -4.105593386204482442e-01 -1.258932748429462123e-01 1.585915662624373113e-01
2.559000000000000000e+04 -3.610028088906531707e-01 -4.967935730896222424e-02 2.297794894887026373e-01
2.527300000000000000e+04 -1.099163866730386019e-01 -2.627393864188931616e-02 -7.865929350950651155e-02
2.527400000000000000e+04 -1.893513141527058963e-01 -1.686677630827713159e-01 3.329579928810844081e-02
2.590500000000000000e+04 -2.297613812406318345e-01 8.243234967654444745e-03 4.040109801758617891e-02
2.549000000000000000e+04 -2.297613812406318345e-01 8.243234967654444745e-03 4.040109801758617891e-02
2.591600000000000000e+04 -3.810219651297330756e-02 -5.206535889371721737e-02 -4.506006024860553794e-02
2.559900000000000000e+04 -1.272156739732572817e-01 2.582611052665839679e-02 1.331065100919985866e-01
2.590400000000000000e+04 -1.272156739732572817e-01 2.582611052665839679e-02 1.331065100919985866e-01
2.556300000000000000e+04 -9.635648867965329600e-02 9.032757124971801943e-02 7.418509251381522063e-02
2.568700000000000000e+04 -9.635648867965329600e-02 9.032757124971801943e-02 7.418509251381522063e-02
2.547800000000000000e+04 -1.477927165949779464e-01 3.163252008224937128e-02 1.623327351907732918e-02
2.530400000000000000e+04 -1.477927165949779464e-01 3.163252008224937128e-02 1.623327351907732918e-02
2.555200000000000000e+04 -1.342315179838742267e-01 2.172062118751103554e-01 1.695096026901765640e-02
2.603300000000000000e+04 -5.965713417196738533e-02 -1.873161327759298445e-02 1.758497054975762808e-01
2.550900000000000000e+04 -9.281867968578438877e-02 -1.016784785807445246e-02 5.656340495067979646e-02
2.550800000000000000e+04 -9.281867968578438877e-02 -1.016784785807445246e-02 5.656340495067979646e-02
2.550700000000000000e+04 -9.281867968578438877e-02 -1.016784785807445246e-02 5.656340495067979646e-02
2.552600000000000000e+04 -1.868070601308602363e-02 -2.339199710789330311e-03 2.190622661979446661e-01
2.554900000000000000e+04 -1.868070601308602363e-02 -2.339199710789330311e-03 2.190622661979446661e-01
2.555600000000000000e+04 -4.718429948305669086e-02 -3.847297800788140876e-02 1.671239364258134685e-01
2.543400000000000000e+04 -8.843659104523737824e-02 -8.331129654560953668e-02 1.765169372594819208e-01
2.527600000000000000e+04 -5.920224796534157008e-02 -7.285914588050701468e-02 1.479385620588935524e-01
2.529300000000000000e+04 -5.920224796534157008e-02 -7.285914588050701468e-02 1.479385620588935524e-01
2.529200000000000000e+04 -9.044873560875998919e-02 -6.291352398099192555e-03 1.857643135253184141e-01
2.528300000000000000e+04 -1.013480692318111664e-01 8.998556940101387625e-02 2.408422960270790725e-01
2.528200000000000000e+04 -5.808604380876758455e-02 5.814409222461058846e-02 2.970718109421923714e-01
2.556400000000000000e+04 -5.821329915983852743e-01 4.032663187001102045e-01 1.605368472957380277e-02
2.555300000000000000e+04 -4.052850531632401498e-01 4.588453339424916066e-01 1.444603690598853518e-01
2.573000000000000000e+04 -4.831587645918773433e-01 4.400954316425025326e-01 1.272696528932186766e-01
2.572900000000000000e+04 -2.298279773575551133e-01 1.576109783507373407e-01 -2.577133630034822431e-02
2.561500000000000000e+04 -8.486622058870096907e-02 1.171279669528679790e-01 -2.313695994494580077e-02
2.578100000000000000e+04 -8.486622058870096907e-02 1.171279669528679790e-01 -2.313695994494580077e-02
2.507100000000000000e+04 -2.822388764542083095e-02 1.088931104970196628e-01 2.235799684441630575e-02
2.507000000000000000e+04 -2.822388764542083095e-02 1.088931104970196628e-01 2.235799684441630575e-02
2.585600000000000000e+04 -2.415439510760464259e-02 1.966187410211812647e-01 6.198448118224320069e-02
2.542900000000000000e+04 -2.415439510760464259e-02 1.966187410211812647e-01 6.198448118224320069e-02
2.578700000000000000e+04 -5.964751998333994720e-02 -1.094660280117398798e-01 1.403388975524144655e-01
2.547900000000000000e+04 2.243366647964428751e-01 1.171829425345229936e-01 -5.205813364012712441e-02
2.557900000000000000e+04 2.243366647964428751e-01 1.171829425345229936e-01 -5.205813364012712441e-02
2.533700000000000000e+04 1.701427397979529132e-01 3.665576808023374156e-02 -3.085950237988299705e-02
2.547700000000000000e+04 8.364044700953243705e-02 -5.429090553954907250e-03 -1.266702350791959475e-02
2.583300000000000000e+04 8.364044700953243705e-02 -5.429090553954907250e-03 -1.266702350791959475e-02
2.581700000000000000e+04 8.364044700953243705e-02 -5.429090553954907250e-03 -1.266702350791959475e-02
2.540700000000000000e+04 1.823879310294920231e-01 8.665043088188184583e-02 1.608931856837969576e-02
2.582400000000000000e+04 1.823879310294920231e-01 8.665043088188184583e-02 1.608931856837969576e-02
2.569300000000000000e+04 5.581466842924953653e-02 -1.083323259869697353e-01 -3.688232855048667602e-02
2.535800000000000000e+04 5.581466842924953653e-02 -1.083323259869697353e-01 -3.688232855048667602e-02
2.546300000000000000e+04 5.581466842924953653e-02 -1.083323259869697353e-01 -3.688232855048667602e-02
2.561600000000000000e+04 1.036281357793100710e-02 2.218462784930075316e-02 5.343684903459688940e-02
2.589200000000000000e+04 1.092734716657766114e-01 -1.894859082784527970e-02 7.197685127734487764e-02
2.598000000000000000e+04 1.092734716657766114e-01 -1.894859082784527970e-02 7.197685127734487764e-02
2.511700000000000000e+04 1.092734716657766114e-01 -1.894859082784527970e-02 7.197685127734487764e-02
2.524600000000000000e+04 1.717252102154311899e-01 1.647939933702780024e-02 -6.373697754444407337e-03
2.549700000000000000e+04 2.125215663779655983e-01 -6.299373824277765266e-02 1.841647647484876416e-01
2.556700000000000000e+04 2.910440191900960372e-01 1.401171503102816018e-02 5.991963676731160149e-02
2.591200000000000000e+04 1.343854276145499682e-01 -2.571489396971085029e-01 -5.475618217790767517e-02
2.577200000000000000e+04 6.921923562677889663e-02 -1.485086601450102961e-01 1.720454688223895801e-01
2.577100000000000000e+04 -2.306814533394430100e-03 2.274155095340368860e-02 1.168965073885708250e-01
2.530000000000000000e+04 -2.306814533394430100e-03 2.274155095340368860e-02 1.168965073885708250e-01
2.574600000000000000e+04 5.333110508215810341e-02 3.671594472972472545e-02 1.159149995243069498e-01
2.529800000000000000e+04 1.383217346531111502e-01 6.253704291721007280e-02 2.062997838027804676e-01
2.511400000000000000e+04 1.383217346531111502e-01 6.253704291721007280e-02 2.062997838027804676e-01
2.511300000000000000e+04 1.952346724072349105e-01 1.493764353339361861e-01 2.069571749254706106e-01
2.542100000000000000e+04 7.031036073092877814e-02 1.193707832944532754e-01 6.324541196130084586e-02
2.542000000000000000e+04 1.642862044074249184e-01 4.662218025889686146e-02 1.645155227571812873e-01
2.533600000000000000e+04 1.642862044074249184e-01 4.662218025889686146e-02 1.645155227571812873e-01
2.599500000000000000e+04 1.260564984267986688e-02 -4.179094668947946900e-02 3.387235624730173811e-01
2.575700000000000000e+04 -2.305475472390128289e-03 -3.263758081212131401e-02 1.718372813152946321e-01
2.588100000000000000e+04 2.096148749064354888e-01 -1.252275331473207132e-02 2.086481642834243644e-01
2.559700000000000000e+04 8.502211883925525626e-03 6.262944766715605738e-02 1.117665537385015284e-01
2.570700000000000000e+04 8.502211883925525626e-03 6.262944766715605738e-02 1.117665537385015284e-01
2.570800000000000000e+04 8.502211883925525626e-03 6.262944766715605738e-02 1.117665537385015284e-01
2.543300000000000000e+04 8.811279038212660453e-02 6.911353938488673521e-02 3.214613875347467342e-01
2.529500000000000000e+04 -5.623761404459415303e-02 -4.081375710052626005e-02 2.741680131699446576e-01
2.529600000000000000e+04 2.782825511925679507e-01 2.056303703958661799e-02 1.645572508388362110e-01
2.529700000000000000e+04 -4.360995005466605789e-03 -2.853309843067997065e-02 -9.926140732055444005e-03
2.547000000000000000e+04 -1.232443597418608761e-02 -3.995249955213608928e-02 2.218713518516928218e-01
2.547100000000000000e+04 3.822095579229412010e-02 1.071129807010748891e-01 2.871338860797756354e-01
2.567200000000000000e+04 3.822095579229412010e-02 1.071129807010748891e-01 2.871338860797756354e-01
2.567300000000000000e+04 2.981556239729599156e-02 4.260888493314460845e-01 8.822964500523866604e-02
2.567400000000000000e+04 5.937630412238803501e-02 1.503306574450782307e-01 -5.407185634260258666e-02
2.597600000000000000e+04 5.937630412238803501e-02 1.503306574450782307e-01 -5.407185634260258666e-02
2.544900000000000000e+04 1.559158050167042120e-02 1.058624646850425677e-01 2.484415674018585207e-01
2.545000000000000000e+04 1.276357186111845010e-01 8.448968309743243310e-02 1.278341100394229102e-01
2.603800000000000000e+04 -1.076121034467369952e-01 2.864976203636846463e-01 1.214408903911667892e-01
2.540600000000000000e+04 -3.508131548704866987e-01 -5.255903636372529775e-01 1.806690031680879827e-01
2.545100000000000000e+04 2.770674927935665721e-01 -4.456988890326698538e-01 4.381610428592352946e-02
2.579500000000000000e+04 2.502638016309823854e-01 -5.947166545674722471e-01 8.299474286988939298e-02
2.594500000000000000e+04 4.875299441037128645e-02 -6.227701762209356673e-01 1.196061161309138754e-01
2.548600000000000000e+04 3.932253604379880585e-01 -5.954430126634182585e-01 6.618913946942228677e-02
2.548900000000000000e+04 2.963236897939331982e-01 -2.120323086101354448e-01 -1.639608616261156726e-02
2.560000000000000000e+04 4.836130739825605929e-01 -1.969358594408507912e-01 4.556598623151941752e-02
2.605900000000000000e+04 4.235178425995798079e-01 -2.699895006853658685e-01 -7.525528145955462378e-02
2.606000000000000000e+04 4.235178425995798079e-01 -2.699895006853658685e-01 -7.525528145955462378e-02
2.554300000000000000e+04 3.754576352521574734e-01 -2.973696219729724532e-01 7.795775041527619464e-02
2.560300000000000000e+04 3.890927619845818697e-01 -3.966450226561324399e-01 2.604270529148564606e-01
2.554200000000000000e+04 2.552369672882548457e-01 -7.098257170297195273e-02 4.602560719112744891e-01
2.541800000000000000e+04 3.543174321734419152e-01 1.719509545436714859e-02 2.565887936515558465e-01
2.603900000000000000e+04 5.215828034095295607e-01 6.931164128204514441e-02 5.686999882128986883e-01
2.600200000000000000e+04 5.379809107916777577e-01 4.216190238537365076e-01 4.015166465294441878e-01
2.600300000000000000e+04 3.530253929195374951e-01 2.660163259352987808e-01 3.719377301098454325e-01
2.557300000000000000e+04 9.692029212334318800e-02 -2.753336667752233069e-01 -1.964448074825959623e-01
2.557400000000000000e+04 1.461826614102754718e-01 -3.048025644049996430e-01 -8.612827666182454323e-02
2.596400000000000000e+04 1.713064648576789750e-02 -1.880226139715066580e-01 -4.942791533291313044e-02
2.566000000000000000e+04 -1.598571918349946941e-01 -2.279668954798985681e-01 -2.961318829972512390e-01
2.518800000000000000e+04 -3.172381995263933163e-01 -4.488721288469221804e-01 -4.120751316010036192e-01
2.518900000000000000e+04 -9.749370812472690773e-02 -2.540213792046621677e-01 -1.332121802995054338e-01
2.519000000000000000e+04 -3.365729661837164599e-01 -3.658920463385921806e-01 -1.257237122942953533e-01
2.578200000000000000e+04 -4.233869795781508572e-01 1.182316141855395131e-01 -5.705979952161044366e-02
2.578300000000000000e+04 -5.627170902470908231e-01 1.298759621222327354e-01 -5.719766415796811998e-02
2.527200000000000000e+04 -1.492946702171309425e-01 -7.358273634051926138e-02 -3.310352227751351961e-01
2.549200000000000000e+04 -1.703470705158203202e-01 1.873472433795519976e-02 -2.720828692959749162e-01
2.546500000000000000e+04 -1.296931871329398689e-01 1.055729446553907991e-01 -3.033939503575808772e-01
2.546600000000000000e+04 -1.414488749615507857e-01 2.337108369020377552e-01 -1.427294323568020218e-01
2.533200000000000000e+04 -1.865627546878485532e-01 -1.502827170243055122e-01 -2.744482616318961732e-01
2.572400000000000000e+04 -1.442236989492364785e-01 9.168805975526161944e-02 -5.576174515628906647e-02
2.606800000000000000e+04 -1.442236989492364785e-01 9.168805975526161944e-02 -5.576174515628906647e-02
2.562900000000000000e+04 -2.787544036820399640e-01 1.540437158693386266e-02 -6.873036858497272306e-02
2.600900000000000000e+04 -1.487339740589064263e-01 2.314723371521161255e-01 -9.003430863106842708e-02
2.567500000000000000e+04 -2.672712032628190570e-01 2.121620931017087486e-01 7.326852440456832483e-04
2.546000000000000000e+04 -8.555075295143410585e-02 2.489047266110375745e-01 3.321740893961333541e-02
2.544000000000000000e+04 -8.555075295143410585e-02 2.489047266110375745e-01 3.321740893961333541e-02
2.544100000000000000e+04 2.699308038588910108e-01 -1.764299702893143973e-01 -3.385051047146276915e-01
2.541900000000000000e+04 2.446836779516345928e-01 1.074998730827161353e-01 -3.447922012528437108e-01
2.526900000000000000e+04 5.516047960416869955e-02 -1.097737578118849200e-01 -1.355570952723113010e-01
2.527000000000000000e+04 5.516047960416869955e-02 -1.097737578118849200e-01 -1.355570952723113010e-01
2.572000000000000000e+04 7.946295830379668246e-02 1.878906611431823137e-01 -1.341308824986562342e-01
2.568000000000000000e+04 4.297350553699885722e-02 -1.129151618155557202e-01 -3.628703054582089749e-01
2.581100000000000000e+04 1.136789085690850243e-01 1.159865002262865374e-01 -1.402488097807328415e-01
2.552700000000000000e+04 1.136789085690850243e-01 1.159865002262865374e-01 -1.402488097807328415e-01
2.540200000000000000e+04 1.494667581902113795e-01 -1.477443952860895138e-01 -1.135821697721368650e-01
2.597500000000000000e+04 1.494667581902113795e-01 -1.477443952860895138e-01 -1.135821697721368650e-01
2.595900000000000000e+04 1.656247238381460818e-01 1.015280471213344526e-01 -2.818818932309241632e-02
2.593300000000000000e+04 1.907696529014053510e-01 -1.669218424792120459e-01 -9.927975627865492925e-02
2.543600000000000000e+04 1.021546964602357832e-01 1.660181429429421485e-01 -2.321724206847441963e-01
2.532300000000000000e+04 3.122780454433282671e-02 -1.087435431469412350e-01 -1.027677489481213513e-01
2.526600000000000000e+04 2.205472447807572678e-01 -5.815234325961959883e-02 -1.189741666047403612e-01
2.539600000000000000e+04 3.314854528636956843e-02 7.411465695848917790e-02 -1.082215098292316213e-01
2.550400000000000000e+04 3.314854528636956843e-02 7.411465695848917790e-02 -1.082215098292316213e-01
2.595500000000000000e+04 3.314854528636956843e-02 7.411465695848917790e-02 -1.082215098292316213e-01
2.587400000000000000e+04 -5.046506970455055807e-03 -3.634306735041903380e-02 -6.095091689314102723e-03
2.565200000000000000e+04 1.439866524343429433e-01 2.453563425888027894e-02 -8.564965551472170091e-02
2.573500000000000000e+04 7.713844492996102531e-02 -6.454097777442768802e-02 4.962969213941903490e-04
2.559300000000000000e+04 2.893101691684307752e-02 -3.288970815251168744e-02 3.538189217671927622e-02
2.605700000000000000e+04 -5.320784429055080977e-02 -1.064356953582059617e-01 -1.414312879163368564e-01
2.564200000000000000e+04 3.870944451697866384e-02 -1.830327314161017682e-02 -6.247841426048239555e-02
2.594000000000000000e+04 3.870944451697866384e-02 -1.830327314161017682e-02 -6.247841426048239555e-02
2.544600000000000000e+04 1.934117184750903107e-01 -5.731761662904233390e-02 -2.223692995814019469e-02
2.552500000000000000e+04 1.934117184750903107e-01 -5.731761662904233390e-02 -2.223692995814019469e-02
2.553800000000000000e+04 2.590363923794001266e-01 -3.175126413446704987e-02 -2.324352192577450182e-02
2.544800000000000000e+04 2.590363923794001266e-01 -3.175126413446704987e-02 -2.324352192577450182e-02
2.540400000000000000e+04 1.746643623629040576e-02 6.827058981976108498e-02 7.551659506283669998e-02
2.545400000000000000e+04 1.746643623629040576e-02 6.827058981976108498e-02 7.551659506283669998e-02
2.545300000000000000e+04 1.746643623629040576e-02 6.827058981976108498e-02 7.551659506283669998e-02
2.575000000000000000e+04 1.836753758898908018e-01 -5.971143033834636071e-02 -1.065322981164129601e-02
2.577900000000000000e+04 1.836753758898908018e-01 -5.971143033834636071e-02 -1.065322981164129601e-02
2.596800000000000000e+04 9.364834145731393278e-02 1.687948430751919915e-01 -1.883075158757741008e-01
2.586200000000000000e+04 3.520463793790895579e-01 2.455726245502294347e-01 -3.587500727679326928e-03
2.586300000000000000e+04 3.487451012566964437e-01 2.329164052884582503e-01 2.161732356278101008e-01
2.580800000000000000e+04 3.822384044658058144e-01 -4.303504143836693885e-01 -2.657964964455921120e-01
2.566400000000000000e+04 3.510025381128443200e-01 -1.640559427007008964e-01 -1.437204373961868953e-01
2.574800000000000000e+04 4.437700961431474411e-01 2.099392804570605620e-01 -8.220491603096391486e-02
2.530100000000000000e+04 5.656617609923841883e-01 -5.019650558321302469e-01 8.303681722779288066e-03
2.530200000000000000e+04 -1.192760669996140166e-01 -2.721391383603570802e-01 -5.401975772233633677e-01
2.530300000000000000e+04 -3.396872208097150292e-01 -1.281843436809833037e-01 -3.678043658760756784e-01
2.554700000000000000e+04 -2.034906911246636696e-02 -2.843199210943332389e-01 -5.092142341485708101e-01
2.548800000000000000e+04 -4.714013586009606627e-01 -1.506245740793215049e-01 -5.543476960987074875e-01
2.542700000000000000e+04 -1.301439349339297280e-01 -1.535258419609348834e-01 -3.401652011046216728e-01
2.601700000000000000e+04 -2.672643895412569748e-01 1.344570371361069050e-01 -3.300940256419089280e-01
2.550000000000000000e+04 -2.244880762275052177e-01 1.806903076025410115e-01 -2.829638062636554707e-01
2.598700000000000000e+04 4.061099167714488090e-02 -3.325444962539592098e-02 -4.051754051127822720e-01
2.505500000000000000e+04 1.621235908609008902e-01 1.717264087553633800e-01 -3.740777923187579290e-01
2.568300000000000000e+04 1.621235908609008902e-01 1.717264087553633800e-01 -3.740777923187579290e-01
2.568400000000000000e+04 1.621235908609008902e-01 1.717264087553633800e-01 -3.740777923187579290e-01
2.558600000000000000e+04 2.809285514505361903e-01 -8.521659880098830797e-02 -5.407500498858226479e-01
2.547300000000000000e+04 1.816747017363944394e-01 2.083301977454716791e-01 -3.371451417877224799e-01
2.576200000000000000e+04 5.744615571915900887e-02 1.662127723170652160e-01 -2.975678561562595803e-01
2.541500000000000000e+04 1.059661419529369653e-01 2.097491935639794747e-01 -4.935360886853921158e-01
2.528500000000000000e+04 2.367404494521458957e-01 2.932989435464072869e-01 -3.669822155313475776e-01
2.560600000000000000e+04 3.705964394515888216e-01 1.665916881379150283e-01 -5.742552982935684724e-01
2.552800000000000000e+04 -3.542452299575060692e-01 -2.877681583558384659e-01 -4.637176248591572403e-01
2.569400000000000000e+04 -4.647495960733927234e-01 2.068265144560896829e-01 -3.803250245731355506e-01
2.598600000000000000e+04 -3.246500135849323954e-01 3.614685845457419333e-01 -4.346008550955584582e-01
2.574700000000000000e+04 -3.246500135849323954e-01 3.614685845457419333e-01 -4.346008550955584582e-01
