# star id 	 star_x_coords [pc] 	 star_y_coords [pc] 	 star_z_coords [pc] 
5.757100000000000000e+04 9.881463166277877352e-01 1.694250682905114047e+00 -1.086683267434869649e+00
5.674500000000000000e+04 9.881463166277877352e-01 1.694250682905114047e+00 -1.086683267434869649e+00
5.670200000000000000e+04 9.881463166277877352e-01 1.694250682905114047e+00 -1.086683267434869649e+00
1.490700000000000000e+04 7.849159700046559607e-02 1.315801334719601812e+00 -5.676141427011121010e-01
5.747300000000000000e+04 -1.040719248616412962e-01 -1.052708732886728171e+00 -4.874397312763321111e-01
5.773600000000000000e+04 -1.040719248616412962e-01 -1.052708732886728171e+00 -4.874397312763321111e-01
5.674600000000000000e+04 -3.628652205224667249e-01 2.260172269706188786e+00 -3.971164749841662456e-01
5.757900000000000000e+04 -3.628652205224667249e-01 2.260172269706188786e+00 -3.971164749841662456e-01
5.747200000000000000e+04 -1.902772715808591641e-01 4.813280323075019851e-02 -3.054234753990794360e-01
5.759200000000000000e+04 -5.413626673936988709e-02 -1.203377069015509448e+00 7.651877029775366879e-01
1.490600000000000000e+04 -7.924971849591271322e-01 -1.130115518102506655e+00 1.889082458553241750e+00
1.490800000000000000e+04 -8.109835048162583604e-01 -1.135790813661316179e+00 2.239321204144360422e+00
5.798700000000000000e+04 -8.705401159850634230e-02 -1.797443285954365422e+00 3.362028184586023372e-01
5.674400000000000000e+04 -8.705401159850634230e-02 -1.797443285954365422e+00 3.362028184586023372e-01
5.798600000000000000e+04 -8.705401159850634230e-02 -1.797443285954365422e+00 3.362028184586023372e-01
