# star id 	 star_x_coords [pc] 	 star_y_coords [pc] 	 star_z_coords [pc] 
2.497900000000000000e+04 5.354825067515029957e-01 -1.306032946895783198e-01 2.822827907055582841e-01
2.492700000000000000e+04 2.800333862073678404e-02 5.556714544452958648e-01 2.769097284046040386e-02
2.481700000000000000e+04 7.308029015398176398e-02 5.333079414179238142e-01 -1.657726792442915098e-01
2.483300000000000000e+04 1.684812139802271957e-01 5.973211745935813610e-01 9.403481851258277402e-03
2.500100000000000000e+04 8.774566240178671706e-02 -7.882483336544865438e-01 -1.771502017322390543e-01
2.502200000000000000e+04 2.442563607964398642e-01 -4.443086582728383860e-01 -2.147030453824712026e-01
2.493800000000000000e+04 2.504069741002101779e-01 -4.093541177899808758e-01 -6.556847984126790152e-02
2.496500000000000000e+04 -9.841898737342980041e-02 -4.758510203051358189e-01 -3.243197363467515970e-01
2.500800000000000000e+04 -5.528813095362075103e-01 -2.401770216011342995e-01 -3.986731743533411532e-01
2.496400000000000000e+04 -5.528813095362075103e-01 -2.401770216011342995e-01 -3.986731743533411532e-01
2.477600000000000000e+04 -8.239924845604384984e-02 -4.007173115994078216e-03 -6.226230782162360811e-01
2.485900000000000000e+04 -1.529693586112514936e-01 -8.428944197504506519e-03 -5.355825418776305469e-01
2.488200000000000000e+04 -9.695545333638122543e-02 -1.023957642811623714e-01 -5.114165131439278866e-01
2.480200000000000000e+04 -6.132736945382966098e-02 5.067845792088405688e-01 -3.296097981202663618e-01
2.497200000000000000e+04 -1.741669941664021337e-01 5.421118523615859885e-01 1.183547927293915336e-01
2.485000000000000000e+04 1.616316680551275198e-01 9.273611814040094714e-02 5.206944385673395459e-01
2.500500000000000000e+04 1.021529736694475332e-01 -9.247977583329003437e-02 3.858773682951976980e-01
2.498600000000000000e+04 -4.272279168235471047e-03 6.899798240951326989e-03 5.148810385613629137e-01
2.487000000000000000e+04 -3.204715016325945243e-01 -3.506480188687959298e-01 3.027653877493889922e-01
2.490200000000000000e+04 -4.843537437692013725e-02 -2.406881512403487022e-01 3.453508011107189191e-01
2.490100000000000000e+04 -1.589284611929180357e-01 1.960117667401206631e-01 3.190093069756372302e-01
2.491000000000000000e+04 -3.258844832892560106e-01 -7.452984656995909063e-02 3.350920081832242658e-01
2.494900000000000000e+04 -1.338120755712726151e-01 -8.907800518681341373e-02 4.796223255621541171e-01
2.500200000000000000e+04 -1.742550853470294925e-01 -6.248758931960196605e-03 4.124740941645228531e-01
2.489400000000000000e+04 -2.201120938528902116e-01 1.497071140222914210e-01 3.261713634395988493e-01
2.484200000000000000e+04 1.196236158585524123e-01 -1.137202430483981175e-01 1.303036682248972511e-01
2.493300000000000000e+04 4.437976445156444072e-02 -1.734190568730653581e-01 3.458389657663474281e-02
2.494400000000000000e+04 5.885959701499210439e-02 -1.157549046540964355e-01 2.162543477630904931e-01
2.499800000000000000e+04 6.168916486554820722e-02 -2.521101042474995779e-01 2.548085150639636254e-01
2.494200000000000000e+04 2.425613217895126184e-01 2.867829306882185847e-01 8.230461619231022041e-02
2.492100000000000000e+04 2.425613217895126184e-01 2.867829306882185847e-01 8.230461619231022041e-02
2.482600000000000000e+04 6.654873632341384848e-02 1.656500191040422010e-01 1.346672797805297250e-01
2.489300000000000000e+04 -4.797628533504294523e-03 -2.549109950212624653e-02 6.815529884228510582e-02
2.477500000000000000e+04 -4.797628533504294523e-03 -2.549109950212624653e-02 6.815529884228510582e-02
2.500000000000000000e+04 -3.726333447122698317e-03 -5.825127260777662741e-02 1.023750349442309471e-01
2.501700000000000000e+04 1.856350521452601043e-01 1.367601440825438885e-02 5.637660720190496022e-02
2.483900000000000000e+04 5.939379863114879754e-02 1.174914322969655700e-01 6.062905955938191482e-02
2.488800000000000000e+04 1.090610572440819936e-01 -2.558884397177507708e-02 9.058630446727988783e-02
2.482200000000000000e+04 7.057384232882135677e-02 1.071958559557373292e-01 5.948784005526164265e-02
2.491500000000000000e+04 9.166583117437454575e-02 1.321193799540836267e-01 6.209591925335899987e-02
2.493400000000000000e+04 1.273021946781405234e-01 1.072318252157913321e-01 8.912975977871440136e-02
2.482700000000000000e+04 1.008726729604561001e-01 1.496946950853939029e-01 1.232549444277069028e-01
2.494500000000000000e+04 4.389853701898083216e-02 -1.676087491061650780e-02 1.316720749623030429e-01
2.498400000000000000e+04 3.840506872350424317e-02 -2.903148290577917123e-02 1.478818247277970954e-01
2.501300000000000000e+04 3.840506872350424317e-02 -2.903148290577917123e-02 1.478818247277970954e-01
2.499500000000000000e+04 1.103978146851964937e-01 7.371668350408810966e-03 1.878444207297249591e-01
2.481900000000000000e+04 7.373511420563083618e-02 -1.110102676317126225e-02 1.998050423098902684e-01
2.481800000000000000e+04 2.376555340264019378e-02 -2.403548700714708275e-02 2.282552051150332773e-01
2.486400000000000000e+04 -5.735827558146056049e-03 2.388834687653940136e-02 6.678022718055132145e-02
2.489100000000000000e+04 -6.015786055240113228e-03 -2.740924581780745939e-02 1.161082937805488768e-01
2.491400000000000000e+04 -9.698204621865258446e-02 -1.305017180059877546e-01 9.839725353926809248e-02
2.491300000000000000e+04 -2.345770058746978748e-01 -3.369934347462901769e-01 5.435507648451221030e-02
2.490300000000000000e+04 -4.790831677370199770e-02 -1.370179635202148916e-01 1.561002809777605194e-01
2.483000000000000000e+04 -1.132521826781491825e-01 -2.638381438982690952e-01 1.905417710126329212e-01
2.491200000000000000e+04 -2.907143785132859648e-02 -1.866667141186155732e-01 2.049974640432026263e-01
2.482900000000000000e+04 -1.660012629046434540e-01 3.752202166246831894e-03 3.126983675995376188e-02
2.486300000000000000e+04 -3.216998525000214215e-02 4.188489349070323442e-02 4.980347882405311566e-02
2.480500000000000000e+04 -6.666574478257913938e-03 7.856590450922595892e-02 5.496306418046259523e-02
2.489700000000000000e+04 -6.666574478257913938e-03 7.856590450922595892e-02 5.496306418046259523e-02
2.489000000000000000e+04 -1.692226891997172800e-02 3.432799451653778533e-02 7.100122672746067565e-02
2.493500000000000000e+04 -7.649175529881979685e-02 3.440283107729413814e-02 8.984409351505462382e-02
2.488500000000000000e+04 -1.344561520519675923e-01 1.682853747376356068e-02 1.080870347078288773e-01
2.492400000000000000e+04 -1.277353998868768770e-02 -7.168949254420198258e-02 1.186709630004045835e-01
2.477900000000000000e+04 -9.990286099174738865e-03 -1.739899297420777202e-02 1.257713736779919600e-01
2.480100000000000000e+04 -1.356840437831632329e-01 3.484415062673917873e-02 1.246257805106054661e-01
2.492900000000000000e+04 -1.575562653922979450e-02 8.752235246515027711e-02 1.295841553328287432e-01
2.492800000000000000e+04 -5.957317908881876178e-02 4.868423558190215772e-02 1.646489007960312279e-01
2.497100000000000000e+04 -1.559864483258106560e-01 -3.259671457668389394e-02 1.758093572924863679e-01
2.502300000000000000e+04 -8.390084009445430979e-02 1.587403713149981854e-01 1.275477580207748929e-01
2.493000000000000000e+04 -7.331906423613432366e-02 1.963239902217637223e-01 2.845781049727023060e-01
2.495300000000000000e+04 -1.633818872623784557e-01 3.530441008209379561e-01 2.940290500763254045e-01
2.501500000000000000e+04 2.604929170048837506e-01 -1.235360413485651065e-01 1.886440166482543646e-01
2.491700000000000000e+04 3.343456866283780471e-01 1.372882667069532658e-01 5.172655163561046265e-02
2.490600000000000000e+04 3.396587835068309857e-01 -7.403853501506318935e-02 1.783993593093455843e-01
2.489800000000000000e+04 3.709243441765686100e-01 -3.472829796687904036e-01 3.324768329800278366e-01
2.478400000000000000e+04 1.690582016309782887e-02 -1.212189785372714823e-01 -2.368141385098709861e-02
2.478300000000000000e+04 5.257637193481379256e-02 -1.634361593456290507e-01 -1.319278657716438374e-02
2.495600000000000000e+04 6.460109883735043468e-02 1.896481777628409304e-01 -1.670342977247045724e-01
2.495500000000000000e+04 8.353253391447523768e-02 2.970017115505996230e-01 -5.432600292955669374e-02
2.492500000000000000e+04 4.721894500718626375e-02 2.325825849039944160e-01 -4.772944836581416439e-03
2.485700000000000000e+04 1.063339007702346350e-01 -9.042981778948444571e-02 -1.889285974067291818e-01
2.485600000000000000e+04 1.008162991284802246e-01 -8.934990578964630004e-02 -1.550630406743849221e-01
2.486200000000000000e+04 6.013069506531465436e-02 9.145917581356854953e-03 -1.413790675837702793e-01
2.486100000000000000e+04 6.013069506531465436e-02 9.145917581356854953e-03 -1.413790675837702793e-01
2.480700000000000000e+04 6.025683345385246525e-02 -6.978862954805720165e-02 -1.395668161831977727e-01
2.499300000000000000e+04 6.025683345385246525e-02 -6.978862954805720165e-02 -1.395668161831977727e-01
2.498700000000000000e+04 3.680595805435338264e-02 9.674544218504621540e-02 -1.158349600164427784e-01
2.490000000000000000e+04 1.616831393951461138e-01 -7.626773802374486877e-02 -8.284486619983510991e-02
2.498900000000000000e+04 2.050318064880176649e-01 -1.025042209345343736e-01 -2.285631040762581279e-01
2.492000000000000000e+04 7.080381475956976089e-02 -5.990339952923307010e-02 -5.989870817506925960e-02
2.495700000000000000e+04 2.503350396948356149e-02 7.848691799187434981e-02 -6.654093914563219414e-02
2.492200000000000000e+04 2.503350396948356149e-02 7.848691799187434981e-02 -6.654093914563219414e-02
2.480900000000000000e+04 2.503350396948356149e-02 7.848691799187434981e-02 -6.654093914563219414e-02
2.490900000000000000e+04 2.726197646702743782e-02 6.308735234960494154e-02 -6.173097488806433830e-02
2.490500000000000000e+04 2.726197646702743782e-02 6.308735234960494154e-02 -6.173097488806433830e-02
2.495200000000000000e+04 2.349701359649358778e-02 7.089204703859053325e-02 -4.491547276101925945e-02
2.495100000000000000e+04 4.842667987704807331e-02 -4.693675912044170673e-03 -4.173829222233393921e-02
2.492600000000000000e+04 4.842667987704807331e-02 -4.693675912044170673e-03 -4.173829222233393921e-02
2.483800000000000000e+04 2.748663759673775075e-02 9.274353609501417850e-02 -2.897972555014405316e-02
2.496900000000000000e+04 1.015141082672244011e-01 1.244758362212579073e-01 -3.192051619687674702e-02
2.496800000000000000e+04 7.551353507778912899e-03 8.588726585443851036e-02 -2.382536364536491647e-02
2.493200000000000000e+04 7.551353507778912899e-03 8.588726585443851036e-02 -2.382536364536491647e-02
2.487600000000000000e+04 3.529393188584073471e-02 -8.956131163841973830e-04 -6.818567078980208862e-03
2.499200000000000000e+04 3.185890927973389353e-03 1.279381667859240679e-01 -6.949987081908659547e-02
2.494700000000000000e+04 1.133655035836991232e-01 7.846856389939915744e-02 8.912871359385121650e-03
2.501200000000000000e+04 3.475028270597562141e-01 1.419088729241266833e-01 -1.239914189931567989e-02
2.484700000000000000e+04 3.162803838698842185e-01 9.778357325335207406e-02 3.608581198605520513e-03
2.501900000000000000e+04 3.249452685454929934e-01 8.491275161629374679e-02 1.554234461602987949e-02
2.488900000000000000e+04 -2.097994682922443843e-01 -2.154923643531532207e-01 -1.838997413747378573e-01
2.482300000000000000e+04 -7.354236283388182471e-02 -1.820313140609357561e-01 -1.722132849324609083e-01
2.497600000000000000e+04 -1.859703358560693687e-01 -2.804131155803659681e-01 -1.878562740218114868e-02
2.484100000000000000e+04 -7.999530876567284565e-02 2.795740928053689345e-01 -4.035331114724272084e-02
2.497000000000000000e+04 -1.023846596653292806e-01 1.397243352771511127e-01 -1.768352997097437651e-01
2.485400000000000000e+04 -1.023846596653292806e-01 1.397243352771511127e-01 -1.768352997097437651e-01
2.495000000000000000e+04 -3.351896860677783252e-02 4.292237620561678568e-02 -1.486144149538191073e-01
2.491100000000000000e+04 -1.024219206828931306e-01 1.001801009282203836e-01 -1.483376069097559480e-01
2.497700000000000000e+04 -8.220598594248151869e-02 9.056961535846141942e-02 -1.160298377218111909e-01
2.483100000000000000e+04 -8.220598594248151869e-02 9.056961535846141942e-02 -1.160298377218111909e-01
2.483200000000000000e+04 -9.590598128054850235e-02 6.294187298566100708e-02 -1.086964207155745044e-01
2.493700000000000000e+04 -4.284251870411459606e-02 -3.608746949820584859e-02 -9.709312994790053608e-02
2.494800000000000000e+04 -1.297224421635512215e-02 -2.422680000621824092e-02 -9.846678983250711781e-02
2.489200000000000000e+04 -1.107463606872300943e-01 -9.497492226502401991e-02 -1.181940603785207600e-01
2.491600000000000000e+04 -3.248372964000623142e-02 -4.284541150362741746e-02 -8.756658609709688790e-02
2.498500000000000000e+04 -4.741694384794570283e-02 -3.529391959873606766e-02 -6.673050282787329479e-02
2.497400000000000000e+04 -1.768461388347102314e-01 1.173899122824337837e-01 -2.798703910492150726e-02
2.484500000000000000e+04 -1.660830824719994325e-02 -6.769129988581568114e-02 -2.466895603276952897e-02
2.484400000000000000e+04 -2.014041429708548492e-01 5.441327095444847828e-02 -1.890166558330008684e-02
2.500400000000000000e+04 -9.945342093987008525e-03 2.363095825369754266e-02 -1.310491415394210435e-02
2.495400000000000000e+04 -9.945342093987008525e-03 2.363095825369754266e-02 -1.310491415394210435e-02
2.481100000000000000e+04 -5.914611712728934378e-02 -3.347885058303035066e-02 -1.023384401533178334e-02
2.488600000000000000e+04 -5.914611712728934378e-02 -3.347885058303035066e-02 -1.023384401533178334e-02
2.499400000000000000e+04 -1.269837793046626473e-01 -8.032862639446136654e-03 -4.070703880742598813e-03
2.495800000000000000e+04 -4.892539565909181931e-02 -1.582131750076598564e-03 6.037021717993695802e-03
2.477200000000000000e+04 -4.892539565909181931e-02 -1.582131750076598564e-03 6.037021717993695802e-03
2.477300000000000000e+04 -8.349409831992105069e-02 -9.087908560701407623e-02 7.209484183960057635e-03
2.485800000000000000e+04 -8.349409831992105069e-02 -9.087908560701407623e-02 7.209484183960057635e-03
2.484300000000000000e+04 -1.574858423363600934e-02 -1.227753203419723604e-02 2.121350578767078332e-02
2.482800000000000000e+04 -6.667091394764312895e-02 -8.977475790547373435e-02 2.644616947934252948e-02
2.496600000000000000e+04 2.890421858217866458e-01 -1.159909545317177049e-01 -6.111534082903347098e-02
2.489500000000000000e+04 2.821904491056450581e-01 -1.289223200018625448e-01 -5.479978617643155303e-02
2.501000000000000000e+04 6.979479500575180850e-02 -1.624568086881836848e-01 -3.150974627602352029e-01
2.502100000000000000e+04 8.007845228559595796e-02 1.140924579837943043e-01 -4.827434325867798748e-01
2.496100000000000000e+04 -3.407253388149893425e-01 -2.886263518431846364e-01 -2.649706529996294080e-01
2.494000000000000000e+04 -5.339002562150874098e-02 -1.911841950279722369e-01 -2.467198362929252653e-01
2.492300000000000000e+04 -1.361821192476426745e-01 1.378400659208054435e-01 -4.580517441690474811e-01
2.490400000000000000e+04 -1.958678145571610685e-01 -1.306312321204927684e-03 -4.093937037753576647e-01
2.498200000000000000e+04 -1.665116570834559440e-01 -4.651049825716313535e-02 -2.717161636950038428e-01
2.493900000000000000e+04 -6.606142068604192730e-02 7.327444456905851666e-02 -2.604548459308517749e-01
