# star id 	 star_x_coords [pc] 	 star_y_coords [pc] 	 star_z_coords [pc] 
2.261000000000000000e+04 -8.595468591568824479e-01 -7.950394337315742632e-01 -1.624703619738673055e+00
2.257900000000000000e+04 -8.998914375226299001e-01 -2.969597634654093099e-01 2.213940702435088781e-01
2.263900000000000000e+04 7.333544030076453168e-01 -8.274789928679240347e-01 -7.426432440528962786e-02
2.248800000000000000e+04 1.467287211798016244e-01 -4.604853221655673678e-01 -2.134695806091482240e-01
2.255500000000000000e+04 5.337221111554910635e-01 -2.004692801003784552e-01 -1.142477170141464882e-01
2.251400000000000000e+04 -1.396823879702999704e-01 -2.732431153783352329e-01 6.976322320108785391e-02
2.257300000000000000e+04 3.115208367536048684e-01 -4.007567272754073429e-01 -5.452567290574705794e-02
2.258100000000000000e+04 1.771709242389185590e-01 -4.100751069271666438e-01 1.855101336966082926e-01
2.258000000000000000e+04 5.606135203935025402e-02 -2.119968403438150517e-01 5.432776874679134949e-03
2.249800000000000000e+04 5.243967150230233187e-02 -2.117663462081651460e-01 6.594032682223449626e-02
2.255200000000000000e+04 7.993573446290014317e-02 -2.098302347301057580e-01 1.285705097535139174e-01
2.260900000000000000e+04 2.290509365094237637e-01 -3.521559427848472978e-01 -8.495522089987872505e-02
2.256800000000000000e+04 1.313330981788602969e-01 -2.802709114147745595e-01 -7.675916532225102173e-02
2.252100000000000000e+04 -1.596480752919049451e-02 -2.278011754423374668e-01 -1.122701179636855784e-01
2.262200000000000000e+04 -1.618814233296170357e+00 -6.547293856782232524e-02 -2.499913042517846407e+00
2.252400000000000000e+04 7.222808444638317837e-02 1.160839490021032816e-01 6.645245912015074197e-01
2.257400000000000000e+04 2.661960959220230905e-01 1.629128470774787729e-01 5.417691068950336586e-01
2.257500000000000000e+04 2.661960959220230905e-01 1.629128470774787729e-01 5.417691068950336586e-01
2.254100000000000000e+04 -1.427195807783157022e-01 4.141010511713574260e-01 7.350521741325444225e-02
2.255600000000000000e+04 -5.940154122656693403e-02 4.438177681459904989e-01 1.237001251315206218e-02
2.254900000000000000e+04 3.531448924677960122e-02 3.124953804757524267e-01 3.041920882913125013e-01
2.258900000000000000e+04 2.297702822299996228e-01 3.552909643300381504e-01 7.592619142352141637e-02
2.261400000000000000e+04 9.564986348739701327e-01 -1.309989610790722736e-01 -3.393013704116576434e-02
2.250700000000000000e+04 6.688446278138400203e-01 5.844502287438047006e-02 2.343541461956313299e-01
2.250800000000000000e+04 -5.171266288059221949e-01 3.302691535047586058e-01 -6.106512552209917288e-01
2.261200000000000000e+04 -3.966442277927946236e-01 2.341814816200837868e-01 -1.489463045904777516e-01
2.256300000000000000e+04 -5.091269734847223560e-01 3.681814700635470672e-01 -1.065805692348469336e-01
2.260200000000000000e+04 4.741592372526532984e-01 4.057479422802856561e-01 -1.285224534716409295e-01
2.248100000000000000e+04 -4.607043891531077406e-01 3.529238884630103712e-01 -1.311615535570247459e+00
2.259200000000000000e+04 -1.872401634777496326e-01 -1.533814892996900880e-01 2.512085822693848058e-01
2.255800000000000000e+04 1.674019826860266846e-01 -7.206543293642653225e-02 4.175602370486384274e-01
2.251100000000000000e+04 -4.289351821363140971e-03 -3.852358139323541764e-02 2.106822554935874336e-01
2.248600000000000000e+04 2.060669816248612563e-01 1.325221667703146977e-01 1.937321578768127495e-01
2.264100000000000000e+04 -9.048272715095606600e-02 1.271282815009584510e-01 1.983425229318864780e-01
2.256700000000000000e+04 3.934541810692948616e-02 1.981627029856269928e-01 3.099105877393082409e-01
2.263200000000000000e+04 -1.120941324352209278e-01 1.244477655503288815e-01 2.738394230274199259e-01
2.249400000000000000e+04 -1.613762618454614994e-01 -1.020325888355131383e-01 2.712337903823858198e-02
2.260500000000000000e+04 -1.596346573370510669e-01 2.476955147703563398e-02 8.948378426945247099e-02
2.259800000000000000e+04 -1.375092515141460581e-01 -1.956550541565178492e-01 -5.150510071549874169e-02
2.260000000000000000e+04 2.310693098265232948e-01 2.005648107352442366e-02 1.097665304523722796e-01
2.262700000000000000e+04 2.505081440770418055e-01 -1.165622338049843165e-03 1.812965240253934240e-01
2.258400000000000000e+04 5.597913862439440891e-02 -2.098995248900337174e-05 -4.429261403108952777e-02
2.249600000000000000e+04 2.243076858216142000e-02 -3.714087175521285644e-02 3.849799465692704814e-02
2.256400000000000000e+04 2.243076858216142000e-02 -3.714087175521285644e-02 3.849799465692704814e-02
2.249200000000000000e+04 -9.694266224782666086e-02 -5.127624298326338703e-02 4.343686158508575090e-02
2.249300000000000000e+04 1.084542133522319318e-01 3.751932281382153178e-02 6.654071545419526501e-02
2.260800000000000000e+04 -1.724768023370515380e-02 -1.013776573553428761e-01 6.899516427499463589e-02
2.263800000000000000e+04 4.329375802809209972e-02 -1.316772500591838480e-01 -7.993028161658699560e-03
2.259500000000000000e+04 -5.183636881582742717e-04 -3.205007568385553895e-02 8.697743622317588574e-02
2.258300000000000000e+04 -9.131332435889660815e-02 -1.584854935150445954e-01 1.846863319698144323e-02
2.260600000000000000e+04 -9.131332435889660815e-02 -1.584854935150445954e-01 1.846863319698144323e-02
2.261800000000000000e+04 7.824319518411115837e-02 -8.208543177035210192e-02 1.226384266200177819e-01
2.264200000000000000e+04 -7.020902155485231333e-02 4.981697413332142332e-02 1.217084954718838929e-01
2.254800000000000000e+04 2.205185604947601519e-02 -1.806927437326066865e-02 1.211783120312297513e-01
2.264000000000000000e+04 -1.532402252835396439e-02 -4.024980816873835465e-02 1.203505511928675276e-01
2.251200000000000000e+04 -4.357138089874723619e-02 1.307821860356739307e-02 1.347209942942466654e-01
2.257000000000000000e+04 7.413648452954291201e-02 3.210761059727929023e-02 1.380513647920285081e-01
2.256600000000000000e+04 2.889719203171026152e-02 1.513729070271097044e-02 1.421768533098877185e-01
2.261500000000000000e+04 1.488453431947434069e-02 -1.796695151815441704e-01 3.877998495876511242e-02
2.257200000000000000e+04 1.044977600230616588e-01 2.058886448682528680e-02 1.529812539612986910e-01
2.258200000000000000e+04 6.815319624912419272e-02 -1.077398986164723738e-02 1.638675774831526155e-01
2.262100000000000000e+04 1.693953072476261923e-02 3.779619108178167153e-02 1.643251435484103240e-01
2.255100000000000000e+04 6.448417763500913225e-03 1.341289557769442808e-01 4.891319526864101874e-02
2.251000000000000000e+04 9.066942099536134947e-02 1.428296646205211573e-01 1.529766605570159754e-01
2.256100000000000000e+04 3.496517617357142171e-02 8.677593154426688216e-02 1.768429017999206820e-01
2.256500000000000000e+04 -9.355085274240337867e-02 1.694702271004757677e-01 1.806401728175099919e-01
2.250600000000000000e+04 4.801164140588198848e-02 1.023322880891299747e-01 1.816113859730563718e-01
2.261700000000000000e+04 -2.126063725689668615e-01 2.013935949830738537e-01 -7.430388003125898422e-03
2.259700000000000000e+04 -1.866056603151093896e-01 1.238228857251328918e-01 1.400343251483189277e-01
2.256200000000000000e+04 1.264567550527999629e-01 2.274918333446152019e-01 8.187452202448142202e-02
2.261300000000000000e+04 3.491376332261886262e-01 2.653763988672181995e-01 -5.718095020782243409e-03
2.248900000000000000e+04 1.348310022439420663e-01 9.877265447190097802e-02 1.521975201113399123e-01
2.251600000000000000e+04 1.269490611265027269e-01 7.616826157246237017e-02 1.533418272959377049e-01
2.258700000000000000e+04 1.266961414171703382e-01 1.180063407974216716e-01 1.468406396259016589e-01
2.252000000000000000e+04 1.303134770794329711e-01 9.648538149734520175e-02 1.619430889724178257e-01
2.255000000000000000e+04 1.770153369409186439e-01 7.654890051873053380e-02 1.799201971090784724e-01
2.257600000000000000e+04 -2.233292192275229127e-01 5.562960145761053354e-02 -2.397025131748833360e-01
2.248400000000000000e+04 -1.582826618619570525e-01 -7.287906984588232717e-02 -1.864400970027357829e-01
2.259600000000000000e+04 -3.480450496051084031e-01 -2.700620824803934283e-02 -1.372473062317975945e-01
2.249000000000000000e+04 -8.433061731751934076e-02 -8.222962421643842390e-02 -2.715292242096154496e-01
2.259300000000000000e+04 -1.378786574700541223e-02 5.600214669782133114e-02 -1.727530805819608162e-01
2.255900000000000000e+04 -7.988060411063457877e-02 2.260908955044271806e-02 -1.069073318762043812e-01
2.257100000000000000e+04 -2.870859861282042402e-01 2.919101114667341790e-01 -2.031150356742852381e-01
2.255400000000000000e+04 3.489032490223458183e-01 1.422645427276165719e-01 -1.399018865746928242e-01
2.257800000000000000e+04 -8.951256175968325124e-02 9.972876334819602562e-02 -1.758758233193535858e-01
