# star id 	 star_x_coords [pc] 	 star_y_coords [pc] 	 star_z_coords [pc] 
3.979500000000000000e+04 8.191444622648447194e-02 5.991042820461984775e-01 -5.851416699141367417e-01
3.978700000000000000e+04 8.191444622648447194e-02 5.991042820461984775e-01 -5.851416699141367417e-01
3.979400000000000000e+04 3.452894084888598059e-01 -1.487765049475342494e-03 -2.591796187529098461e-01
3.978600000000000000e+04 1.693582716887362949e-01 -3.305373452214439567e-01 2.447805880574236426e-01
3.978100000000000000e+04 -2.690114089321440360e-01 -7.771387117227135377e-01 4.766440624161276673e-01
3.979700000000000000e+04 -2.690114089321440360e-01 -7.771387117227135377e-01 4.766440624161276673e-01
3.975200000000000000e+04 1.101674899585766809e+00 9.087588714057233119e-01 -1.160807251291458897e+00
3.978300000000000000e+04 1.212564278609740143e+00 -1.271987977380177881e-01 -4.329554081760278450e-01
3.983500000000000000e+04 1.779582683658624376e+00 1.414775224024907629e+00 -2.005270557178008062e+00
3.983600000000000000e+04 -1.586907031123232059e+00 -3.728127573426007757e-01 1.505245302405754160e+00
3.975300000000000000e+04 -1.060461549617336630e+00 -7.626158072931730203e-01 8.199368662748867109e-01
3.975600000000000000e+04 -1.586907031123232059e+00 -3.728127573426007757e-01 1.505245302405754160e+00
