# star id 	 star_x_coords [pc] 	 star_y_coords [pc] 	 star_z_coords [pc] 
1.702500000000000000e+04 3.708368266640295730e+00 -1.307280215468718865e+00 9.068359792963178734e-01
1.688200000000000000e+04 2.597838886563483385e+00 -1.110055178242927099e+00 -7.763732404349497074e-01
1.691600000000000000e+04 2.589720012134037574e+00 -1.305149786591893957e+00 4.010674283637456483e-01
1.699400000000000000e+04 2.332837455992443410e+00 -1.634378234398248253e-01 -1.265593036945190875e+00
1.698700000000000000e+04 2.189285601204371545e+00 2.348743630776155555e-01 8.022508669774737200e-01
1.708700000000000000e+04 1.729408265568395109e+00 5.538603655615226273e-01 9.844337149018258515e-01
1.708100000000000000e+04 1.652249948646350219e+00 3.616379828970046617e-01 1.462586396529346189e+00
1.708600000000000000e+04 -1.060812218020036113e+00 -2.404755566097051656e+00 -2.391920111740191146e+00
1.708500000000000000e+04 -1.875396190932189455e+00 -2.460832498917433497e+00 -3.141025091177453987e+00
1.694500000000000000e+04 8.606362020012667813e-01 1.018787808043203569e+00 2.069486761692729715e+00
1.688600000000000000e+04 -1.714636330163109790e+00 -1.555860672017104207e+00 -2.410229006341083391e+00
1.688500000000000000e+04 5.420875102940989620e-01 -1.017145744573600297e+00 -1.804582911610125961e+00
1.702800000000000000e+04 -1.883028297400514361e+00 -1.120363654710612167e+00 -2.718528434722600196e-01
1.683200000000000000e+04 -2.169301668134471228e+00 8.177632400935905821e-01 -7.824389759006322720e-01
1.695700000000000000e+04 -2.430291163288140766e+00 6.461729416613160026e-01 4.929570524328852343e-01
1.697200000000000000e+04 3.942778941757865141e-01 2.186262364035819417e+00 1.062516040646499960e+00
1.687000000000000000e+04 -6.441492915197599700e-01 1.876917521577965431e+00 1.031312011511317905e+00
1.680800000000000000e+04 -6.441492915197599700e-01 1.876917521577965431e+00 1.031312011511317905e+00
1.692800000000000000e+04 -4.485659891820610312e-01 -5.163311909376737674e-01 -4.626326082396303718e-02
1.700300000000000000e+04 -6.979841154701347250e-01 -7.166754996694955082e-01 2.245250577448132390e-02
1.706700000000000000e+04 -7.016518054862395104e-01 1.504482878306419025e-01 8.324238735315248050e-02
1.701500000000000000e+04 -3.036792422521301660e-01 -8.697477248600407052e-01 -1.490557992663781306e-01
1.693600000000000000e+04 -3.553915292866385300e-01 -4.381869795198838347e-01 7.715335921189279134e-01
1.693500000000000000e+04 -4.116565763603716732e-01 -4.714264224919872959e-01 7.548112386899674675e-01
1.685000000000000000e+04 -3.366629315981910509e-01 -4.064417759379139738e-01 4.126553335485567686e-01
1.699300000000000000e+04 -4.916610948281316951e-01 4.453972508363435168e-02 4.379429808188888273e-01
1.688700000000000000e+04 -1.318060892329622646e+00 9.436838796733937329e-02 5.235541858143193394e-01
1.704600000000000000e+04 -1.217166168373111645e-01 2.251745675656025014e-01 8.034687279989185527e-01
1.686100000000000000e+04 -3.859631995928083370e-01 4.886906019743975094e-02 6.756462527921058836e-01
1.705500000000000000e+04 -3.859631995928083370e-01 4.886906019743975094e-02 6.756462527921058836e-01
1.687400000000000000e+04 -1.077940639574794801e+00 5.359523355027171476e-01 -6.537215479141877950e-02
1.689100000000000000e+04 5.110107313474010482e-01 -9.407446015789844296e-01 8.150222352193736697e-02
1.684200000000000000e+04 -8.800436366692991896e-01 -3.115506409900596907e-01 1.195264547557471246e+00
1.709500000000000000e+04 5.815898583753451589e-01 3.536672138670127197e-02 3.463401599512536677e-01
1.685700000000000000e+04 6.392435554324968905e-01 -3.446059058613499815e-01 3.958447948765950741e-01
1.700100000000000000e+04 -8.433019522146132374e-01 5.131763939430413757e-01 4.498531421957920884e-01
1.698800000000000000e+04 3.085327248909663922e-01 -4.165263097094182854e-01 6.881216003903318779e-01
1.712200000000000000e+04 2.685820166905017459e-01 -1.050467900740475358e+00 9.685107885795645188e-01
1.700000000000000000e+04 -3.962624168961070836e-01 8.832319868826452591e-01 4.223421964855731403e-01
1.692600000000000000e+04 -1.138418983172009291e-01 7.860423217268319718e-01 5.541870889197468841e-01
1.691700000000000000e+04 -6.921492107187710019e-01 1.657270541740899716e+00 2.708520513281911235e-01
1.702100000000000000e+04 -6.921492107187710019e-01 1.657270541740899716e+00 2.708520513281911235e-01
1.688400000000000000e+04 -6.921492107187710019e-01 1.657270541740899716e+00 2.708520513281911235e-01
1.692100000000000000e+04 -6.921492107187710019e-01 1.657270541740899716e+00 2.708520513281911235e-01
1.704300000000000000e+04 1.638639760889404329e-02 7.386930064937260454e-01 1.473636635717866739e+00
1.685100000000000000e+04 -1.674390358802533285e-01 1.219412845811422841e+00 5.767101240482475077e-02
1.685200000000000000e+04 -3.800108817997944755e-01 3.415901443736153453e-01 9.423554946081083017e-01
1.689200000000000000e+04 -5.360482099834129599e-02 5.641731717969982185e-01 1.179859722662442323e+00
1.709100000000000000e+04 -3.265008690573480976e-01 2.664501986437102232e-01 8.951747512032568466e-01
1.686700000000000000e+04 4.455739664197402305e-01 -2.816590823581677228e-01 1.108208516317162662e+00
1.704500000000000000e+04 7.398157868611754395e-01 -1.144256718906902393e+00 1.040299218109680623e+00
1.685600000000000000e+04 -6.960538755619793960e-02 -5.551949146909649357e-01 -3.487220278464064904e-01
1.678600000000000000e+04 -4.921256586094315821e-01 -6.000558015048724769e-01 -1.741322107461087398e-01
1.704700000000000000e+04 -9.353029405387722761e-01 -1.165804551266436562e+00 -4.876887901624940014e-01
1.686000000000000000e+04 -8.522654164981915415e-01 -9.862977130665484538e-01 -2.899100111659862478e-01
1.692000000000000000e+04 -2.248705689741328229e-01 -2.552083380900604936e-01 -5.004750261352910456e-01
1.701700000000000000e+04 -3.138643432281362777e-01 5.605678773344280330e-02 -5.062150195999493008e-01
1.707700000000000000e+04 8.163332802033096414e-02 2.669496424093331655e-01 -4.110081778495811022e-01
1.691900000000000000e+04 5.811074166986927025e-01 1.470943629144976228e-01 -4.843892573011174818e-01
1.697400000000000000e+04 8.076667892064790522e-01 4.193631283381762387e-01 -4.717240313963486642e-01
1.689700000000000000e+04 -3.438630420909341012e-01 2.498587337318305401e-01 -5.204308517437112869e-01
1.711600000000000000e+04 -1.647059462213888992e-01 6.338519576744943151e-01 -5.438224085555987131e-01
1.696900000000000000e+04 -4.712758461741799465e-01 2.911016691165784209e-01 -3.813142708034717998e-01
1.707500000000000000e+04 5.092560229100584479e-01 -8.590079015584954902e-01 -5.751622105700988641e-01
1.682200000000000000e+04 2.213202664204665382e-01 -1.106458593503742094e+00 -4.114785062780441649e-01
1.682300000000000000e+04 3.668214417854400722e-01 7.908740549599428959e-01 -2.957379440506997526e-01
1.705600000000000000e+04 4.142831548246270756e-01 1.226093311268197539e+00 -2.388469591522834889e-01
1.697500000000000000e+04 1.857795287277070884e-01 -2.939927737481866643e-01 -6.106442080284750773e-01
1.683100000000000000e+04 5.548881784115202720e-01 -1.146006898209215308e-01 -3.651244770712622767e-01
1.672800000000000000e+04 -3.626784804929883421e-02 -1.652526552387421077e-01 -6.199003877042343902e-01
1.711000000000000000e+04 3.078891783818704653e-01 -1.815770594163552687e-01 -3.614250336000850439e-01
1.686800000000000000e+04 -2.774360631008896405e-01 7.323432308463964091e-01 -1.607838715397491569e-01
1.705300000000000000e+04 8.774257835222627477e-01 -3.508945738601596531e-01 -2.249291056984787929e-01
1.705400000000000000e+04 6.725880130633719034e-01 -3.386842293488250277e-01 -5.099790416000331561e-01
1.710300000000000000e+04 1.330767890265864395e+00 -1.345309600034653386e+00 1.849374859121155623e-01
1.704900000000000000e+04 1.483716878551138763e+00 8.740529612704222018e-01 1.043344168394355620e-03
1.699500000000000000e+04 1.579791566298354155e+00 -4.881677020470718276e-01 1.258945370703415279e+00
1.694700000000000000e+04 -1.044417134277072279e+00 -7.363488214895603790e-01 -6.870809612607473582e-01
1.685800000000000000e+04 -2.086117022338953575e-01 -6.594914358694907719e-01 -7.779095237563211640e-01
1.693200000000000000e+04 -2.232560032420920493e-01 -4.869779162711651566e-02 -8.178149219146604310e-01
1.693300000000000000e+04 -2.706048885338816490e-01 -1.066131502712508450e-01 -8.308407444262826402e-01
1.705900000000000000e+04 -3.607708694160685070e-01 3.162313234040041721e-01 -8.379111203763613958e-01
1.688000000000000000e+04 -8.484955559547735504e-01 1.004386636111128439e+00 -8.220924130228866034e-01
1.709800000000000000e+04 1.399315100927367439e-01 3.038077702984374184e-01 -6.003103090413191012e-01
1.689500000000000000e+04 1.363427109023010786e+00 3.531994697422540241e-01 -9.145630035031189209e-01
1.689400000000000000e+04 -1.703213024858030167e-01 -4.093721215768404420e-01 -1.142823229820123743e+00
1.665300000000000000e+04 -1.527417482095991375e+00 -1.198941289519090958e+00 -1.264418870451422094e+00
1.696200000000000000e+04 -2.218438881491735515e-02 -3.235423739562293122e-02 -1.441170314045123746e+00
1.705100000000000000e+04 1.490670673226823340e+00 -3.210386705002825636e-01 -1.261275419473847137e+00
1.710500000000000000e+04 1.490670673226823340e+00 -3.210386705002825636e-01 -1.261275419473847137e+00
1.703200000000000000e+04 8.136781092293787765e-01 -1.192705546848166875e+00 -1.417299557284238176e+00
1.686200000000000000e+04 2.703270683672691632e-01 -1.594972271119953433e+00 -1.554904403109048872e+00
1.711300000000000000e+04 9.107728506256052015e-02 -1.584891164687338261e+00 -1.124208436452946103e+00
1.711400000000000000e+04 -5.669708497116197066e-01 -8.018687682959324547e-02 3.578011142643617859e-01
1.700500000000000000e+04 -5.366898092836862588e-01 -5.813604796599847191e-02 3.397939143103201332e-01
1.681700000000000000e+04 -2.206877863735741130e-01 8.495964406419531656e-02 4.452240877268565100e-01
1.680200000000000000e+04 -1.724268335805660968e-01 4.357127580503572517e-02 3.320036872202791756e-01
1.694100000000000000e+04 -3.170077862438347438e-01 1.887834838310382679e-01 3.607285550625221049e-01
1.694200000000000000e+04 8.180943775487037328e-02 3.286637246420944791e-01 3.589172762508496817e-01
1.687100000000000000e+04 8.201125190904434703e-02 -1.858286356128431294e-01 3.237341380161922189e-01
1.679400000000000000e+04 -2.759558552734908687e-01 7.858772942490332980e-02 6.767558530262363092e-02
1.699700000000000000e+04 -3.332526550105043839e-01 9.649026312377628756e-03 1.538753966269723605e-01
1.706600000000000000e+04 -4.670383570247480520e-01 1.303514128582641263e-01 1.266581015805741117e-01
1.699200000000000000e+04 -2.641362209264030980e-01 -1.225463513947175898e-01 4.037391177751459281e-01
1.703900000000000000e+04 -6.129272752946945957e-02 8.046053239073813756e-02 9.814810362777848241e-02
1.684900000000000000e+04 -1.070777090049936930e-01 -1.357860542123390246e-02 1.047034758180984682e-01
1.712700000000000000e+04 -1.070777090049936930e-01 -1.357860542123390246e-02 1.047034758180984682e-01
1.697700000000000000e+04 1.549306735558531045e-03 5.556480175771483232e-02 -1.959962991999475435e-02
1.690800000000000000e+04 -1.153926734972614554e-01 1.130629929945925483e-02 1.552599273347112785e-01
1.690900000000000000e+04 -1.153926734972614554e-01 1.130629929945925483e-02 1.552599273347112785e-01
1.709400000000000000e+04 -2.117299690831231374e-02 1.089114375473023699e-01 -5.653349640033411561e-02
1.691100000000000000e+04 -5.239586284731245769e-02 3.648172922147807640e-03 1.375236885166941647e-02
1.708400000000000000e+04 -1.079600316832127760e-01 -1.246986092479502872e-01 2.656768698766711623e-01
1.684100000000000000e+04 -1.226288281499137156e-01 1.495661161792618543e-01 2.303267382556981602e-01
1.688800000000000000e+04 -6.796865695609710656e-02 1.205149060323051913e-02 1.278296951442854379e-01
1.682000000000000000e+04 -1.336786456078087326e-01 -1.675538768096629383e-01 1.294125790781492924e-01
1.696500000000000000e+04 -1.336786456078087326e-01 -1.675538768096629383e-01 1.294125790781492924e-01
1.705800000000000000e+04 1.571936446401629439e-01 1.485450597990158883e-01 2.681480143067034305e-01
1.680100000000000000e+04 1.886493613382711487e-02 1.282869478768127181e-01 6.470178822203820346e-02
1.679700000000000000e+04 3.915528071652474296e-02 1.778111779746822663e-01 9.855620601292969241e-02
1.682700000000000000e+04 1.742339189114261444e-03 2.069501330448844101e-01 1.374549500786201861e-01
1.701300000000000000e+04 1.626390486860351814e-01 2.870641452243916092e-01 1.763407060849715435e-01
1.709300000000000000e+04 -4.317115995142373208e-02 2.519930788565005741e-01 2.347457253393656629e-01
1.698300000000000000e+04 -1.059003172049486352e-01 2.158173367525577646e-01 2.966540051965012026e-01
1.698900000000000000e+04 9.671078793564547027e-02 -7.039352379863217379e-02 2.615462962839387728e-01
1.690600000000000000e+04 1.839211452172584416e-01 -1.630508645633028664e-01 2.422030713623541942e-01
1.674900000000000000e+04 -2.107874904169548813e-01 1.500894903589902185e-01 1.537683467136048421e-01
1.702000000000000000e+04 -2.416899809082906359e-01 5.346334241619388195e-02 1.378268699662612562e-01
1.693900000000000000e+04 -1.195641726264149440e-01 1.732928490690142098e-01 2.958091267243503353e-01
1.700700000000000000e+04 -1.523755779194431170e-01 1.617186855848800064e-01 1.602971996360054163e-01
1.688100000000000000e+04 3.595857374439503928e-02 -7.307949176819761306e-03 2.701599542933621478e-01
1.691000000000000000e+04 1.140562776041171844e-01 1.241962565659413542e-01 1.454521934137034123e-01
1.690700000000000000e+04 2.305388409109738745e-01 2.582116483296559295e-02 2.921579386918722321e-01
1.708800000000000000e+04 1.514840272259974086e-01 -1.151556544860667941e-01 2.592103360520070510e-01
1.701000000000000000e+04 -1.045156822464008428e-01 6.449598635597197926e-02 7.871908003559724420e-02
1.689000000000000000e+04 -8.190836352075336890e-02 -1.444653651063632083e-02 1.313381103154256380e-01
1.674700000000000000e+04 1.372043356102565781e-01 5.768169370336551083e-02 5.027859552409950084e-01
1.684500000000000000e+04 2.994112887732214290e-01 1.930341752640316599e-01 4.164325160323727459e-01
1.707000000000000000e+04 4.575547304476756949e-02 6.909688290336291061e-02 -8.313475147819815447e-02
1.696400000000000000e+04 6.961184742275605686e-02 4.416147624369521907e-01 8.496936631740936718e-02
1.683600000000000000e+04 9.153413524622067143e-03 5.506114715482368638e-02 1.416679380469503258e-01
1.680000000000000000e+04 -3.846798643313711352e-01 -3.104055064825637089e-01 8.356845255657674443e-02
1.688300000000000000e+04 -5.330466796975841248e-02 -3.558209504130793732e-01 -6.626291805363848653e-02
1.690200000000000000e+04 -1.103437950197623252e-01 -1.706337357845448821e-01 1.501864305649291964e-02
1.687700000000000000e+04 -3.095494021912337246e-01 -5.535861787224050090e-02 4.004755249005143014e-02
1.711500000000000000e+04 -4.501066261893171827e-02 -1.566062731717856593e-01 -1.083395125235142586e-03
1.703700000000000000e+04 -3.392405805855602807e-02 -4.907974397637104857e-02 4.794763107865662732e-02
1.684300000000000000e+04 -6.522732899465921719e-02 -7.525192160389337914e-02 1.329817908870154497e-01
1.692300000000000000e+04 -1.229490239577408772e-01 2.181916759646007620e-01 -4.765213988250138755e-03
1.704200000000000000e+04 -8.452433227176925357e-03 3.982237564709478761e-02 4.016708712289585037e-02
1.702700000000000000e+04 -1.671972322077124318e-01 1.341059181770383191e-01 -4.494368882474475413e-02
1.682600000000000000e+04 -3.112340814814373857e-02 8.748249540626318321e-02 -2.976013516762066047e-02
1.706500000000000000e+04 8.201343122384230355e-02 -4.998420838344586059e-02 -1.983679660361445940e-01
1.690000000000000000e+04 -8.733184006199579130e-02 1.072483678167444054e-01 5.436764316316100576e-02
1.681500000000000000e+04 -1.194134055437707786e-01 2.398877624396078545e-01 3.144939899046050868e-02
1.708000000000000000e+04 6.965003705948547008e-02 1.183598022344227729e-01 -2.701570978753409236e-02
1.698600000000000000e+04 -7.829993947168034651e-02 6.563763157123148062e-02 -4.368603210684796068e-02
1.700900000000000000e+04 -2.860406948632743251e-02 2.514218374510690523e-02 -3.062397061815147481e-02
1.672900000000000000e+04 -1.575216514980652960e-01 1.078003726544203289e-01 2.152541670099594739e-02
1.674500000000000000e+04 1.262336084446644691e-01 -7.697229967517671412e-02 -9.405014750768714293e-03
1.706400000000000000e+04 -1.246441153590751583e-01 1.299648941957443071e-02 -1.826872518525135547e-02
1.691400000000000000e+04 -1.287381889744736441e-01 -2.987342077886623315e-02 -2.421271087484910822e-02
1.715100000000000000e+04 -8.286990985270037413e-02 -3.784417619592517212e-02 6.434375857382690356e-02
1.715000000000000000e+04 -1.960162286171751589e-02 -1.259857109744402237e-01 -6.202067989386250702e-02
1.682500000000000000e+04 -3.804550360903746764e-02 -2.328415189593968648e-02 3.072682513764846135e-02
1.681200000000000000e+04 -4.658466259181537339e-02 1.012045153189511382e-01 7.640216660195164877e-02
1.710400000000000000e+04 -4.383779341336335733e-02 1.953521050809321480e-01 8.028830412681031703e-02
1.684700000000000000e+04 -1.520825918234720575e-01 8.826204469385245943e-02 -3.152196077584790146e-02
1.673200000000000000e+04 9.991798890939662670e-02 1.187897776351114487e-01 6.325402777697775036e-02
1.692200000000000000e+04 -7.893832469454054035e-02 -8.303117225238665355e-02 1.626084999469412651e-01
1.716100000000000000e+04 -3.033875330745061660e-02 1.071905934574530761e-01 3.178141594513306245e-02
1.684800000000000000e+04 2.682089390638253690e-02 6.258440134005383015e-02 6.194343378838595982e-02
1.684400000000000000e+04 -1.393949582134190734e-01 1.059206018028824303e-01 -2.592078187602453454e-02
1.689900000000000000e+04 -1.098099114122810249e-01 -3.434407048662535544e-02 6.956388257712831091e-02
1.706800000000000000e+04 -2.406294667137238719e-01 -1.085645391942939852e-01 1.236363799767730143e-01
1.682900000000000000e+04 -2.564144403442405462e-01 1.187986822471991388e-01 -3.421170075579027525e-02
1.702200000000000000e+04 -4.077311074159730708e-01 4.293026604206282570e-01 -4.960797832792707140e-02
1.694000000000000000e+04 3.015813247170839873e-02 -2.299352707566910681e-01 9.187638646336893089e-02
1.674600000000000000e+04 3.467065716963801947e-02 -1.211340558830755754e-01 -8.917769258998475834e-02
1.667200000000000000e+04 5.631858300203873569e-02 -2.200873109491183754e-01 4.679637363956601348e-02
1.687800000000000000e+04 -6.787525618658918347e-02 -1.772507197096544473e-01 9.508061367635889383e-02
1.674400000000000000e+04 8.938277907546421375e-03 -2.544749052333656891e-01 2.402820710078401589e-02
1.695100000000000000e+04 5.030906307712967873e-03 -7.932843530136679533e-02 9.169290627076520650e-02
1.696300000000000000e+04 5.030906307712967873e-03 -7.932843530136679533e-02 9.169290627076520650e-02
1.703500000000000000e+04 1.930429759130447565e-02 1.841577084110390672e-01 -5.926253836278760900e-03
1.714200000000000000e+04 3.805130263987166472e-02 3.098023768503779252e-01 -2.254276954752754136e-02
1.702900000000000000e+04 3.805130263987166472e-02 3.098023768503779252e-01 -2.254276954752754136e-02
1.690100000000000000e+04 -2.537545695916136879e-01 2.437603662678071714e-01 -1.288247064686203203e-01
1.686500000000000000e+04 -8.377515452364292514e-02 3.448836170031768233e-01 -8.377117626025665231e-03
1.698100000000000000e+04 -2.244623690559954809e-01 3.833612400209140958e-01 -5.274261003476965470e-02
1.703300000000000000e+04 1.347273160620154897e-01 1.075790317500953108e-01 8.971055510409087219e-02
1.697100000000000000e+04 -9.969829283085118732e-02 2.736180652795709989e-01 -4.485196378135469786e-02
1.685500000000000000e+04 9.302571064235820586e-03 2.186925809833120127e-01 7.001460197741948832e-03
1.685400000000000000e+04 2.013818817669843497e-02 2.267830154137584486e-02 3.306635950556824355e-02
1.703800000000000000e+04 -2.044585542665799949e-02 1.071826922905749768e-01 1.344203258345544327e-02
1.687900000000000000e+04 -2.044585542665799949e-02 1.071826922905749768e-01 1.344203258345544327e-02
1.702300000000000000e+04 -1.268609253675059279e-01 2.040389178039596629e-01 4.501448609381952792e-02
1.699000000000000000e+04 1.186811257143496334e-01 1.615368945540680556e-01 -3.039034694936049164e-03
1.693100000000000000e+04 2.406568023708253179e-01 1.963112904677828396e-01 -1.092517174753311338e-01
1.696000000000000000e+04 3.985667493694151631e-01 1.391466940242125361e-02 -5.834985787471680396e-02
1.678800000000000000e+04 2.273056526221672868e-01 1.306052230400922554e-01 1.202301577257287590e-01
1.687300000000000000e+04 2.430933897376874597e-02 1.304568087633839468e-02 1.309981071013197607e-01
1.712800000000000000e+04 2.430933897376874597e-02 1.304568087633839468e-02 1.309981071013197607e-01
1.697900000000000000e+04 1.407764930645036827e-01 1.109905379500339961e-01 3.577269775807678798e-02
1.712900000000000000e+04 3.805262054672908789e-03 1.262369923971107255e-04 -4.442696729017825419e-02
1.695600000000000000e+04 3.805262054672908789e-03 1.262369923971107255e-04 -4.442696729017825419e-02
1.679000000000000000e+04 2.222728496378323371e-02 5.445916114178928069e-02 -3.496986593680162514e-02
1.691800000000000000e+04 3.479910611810765886e-02 7.124309396044381515e-02 1.962577503897335873e-01
1.687500000000000000e+04 1.653995630274103235e-01 7.441604791902634020e-02 6.199968593647042781e-02
1.684600000000000000e+04 -3.009606885235527329e-02 1.279455675069307574e-01 -1.216027543102313757e-01
1.706100000000000000e+04 1.889717795372618525e-01 2.818378868442970031e-01 5.152071658909562757e-02
1.704800000000000000e+04 4.404734307594893039e-02 9.856749465335212790e-02 2.247679024327453590e-02
1.707600000000000000e+04 -1.685181709127476779e-01 3.154056167036145553e-02 -9.336941811915266953e-02
1.683300000000000000e+04 1.580259378741502019e-01 9.638260362926587277e-03 3.417747888754263386e-02
1.697800000000000000e+04 -4.317348982791457956e-03 2.232371619364172943e-01 2.014347712834734239e-01
1.683900000000000000e+04 -3.927139741713503440e-02 -2.278097699608849780e-02 3.661009803801107410e-02
1.706200000000000000e+04 -1.875279082042879963e-02 9.038921591927362442e-02 -1.151826178214037100e-01
1.710100000000000000e+04 -1.875279082042879963e-02 9.038921591927362442e-02 -1.151826178214037100e-01
1.696700000000000000e+04 2.885478652733297622e-02 4.779272525727762400e-02 5.333520677376668573e-02
1.709600000000000000e+04 4.445109777908839988e-02 -1.170406626877351641e-02 1.028104093797566065e-01
1.692700000000000000e+04 4.445109777908839988e-02 -1.170406626877351641e-02 1.028104093797566065e-01
1.707100000000000000e+04 1.655925997107132730e-01 -1.514403481477479829e-01 1.475423317137085633e-01
1.700800000000000000e+04 3.744489355581137602e-02 1.803985451458913758e-01 6.708470867252458447e-03
1.687200000000000000e+04 8.285169785543544663e-02 2.047641855793358445e-02 8.327910827253504067e-02
1.691200000000000000e+04 8.285169785543544663e-02 2.047641855793358445e-02 8.327910827253504067e-02
1.676300000000000000e+04 -1.649287471672167271e-02 1.647799647752599128e-01 -8.871061061653051638e-02
1.694900000000000000e+04 8.599782551625878568e-02 2.049439878515357805e-03 2.544345150943883027e-01
1.699900000000000000e+04 -7.748546392135935434e-02 -1.450358122088850621e-01 1.082797734479612473e-01
1.709200000000000000e+04 1.642668843775858534e-01 8.875955820212055869e-02 -6.013790865904411476e-02
1.694800000000000000e+04 1.500954260090665571e-01 1.510361303170633107e-01 1.456512383278152356e-01
1.703600000000000000e+04 1.651625801628142653e-03 -4.175301221181371147e-03 5.723039869350543540e-02
1.698400000000000000e+04 -2.646875450561125831e-02 1.143072062618095686e-01 8.917461783016733534e-02
1.710900000000000000e+04 -3.841258889617904515e-02 6.941850737035082375e-02 9.678735230731660977e-02
1.682800000000000000e+04 -3.841258889617904515e-02 6.941850737035082375e-02 9.678735230731660977e-02
1.701900000000000000e+04 1.837958148361700239e-01 -3.601968187325610415e-04 1.092569355071901782e-01
1.699100000000000000e+04 -7.422296025325536561e-02 -2.849467039324338202e-02 2.908909200516376359e-01
1.691500000000000000e+04 1.866969436240140112e-01 5.614780616031112004e-02 1.661104164854521059e-01
1.686900000000000000e+04 -2.038383763616735678e-02 1.183966264809299673e-02 4.767936387133886456e-02
1.683000000000000000e+04 -2.038383763616735678e-02 1.183966264809299673e-02 4.767936387133886456e-02
1.692400000000000000e+04 9.950467074891733432e-02 4.416339712502548309e-03 2.256149330218732985e-01
1.713000000000000000e+04 3.034022934133382421e-01 2.493025200473582004e-01 6.784680992849700942e-02
1.706000000000000000e+04 3.952120208013951697e-01 -2.402428224026920134e-01 -1.826102892005110334e-01
1.699600000000000000e+04 3.990302761163420087e-01 -3.062400850018320853e-01 1.622713294966615649e-02
1.707900000000000000e+04 3.223880945357215921e-01 -1.944248138207171905e-01 8.041266440305605556e-02
1.709000000000000000e+04 4.781034911900299278e-01 -1.821282347260542167e-01 1.882849308562839497e-01
1.705700000000000000e+04 1.710786909343511297e-01 2.222886143625721900e-01 4.644346396758436413e-01
1.683700000000000000e+04 4.785293712006577493e-01 8.843478108097357904e-02 2.091345315553923001e-01
1.680500000000000000e+04 -1.017256497791407810e-02 3.758784866557860482e-01 -9.044657032831082688e-02
1.711800000000000000e+04 -5.195969484536675509e-01 2.040107927251497699e-01 -4.004390395080008602e-01
1.693800000000000000e+04 -5.195969484536675509e-01 2.040107927251497699e-01 -4.004390395080008602e-01
1.712400000000000000e+04 -2.749217623162287794e-01 2.815057890268093388e-01 -2.765006752797489753e-01
1.693400000000000000e+04 -1.650329225620232876e-01 -2.759248570239947185e-01 -1.693720587608282813e-01
1.682400000000000000e+04 1.639119820050467524e-01 2.600066967851866195e-01 -1.237521647974944017e-01
1.675700000000000000e+04 -3.831574958814911724e-01 8.469348277312960249e-02 -2.250728309992524601e-01
1.695200000000000000e+04 -2.245382990135169621e-02 -1.613693598548664454e-01 -2.394006377256232554e-01
1.680400000000000000e+04 -3.987609768352129436e-02 -8.503007292512876347e-02 -3.423773057511709794e-01
1.707200000000000000e+04 3.119703079770665965e-01 -2.394779498386121475e-01 -1.371371151986409131e-01
1.679200000000000000e+04 3.119703079770665965e-01 -2.394779498386121475e-01 -1.371371151986409131e-01
1.695400000000000000e+04 1.591725114907660554e-01 -2.309358800436633885e-01 -6.811134523790940420e-02
1.695300000000000000e+04 2.663341436709458776e-01 -6.680424955463593051e-02 -3.437437403583771811e-01
1.695500000000000000e+04 9.043388709221744648e-02 -1.166002319223125028e-01 -6.520664057242697709e-02
1.682100000000000000e+04 1.539486262149480922e-02 1.066297442193828715e-01 -1.230024242767200349e-01
1.685300000000000000e+04 2.589346670196945865e-02 -4.137357862387602836e-02 -1.118677782530710374e-01
1.690300000000000000e+04 1.371255200026837429e-01 7.856751496770186804e-02 -2.644202626163263403e-01
1.695900000000000000e+04 -2.769684408232109263e-03 1.058088854836398696e-01 -1.912008144762893380e-01
1.698000000000000000e+04 -2.769684408232109263e-03 1.058088854836398696e-01 -1.912008144762893380e-01
1.701100000000000000e+04 3.446077659313679931e-01 -4.744743395921346973e-02 -1.789197535759257107e-01
1.705000000000000000e+04 3.942167902593993745e-01 -2.739210727354475239e-01 -2.198162791731306243e-01
1.696600000000000000e+04 -2.393577388725240951e-01 3.614983733885956951e-01 -1.117999861118761373e-01
1.695800000000000000e+04 -3.736345085098413676e-01 5.412062835465185628e-01 1.121868172262452390e-03
1.703400000000000000e+04 -3.736345085098413676e-01 5.412062835465185628e-01 1.121868172262452390e-03
1.710200000000000000e+04 4.191240939770750629e-01 5.161048404256902700e-01 -5.181155345886168107e-02
1.686600000000000000e+04 -1.598335653710840631e-01 5.962949024560302291e-01 -1.298905018751952412e-01
1.683800000000000000e+04 2.880919533145487321e-02 4.556197775350447898e-01 2.073690569197879086e-01
1.713300000000000000e+04 -4.803610756599816511e-01 -5.528236726487563146e-01 6.643999069481765218e-02
1.708900000000000000e+04 -1.195302411005876309e-01 -3.400720301483879382e-01 -2.037766669992890911e-02
1.704100000000000000e+04 -1.628004692085518457e-01 -4.784373242222130784e-01 -1.325609855599623188e-01
1.704000000000000000e+04 1.940247203132727805e-01 -3.133404715025278620e-01 1.497846794400032877e-01
1.688900000000000000e+04 -1.544272941954645262e-01 -5.446856837450617661e-01 1.857628587828514810e-01
1.681000000000000000e+04 1.511371163378676385e-01 -4.963446790143954956e-01 6.551950788081200017e-01
1.700200000000000000e+04 -1.899117416724180885e-01 -3.778342728684442875e-01 -2.332873835436117815e-01
1.680900000000000000e+04 -1.899117416724180885e-01 -3.778342728684442875e-01 -2.332873835436117815e-01
