# star id 	 star_x_coords [pc] 	 star_y_coords [pc] 	 star_z_coords [pc] 
3.127000000000000000e+04 1.045487085984888154e+00 -2.976784738531570440e-01 -3.273426345666365478e+00
3.125600000000000000e+04 5.736416357463554050e-01 -3.497055594406717205e-02 -2.050398292320451787e+00
3.125100000000000000e+04 3.495845408977515945e-01 -1.882162016440993568e-01 -1.007835893797022209e+00
3.125300000000000000e+04 -6.754662264317516929e-01 9.090196036938955615e-01 8.566958194261502513e-01
3.126200000000000000e+04 -3.528569532040251033e-01 1.937507280647743357e-01 2.088752217252960008e+00
3.126000000000000000e+04 -4.671883909534813029e-02 -6.923587166256730541e-01 4.077645929692579330e-01
3.125000000000000000e+04 -1.089361126442156547e-01 5.187918883915330071e-01 -7.202896302216288404e-02
3.126300000000000000e+04 -1.985064683823054565e-01 -7.196116673913017792e-01 1.222264370619313922e+00
3.123400000000000000e+04 -5.862286585093556823e-01 3.112733927571298409e-01 1.828212495988239539e+00
