# star id 	 star_x_coords [pc] 	 star_y_coords [pc] 	 star_z_coords [pc] 
2.683300000000000000e+04 3.804952882149628124e-01 -2.519749709726681886e-01 -1.231432476539708887e-01
2.715400000000000000e+04 1.707402038537786382e-02 -1.667638778677940081e-01 1.616600667985323980e-02
2.402600000000000000e+04 -1.753895761418551302e-01 -1.660171143853332865e-01 -5.274446567412383047e-03
2.683200000000000000e+04 1.701802908482896726e-01 -2.302986902892385501e-01 4.788888295281878982e-02
2.698800000000000000e+04 3.520395142350771778e-01 -1.058979785115994332e-01 -2.791041750744227556e-02
2.698900000000000000e+04 -3.189020218736366985e-01 1.983301372368444504e-01 9.249366780593248905e-02
2.655600000000000000e+04 -3.189020218736366985e-01 1.983301372368444504e-01 9.249366780593248905e-02
2.631500000000000000e+04 -1.387252782487404801e-01 1.863159559572196144e-01 1.450130521850212517e-02
2.721900000000000000e+04 2.377185042760032729e-02 1.586373173572823703e-01 -5.441333645222812265e-02
2.669900000000000000e+04 2.377185042760032729e-02 1.586373173572823703e-01 -5.441333645222812265e-02
