# star id 	 star_x_coords [pc] 	 star_y_coords [pc] 	 star_z_coords [pc] 
1.227600000000000000e+04 5.659458136383861415e-01 -3.595852090028571979e+00 -5.146792160012410022e-01
1.259800000000000000e+04 1.731331845781149070e+00 -2.831474038152180128e+00 1.606123399761685278e-01
1.222800000000000000e+04 8.531438804235520479e-01 -2.372319220585481503e+00 -5.868685596551870276e-01
1.263100000000000000e+04 1.264863182057155200e+00 -1.305564038586496167e+00 7.659528569631390837e-02
1.233900000000000000e+04 1.735204471890071432e+00 -1.554341045985438541e+00 6.733903973044164104e-01
1.209900000000000000e+04 1.020097306888793298e+00 -1.864347650894998765e+00 9.912017427847672479e-01
1.230100000000000000e+04 2.286985604474836009e-01 -1.363406089579967784e+00 2.490970488070090028e+00
1.233800000000000000e+04 1.013136422849669316e+00 -1.839463073126751169e+00 -1.178248392294690916e+00
1.240700000000000000e+04 1.451613330546116742e+00 5.454564865742383972e-02 1.317691383536455874e+00
1.222000000000000000e+04 1.266669386150915955e+00 -2.017056847528380104e-01 1.835596812618121021e+00
1.272200000000000000e+04 1.546524672262584943e+00 -5.484121528811556345e-01 1.188483538827654229e+00
1.300100000000000000e+04 1.086393116313395524e+00 -6.246061645251899108e-01 1.294655643757167240e+00
1.262900000000000000e+04 -5.860503106294245868e-01 -8.581189801472248746e-01 2.039961228167811669e+00
1.227800000000000000e+04 1.242742958028451028e+00 6.328231401088970642e-01 -8.930194385588379191e-01
1.221200000000000000e+04 8.432723847961511865e-01 1.406224800629303218e-01 -3.690096508280902299e-01
1.256000000000000000e+04 1.926751138025913690e+00 -3.933386429204119850e-01 -7.251724657282352382e-01
1.225900000000000000e+04 9.819987842670130362e-01 7.986026326301640665e-01 -3.013613796083092211e-01
1.257700000000000000e+04 5.919740470761141182e-01 -1.236823802337738698e-01 -1.197873182160691385e-01
1.227100000000000000e+04 9.694395088352223411e-01 1.447654119407388862e-01 4.752568067990381451e-01
1.223000000000000000e+04 1.716567670189306227e-01 -7.070079781228031379e-01 3.925735050644902913e-01
1.223800000000000000e+04 1.326926232802350114e-01 -4.850393992994810333e-01 4.634119946512953447e-01
1.247100000000000000e+04 7.057931217332438223e-01 -7.312755894671738588e-01 7.806952085919220963e-01
1.264800000000000000e+04 9.508636812915085557e-01 -9.472080889363638789e-01 8.280478785908655937e-01
1.256900000000000000e+04 1.956746967519926272e+00 -9.502450109048083959e-01 8.726423661398570175e-01
1.224500000000000000e+04 2.936774748857828854e-02 -2.527894863017934313e-01 1.088060540919983055e+00
1.243600000000000000e+04 2.936774748857828854e-02 -2.527894863017934313e-01 1.088060540919983055e+00
1.226800000000000000e+04 -2.964162559361135152e+00 -8.054909902218696516e-01 -2.880117583987242824e-01
1.227900000000000000e+04 -1.563649620740328317e+00 6.904363394552888167e-01 3.331695673311685368e-02
1.222900000000000000e+04 -1.424197458726816023e+00 7.102518092274578976e-02 -6.514279619260179288e-01
1.265400000000000000e+04 -1.034459189355089848e+00 3.789293612869499839e-01 -8.567044181476006770e-01
1.296900000000000000e+04 -7.702223714326166260e-01 2.311586522927768783e-01 -8.276411156015086590e-01
1.223100000000000000e+04 -8.443544589324716299e-01 5.642920834579143730e-01 -6.899274628395488662e-01
1.236400000000000000e+04 -6.245832106018696095e-01 4.503232136625001658e-02 -6.311917014958368100e-01
1.269300000000000000e+04 -2.307330551436876931e-01 1.223048306522684925e-01 -5.051527443196732747e-01
1.268200000000000000e+04 -8.806915496798737308e-01 3.027009479355058374e-02 -4.511033520514615702e-01
1.235500000000000000e+04 -1.048173498688548477e+00 -3.450941758086685240e-01 -6.845804752413613414e-01
1.228200000000000000e+04 -1.048173498688548477e+00 -3.450941758086685240e-01 -6.845804752413613414e-01
1.269100000000000000e+04 -4.732877422516921229e-01 5.234733122670292005e-01 -1.710641550856450976e-01
1.221900000000000000e+04 -8.461806735287495940e-01 7.558151942163107151e-01 -1.409101094051550263e-01
1.211500000000000000e+04 -4.912337992678743603e-01 6.650514660372834896e-01 1.213174462214823279e-01
1.258300000000000000e+04 -8.886376534284536888e-01 5.371482908292932734e-01 5.745608773540311631e-02
1.232000000000000000e+04 -5.464453528630457413e-01 5.535996469179025326e-01 2.755788557210649969e-01
1.231300000000000000e+04 -9.580071780918331115e-02 1.485417439062928224e-01 2.593767687253887289e-01
1.226000000000000000e+04 -2.962592345004537719e-01 -6.578656000879021803e-01 2.222451625404744391e-01
1.234400000000000000e+04 -9.992971343175298671e-01 -7.437251713312917900e-01 -6.607375412642824131e-01
1.294500000000000000e+04 -1.511393169594370534e+00 -8.271332070199690634e-01 -1.746849378529731212e-01
1.221000000000000000e+04 -1.614026287163170537e-01 -2.638600031446998173e-01 5.549369841145619375e-01
1.227500000000000000e+04 -9.425733752321008296e-02 1.652761289617785678e-01 5.491690253522847343e-01
1.233500000000000000e+04 -8.370832727533894513e-01 -1.133900756981518043e+00 3.352567585017425245e-01
1.227300000000000000e+04 1.063390920740154399e+00 6.000560690273744058e-01 -2.050431740451713836e+00
1.230500000000000000e+04 5.414350691919622705e-02 -5.566515098968949360e-01 -2.607523067924049087e+00
1.272400000000000000e+04 1.612583015882961490e+00 -6.709399271520339880e-01 -1.092002677715711911e+00
1.227700000000000000e+04 -1.357023528383486166e+00 -3.125051036727768405e-01 -2.427658474278487688e+00
1.262500000000000000e+04 -6.241420828220753947e-01 -2.151079349654878570e-01 -1.946655718104466359e+00
1.210500000000000000e+04 -1.300105859192051128e+00 -6.282336972386275420e-01 -1.525677682347250652e+00
1.268700000000000000e+04 -1.706866919068318111e+00 4.523687885865967928e-02 -1.554032828627185836e+00
1.231800000000000000e+04 -8.734206591082980253e-01 -8.332779605306370740e-01 -9.574993086459357983e-01
1.223300000000000000e+04 -1.177379504544809663e+00 -3.787607872772582596e-01 -9.514318816137006252e-01
1.223200000000000000e+04 9.099025932022115626e-01 1.047506964265721763e+00 2.819140159954216074e+00
1.225800000000000000e+04 1.545495482144936261e+00 1.967547261768899602e+00 2.736764668465681893e+00
1.267200000000000000e+04 2.443791542722024701e-01 1.137741083592047175e+00 1.785786471518278518e+00
1.230200000000000000e+04 1.575673972923475219e+00 1.417854588168836472e+00 -2.088149926831320613e+00
1.259100000000000000e+04 7.407297021496077605e-01 1.906550245534958776e+00 -9.712540734598320569e-01
1.266200000000000000e+04 -3.889992980672758449e-01 1.743429058769891071e+00 1.903991339418865891e+00
1.263200000000000000e+04 3.737667863037188454e-01 1.247018376501927150e+00 8.008182887832617780e-01
1.300500000000000000e+04 3.246960667632237119e-01 8.841072367443842950e-01 -6.664642990066056427e-01
1.260400000000000000e+04 -5.277578407481868794e-01 2.337367179671858253e+00 -1.262765313545131107e+00
1.228300000000000000e+04 -1.867762638046968959e+00 1.419488914131093793e+00 -8.054862284537165351e-01
1.222300000000000000e+04 -1.004189161202241110e+00 2.670341119480895031e+00 -9.047785919124891052e-01
1.223700000000000000e+04 -5.270789629076091387e-01 2.232869871883153223e+00 -5.380764966257345350e-02
1.225200000000000000e+04 -1.582148137020709555e+00 1.178045466093891491e+00 2.712215803901187883e-01
1.269400000000000000e+04 -8.681937915214419377e-01 1.106173023341128214e+00 3.891915671200223414e-01
1.223600000000000000e+04 -8.692213161902913043e-01 1.249906203369249624e+00 7.443340038558545757e-01
1.226900000000000000e+04 2.193968595359635287e+00 1.075673787314840979e+00 2.053674295418446150e+00
