# star id 	 star_x_coords [pc] 	 star_y_coords [pc] 	 star_z_coords [pc] 
1.769700000000000000e+04 -8.241357388703711706e-01 3.576614065096229922e+00 -3.312674580423665027e+00
1.763000000000000000e+04 -2.583720619421338682e+00 3.186585144721082230e+00 -3.278885786453503037e+00
1.831600000000000000e+04 -8.324629893666504188e-01 -2.112118709920277837e+00 -4.564250511425874457e+00
1.834900000000000000e+04 -1.035489243133998372e+00 -2.075553496159635358e+00 -3.330276247697695702e+00
1.770900000000000000e+04 -1.441010308035153287e+00 3.590495869927963213e-01 -4.052550149203887564e+00
1.778600000000000000e+04 -1.332980273012459804e+00 -7.205288631512480890e-01 -3.805482287861117641e+00
1.767800000000000000e+04 8.059583323802854693e-03 -9.385890907919502979e-02 -3.314541006575893789e+00
1.761100000000000000e+04 -4.455488574533816859e-01 3.139168130339793805e+00 -2.393850965959634536e+00
1.805500000000000000e+04 -2.509667652582976416e-01 3.794186519145657854e+00 -2.373758058261669746e+00
1.823000000000000000e+04 -1.742407583821037775e+00 3.130123886990055837e+00 -2.626367667624874613e+00
1.781300000000000000e+04 -3.548713734872315229e-01 -1.816064898110489878e+00 -2.112417450480673864e+00
1.782800000000000000e+04 -4.475439088533406107e-01 -3.168600642996459271e+00 -1.577211991632331944e+00
1.768800000000000000e+04 -1.991255968114426622e+00 -3.312592948598990006e+00 -5.633335863573734059e-01
1.834600000000000000e+04 -1.704990063839503023e+00 -2.099401987267921044e+00 8.508507397530529204e-02
1.776200000000000000e+04 -1.819424345524563336e+00 -2.227791369192026139e+00 2.228546803586599623e-01
1.760300000000000000e+04 -3.104508375959877498e+00 -1.748830391414408325e+00 4.629344600816747146e-01
1.764800000000000000e+04 -1.521042169401116695e+00 -1.795050947477896841e+00 3.176136460688692154e-01
1.767900000000000000e+04 -2.224862567148161219e+00 -2.986661424469097881e+00 6.750128168805460405e-01
1.772100000000000000e+04 -5.341822667518023593e-01 1.875672862499726534e-01 -2.968523518626190238e+00
1.828000000000000000e+04 -2.067149180288708976e+00 -3.388548832906757013e-01 -2.704839137266029425e+00
1.783300000000000000e+04 -7.571307384193204371e-03 1.714279235636915644e+00 -2.593758335265746950e+00
1.783400000000000000e+04 -7.333429564940985301e-03 7.645085069376733600e-01 -2.334350603981262040e+00
1.827900000000000000e+04 -2.422655828660147392e-01 2.655666024822366467e+00 -1.892964171971843967e+00
1.761200000000000000e+04 -3.801605376976127104e-01 2.595939083075794684e+00 -5.732129762023987496e-01
1.782500000000000000e+04 1.554364936175467449e-01 1.179480103547415837e+00 9.776500774287022466e-02
1.767200000000000000e+04 9.617903768405611231e-02 2.778883041792568065e+00 2.419650966788147173e-01
1.760600000000000000e+04 9.617903768405611231e-02 2.778883041792568065e+00 2.419650966788147173e-01
1.766400000000000000e+04 -8.610921898827896825e-01 -4.119926106749645101e-01 7.220142614553850535e-01
1.760900000000000000e+04 -8.610921898827896825e-01 -4.119926106749645101e-01 7.220142614553850535e-01
1.775000000000000000e+04 -6.280921349349526395e-01 -2.652979550582529100e+00 1.160776334510826402e+00
1.770800000000000000e+04 -1.557789946876489751e+00 -2.702118814112267842e+00 1.358408068249715939e+00
1.767700000000000000e+04 -1.478575190287887864e+00 -1.340079315126068593e+00 1.766835378732286799e+00
1.769900000000000000e+04 3.060161389760196471e-02 -1.181225865290905119e+00 3.197094883791905318e+00
1.770000000000000000e+04 -3.358552351648807388e+00 1.684672670504426151e+00 3.628935767534068546e+00
1.805200000000000000e+04 1.061590352717729502e-01 1.594245704272587716e-01 1.545991683777620196e+00
1.811000000000000000e+04 -3.722814419385152007e-01 -2.639665129812627242e-01 1.484702910910240092e+00
1.771500000000000000e+04 -6.122262522034738197e-01 1.639049398090552501e+00 1.385609802605081597e+00
1.761300000000000000e+04 -1.754051535260700234e+00 1.887808861280927175e+00 1.704992210661389507e+00
1.759800000000000000e+04 -5.690912811516568581e-03 1.677191024584807622e+00 1.702376956853152379e+00
1.832300000000000000e+04 -1.538226988076445423e+00 -9.965975514196756535e-02 1.894106599684789671e+00
1.465000000000000000e+04 -5.205899104859916804e-01 1.757163370548795456e+00 1.989741693136679146e+00
1.759400000000000000e+04 -2.643741747627377237e+00 1.377869287310772961e+00 2.725575254883626286e+00
1.805300000000000000e+04 -1.773176536816297499e+00 1.670044052484339403e+00 3.193159864938058590e+00
1.818700000000000000e+04 -1.525406857862968479e+00 4.205763381473381912e-01 3.202141722305141158e+00
1.806000000000000000e+04 -1.039268653619821237e+00 1.117236577139383513e+00 3.652267692504596042e+00
1.776100000000000000e+04 -1.063552999633259333e+00 6.255012402505322200e-01 3.583918218798674005e+00
1.833200000000000000e+04 -1.621943332003517924e+00 8.567929082062342161e-01 4.920728839149930423e+00
1.759000000000000000e+04 9.487484675924200417e-01 3.425655666096904639e+00 1.187266078638360867e+00
1.766700000000000000e+04 1.814349915982880646e+00 -1.370811854542143493e+00 1.648394987729069783e+00
1.773700000000000000e+04 5.728479531498607003e-01 1.360616322691470259e-01 -3.400118426014524076e+00
1.761800000000000000e+04 5.728479531498607003e-01 1.360616322691470259e-01 -3.400118426014524076e+00
1.810300000000000000e+04 1.853773823332399928e+00 -1.190905523242761888e+00 1.850699170424885409e+00
1.763200000000000000e+04 1.853773823332399928e+00 -1.190905523242761888e+00 1.850699170424885409e+00
1.758100000000000000e+04 2.031381767430396224e+00 -1.071414495121491228e+00 1.271494105383204953e+00
1.758200000000000000e+04 2.149357510778269642e+00 2.447228030719905689e-01 1.779280870876284837e+00
1.761000000000000000e+04 1.238709752781460338e+00 -8.140303971494589064e-01 1.385106478427506005e+00
1.767100000000000000e+04 2.082247177104200375e+00 -1.133857537513293323e+00 2.505330282008538134e+00
1.782000000000000000e+04 5.201317770345781355e-01 -8.816014882455185386e-01 2.075881625634156791e+00
1.823600000000000000e+04 2.930936643355401827e-01 2.048961073140059597e+00 1.257397557921086317e+00
1.770500000000000000e+04 5.973594998521498667e-01 -3.017486064217877129e+00 -7.001063136821592536e-01
1.764300000000000000e+04 5.973594998521498667e-01 -3.017486064217877129e+00 -7.001063136821592536e-01
1.768400000000000000e+04 5.633056041575770223e-01 -1.393265441476998490e+00 -3.032659584217842763e-01
1.770600000000000000e+04 1.443913795791768706e+00 -1.966942738269633395e+00 -1.766489668781037636e+00
1.770400000000000000e+04 1.877775738356220359e+00 -1.644466731785854563e+00 -1.694410798770118021e+00
1.768100000000000000e+04 1.515312399524592735e+00 -1.592734943621671562e+00 5.315277167530929603e-01
1.768000000000000000e+04 2.090965229884069743e-01 -6.806887377840595832e-01 -1.092632233755807647e+00
1.768900000000000000e+04 4.364642597866321694e-01 1.157165966794440948e+00 -2.968804882627296138e+00
1.760100000000000000e+04 1.440580835228296053e+00 1.610527625338740165e-01 -2.909511065763661364e+00
1.769200000000000000e+04 1.331530811837453143e+00 -6.562526535906769709e-01 -1.303523110831696030e+00
1.769100000000000000e+04 2.855907799357062515e+00 -6.825827121885659210e-01 -2.969135169739232083e-01
1.773600000000000000e+04 1.730986838717321064e+00 -4.317608179257987899e-01 2.977660121044500841e-02
1.758900000000000000e+04 1.858493567074354758e+00 -3.554650190071839688e-01 6.835299799115190922e-02
1.835000000000000000e+04 1.720558517818862043e+00 1.176549395720787317e+00 1.833035139800625046e-01
8.280000000000000000e+02 2.996744282843778251e+00 2.951080092287376999e-01 4.576489532889311818e-01
1.760200000000000000e+04 1.046163328312029961e+00 1.017827180159354583e+00 7.533412351932184947e-01
1.766600000000000000e+04 2.004126184932545129e+00 1.529313787969623917e+00 6.678823488076748305e-01
1.832000000000000000e+04 2.365274458491409604e+00 -9.294636044437112332e-01 7.868537624595894897e-01
1.759900000000000000e+04 7.370330631893899920e-01 2.232184321088510615e-01 8.410871237857104887e-01
1.817100000000000000e+04 3.179684656595078707e+00 -3.419576919204736498e-01 9.456684507612180823e-01
1.817200000000000000e+04 3.179684656595078707e+00 -3.419576919204736498e-01 9.456684507612180823e-01
