# star id 	 star_x_coords [pc] 	 star_y_coords [pc] 	 star_z_coords [pc] 
3.799900000000000000e+04 -2.421843023082452806e-01 -5.610679699072527171e-01 -2.664239424297676351e-02
3.067000000000000000e+03 -2.421843023082452806e-01 -5.610679699072527171e-01 -2.664239424297676351e-02
3.066000000000000000e+03 6.765366547081477222e-01 -6.200539701312024476e-01 3.560394944334106526e-01
3.800000000000000000e+04 6.888130274865202907e-01 -7.416638639135300082e-01 4.135388929321024420e-01
3.436200000000000000e+04 8.439232557600613305e-01 1.579125377884587067e-01 6.888835539988207302e-01
3.433700000000000000e+04 8.439232557600613305e-01 1.579125377884587067e-01 6.888835539988207302e-01
6.179000000000000000e+03 -7.594005897251907555e-01 1.043436411792281859e+00 -7.613132694259689970e-01
6.178000000000000000e+03 -7.594005897251907555e-01 1.043436411792281859e+00 -7.613132694259689970e-01
3.784700000000000000e+04 -1.050026410534102617e+00 8.115587398116730355e-02 -5.714341691210620411e-01
