# star id 	 star_x_coords [pc] 	 star_y_coords [pc] 	 star_z_coords [pc] 
2.504900000000000000e+04 2.178596194178368251e-01 6.439875165774822108e-03 3.957203490521443712e-01
2.509100000000000000e+04 4.300883997772473322e-01 -6.494647573285945441e-01 -1.035469871160213273e+00
2.508100000000000000e+04 9.688912125248094753e-01 1.135372205445193572e+00 5.828986505080351321e-01
2.502000000000000000e+04 6.810232628711503367e-01 1.847894623216888021e-01 6.470442032135430566e-01
2.500000000000000000e+04 8.756751499354464841e-01 -5.135523772803836096e-01 7.070269786356284669e-01
2.496500000000000000e+04 3.410211562909921668e-01 -9.409492814998614563e-01 -6.616688163992883176e-01
2.498900000000000000e+04 4.129905447623514192e-01 -9.028660481884500655e-01 1.077619295628055696e+00
2.505400000000000000e+04 1.496758450967803356e-01 -8.301073778195871000e-01 -9.213138507883975592e-01
2.502700000000000000e+04 9.069185058511664010e-02 -1.024724127720126887e+00 4.086177039903127195e-02
2.503200000000000000e+04 1.215505311229705399e+00 1.787999489089287408e+00 6.806974980219973048e-01
2.500600000000000000e+04 1.632295751427776054e+00 -1.796463702298254361e-01 1.393712639697175959e+00
2.509000000000000000e+04 9.876012595978949093e-01 -2.390422728035304090e-01 1.374354166372670605e+00
2.498700000000000000e+04 1.687934493985210338e-01 4.077468616664461365e-01 1.402312615085367753e+00
2.501300000000000000e+04 -4.903523290929712175e-01 8.946495553931939071e-01 -8.001627268795061809e-01
2.505500000000000000e+04 -2.263652618668743344e-02 1.045301376242242952e+00 -6.672346648027414062e-01
2.505200000000000000e+04 -1.049549352829615145e-02 -8.930658658350836276e-01 -2.924623056792299280e-01
2.498400000000000000e+04 -3.731637622871630811e-01 8.577333250205043669e-01 -5.755332849622440961e-02
2.496000000000000000e+04 -3.731637622871630811e-01 8.577333250205043669e-01 -5.755332849622440961e-02
2.500900000000000000e+04 -1.449189423863543880e-01 4.636463415982632341e-01 2.314310275032305242e-02
2.506600000000000000e+04 -7.428106731797043949e-01 -8.513455790981367954e-01 8.743978227983006946e-03
2.501100000000000000e+04 -4.110262866255709469e-02 6.144468970581229428e-01 8.410068347896171304e-02
2.497200000000000000e+04 -8.072582045333689393e-01 -2.505330134752767890e-01 1.031141563627695490e-01
2.502400000000000000e+04 -2.354104257807989597e-01 2.223283948523686604e-01 1.659385142148863679e-01
4.106300000000000000e+04 -1.960594401118243013e-01 2.219437659463210366e-01 4.009322036500346798e-01
2.508300000000000000e+04 -8.501446995440460341e-01 -2.573872905360730101e-01 3.876787209840486526e-01
2.502500000000000000e+04 -7.475224761871572809e-01 9.615215129307586039e-02 4.217838952775974093e-01
2.504100000000000000e+04 -5.564635856522954782e-01 -3.697067253904577910e-01 6.408468988761768514e-01
2.497800000000000000e+04 -4.431164430618821370e-01 6.626775731160989835e-01 6.463340723291679524e-01
2.508000000000000000e+04 -4.375340270542551480e-01 1.345955246762287061e+00 -5.847649856148393610e-01
2.508200000000000000e+04 7.243777283420058666e-01 2.828293824806920043e-01 -1.760375607639559803e+00
2.505800000000000000e+04 -7.831327343839973310e-01 1.114691243317047054e+00 -1.634683434861212703e+00
2.502200000000000000e+04 -3.362544933045086282e-01 -1.253197664292571289e-02 -1.462017777494150295e+00
2.500500000000000000e+04 -5.864352351704127386e-01 -3.725584096382519306e-01 -1.269834430883236109e+00
2.502600000000000000e+04 -5.737182943981053995e-01 -1.276555256823904472e+00 -9.916940483071208234e-01
2.502900000000000000e+04 -1.502313422143970456e-01 -1.204474719753783063e+00 3.973259028538453919e-01
2.495800000000000000e+04 5.435008226925219788e-03 -1.433924990955652845e+00 6.145988827533770404e-01
