# star id 	 star_x_coords [pc] 	 star_y_coords [pc] 	 star_z_coords [pc] 
1.342900000000000000e+04 4.320545127191763868e-01 -6.095492383798060132e-01 1.200931669911694311e+00
1.514700000000000000e+04 5.754097932139163873e-01 -7.959989050906273178e-01 1.237258601746026754e+00
1.514600000000000000e+04 -1.754026919147406716e-01 5.496614456925286163e-01 1.374252585688178208e+00
1.119400000000000000e+04 2.370971014118019582e-01 -1.117601094839585585e+00 -1.177126569920355914e+00
1.118700000000000000e+04 1.802631769886995805e+00 3.629102597984257272e-02 -3.433084914590248671e-01
1.122400000000000000e+04 2.414125012095068357e+00 -8.046802553670033831e-01 -4.395117923937641446e-01
1.121600000000000000e+04 2.414125012095068357e+00 -8.046802553670033831e-01 -4.395117923937641446e-01
1.122800000000000000e+04 7.898733051355701917e-01 -2.886976379220911326e-01 -5.408327587930013003e-01
1.501100000000000000e+04 -4.488680419652411047e-01 -3.483151430786506353e-01 -1.126120281656510791e+00
1.122100000000000000e+04 -4.488680419652411047e-01 -3.483151430786506353e-01 -1.126120281656510791e+00
1.121800000000000000e+04 -5.765506366370853897e-01 -1.451551408821671885e-02 9.016261847735310697e-01
1.122000000000000000e+04 -8.789103663250195098e-01 7.426811289144694683e-01 3.253973451975378794e-01
1.121900000000000000e+04 -5.089301645999029233e-01 1.640348069741932591e-01 1.681519777091467382e+00
1.117000000000000000e+04 -5.089301645999029233e-01 1.640348069741932591e-01 1.681519777091467382e+00
1.122900000000000000e+04 -1.387226987986904803e+00 9.588279255936100753e-01 -1.097732450742139765e+00
1.121100000000000000e+04 -1.387226987986904803e+00 9.588279255936100753e-01 -1.097732450742139765e+00
1.501000000000000000e+04 -9.086949747943879885e-01 8.587952173371888875e-01 -1.020558962357096533e+00
1.117100000000000000e+04 -1.017200316032548457e+00 5.289394950449235466e-01 -2.370956267990979027e-01
