# star id 	 star_x_coords [pc] 	 star_y_coords [pc] 	 star_z_coords [pc] 
8.686000000000000000e+03 -1.009333201242569089e+00 -6.935530507517384535e-01 -6.291383273187278746e-02
6.492000000000000000e+03 -1.009333201242569089e+00 -6.935530507517384535e-01 -6.291383273187278746e-02
6.481000000000000000e+03 -2.334702371099737661e+00 1.286583975430136917e+00 4.654940136763130454e-01
8.660000000000000000e+03 -1.202340151269069679e+00 -1.040167298380509919e-01 1.186133986127131834e+00
8.602000000000000000e+03 1.265764328005133166e+00 -1.191239489316902933e+00 -4.683068815753941294e-01
8.677000000000000000e+03 1.265764328005133166e+00 -1.191239489316902933e+00 -4.683068815753941294e-01
8.637000000000000000e+03 -8.659998972634781467e-01 1.667875341253751031e+00 -6.925444620747356339e-02
8.745000000000000000e+03 -2.715396114705683317e+00 2.364733709870577627e+00 6.318001642879806923e-01
8.690000000000000000e+03 -1.152117887849939848e+00 1.587589334708447097e+00 6.018412445315490800e-01
8.706000000000000000e+03 -2.458611281611950972e-01 -1.463089649949754545e+00 6.961722094642865954e-01
8.674000000000000000e+03 -2.458611281611950972e-01 -1.463089649949754545e+00 6.961722094642865954e-01
8.673000000000000000e+03 -2.662001195805601128e-01 -6.831878320584863218e-01 -1.229382082594376868e+00
8.742000000000000000e+03 1.681706964657692538e+00 -4.425753846671973690e-01 -2.743593334952549867e-01
8.731000000000000000e+03 9.311594455129039716e-01 2.480262191812414585e-01 -4.321716018688448457e-01
8.618000000000000000e+03 3.116153576969793448e-01 8.234468614697298960e-01 -6.871873425550845127e-01
8.620000000000000000e+03 9.296649043825624403e-01 4.430462064386837540e-01 2.401547949387818903e-01
8.683000000000000000e+03 1.197088856149662206e+00 6.005214611818914250e-01 7.722873060404324974e-01
8.694000000000000000e+03 -7.329719380357602176e-01 -4.295724293285125839e-01 1.339728782816472119e+00
8.699000000000000000e+03 3.324417758449271787e-01 -2.876799406722341246e-01 1.719022943852564822e+00
8.682000000000000000e+03 -1.983017006824780992e-01 1.153861320173277250e-01 7.553106788318757481e-01
8.723000000000000000e+03 -3.649240373764257583e-01 7.007174588298923368e-01 4.145744566603255521e-01
8.659000000000000000e+03 1.242805940048583579e-01 -6.651470247089470433e-01 -1.042104376936592303e-01
8.724000000000000000e+03 1.185065369034958849e-01 -3.738069981103038231e-01 -3.558746451600569571e-02
8.634000000000000000e+03 -7.184101157153577333e-02 -7.502389063475263242e-01 -2.136180347336846808e-02
8.650000000000000000e+03 -3.208850157138698478e-01 2.150398186709630011e-01 4.337067556956242242e-02
8.622000000000000000e+03 1.199228536033274395e-01 -6.260483221218748895e-03 -1.989323841788248615e-01
8.665000000000000000e+03 -1.103728118401363645e-01 -3.894769316516288882e-02 -1.826375875383448033e-01
8.670000000000000000e+03 4.275649119830404743e-02 6.326247628626546771e-02 -1.421953913922138213e-01
8.716000000000000000e+03 -1.231060866258815167e-01 -2.244721080164495675e-01 -1.181733941756135664e-01
8.736000000000000000e+03 1.057879646029675769e-01 2.025963003998469958e-01 -1.330801219856141415e-01
8.617000000000000000e+03 1.057879646029675769e-01 2.025963003998469958e-01 -1.330801219856141415e-01
8.654000000000000000e+03 1.857416280799384367e-03 -7.797624862825713876e-02 -1.120537775072847353e-01
8.680000000000000000e+03 1.857416280799384367e-03 -7.797624862825713876e-02 -1.120537775072847353e-01
8.797000000000000000e+03 -1.550933825990767900e-01 5.845695866475608682e-02 -7.047162154909614173e-02
8.666000000000000000e+03 -1.171032228956363497e-01 -1.994663145771156110e-01 3.643071657467089608e-02
8.687000000000000000e+03 1.943883797608663144e-01 -3.049923701243208995e-01 6.737647119954459640e-02
8.700000000000000000e+03 -2.588068402461942696e-01 -3.494861935718063251e-02 9.407723098577491783e-02
8.747000000000000000e+03 2.056041798519032682e-01 1.304340014597080710e-01 1.239033832319691442e-01
8.705000000000000000e+03 2.056041798519032682e-01 1.304340014597080710e-01 1.239033832319691442e-01
8.741000000000000000e+03 -1.773013316713729637e-01 -3.108262987246952491e-01 -8.390551222053943548e-02
8.740000000000000000e+03 4.210395757199592026e-02 2.145497389970181246e-01 1.903371439562988598e-01
8.688000000000000000e+03 -3.226933896385730804e-01 6.852094157546773090e-02 2.060285217450967821e-01
8.681000000000000000e+03 3.388645985976381780e-01 4.478415205077688199e-01 -1.010004878258143890e-01
8.754000000000000000e+03 -1.197325878617903072e-01 4.607116953076300092e-01 2.828375095577797538e-01
8.610000000000000000e+03 1.863131325154370188e-01 3.168275691404822680e-01 3.297963217731663121e-01
8.643000000000000000e+03 4.308808212164620954e-01 -1.814628159340010427e-01 -5.526973579083716004e-02
8.746000000000000000e+03 3.026433166675701614e-01 -1.018606645443895786e-01 -1.568688182548214627e-01
8.743000000000000000e+03 2.923401721182443680e-01 -6.552313643385687669e-02 -1.140711190565468769e-01
6.531000000000000000e+03 2.779716930988058721e-01 -2.242379213837253360e-02 -9.167031518907720056e-02
8.786000000000000000e+03 2.779716930988058721e-01 -2.242379213837253360e-02 -9.167031518907720056e-02
6.149000000000000000e+03 5.622361176753258860e-01 7.179742299142688466e-02 2.257190756705540480e-01
8.750000000000000000e+03 6.544285676308732036e-01 -2.231233377371140136e-01 -7.191813080773883371e-01
8.756000000000000000e+03 5.065139967263121434e-01 2.453603142081561828e-02 -3.429600223662845337e-01
8.808000000000000000e+03 -9.195355779279168473e-02 -3.670637234868223686e-02 -5.288006333427119898e-01
8.711000000000000000e+03 -2.553967740477958159e-01 -2.583500300771959246e-01 -4.784277350680241625e-01
8.712000000000000000e+03 7.254282314107740604e-03 -3.303314559048295962e-01 -4.196374488984346840e-01
8.685000000000000000e+03 1.608677161209186579e-01 4.481796795808534739e-02 -3.269618450468740889e-01
8.605000000000000000e+03 1.608677161209186579e-01 4.481796795808534739e-02 -3.269618450468740889e-01
8.715000000000000000e+03 -2.188375892865082051e-01 8.177540150719053713e-02 -3.076736425559403187e-01
8.653000000000000000e+03 1.246647116651331544e-01 -2.022885864527736999e-01 -3.011547673845669237e-01
8.725000000000000000e+03 8.270344536565232829e-02 1.098943590080736499e-02 -2.690021183277195860e-01
8.638000000000000000e+03 8.270344536565232829e-02 1.098943590080736499e-02 -2.690021183277195860e-01
8.697000000000000000e+03 2.624652641316060908e-02 -3.377218029935811217e-01 -2.362632587353274971e-01
8.698000000000000000e+03 7.970620135535426698e-01 2.759074517032402696e-01 -2.746963104827386815e-01
8.607000000000000000e+03 1.972092640923648332e-01 2.398694463879209593e-01 -3.008962626421052278e-01
8.629000000000000000e+03 3.305938641742045547e-02 3.353732132063775850e-01 -3.277634864701823858e-01
