# star id 	 star_x_coords [pc] 	 star_y_coords [pc] 	 star_z_coords [pc] 
9.964000000000000000e+03 -2.706318076444276244e-01 1.413850099501985369e-01 -5.155156624661039189e-01
9.091000000000000000e+03 -5.225224447384846371e-02 -2.042679203244901487e-01 -5.083647777437185766e-01
9.908000000000000000e+03 1.078196251780525472e-01 -1.463556001840444765e-01 -2.750226037027907466e-01
9.906000000000000000e+03 1.078196251780525472e-01 -1.463556001840444765e-01 -2.750226037027907466e-01
9.905000000000000000e+03 8.115677528098075300e-02 -1.342957976332357362e-01 -1.019967575655726932e-01
9.948000000000000000e+03 8.115677528098075300e-02 -1.342957976332357362e-01 -1.019967575655726932e-01
9.921000000000000000e+03 -1.906768719036477933e-02 -2.203318487651984015e-02 -7.388454534308053212e-02
9.917000000000000000e+03 -1.906768719036477933e-02 -2.203318487651984015e-02 -7.388454534308053212e-02
9.916000000000000000e+03 -2.243726722629517667e-01 1.426429184913970971e-01 -3.696700024929810979e-02
9.918000000000000000e+03 6.735051984271223091e-02 1.946875288015235128e-01 -4.815279843413122762e-04
9.922000000000000000e+03 1.612342600967124895e-01 -5.561339856742364418e-02 1.200082543189360251e-01
9.920000000000000000e+03 -4.927511835728779488e-01 -9.774942878817682868e-02 1.798763863246648498e-01
9.929000000000000000e+03 -2.374122133736662477e-01 6.470547849552588104e-03 1.986979948206055724e-01
9.075000000000000000e+03 1.699101364329109742e-01 1.473973807391999458e-01 2.236497057170367952e-01
9.016000000000000000e+03 -1.377884026254605487e-02 7.734416139263800005e-02 3.680795926567768106e-01
9.926000000000000000e+03 7.284589972061894514e-02 -1.956909728145959093e-01 4.027167023403634971e-01
9.912000000000000000e+03 7.419356262522569523e-02 1.856025876170477318e-01 4.556054266646007989e-01
9.944000000000000000e+03 7.419356262522569523e-02 1.856025876170477318e-01 4.556054266646007989e-01
9.943000000000000000e+03 1.537972035557757522e-01 4.957561960502374632e-01 4.037773312800823078e-01
9.076000000000000000e+03 1.537972035557757522e-01 4.957561960502374632e-01 4.037773312800823078e-01
9.077000000000000000e+03 -8.073441261490899024e-02 -4.399326233040170564e-01 -6.337931874113280628e-01
9.954000000000000000e+03 1.047935968261413109e-01 -4.740215984727669252e-01 -6.148641776025343120e-01
