# star id 	 star_x_coords [pc] 	 star_y_coords [pc] 	 star_z_coords [pc] 
2.043000000000000000e+04 -9.155959086682383674e-01 -2.940485743041286071e+00 -1.762677708927817832e-01
2.010500000000000000e+04 1.112818703068353843e+00 -2.871716818761740342e-01 6.503114535966272314e-01
1.929200000000000000e+04 1.572055134684650302e+00 1.911860881772518894e+00 8.610490936585772914e-01
1.903200000000000000e+04 -5.071890040336166638e-01 -1.617830558608588376e+00 -2.943584450812455344e-01
1.536700000000000000e+04 -5.071890040336166638e-01 -1.617830558608588376e+00 -2.943584450812455344e-01
1.930000000000000000e+04 1.291597017827587068e-01 -2.873449139088961601e-01 -1.955128174428008236e+00
1.977200000000000000e+04 1.291597017827587068e-01 -2.873449139088961601e-01 -1.955128174428008236e+00
2.042900000000000000e+04 -6.617033833149692928e-03 -4.070105202425651214e-01 -9.331951138446168414e-01
1.533600000000000000e+04 -5.937422116266919403e-01 2.597514146320349937e-01 -4.300961076862019894e-01
2.011300000000000000e+04 -6.225845039224791044e-01 3.120958576603882761e-01 -5.265304618128219261e-01
2.011100000000000000e+04 6.510237440655614050e-01 6.730154318326313501e-01 -3.677831754883946758e-01
1.931300000000000000e+04 -1.306956814364984787e+00 -1.031300679344717253e+00 3.450623578054639040e-01
1.538000000000000000e+04 -1.306956814364984787e+00 -1.031300679344717253e+00 3.450623578054639040e-01
1.538100000000000000e+04 3.247409841431603272e-01 7.287529207638598905e-01 7.959344560786245637e-01
1.929900000000000000e+04 3.193059566999388310e-01 1.164253567721992511e+00 7.565947785255069391e-01
2.043400000000000000e+04 3.193059566999388310e-01 1.164253567721992511e+00 7.565947785255069391e-01
1.858100000000000000e+04 3.193059566999388310e-01 1.164253567721992511e+00 7.565947785255069391e-01
2.011400000000000000e+04 3.193059566999388310e-01 1.164253567721992511e+00 7.565947785255069391e-01
2.011200000000000000e+04 5.706494930955723355e-01 9.651294736086342141e-01 9.090470405490176375e-01
