# star id 	 star_x_coords [pc] 	 star_y_coords [pc] 	 star_z_coords [pc] 
3.781200000000000000e+04 1.454638084184303182e-01 -1.617390104296678288e+00 -1.198313522637391770e+00
3.781100000000000000e+04 1.454638084184303182e-01 -1.617390104296678288e+00 -1.198313522637391770e+00
5.997000000000000000e+03 1.406130061750552329e-01 -1.459270940734324284e+00 -1.005301482582162009e+00
6.017000000000000000e+03 4.228899930176552857e-01 -1.507349203321275866e+00 -8.745254728548701451e-01
3.783200000000000000e+04 5.123973367395464606e-01 -1.586689050327230177e+00 -7.095452016142580476e-01
3.314800000000000000e+04 6.064278663560180860e-01 -1.718575841424801354e+00 -7.552333098863286409e-01
3.438500000000000000e+04 4.531959642974925373e-01 -1.358646226619438124e+00 -7.406048380126861730e-01
3.343200000000000000e+04 5.851653802849021702e-01 -1.462125767382932651e+00 -5.089621454911821274e-01
3.399000000000000000e+04 1.397138289269506117e-01 -1.557621233622811019e+00 -7.999580298706234771e-01
3.544500000000000000e+04 1.397138289269506117e-01 -1.557621233622811019e+00 -7.999580298706234771e-01
3.544400000000000000e+04 4.704779174454998270e-01 -1.458026503584964217e+00 -2.777916109234226383e-01
3.544300000000000000e+04 1.388902587999218952e-01 -1.180640994804740274e+00 -1.034667677624661053e-01
3.523500000000000000e+04 3.854126053988196077e-01 -1.304530118979982944e+00 -1.757250157599834495e-01
3.390000000000000000e+04 3.854126053988196077e-01 -1.304530118979982944e+00 -1.757250157599834495e-01
3.376200000000000000e+04 1.893312112045464346e-01 -1.343187717263237602e+00 9.137441117662703505e-02
3.593000000000000000e+04 1.893312112045464346e-01 -1.343187717263237602e+00 9.137441117662703505e-02
3.471700000000000000e+04 2.193598284120632513e-01 -1.357863016666264855e+00 1.560157866631257662e-01
3.471800000000000000e+04 3.984345615263507057e-02 -1.529707219822849851e+00 1.289094728354847064e-01
3.471900000000000000e+04 3.476828252287589294e-01 -9.753124855317487629e-01 -6.518792639023942570e-01
3.472000000000000000e+04 4.556497775538694839e-01 -5.525241680136723232e-01 -7.574626101452004434e-01
5.998000000000000000e+03 -4.760273774769352428e-01 4.160052961445970254e-02 -7.499795251192864498e-01
6.094000000000000000e+03 -4.760273774769352428e-01 4.160052961445970254e-02 -7.499795251192864498e-01
3.343100000000000000e+04 -1.363880964486696712e-02 -4.363383455639890940e-02 -5.987431855647784573e-01
3.379900000000000000e+04 6.773850542849437772e-01 -8.621638829024647066e-01 -4.340735714863477313e-01
6.016000000000000000e+03 3.448701669738163389e-01 -1.106881091442836862e+00 -4.218462450621096593e-01
3.533500000000000000e+04 7.494665120783139400e-01 -9.524235977101938033e-01 -1.879225103484536419e-01
6.085000000000000000e+03 7.494665120783139400e-01 -9.524235977101938033e-01 -1.879225103484536419e-01
3.284300000000000000e+04 4.164238408161473615e-01 -8.643123159431524982e-01 -1.949521514706624714e-01
3.805500000000000000e+04 -1.182014661638969955e+00 -9.681238078405023373e-01 -5.573721005739322720e-01
3.435300000000000000e+04 -9.745583859382023206e-01 -8.870933873596698049e-01 -3.273637169383256662e-01
3.435400000000000000e+04 -8.652104546658598849e-01 -6.493319303343874083e-01 -5.198120111197361837e-01
3.789600000000000000e+04 -8.344918663841340845e-01 -7.856243387784083154e-01 -4.559978862275535505e-01
3.789700000000000000e+04 -8.344918663841340845e-01 -7.856243387784083154e-01 -4.559978862275535505e-01
3.431800000000000000e+04 -1.207048504788193810e+00 -9.419831544401766621e-01 -2.000202560173214295e-01
3.805600000000000000e+04 -1.214223436999262162e-02 -6.571731799245412731e-01 -1.831865521076885273e-01
3.431900000000000000e+04 -1.214223436999262162e-02 -6.571731799245412731e-01 -1.831865521076885273e-01
3.432000000000000000e+04 4.209582638462663340e-01 -9.491216841499401369e-01 -4.689038053364562586e-01
3.432100000000000000e+04 8.212568037970093826e-01 -3.546471638071544419e-01 -3.240135141645588135e-01
3.448700000000000000e+04 8.782088190341816869e-01 3.015197810449521398e-02 -2.669025502559705387e-01
3.448800000000000000e+04 -6.660379526534931927e-01 -4.186487729271810565e-01 -4.732854749331245614e-01
3.498500000000000000e+04 -9.967687639179025894e-01 -8.961444814841712514e-02 -4.045859728599801031e-01
3.308700000000000000e+04 -9.967687639179025894e-01 -8.961444814841712514e-02 -4.045859728599801031e-01
3.308800000000000000e+04 -9.463495514320037216e-01 -1.773201183261186031e-01 -1.816304487988205096e-01
2.796700000000000000e+04 -7.972471665226557036e-01 -3.453625414362448964e-01 -4.541469515411691305e-01
3.529400000000000000e+04 1.191884841117964555e+00 -2.441874699831458884e-02 -3.400067429594031410e-01
3.313400000000000000e+04 4.294856816044863024e-01 -8.447664670986014812e-01 -2.045417133300730939e-02
3.645300000000000000e+04 4.294856816044863024e-01 -8.447664670986014812e-01 -2.045417133300730939e-02
3.489200000000000000e+04 -2.779720298338155260e-01 -7.745126118060241538e-01 4.428680172595491626e-01
3.382300000000000000e+04 -1.277331238723427020e-01 -6.778748698874679235e-01 1.403311751316103084e-01
3.375900000000000000e+04 -5.859347049544147978e-01 -7.866674097726154002e-01 4.315920775871227022e-01
3.489600000000000000e+04 -5.859347049544147978e-01 -7.866674097726154002e-01 4.315920775871227022e-01
3.399100000000000000e+04 -1.764292584543447617e-01 -9.703772142333697559e-01 4.926143445090644946e-01
3.319300000000000000e+04 -9.761557196120662638e-02 -7.735005492962905294e-01 3.408367027420986517e-01
5.967000000000000000e+03 -1.327961174389500343e-01 -8.015260700782071979e-01 2.946879700359161802e-02
3.319400000000000000e+04 3.721574451598606004e-01 -5.511023857537651338e-01 -2.320321690959055161e-01
3.533200000000000000e+04 2.091939520453003354e-01 -1.026461820052521290e+00 1.070093417354449628e-01
3.409300000000000000e+04 1.339648370902430941e-01 -1.035156509235768851e+00 6.120117991180862305e-02
3.159300000000000000e+04 -9.988412847840777431e-02 -8.914826299123319586e-01 -1.513833793175081155e-01
3.794300000000000000e+04 -9.988412847840777431e-02 -8.914826299123319586e-01 -1.513833793175081155e-01
3.794400000000000000e+04 -6.956150326664456429e-02 -4.716558824229153402e-01 1.694834856034646009e-01
3.354500000000000000e+04 6.227851421957097955e-02 -4.255527712760702741e-01 3.198747333117530900e-01
3.498600000000000000e+04 2.319549856117752995e-01 -1.312199728661280318e+00 3.147670880329833665e-01
3.794500000000000000e+04 -1.980061113605273704e-01 -6.470539929222063336e-01 1.465422453392548618e-01
3.525700000000000000e+04 9.149802713810828436e-03 -1.045129187467484400e+00 3.426281975729352780e-01
3.573900000000000000e+04 -9.454994431159491342e-04 -5.673271394175962712e-01 4.095875198974425757e-01
3.645200000000000000e+04 6.098742786348410050e-02 -8.008671088925858328e-01 6.130722936645263133e-01
3.399200000000000000e+04 6.098742786348410050e-02 -8.008671088925858328e-01 6.130722936645263133e-01
3.449600000000000000e+04 -5.554244101715717363e-01 -2.868750232288732605e-01 2.064988821873399161e-01
3.498200000000000000e+04 -9.572417165985989129e-01 -2.219903434684837862e-01 -4.500778202247346371e-02
3.415900000000000000e+04 -9.572417165985989129e-01 -2.219903434684837862e-01 -4.500778202247346371e-02
3.326500000000000000e+04 -9.232401340883313878e-01 -2.252038988549003307e-01 1.798018320531937775e-01
3.480700000000000000e+04 -1.086255323081186219e+00 -4.137507912831033252e-01 1.696365358669105206e-01
3.480600000000000000e+04 6.546445092895467610e-01 -2.066257542680389747e-01 1.061519236821222734e+00
3.480500000000000000e+04 6.546445092895467610e-01 -2.066257542680389747e-01 1.061519236821222734e+00
3.480400000000000000e+04 -5.432317103563661931e-01 -2.088338403089906592e-01 6.159470396558326399e-01
3.480300000000000000e+04 -7.266248003011099854e-01 -7.051180038086535262e-01 8.021605739562254200e-01
3.353500000000000000e+04 -7.271087039609902547e-01 -1.436600500988660656e-01 5.846716690701967423e-01
3.506400000000000000e+04 -9.295616124172170203e-01 -1.471338871992884378e-01 7.130977184092017751e-01
3.480200000000000000e+04 2.196242991639536513e-01 -2.050569288311869798e-01 6.779900970688252926e-01
6.004000000000000000e+03 2.196242991639536513e-01 -2.050569288311869798e-01 6.779900970688252926e-01
6.003000000000000000e+03 1.811636687847730798e-01 -4.648785608523553492e-02 7.661295642059222644e-01
3.309200000000000000e+04 1.811636687847730798e-01 -4.648785608523553492e-02 7.661295642059222644e-01
5.902000000000000000e+03 1.811636687847730798e-01 -4.648785608523553492e-02 7.661295642059222644e-01
3.529600000000000000e+04 9.906846800072344195e-02 -3.519462630283527460e-01 7.576534539476789121e-01
3.503000000000000000e+04 -2.958942761723903914e-01 -2.918590895031343280e-01 5.875490943945074207e-01
3.531800000000000000e+04 2.722674241166700426e-02 -5.305249417501620712e-01 6.391789935887395302e-01
3.780100000000000000e+04 4.644869965255224997e-01 -1.626222547886300163e-01 5.382264721653662320e-01
6.005000000000000000e+03 1.641455472353250400e-01 -4.488109467832330779e-01 7.083020136540874034e-01
3.502900000000000000e+04 -1.308189342438623726e-01 -1.969871229528230572e-01 8.379586325371235489e-01
3.506500000000000000e+04 -1.308189342438623726e-01 -1.969871229528230572e-01 8.379586325371235489e-01
3.393300000000000000e+04 1.629331229189290298e-04 -5.178460388957013549e-01 7.641003380352096030e-01
3.317700000000000000e+04 3.132878387892539251e-01 3.079032322535724120e-02 -7.065020426521009256e-01
3.314700000000000000e+04 3.132878387892539251e-01 3.079032322535724120e-02 -7.065020426521009256e-01
6.109000000000000000e+03 -5.907013891716346166e-01 9.345201411470789310e-01 4.570033900373360325e-02
3.390500000000000000e+04 -7.168571476300975576e-01 8.377550001876556962e-01 2.028200087242026939e-03
3.845500000000000000e+04 -6.852726402584359278e-01 8.297643588971439499e-01 -1.609678478887488495e-02
3.845400000000000000e+04 4.383363983374692907e-01 8.244226270812546886e-01 -5.663358716240409763e-01
3.845300000000000000e+04 5.141069140738814269e-01 7.707071040171875609e-01 -4.135216894035877999e-01
3.845200000000000000e+04 -9.769248618126411543e-01 6.830111390706861130e-02 1.456085451058335423e-01
3.506600000000000000e+04 -8.589577838888153849e-01 3.487912538216235703e-01 2.355929668018248435e-01
3.317800000000000000e+04 -8.589577838888153849e-01 3.487912538216235703e-01 2.355929668018248435e-01
3.845000000000000000e+04 -7.451654960069831191e-01 2.277358353103302591e-01 3.377535161006122166e-01
3.394800000000000000e+04 -6.828363820952461083e-01 4.411357800780173477e-01 6.013506345237829009e-02
3.455900000000000000e+04 -9.167405006755657837e-02 8.262170028760671414e-01 1.515934100760958358e-01
3.393200000000000000e+04 -3.654363522320238644e-01 7.841232733264966726e-01 1.565474491774665466e-02
3.455800000000000000e+04 -3.654363522320238644e-01 7.841232733264966726e-01 1.565474491774665466e-02
3.455700000000000000e+04 -6.586352282409251302e-01 7.264959414867071530e-01 2.902524025114345818e-01
3.312000000000000000e+04 -6.586352282409251302e-01 7.264959414867071530e-01 2.902524025114345818e-01
3.311900000000000000e+04 -6.586352282409251302e-01 7.264959414867071530e-01 2.902524025114345818e-01
3.845100000000000000e+04 -8.072071054961789116e-01 1.110652605965874784e+00 2.026954977986257234e-01
3.449400000000000000e+04 -2.631453227015398966e-01 7.309901298708894046e-01 -7.931444230197470802e-02
3.308300000000000000e+04 4.007372657696599560e-01 9.074218804828966256e-01 5.538353750336000303e-02
3.308400000000000000e+04 -1.392479473825645186e-01 9.421960263817368286e-01 4.932994810489077508e-02
3.489400000000000000e+04 -1.670852625021410631e-01 6.471961241258448183e-01 7.180805859654881829e-02
3.326800000000000000e+04 -1.670852625021410631e-01 6.471961241258448183e-01 7.180805859654881829e-02
3.345600000000000000e+04 -1.670852625021410631e-01 6.471961241258448183e-01 7.180805859654881829e-02
5.911000000000000000e+03 2.155701995802701276e-01 5.994667687703056913e-01 5.226472448301926477e-01
5.910000000000000000e+03 8.469391944491633240e-02 9.643833597386830547e-01 4.361885378054530804e-01
3.485800000000000000e+04 1.546000066040420506e-02 9.750097691069790073e-01 4.413305007878705055e-01
3.744400000000000000e+04 1.546000066040420506e-02 9.750097691069790073e-01 4.413305007878705055e-01
3.744300000000000000e+04 -4.212464369220825233e-01 7.883406148048379691e-01 7.796756487308869055e-01
3.487900000000000000e+04 2.102567132305708242e-01 2.977705741825253938e-01 9.141690668952477949e-01
3.322300000000000000e+04 2.292486655091821035e-01 3.387147479958976248e-01 6.390305673581302415e-01
3.345700000000000000e+04 7.982771882960548737e-02 2.504109072471365494e-01 6.971095609983564145e-01
3.501000000000000000e+04 2.405302469172809765e-01 2.809913948676268092e-02 6.106597779694453720e-01
3.500900000000000000e+04 4.758042490032465821e-02 5.082748875848146497e-01 6.135638921576180849e-01
3.500800000000000000e+04 8.975144005052015928e-02 6.300881582868207431e-01 7.665649250690442784e-01
3.498000000000000000e+04 4.139871018838476857e-01 6.261567988891059144e-01 6.513237858289961935e-01
3.498100000000000000e+04 4.139871018838476857e-01 6.261567988891059144e-01 6.513237858289961935e-01
3.328800000000000000e+04 1.885037730204146555e-01 1.397537113791003094e-01 8.167475398978467638e-01
3.449500000000000000e+04 4.209519234227698803e-01 6.241719781342780493e-02 9.266868404870827192e-01
3.501100000000000000e+04 -3.789378492737327520e-02 7.780282369688471533e-01 8.686477352379391448e-01
3.502800000000000000e+04 -5.387619072443250445e-01 9.402647740479395111e-01 1.009446876152289008e+00
3.378500000000000000e+04 -5.387619072443250445e-01 9.402647740479395111e-01 1.009446876152289008e+00
3.393100000000000000e+04 4.032629674878869253e-01 7.024109310033885833e-01 8.516376954959028467e-01
3.502700000000000000e+04 -5.554452926578790084e-02 1.003490818342317681e+00 7.895597680002630625e-01
3.311700000000000000e+04 -8.930110900461585288e-03 9.238960123430111082e-01 3.791276443711772970e-01
3.311600000000000000e+04 3.336881533544300282e-01 9.751348552889567145e-01 5.585049693292134521e-01
3.400300000000000000e+04 6.835895367435185221e-02 1.206447821918690266e+00 5.024546570629233599e-01
3.400200000000000000e+04 -1.276988763744668631e-01 9.796135655474458304e-01 9.381118607078953175e-01
3.298800000000000000e+04 8.886224979317347561e-03 8.704577666865667140e-01 1.065969959409105883e+00
3.578400000000000000e+04 5.269424066858867661e-01 7.163533551820684409e-01 2.645782715072861890e-01
3.372900000000000000e+04 4.294124746782763680e-01 6.182074607763503593e-01 2.660421299200521617e-03
3.489500000000000000e+04 -2.680212779873514251e-01 1.485621785339093393e+00 7.013030836247118316e-01
3.309600000000000000e+04 7.764788052155395803e-01 4.786204016993913513e-01 -4.035915814233668186e-01
3.588200000000000000e+04 9.987336568773841350e-01 1.961349157954117572e-01 -3.724587195644062376e-01
3.395700000000000000e+04 9.987336568773841350e-01 1.961349157954117572e-01 -3.724587195644062376e-01
5.904000000000000000e+03 7.901026648157554177e-01 3.158976525947032599e-01 -5.769524038829736412e-01
5.903000000000000000e+03 7.108219434243210344e-01 5.641699330510903110e-01 1.803827293123916320e-02
3.775100000000000000e+04 7.277244467419272667e-01 2.047736998287774668e-02 9.335072611134194176e-01
3.775000000000000000e+04 5.896735011445422003e-01 5.997057506153531392e-01 6.324584631360110620e-01
3.409400000000000000e+04 6.434858582641922453e-02 1.391893589569541234e+00 6.626876773242642571e-01
3.395800000000000000e+04 3.619646755229410928e-03 1.496960314017082183e+00 7.295764251581111637e-01
3.456600000000000000e+04 6.042923671839162125e-01 7.898495957200850626e-01 -6.122304062023395943e-01
3.411000000000000000e+04 8.434439731532741291e-01 6.985718045763640305e-01 -5.835600530055948809e-01
3.322400000000000000e+04 7.161494537978008168e-01 8.210915595921441934e-01 -2.868661430893801878e-01
3.502200000000000000e+04 7.295877059108129004e-01 7.771581909029308122e-01 -1.629792646563039682e-01
3.524200000000000000e+04 7.295877059108129004e-01 7.771581909029308122e-01 -1.629792646563039682e-01
3.524100000000000000e+04 7.295877059108129004e-01 7.771581909029308122e-01 -1.629792646563039682e-01
6.046000000000000000e+03 5.624306865191961435e-01 7.866452622827857510e-01 6.434580549252117976e-01
3.319200000000000000e+04 6.857646653082625221e-01 8.334523294932196791e-01 8.531080191484505804e-01
6.067000000000000000e+03 1.011009702736096472e+00 8.096486922221366456e-01 -6.110800220380525616e-01
6.066000000000000000e+03 1.011009702736096472e+00 8.096486922221366456e-01 -6.110800220380525616e-01
3.294700000000000000e+04 -5.244807862805878074e-01 1.230711861608568825e+00 1.509618451641792092e+00
3.417900000000000000e+04 -5.780639068789774626e-01 1.035802986053734998e+00 1.150386714203627037e+00
3.294600000000000000e+04 -5.894908209706422042e-01 1.073745048814529923e+00 1.364988449485302624e+00
2.798300000000000000e+04 -1.468614393453471223e-01 9.049342895456540248e-01 1.054358953151577794e+00
6.056000000000000000e+03 -3.285823547817550150e-01 1.307805174804890669e+00 1.338313285297878963e+00
3.549100000000000000e+04 -1.697178089775484011e-01 9.091502504977349020e-01 1.425947318350385018e+00
3.299500000000000000e+04 -1.697178089775484011e-01 9.091502504977349020e-01 1.425947318350385018e+00
3.303300000000000000e+04 -1.697178089775484011e-01 9.091502504977349020e-01 1.425947318350385018e+00
3.303200000000000000e+04 3.335623623065231413e-01 7.125267225738660670e-01 -7.918454903017355662e-01
3.303100000000000000e+04 4.158768494089173373e-01 9.447721361236176563e-01 -9.613393612602756377e-01
3.576800000000000000e+04 3.569337729808701454e-01 9.816981208854613783e-01 -7.237919627508837550e-01
3.300800000000000000e+04 3.569337729808701454e-01 9.816981208854613783e-01 -7.237919627508837550e-01
3.549200000000000000e+04 1.689609823721127668e-03 -4.113309022972373441e-01 2.509370208145575987e-01
3.549300000000000000e+04 1.689609823721127668e-03 -4.113309022972373441e-01 2.509370208145575987e-01
6.010000000000000000e+03 -2.797626563596899985e-01 6.633489544913118152e-02 3.305037088413520507e-01
3.769700000000000000e+04 -5.810521289836714232e-01 -7.774867161064591414e-02 1.343181349009263670e-01
3.322200000000000000e+04 -8.485122565977576414e-01 -7.555126302483472500e-02 4.927876575618341803e-01
3.385000000000000000e+04 -8.485122565977576414e-01 -7.555126302483472500e-02 4.927876575618341803e-01
3.522800000000000000e+04 -6.234599891960996842e-01 -2.628881208158979632e-01 1.569086880770420578e-01
3.522700000000000000e+04 -4.553840029539415468e-01 9.503366709908434018e-02 3.829865713527347282e-01
5.974000000000000000e+03 -1.756833047375252477e-01 -3.017657743110859769e-01 2.287936618245041132e-01
3.509900000000000000e+04 5.418828155120536394e-02 -1.826527677619615986e-01 2.686798605203541968e-01
3.509800000000000000e+04 5.418828155120536394e-02 -1.826527677619615986e-01 2.686798605203541968e-01
3.509700000000000000e+04 3.726062995719701121e-01 -9.297992264291465858e-02 5.275316267741629872e-01
3.509600000000000000e+04 3.726062995719701121e-01 -9.297992264291465858e-02 5.275316267741629872e-01
3.412000000000000000e+04 -3.255259165386235054e-01 1.151622934783986807e-01 5.090803673219284065e-01
3.580300000000000000e+04 -4.960348357178823164e-01 3.283896101063632500e-02 4.749020215665318290e-01
3.580200000000000000e+04 -2.114858842891855772e-01 -1.099373457022068123e-02 4.431844298907527957e-01
6.069000000000000000e+03 -2.114858842891855772e-01 -1.099373457022068123e-02 4.431844298907527957e-01
6.068000000000000000e+03 -1.629785534898786636e-03 2.483518832202484816e-01 1.211863670348733990e-02
3.280200000000000000e+04 -1.272243350752439994e-01 1.233930000294023444e-01 4.719403686950656152e-01
3.363000000000000000e+04 1.937890259793135783e-01 -3.591786294894170339e-01 3.921661670150804468e-01
6.011000000000000000e+03 1.486860909436984457e-01 -4.748081535077979254e-01 6.905408019407630604e-01
3.362900000000000000e+04 3.229515478863191902e-01 2.737828854649286825e-01 1.689407551248258699e-01
5.907000000000000000e+03 -3.293719662982752538e-02 -5.058390125611218480e-01 1.405009189230348454e-01
3.455000000000000000e+04 -1.792393702056003235e-01 -4.810960285469541020e-01 1.300153482265571370e-01
3.454900000000000000e+04 -1.792393702056003235e-01 -4.810960285469541020e-01 1.300153482265571370e-01
3.454800000000000000e+04 -1.792393702056003235e-01 -4.810960285469541020e-01 1.300153482265571370e-01
3.318700000000000000e+04 -1.792393702056003235e-01 -4.810960285469541020e-01 1.300153482265571370e-01
3.582900000000000000e+04 -1.792393702056003235e-01 -4.810960285469541020e-01 1.300153482265571370e-01
3.582800000000000000e+04 2.687036086945084890e-01 -4.871610954655238857e-01 4.724470840103123237e-02
6.173000000000000000e+03 -4.410810620369041146e-01 -3.950799767648369709e-01 9.415117715291287936e-02
3.455100000000000000e+04 -2.229507513392654516e-01 -4.122883660604976797e-01 -1.288449763914343293e-01
6.172000000000000000e+03 -3.679333479342083990e-01 -3.784110688247821486e-01 3.697448997236918444e-02
3.431300000000000000e+04 -5.062007494341145275e-01 -5.834280262332605105e-01 8.339943138927452537e-02
3.431400000000000000e+04 -5.062007494341145275e-01 -5.834280262332605105e-01 8.339943138927452537e-02
6.096000000000000000e+03 4.665384197949293821e-01 -2.213342065205772258e-01 5.415941032160631607e-02
3.530600000000000000e+04 5.230644053582764741e-01 -4.690773997260109240e-01 -8.062777405832832756e-02
2.826200000000000000e+04 -3.029077974085936376e-02 -1.265561575986140497e-01 2.665411036354470298e-02
2.884300000000000000e+04 -3.029077974085936376e-02 -1.265561575986140497e-01 2.665411036354470298e-02
3.311200000000000000e+04 -2.575018063286762526e-01 -3.759187988133838587e-01 -1.385953427169397401e-01
3.384600000000000000e+04 1.657656574254851023e-01 -4.292110563451991823e-01 -1.320302314353938300e-02
3.455200000000000000e+04 -1.950211753679553794e-02 6.198596898110153575e-02 -1.307783531518289522e-01
5.964000000000000000e+03 4.172615529922296673e-02 1.036894257787750462e-01 1.371206200589760726e-01
3.481100000000000000e+04 1.523761806307355471e-01 -2.838108806045447352e-01 -2.529065700269157446e-01
3.750400000000000000e+04 1.523761806307355471e-01 -2.838108806045447352e-01 -2.529065700269157446e-01
3.750300000000000000e+04 1.523761806307355471e-01 -2.838108806045447352e-01 -2.529065700269157446e-01
3.750200000000000000e+04 -2.444667950965637715e-01 -8.771163420626848506e-02 -7.079924512171942297e-02
3.750100000000000000e+04 -2.444667950965637715e-01 -8.771163420626848506e-02 -7.079924512171942297e-02
6.006000000000000000e+03 -3.182086889935327179e-01 6.716595147700132884e-02 2.121108801010151979e-01
3.576000000000000000e+04 -2.128691581226256346e-01 -3.536694675979035196e-02 3.508440640282870504e-01
3.389800000000000000e+04 -2.301432465394590565e-01 -2.138534542919856563e-01 2.841745994237285799e-01
6.034000000000000000e+03 -2.301432465394590565e-01 -2.138534542919856563e-01 2.841745994237285799e-01
6.033000000000000000e+03 1.920747605844823624e-01 -4.072874394637793216e-02 -9.094963809795331144e-02
3.590600000000000000e+04 1.920747605844823624e-01 -4.072874394637793216e-02 -9.094963809795331144e-02
3.590500000000000000e+04 4.379428733734833656e-01 -1.768839315623189634e-01 3.669362472942374609e-01
3.590400000000000000e+04 -2.656987168657565235e-02 -1.949652082918191809e-01 -4.137280498814632779e-02
3.766300000000000000e+04 -2.656987168657565235e-02 -1.949652082918191809e-01 -4.137280498814632779e-02
3.766200000000000000e+04 -2.656987168657565235e-02 -1.949652082918191809e-01 -4.137280498814632779e-02
3.476200000000000000e+04 1.590334764656411437e-01 -1.141423228067317552e-01 -5.789729937857401865e-02
3.503800000000000000e+04 1.590334764656411437e-01 -1.141423228067317552e-01 -5.789729937857401865e-02
3.481200000000000000e+04 1.590334764656411437e-01 -1.141423228067317552e-01 -5.789729937857401865e-02
3.375300000000000000e+04 3.825944696897067843e-01 -1.933001189497893790e-01 -1.291644904327284848e-01
3.593600000000000000e+04 3.825944696897067843e-01 -1.933001189497893790e-01 -1.291644904327284848e-01
3.471300000000000000e+04 3.825944696897067843e-01 -1.933001189497893790e-01 -1.291644904327284848e-01
3.636900000000000000e+04 5.025473341840580588e-02 -1.343284084108375964e-02 9.607510197009005992e-02
3.565100000000000000e+04 5.025473341840580588e-02 -1.343284084108375964e-02 9.607510197009005992e-02
3.388700000000000000e+04 5.025473341840580588e-02 -1.343284084108375964e-02 9.607510197009005992e-02
3.555900000000000000e+04 5.025473341840580588e-02 -1.343284084108375964e-02 9.607510197009005992e-02
3.763700000000000000e+04 1.133636691528607798e-01 8.363820294577450909e-02 3.092662612368570763e-01
3.388600000000000000e+04 -1.099046490545418919e-02 1.461919205608737116e-01 -2.382734100927770271e-01
3.462600000000000000e+04 -1.099046490545418919e-02 1.461919205608737116e-01 -2.382734100927770271e-01
3.372000000000000000e+04 -1.492636100002542321e-02 1.008341753536967644e-02 1.791710407923545745e-01
6.170000000000000000e+03 -8.868951432743088503e-02 1.665248184765033557e-02 2.016000587514454878e-02
3.559300000000000000e+04 -8.868951432743088503e-02 1.665248184765033557e-02 2.016000587514454878e-02
5.968000000000000000e+03 3.776955102992474167e-02 6.473571050994308962e-02 -7.393651126780298455e-02
5.879000000000000000e+03 3.776955102992474167e-02 6.473571050994308962e-02 -7.393651126780298455e-02
3.278600000000000000e+04 -1.331678251782975053e-02 -3.669825372066171099e-02 9.796166159155461628e-02
5.955000000000000000e+03 -1.331678251782975053e-02 -3.669825372066171099e-02 9.796166159155461628e-02
3.745100000000000000e+04 -1.618355446149415400e-01 4.723106842410835782e-01 -5.043425781916255346e-02
3.745000000000000000e+04 -6.489931500236778561e-02 9.742193061772042029e-03 -9.152391708385110292e-02
3.744900000000000000e+04 -6.489931500236778561e-02 9.742193061772042029e-03 -9.152391708385110292e-02
3.559200000000000000e+04 1.492357689853349711e-01 6.566100035851007988e-03 1.017015968136156800e-01
3.526200000000000000e+04 1.492357689853349711e-01 6.566100035851007988e-03 1.017015968136156800e-01
3.645400000000000000e+04 -4.805943189772285962e-01 1.627301356861607928e-01 -1.548901170883176803e-01
3.461900000000000000e+04 -4.805943189772285962e-01 1.627301356861607928e-01 -1.548901170883176803e-01
3.502300000000000000e+04 -4.805943189772285962e-01 1.627301356861607928e-01 -1.548901170883176803e-01
3.429600000000000000e+04 -4.805943189772285962e-01 1.627301356861607928e-01 -1.548901170883176803e-01
3.429700000000000000e+04 -3.801882683150950015e-01 1.721466179725545942e-01 -1.405243804799312102e-01
3.370600000000000000e+04 -8.120020570042285613e-02 1.535733316249725533e-01 -2.159605788672180893e-01
3.370700000000000000e+04 -8.120020570042285613e-02 1.535733316249725533e-01 -2.159605788672180893e-01
3.647400000000000000e+04 -8.120020570042285613e-02 1.535733316249725533e-01 -2.159605788672180893e-01
3.647500000000000000e+04 -2.094272767229234944e-01 1.147918855895220247e-01 -2.195527247654105452e-01
3.647600000000000000e+04 -2.094272767229234944e-01 1.147918855895220247e-01 -2.195527247654105452e-01
3.647700000000000000e+04 -2.094272767229234944e-01 1.147918855895220247e-01 -2.195527247654105452e-01
3.647800000000000000e+04 -2.094272767229234944e-01 1.147918855895220247e-01 -2.195527247654105452e-01
3.647900000000000000e+04 -2.094272767229234944e-01 1.147918855895220247e-01 -2.195527247654105452e-01
3.539800000000000000e+04 -2.094272767229234944e-01 1.147918855895220247e-01 -2.195527247654105452e-01
3.404800000000000000e+04 -2.630043158166976980e-01 3.412653634952995674e-01 2.023992353466930183e-01
3.404700000000000000e+04 -2.358792820417328073e-01 8.117528202085111388e-03 1.151255204906256324e-01
3.555800000000000000e+04 -2.358792820417328073e-01 8.117528202085111388e-03 1.151255204906256324e-01
3.462100000000000000e+04 -2.358792820417328073e-01 8.117528202085111388e-03 1.151255204906256324e-01
3.462000000000000000e+04 -3.861257241713751398e-01 1.373244687380932305e-01 2.555185328203499751e-01
3.744800000000000000e+04 -3.861257241713751398e-01 1.373244687380932305e-01 2.555185328203499751e-01
3.744700000000000000e+04 -2.358468059758429547e-01 -4.333682932741922400e-02 -6.738647032236144696e-04
3.339000000000000000e+04 -2.358468059758429547e-01 -4.333682932741922400e-02 -6.738647032236144696e-04
3.437300000000000000e+04 -2.358468059758429547e-01 -4.333682932741922400e-02 -6.738647032236144696e-04
3.472800000000000000e+04 7.401380322424699898e-02 8.252813598941344253e-02 -6.765302240432902181e-02
3.472700000000000000e+04 4.786048386055341552e-02 2.152543850605788123e-01 2.336874963890878121e-02
3.773400000000000000e+04 4.786048386055341552e-02 2.152543850605788123e-01 2.336874963890878121e-02
3.570800000000000000e+04 4.786048386055341552e-02 2.152543850605788123e-01 2.336874963890878121e-02
5.978000000000000000e+03 4.786048386055341552e-02 2.152543850605788123e-01 2.336874963890878121e-02
3.484300000000000000e+04 4.786048386055341552e-02 2.152543850605788123e-01 2.336874963890878121e-02
3.484200000000000000e+04 4.786048386055341552e-02 2.152543850605788123e-01 2.336874963890878121e-02
3.484100000000000000e+04 6.412642533206245332e-01 1.902578627370203890e-01 -1.277583121072503047e-01
3.582100000000000000e+04 1.616504341710687243e-01 -1.384361115039922652e-02 1.486318212322892407e-01
3.386600000000000000e+04 3.721139852608494891e-01 4.047870692802213455e-01 -2.649423881936385783e-02
3.386500000000000000e+04 3.721139852608494891e-01 4.047870692802213455e-01 -2.649423881936385783e-02
3.298900000000000000e+04 2.489435918130666892e-01 1.762592040174268959e-01 1.880066003804294894e-01
3.764200000000000000e+04 2.777485210461243526e-01 -1.209321123748168247e-01 -3.673737916337316278e-02
3.764100000000000000e+04 2.777485210461243526e-01 -1.209321123748168247e-01 -3.673737916337316278e-02
3.533400000000000000e+04 1.430233477378521911e-01 3.052577572596426592e-01 -2.128901594504739592e-02
3.451100000000000000e+04 -4.964704327532167838e-01 -5.470410384072152965e-01 2.778900136653064123e-01
3.451000000000000000e+04 -5.662266816237320199e-01 -4.073560355414116430e-01 2.671286753818336024e-02
3.570900000000000000e+04 -6.275234710788808457e-01 2.535914872642273110e-01 1.232824494829216633e-01
3.502100000000000000e+04 -4.785236475322811600e-01 4.694677901678545595e-03 -8.902206960131664459e-02
3.371600000000000000e+04 -4.785236475322811600e-01 4.694677901678545595e-03 -8.902206960131664459e-02
6.079000000000000000e+03 -4.090389871554336310e-01 4.102112375536606237e-01 9.868801104917324096e-02
3.445900000000000000e+04 -1.467415166573395879e-01 3.173853016271586114e-01 1.172268783159751138e-01
3.446000000000000000e+04 1.590110302768721340e-01 5.622598935310989532e-01 1.024657377563755745e-01
3.446100000000000000e+04 -4.847278405839716697e-02 4.947708683914449068e-01 2.545317646070621720e-01
5.886000000000000000e+03 -1.401892424761790323e-01 3.740759098922481485e-01 3.766804453407992526e-01
5.899000000000000000e+03 -3.501009411112185887e-01 4.077868711246104283e-01 2.016744582175000744e-01
5.898000000000000000e+03 -3.501009411112185887e-01 4.077868711246104283e-01 2.016744582175000744e-01
5.887000000000000000e+03 -1.013187698283957161e-02 4.500223949869415208e-01 -4.561976347260099374e-02
3.519700000000000000e+04 3.540963405138271014e-01 3.684093196910289691e-01 -1.979552653424576647e-01
3.304800000000000000e+04 -1.881279993789064520e-02 3.265592617319406088e-01 1.224193189661662018e-01
3.533600000000000000e+04 -1.881279993789064520e-02 3.265592617319406088e-01 1.224193189661662018e-01
3.298700000000000000e+04 1.567101998863975609e-01 3.715598384398965948e-01 6.882127346355559894e-02
6.089000000000000000e+03 1.567101998863975609e-01 3.715598384398965948e-01 6.882127346355559894e-02
3.391500000000000000e+04 1.567101998863975609e-01 3.715598384398965948e-01 6.882127346355559894e-02
3.579400000000000000e+04 2.198679409871857615e-01 3.365216247702846886e-01 5.931207290452711334e-01
6.078000000000000000e+03 2.564072023200374417e-01 3.724045817846750595e-01 4.466038097795355100e-01
6.077000000000000000e+03 1.914735034869501362e-01 3.027040069322026739e-01 2.737925440459960669e-01
3.526900000000000000e+04 -3.472857978528445244e-01 -3.128321497601938006e-01 -2.231185221573177557e-01
3.322500000000000000e+04 -1.614832891299435857e-01 -4.611505072403794259e-01 -1.662377466806788107e-01
3.292600000000000000e+04 -1.614832891299435857e-01 -4.611505072403794259e-01 -1.662377466806788107e-01
6.055000000000000000e+03 -3.162598745459703764e-01 -2.212551160700186870e-01 -9.925674004041695753e-02
3.160200000000000000e+04 -1.017282616297983111e-01 -8.217667336478839957e-02 -1.222180858330261799e-01
3.799800000000000000e+04 -3.588046610030666272e-01 -3.336529901476588122e-01 -4.911619855824476133e-01
3.586100000000000000e+04 -2.850967607399077508e-01 7.833134093170812662e-02 -2.515406038815299894e-01
3.321300000000000000e+04 -1.828691115744263129e-01 -1.275688120833997630e-01 -9.005936799629310485e-02
3.321200000000000000e+04 -1.828691115744263129e-01 -1.275688120833997630e-01 -9.005936799629310485e-02
3.419400000000000000e+04 -1.840854405800804727e-01 -3.988654488534066900e-01 -3.345199573172692453e-01
3.440900000000000000e+04 -9.489903663826027014e-02 -2.909014917872632111e-01 -2.349192617547366524e-01
3.392500000000000000e+04 -9.489903663826027014e-02 -2.909014917872632111e-01 -2.349192617547366524e-01
3.504600000000000000e+04 -9.489903663826027014e-02 -2.909014917872632111e-01 -2.349192617547366524e-01
3.541100000000000000e+04 -9.557783151554133383e-02 -2.441113610167739978e-01 -9.010268748376404346e-02
3.504500000000000000e+04 3.971032191021954816e-01 -3.664686489287731774e-01 -1.696261794694819969e-02
3.270800000000000000e+04 4.922008964400248487e-02 -8.625270551182850909e-02 -3.837721698988971752e-01
3.577900000000000000e+04 -2.524218398151241161e-01 -8.522586385950603471e-03 -2.423506200118161757e-01
3.351500000000000000e+04 2.462392414831171550e-02 -1.662454201233956042e-01 -4.149225298439631615e-01
3.384800000000000000e+04 2.462392414831171550e-02 -1.662454201233956042e-01 -4.149225298439631615e-01
6.145000000000000000e+03 2.241825716557706016e-01 -1.104831365763381257e-01 -9.937531213445538469e-03
3.325500000000000000e+04 2.241825716557706016e-01 -1.104831365763381257e-01 -9.937531213445538469e-03
3.541000000000000000e+04 -7.784109241033121407e-02 -2.151297314573952235e-02 -2.225603624161998084e-01
3.501500000000000000e+04 -7.784109241033121407e-02 -2.151297314573952235e-02 -2.225603624161998084e-01
3.504400000000000000e+04 -7.784109241033121407e-02 -2.151297314573952235e-02 -2.225603624161998084e-01
3.749400000000000000e+04 -7.784109241033121407e-02 -2.151297314573952235e-02 -2.225603624161998084e-01
3.749300000000000000e+04 9.637446732581622655e-02 9.157655862952651660e-02 -1.277557428568947273e-01
6.086000000000000000e+03 9.637446732581622655e-02 9.157655862952651660e-02 -1.277557428568947273e-01
3.586400000000000000e+04 8.848232585384607773e-02 -1.668900261948209618e-01 -3.832853001856477704e-01
3.528100000000000000e+04 8.848232585384607773e-02 -1.668900261948209618e-01 -3.832853001856477704e-01
3.428000000000000000e+04 -3.090319734526936202e-01 4.218431895478147453e-02 -2.583913483456754534e-01
3.385100000000000000e+04 -7.860708369636526527e-02 -6.953953901192733156e-02 -1.147873501607143965e-01
3.372200000000000000e+04 -7.860708369636526527e-02 -6.953953901192733156e-02 -1.147873501607143965e-01
3.780500000000000000e+04 -7.860708369636526527e-02 -6.953953901192733156e-02 -1.147873501607143965e-01
3.780600000000000000e+04 -3.877801809572645197e-03 1.471999552251723742e-01 -4.329592187731989839e-02
3.450500000000000000e+04 -3.877801809572645197e-03 1.471999552251723742e-01 -4.329592187731989839e-02
3.450600000000000000e+04 -2.078571856164543874e-01 8.171726214019514600e-03 -1.184638963122566224e-01
3.450700000000000000e+04 -2.078571856164543874e-01 8.171726214019514600e-03 -1.184638963122566224e-01
3.300200000000000000e+04 -1.832362037525570031e-03 -1.458927295018561665e-01 -1.686430216334713350e-01
3.590100000000000000e+04 -1.832362037525570031e-03 -1.458927295018561665e-01 -1.686430216334713350e-01
3.519800000000000000e+04 -1.832362037525570031e-03 -1.458927295018561665e-01 -1.686430216334713350e-01
6.038000000000000000e+03 -1.832362037525570031e-03 -1.458927295018561665e-01 -1.686430216334713350e-01
3.370400000000000000e+04 -1.832362037525570031e-03 -1.458927295018561665e-01 -1.686430216334713350e-01
6.039000000000000000e+03 -1.832362037525570031e-03 -1.458927295018561665e-01 -1.686430216334713350e-01
3.536100000000000000e+04 2.944766885533027789e-01 -1.304805750497983752e-01 -1.832956900661386612e-01
3.778200000000000000e+04 2.944766885533027789e-01 -1.304805750497983752e-01 -1.832956900661386612e-01
3.586000000000000000e+04 1.450121463371694119e-01 5.100244055288882805e-02 4.241992733998500853e-03
3.501400000000000000e+04 1.450121463371694119e-01 5.100244055288882805e-02 4.241992733998500853e-03
3.310300000000000000e+04 1.450121463371694119e-01 5.100244055288882805e-02 4.241992733998500853e-03
3.527200000000000000e+04 2.376588823166798647e-01 -1.229004985061052935e-01 -6.248868989784384098e-02
3.387900000000000000e+04 2.376588823166798647e-01 -1.229004985061052935e-01 -6.248868989784384098e-02
3.306800000000000000e+04 2.403361844087896770e-01 2.330625530422736347e-03 -5.340038588722606505e-02
3.461300000000000000e+04 1.709914981290694413e-02 8.854299258377906767e-02 -1.406881152190919693e-01
3.588100000000000000e+04 1.621322645141489716e-01 -1.724886527175506501e-01 -1.389094042973191279e-01
3.579000000000000000e+04 1.621322645141489716e-01 -1.724886527175506501e-01 -1.389094042973191279e-01
3.385500000000000000e+04 -1.922243954911486696e-01 1.747644521268121309e-01 -1.823409710676600071e-01
3.494000000000000000e+04 -1.922243954911486696e-01 1.747644521268121309e-01 -1.823409710676600071e-01
3.396600000000000000e+04 -1.113440128845830657e-01 -1.291204910246435134e-01 -2.309277143887946693e-01
3.352200000000000000e+04 -2.031397442879274706e-01 -3.588988231481238245e-03 -2.487484218414550696e-01
3.269400000000000000e+04 -2.031397442879274706e-01 -3.588988231481238245e-03 -2.487484218414550696e-01
3.366800000000000000e+04 -2.031397442879274706e-01 -3.588988231481238245e-03 -2.487484218414550696e-01
3.489900000000000000e+04 -2.031397442879274706e-01 -3.588988231481238245e-03 -2.487484218414550696e-01
3.307700000000000000e+04 -2.031397442879274706e-01 -3.588988231481238245e-03 -2.487484218414550696e-01
3.307800000000000000e+04 -1.734234767632933938e-01 2.966708931725037246e-02 -2.960535380511224446e-01
3.408600000000000000e+04 9.644364668741900459e-02 2.524754382146170428e-01 -4.229138760004076403e-01
3.376000000000000000e+04 9.644364668741900459e-02 2.524754382146170428e-01 -4.229138760004076403e-01
3.773700000000000000e+04 1.476360723864971192e-01 4.438564923634551462e-01 -2.580961044390548409e-01
6.093000000000000000e+03 1.014071112188972279e-01 1.217885271916223644e-01 -4.908621745343211273e-02
6.092000000000000000e+03 -4.067919551656551391e-01 1.310811603217061361e-01 -2.367628310133831349e-01
3.300600000000000000e+04 -4.067919551656551391e-01 1.310811603217061361e-01 -2.367628310133831349e-01
3.314900000000000000e+04 1.374627980165179508e-01 -7.392039141343431652e-02 -1.544289318655245324e-03
3.269500000000000000e+04 1.374627980165179508e-01 -7.392039141343431652e-02 -1.544289318655245324e-03
3.473800000000000000e+04 1.374627980165179508e-01 -7.392039141343431652e-02 -1.544289318655245324e-03
3.413000000000000000e+04 -2.909984219644101699e-02 1.928940686179814179e-01 -1.139128704600125275e-01
3.580500000000000000e+04 -2.909984219644101699e-02 1.928940686179814179e-01 -1.139128704600125275e-01
3.591900000000000000e+04 1.255136599899699945e-01 1.045598402845726582e-01 1.404755170713478662e-01
3.408100000000000000e+04 6.057571567356134778e-02 1.671087895237768350e-01 -1.541133705591484215e-01
3.461200000000000000e+04 3.250210365840189297e-02 2.489450211608961183e-01 7.806917091537357578e-02
6.071000000000000000e+03 2.237505304818299123e-02 5.081609169275580484e-02 -1.178784225951048370e-01
3.331600000000000000e+04 2.237505304818299123e-02 5.081609169275580484e-02 -1.178784225951048370e-01
3.483100000000000000e+04 2.237505304818299123e-02 5.081609169275580484e-02 -1.178784225951048370e-01
3.276300000000000000e+04 2.237505304818299123e-02 5.081609169275580484e-02 -1.178784225951048370e-01
3.305400000000000000e+04 -3.975036556177613534e-02 -5.855986038731586518e-02 -3.778775801658795785e-02
6.140000000000000000e+03 -7.385875744552095057e-02 3.643973014314383363e-02 -1.350647630666550469e-01
3.282400000000000000e+04 -1.897676389280746889e-01 1.075952926189494008e-01 -2.595909506862241756e-01
3.778400000000000000e+04 -1.897676389280746889e-01 1.075952926189494008e-01 -2.595909506862241756e-01
3.303000000000000000e+04 1.347995177016052537e-01 1.984187468415719025e-01 -2.298792322146603340e-01
3.441100000000000000e+04 1.347995177016052537e-01 1.984187468415719025e-01 -2.298792322146603340e-01
3.441000000000000000e+04 1.347995177016052537e-01 1.984187468415719025e-01 -2.298792322146603340e-01
3.550000000000000000e+04 2.276701148882516179e-01 3.883550872794465647e-01 -5.101940621435261392e-01
5.982000000000000000e+03 3.441530040816083158e-01 3.847852179528850058e-01 -8.212874842674722231e-02
3.581200000000000000e+04 3.441530040816083158e-01 3.847852179528850058e-01 -8.212874842674722231e-02
3.325600000000000000e+04 3.441530040816083158e-01 3.847852179528850058e-01 -8.212874842674722231e-02
3.785600000000000000e+04 3.785491345943441388e-01 -9.546002572797362973e-03 -3.314057422528691177e-01
3.528200000000000000e+04 3.022420291375738088e-01 -5.315267488962760467e-02 -2.527787812036166315e-01
3.813900000000000000e+04 3.022420291375738088e-01 -5.315267488962760467e-02 -2.527787812036166315e-01
3.317500000000000000e+04 1.098137556759937183e-01 -9.833360656990208781e-02 -1.412499281876549162e-01
3.291900000000000000e+04 1.098137556759937183e-01 -9.833360656990208781e-02 -1.412499281876549162e-01
3.292000000000000000e+04 2.294423716531852619e-01 7.087294137780375536e-02 4.594894240914015882e-02
3.768100000000000000e+04 1.844562744640469987e-01 3.703894978642630065e-01 -1.926808566476090334e-01
3.414600000000000000e+04 1.844562744640469987e-01 3.703894978642630065e-01 -1.926808566476090334e-01
3.315400000000000000e+04 1.844562744640469987e-01 3.703894978642630065e-01 -1.926808566476090334e-01
3.548100000000000000e+04 1.844562744640469987e-01 3.703894978642630065e-01 -1.926808566476090334e-01
3.497400000000000000e+04 -1.785026920751064949e-01 3.324930913197867710e-01 -7.000246944802768212e-02
3.437800000000000000e+04 -9.989886523116808803e-02 5.403390747564138508e-01 -2.776966447016917527e-01
3.525800000000000000e+04 -9.989886523116808803e-02 5.403390747564138508e-01 -2.776966447016917527e-01
3.395600000000000000e+04 -2.181438051567141656e-02 2.848960508131277436e-01 -3.878332441696485944e-02
3.387000000000000000e+04 6.606957762811482837e-01 -3.408029091990734116e-01 -3.625545781710854953e-01
5.890000000000000000e+03 5.148619574721493564e-01 -1.304390814739910809e-01 -7.113546448556462565e-02
5.891000000000000000e+03 5.148619574721493564e-01 -1.304390814739910809e-01 -7.113546448556462565e-02
3.580800000000000000e+04 6.058243149339226363e-01 8.912567014552408295e-02 3.596604756946604198e-01
3.319100000000000000e+04 5.394961146798387119e-01 4.050313019552156391e-01 2.221139652941666043e-01
3.560500000000000000e+04 3.978999091248454079e-01 7.131217563366831769e-02 5.813640986098214114e-01
5.991000000000000000e+03 4.909634955141726209e-01 -4.316711670735884354e-02 3.112945618146945037e-01
3.296700000000000000e+04 4.909634955141726209e-01 -4.316711670735884354e-02 3.112945618146945037e-01
3.814000000000000000e+04 -5.923433434658811336e-01 1.144036968257040598e-01 -2.529556444217604394e-01
3.484600000000000000e+04 -1.416648969932516877e-01 3.809925750469744798e-01 -3.204528007936922052e-01
3.438200000000000000e+04 -1.416648969932516877e-01 3.809925750469744798e-01 -3.204528007936922052e-01
3.384100000000000000e+04 -3.236969846213675339e-01 1.413693938317592824e-01 -2.927779766478550982e-01
3.491900000000000000e+04 -2.069778648066780136e-01 3.883855475972701754e-01 -2.115012169223362548e-02
3.564900000000000000e+04 -2.069778648066780136e-01 3.883855475972701754e-01 -2.115012169223362548e-02
3.292800000000000000e+04 4.969797944158749203e-01 6.856533234086334971e-01 -3.587221811075238520e-01
3.322700000000000000e+04 4.459672642625562844e-01 3.258626379589664168e-01 -2.238389588849898360e-01
3.564800000000000000e+04 4.459672642625562844e-01 3.258626379589664168e-01 -2.238389588849898360e-01
3.564700000000000000e+04 4.459672642625562844e-01 3.258626379589664168e-01 -2.238389588849898360e-01
3.357300000000000000e+04 3.757192742408221875e-01 3.308790210724303904e-01 -3.152209025350209970e-01
3.437700000000000000e+04 -4.727735526225167462e-01 -3.565547169195966148e-01 -4.411100214449525936e-01
3.369800000000000000e+04 -4.844630410678121279e-01 -4.505323706391912708e-01 2.506553744772332948e-02
2.894300000000000000e+04 -4.844630410678121279e-01 -4.505323706391912708e-01 2.506553744772332948e-02
3.384200000000000000e+04 -4.941579383761229849e-01 -3.813381363682069036e-01 -1.992835385715956420e-01
3.407400000000000000e+04 5.485716432060847580e-01 -1.645608882762559233e-01 -1.502029611248367758e-01
3.327600000000000000e+04 6.319633957250019307e-01 3.882415097889264644e-01 7.850912194751202833e-03
5.977000000000000000e+03 6.319633957250019307e-01 3.882415097889264644e-01 7.850912194751202833e-03
3.472400000000000000e+04 6.319633957250019307e-01 3.882415097889264644e-01 7.850912194751202833e-03
3.472300000000000000e+04 6.319633957250019307e-01 3.882415097889264644e-01 7.850912194751202833e-03
3.375600000000000000e+04 -1.395330260553429014e-01 -4.263283243071498418e-01 -7.190086467867615738e-01
3.472200000000000000e+04 -8.847020076924749787e-02 -3.128039037323553373e-01 -3.813455097069287092e-01
3.338100000000000000e+04 -8.847020076924749787e-02 -3.128039037323553373e-01 -3.813455097069287092e-01
3.315500000000000000e+04 -8.847020076924749787e-02 -3.128039037323553373e-01 -3.813455097069287092e-01
3.322800000000000000e+04 -3.778541120880944959e-01 -5.470206321172952357e-01 -4.959414430374557980e-01
3.319000000000000000e+04 -3.778541120880944959e-01 -5.470206321172952357e-01 -4.959414430374557980e-01
3.785500000000000000e+04 4.763657861239884994e-01 -5.318477976212712122e-01 -4.909552377337966789e-01
3.415800000000000000e+04 3.472213180519645448e-01 -3.691397661733759605e-01 -4.220396833008948079e-01
3.303800000000000000e+04 -5.481053974341634216e-01 -2.751746234028118465e-01 -6.660621835625235576e-01
3.583000000000000000e+04 -4.214780723557964848e-02 -9.374645142432314060e-02 -2.402929964496287596e-01
3.306500000000000000e+04 -4.214780723557964848e-02 -9.374645142432314060e-02 -2.402929964496287596e-01
3.579800000000000000e+04 1.336350617736137281e-01 1.121091009884267464e-01 -4.750393389096210228e-01
5.935000000000000000e+03 -2.445998156538387036e-01 7.857954443061032634e-03 -5.160039086224550431e-01
5.934000000000000000e+03 -2.445998156538387036e-01 7.857954443061032634e-03 -5.160039086224550431e-01
3.814400000000000000e+04 -2.309274309487179266e-01 -1.049210712528392264e-01 -2.898429665852653159e-01
3.390300000000000000e+04 -2.309274309487179266e-01 -1.049210712528392264e-01 -2.898429665852653159e-01
5.896000000000000000e+03 4.142944259568928089e-01 -3.656755697437219510e-02 -5.046030855223158085e-01
3.539300000000000000e+04 4.142944259568928089e-01 -3.656755697437219510e-02 -5.046030855223158085e-01
3.531600000000000000e+04 4.055734579114833593e-01 -3.815805602617459158e-01 -5.052119714596337019e-01
3.779800000000000000e+04 1.825679872189915898e-01 -1.992269170229832298e-02 -4.776654261733703777e-01
3.813800000000000000e+04 -9.578950660639407033e-03 9.984013580284667455e-02 -4.295155317968628594e-01
3.376700000000000000e+04 -9.578950660639407033e-03 9.984013580284667455e-02 -4.295155317968628594e-01
3.292700000000000000e+04 -9.578950660639407033e-03 9.984013580284667455e-02 -4.295155317968628594e-01
5.992000000000000000e+03 -1.415954241715340345e-01 -2.114674643170033619e-02 -3.436527414571450834e-01
3.286300000000000000e+04 1.481349711563701987e-01 1.395143568818255631e-01 -5.044796090182295245e-01
3.383000000000000000e+04 -2.160883850119610372e-01 5.029465939813348996e-02 -4.674881382799327412e-01
3.286400000000000000e+04 2.225841775143777568e-01 3.222687770742282964e-01 -4.391235095879757466e-01
6.104000000000000000e+03 2.225841775143777568e-01 3.222687770742282964e-01 -4.391235095879757466e-01
5.972000000000000000e+03 3.765813924699301651e-02 7.299841165711171698e-01 -5.873309088145042267e-01
6.105000000000000000e+03 4.543052933303570740e-02 4.870583736559837007e-01 -3.714334089450588294e-01
5.999000000000000000e+03 4.543052933303570740e-02 4.870583736559837007e-01 -3.714334089450588294e-01
6.000000000000000000e+03 6.007083003644808628e-02 5.638760595610996518e-01 -3.123647467507773001e-01
3.370000000000000000e+04 3.379488359436209066e-01 3.909644939330796376e-01 -5.306010473801414662e-01
3.318100000000000000e+04 3.379488359436209066e-01 3.909644939330796376e-01 -5.306010473801414662e-01
3.582200000000000000e+04 5.296568889112975853e-01 -2.323800024263533714e-02 -3.586069911308769065e-01
3.386800000000000000e+04 4.082222845432994518e-01 2.698163288256800740e-01 -3.882360667399247234e-01
