# star id 	 star_x_coords [pc] 	 star_y_coords [pc] 	 star_z_coords [pc] 
3.682000000000000000e+04 -7.524442665798929397e-01 -9.028289770891535504e-01 8.186189645962409500e-01
2.137700000000000000e+04 -7.524442665798929397e-01 -9.028289770891535504e-01 8.186189645962409500e-01
2.137600000000000000e+04 6.235120300087260148e-02 1.316923671431450726e+00 -1.205344628734746237e+00
4.109100000000000000e+04 1.623691536626665766e-01 1.356457695158973742e+00 7.232539416022998324e-02
3.745200000000000000e+04 -3.352991886810485767e-02 -5.901264980015454853e-01 -9.719797830676046857e-02
3.824600000000000000e+04 -3.352991886810485767e-02 -5.901264980015454853e-01 -9.719797830676046857e-02
3.824500000000000000e+04 -3.890145726279001792e-01 -6.869647813536294834e-02 1.118968664808530633e-01
5.665000000000000000e+03 5.607315757021922309e-01 7.039165054424127987e-01 -2.075916268882864735e-01
2.878300000000000000e+04 1.175511004042519403e+00 -3.226904483421408898e-01 -2.141279858989704188e-01
