# star id 	 star_x_coords [pc] 	 star_y_coords [pc] 	 star_z_coords [pc] 
5.408000000000000000e+03 -9.796525052973521497e-01 3.471015042579779220e-01 -4.505392451959728817e+00
4.927000000000000000e+03 -7.848156285715361946e-01 1.300102240302720702e+00 -1.787754278170588407e+00
5.069000000000000000e+03 4.730825586549656236e-01 1.387678838572057316e+00 -2.074754989019702123e+00
5.282000000000000000e+03 4.730825586549656236e-01 1.387678838572057316e+00 -2.074754989019702123e+00
4.835000000000000000e+03 3.810817518588720532e-01 1.296286864882716827e+00 -1.905527916292300006e+00
5.098000000000000000e+03 -2.295853598138535290e-01 -1.719316492498435878e+00 -2.234478474454697050e+00
5.163000000000000000e+03 -7.684304112479054538e-01 2.209826628018163319e-02 -2.699881085812677384e+00
4.956000000000000000e+03 -2.712528815267575055e+00 5.864643179323394406e-01 -1.941252191743373601e+00
5.160000000000000000e+03 -2.310805235967393401e+00 1.132833458162991747e+00 -1.327061375425266476e+00
5.159000000000000000e+03 -3.909208095319058884e-01 -1.538222810266788088e+00 -1.770171064564472374e+00
5.164000000000000000e+03 -1.353106956678118422e-01 5.944474826081602714e-02 -1.933464382189406194e+00
4.871000000000000000e+03 5.545567647093037067e-01 -3.240371416438847518e-02 -1.974410529159676742e+00
4.834000000000000000e+03 6.813107919431189430e-01 -4.262553065817940023e-01 -1.760551366760630287e+00
5.134000000000000000e+03 -1.302820294791033007e+00 -1.902648104964626441e+00 -2.331363744579185493e+00
4.921000000000000000e+03 -1.977659493902876875e+00 1.263398985551589249e-01 -1.694174407081249001e+00
5.257000000000000000e+03 -8.997337550115815930e-01 8.023084328381457908e-02 -1.609028120151840824e+00
4.961000000000000000e+03 -5.703554621755557719e-01 5.099131999166246487e-01 -3.648285392195589338e+00
5.267000000000000000e+03 -7.339288103269296926e-01 1.680412308519265707e-01 -1.250927696751176654e+00
5.127000000000000000e+03 -5.250733908719666942e-01 6.966107028474652907e-01 -1.168428012026922147e+00
5.265000000000000000e+03 -5.250733908719666942e-01 6.966107028474652907e-01 -1.168428012026922147e+00
5.121000000000000000e+03 7.931409215031095528e-01 3.603166339835439658e-01 -1.570016979016052971e+00
5.120000000000000000e+03 7.950807278194105265e-01 5.366753884837862643e-01 -1.540242257363345857e+00
5.266000000000000000e+03 6.148002831651382394e-01 8.122370379518315531e-01 -1.081201352630728252e+00
5.231000000000000000e+03 9.547843502624004941e-01 9.397246064014126432e-01 -1.404734959572110142e+00
4.960000000000000000e+03 1.507200832267869828e-01 1.645076047290302768e+00 -1.415452935298745274e+00
5.258000000000000000e+03 1.100926086732741283e+00 1.297107250472919304e+00 -1.089156045722852184e+00
5.259000000000000000e+03 -4.279074316603441730e-01 -9.807720794093199856e-01 -1.457395591780233701e+00
5.221000000000000000e+03 -7.618262005536280412e-03 -1.885724836788469361e+00 -1.590910160015262420e+00
5.269000000000000000e+03 1.123646439360896920e-01 -5.121712806948721664e-01 -1.498539250369255171e+00
5.062000000000000000e+03 -1.659910021353994125e-01 -8.073443404497737674e-01 -1.118780016070509475e+00
5.328000000000000000e+03 6.259498059557699889e-01 -8.617003172595616434e-02 -1.589905344375914353e+00
5.077000000000000000e+03 -9.064899735508902268e-01 -1.730335992119449884e+00 -1.231361112913283762e+00
4.879000000000000000e+03 1.753017985789838917e+00 -3.363083715696149056e-01 -1.265897651105397870e+00
4.980000000000000000e+03 -1.187705766770108085e+00 7.491305102149681261e-02 -1.506403596195077910e+00
4.979000000000000000e+03 1.645000619668763875e-01 9.018671739670480747e-01 -1.098788599232520369e+00
4.973000000000000000e+03 -1.288775795004582392e+00 8.552584128529190366e-01 -1.007731333885530489e+00
5.178000000000000000e+03 -1.068579315262354612e+00 -9.493938961682744093e-01 -1.031472352957045757e+00
4.857000000000000000e+03 1.042021983082761949e+00 3.495572360409084922e-01 -9.613949271844361988e-01
5.234000000000000000e+03 1.748866649736413592e-01 3.638569904489088458e-01 -9.461202618025410516e-01
4.819000000000000000e+03 3.268710685871667465e-01 -1.149910022331297910e+00 -9.735725896809270807e-01
4.869000000000000000e+03 3.268710685871667465e-01 -1.149910022331297910e+00 -9.735725896809270807e-01
4.666000000000000000e+03 3.268710685871667465e-01 -1.149910022331297910e+00 -9.735725896809270807e-01
5.075000000000000000e+03 3.268710685871667465e-01 -1.149910022331297910e+00 -9.735725896809270807e-01
4.943000000000000000e+03 3.268710685871667465e-01 -1.149910022331297910e+00 -9.735725896809270807e-01
4.901000000000000000e+03 3.268710685871667465e-01 -1.149910022331297910e+00 -9.735725896809270807e-01
5.253000000000000000e+03 2.914094679588572490e-01 1.164244656806232570e-01 -9.006448005186484806e-01
4.989000000000000000e+03 9.728068428858591687e-01 9.607101969885576409e-01 -8.705156522647214956e-01
4.990000000000000000e+03 6.865855621384753249e-02 -8.983928369233211697e-01 -8.465397128226754830e-01
5.147000000000000000e+03 8.412711922109821217e-01 1.070203122420195996e+00 -8.557743506862323102e-01
5.148000000000000000e+03 2.287776052566954377e-01 3.939956918394358354e-01 -8.061170474892662696e-01
5.211000000000000000e+03 -7.331066398619441316e-01 -1.495245841661443365e-01 -7.981338146801348898e-01
5.415000000000000000e+03 6.874646124902739075e-01 5.979443242607089815e-01 -7.770539482491827243e-01
5.073000000000000000e+03 8.408301711378385335e-01 8.536114351761341368e-01 -7.705920439922024912e-01
4.944000000000000000e+03 1.401346675832186861e+00 -8.300625338744254123e-01 -7.311040568324074229e-01
4.818000000000000000e+03 -3.510782327583399365e-01 -6.034591284254844368e-01 -6.994840005225952950e-01
5.100000000000000000e+03 1.287057647889014333e+00 -7.977664830354456171e-01 -6.838036717658368957e-01
5.298000000000000000e+03 3.576442704251263649e-01 2.656460631771153658e-01 -6.756008698113689093e-01
5.157000000000000000e+03 8.220321426606602699e-01 1.825880213217388359e+00 -6.732310714356231074e-01
5.091000000000000000e+03 2.998614707845064231e-01 -1.263781706336501998e+00 -6.503929383321462865e-01
5.092000000000000000e+03 -1.210905983080863280e-01 -6.573290871649675182e-01 -6.664838235948096212e-01
5.425000000000000000e+03 9.019609984727310348e-01 8.028750146670944332e-01 -6.378485674529912330e-01
4.899000000000000000e+03 2.160054367291053268e-01 -5.945392159690925382e-01 -6.229423637777244949e-01
5.281000000000000000e+03 -5.808102375070234302e-02 -3.058367356937878867e-01 -6.035732687718891043e-01
5.122000000000000000e+03 1.226252312802714073e+00 -1.179223382399754882e+00 -5.929555107091388777e-01
5.123000000000000000e+03 -4.719486411407842752e-01 -7.717007917699021391e-01 -5.862977590137816719e-01
5.230000000000000000e+03 1.217447503461102087e-01 2.970079459140322342e-01 -5.791896401922187465e-01
4.838000000000000000e+03 1.217447503461102087e-01 2.970079459140322342e-01 -5.791896401922187465e-01
4.839000000000000000e+03 3.255066758009661498e-01 5.086782761575250333e-01 -5.678837618201129089e-01
4.851000000000000000e+03 -4.069580811927266950e-01 -4.058858255711328411e-01 -5.479876246927801731e-01
4.917000000000000000e+03 2.102319652848052556e-01 -2.248043101858172577e-01 -5.434597667247942354e-01
4.849000000000000000e+03 1.759454587794181180e+00 9.105138160351060606e-01 -5.379072203597417001e-01
5.102000000000000000e+03 -7.302927196688955291e-01 1.758483642819228976e+00 -4.139162791938559849e-01
5.354000000000000000e+03 -1.997241845386668047e+00 1.627852819489248759e+00 2.241756307671778359e-01
5.001000000000000000e+03 1.391830101372207196e+00 2.061966835649656105e+00 -1.020856446974534038e-01
5.039000000000000000e+03 -1.440176236819894484e+00 1.911890305670581824e+00 1.361427883155755580e+00
5.014000000000000000e+03 -5.778479378049183879e-01 2.286090723755847876e+00 1.512867204744949845e-01
5.006000000000000000e+03 -5.778479378049183879e-01 2.286090723755847876e+00 1.512867204744949845e-01
5.007000000000000000e+03 1.006721606352840581e-01 -1.729182155712322810e+00 -1.221729184948117108e-03
5.095000000000000000e+03 4.876143665660066517e-01 2.817896964999121678e+00 4.955298280734368177e-01
5.130000000000000000e+03 -1.000111440385722972e+00 2.453219691455814200e+00 1.772176995180601011e-01
4.912000000000000000e+03 -8.836310845172334894e-01 2.140242933725374996e+00 2.099680367958356442e-01
5.297000000000000000e+03 1.705593389891078004e-01 3.305831532571943399e+00 3.973979558803790724e-01
4.877000000000000000e+03 -1.413327190106130615e+00 3.198935995329733828e+00 -2.695671717411727286e-01
5.420000000000000000e+03 1.022589110104007659e+00 2.843341214099325498e+00 1.239148524972101484e+00
5.158000000000000000e+03 -1.016058582881527173e+00 -1.734325533306602551e+00 1.581979016865410870e+00
4.824000000000000000e+03 -1.999592374727058086e+00 -4.044926296436415214e-01 1.359933249349047912e+00
4.825000000000000000e+03 -2.241359514388477692e+00 -3.289944592902855902e-01 1.606280322603183208e+00
5.011000000000000000e+03 2.360548393383083976e+00 -1.961975469355934365e-01 1.199093755934647731e+00
4.833000000000000000e+03 -8.990800784526697953e-02 7.186787218296331048e-01 2.503758487406017252e+00
4.995000000000000000e+03 1.852495534123448806e+00 1.478876801030466481e+00 1.713974413772788807e+00
5.131000000000000000e+03 1.326756627880854467e+00 1.497341177366450893e+00 1.648336613608201162e+00
5.240000000000000000e+03 -4.921175939240498565e-01 -8.333984633328839209e-01 2.066886117549799451e+00
5.393000000000000000e+03 -9.720148969123556526e-01 4.345838084040707372e-01 3.399710901534284346e+00
5.103000000000000000e+03 -7.955690709218998791e-01 1.802662563351645986e+00 2.740316497821375208e+00
4.920000000000000000e+03 2.157961426855990794e+00 1.370631358586251736e+00 3.011212468843204704e+00
4.843000000000000000e+03 -1.502314379570364622e+00 1.028256827578644561e+00 2.889569204423231952e+00
5.047000000000000000e+03 -1.499649772115347446e+00 -4.084869162238788931e-01 3.266415970804700919e+00
5.099000000000000000e+03 -1.119270104275798872e+00 -6.819511770683419627e-01 3.407355563530053644e+00
4.978000000000000000e+03 -7.457790246745759077e-01 4.359734513590325378e-01 -9.502500409588066077e-02
5.387000000000000000e+03 1.758698098617657024e+00 3.428235154875949320e-01 -5.936538478211872416e-02
5.388000000000000000e+03 6.487496303579831647e-01 2.990321045910206976e-01 -1.837590628594156783e-01
4.971000000000000000e+03 5.202633490984709397e-01 9.736461124788320376e-02 -1.326922553152343198e-02
4.972000000000000000e+03 1.143793635626579430e+00 4.477403520189113806e-01 -3.386774465383979305e-01
5.118000000000000000e+03 -8.542108706205908675e-02 9.898158084502313159e-01 -1.479193349567964333e-01
5.119000000000000000e+03 -3.659686868167426610e-01 9.196393859802611814e-01 -4.596945335133995059e-02
5.402000000000000000e+03 -3.659686868167426610e-01 9.196393859802611814e-01 -4.596945335133995059e-02
5.188000000000000000e+03 6.326138350116536913e-01 8.509739919727792312e-01 -2.395972058716679953e-01
5.422000000000000000e+03 2.906529031605344926e-01 5.258678079366490010e-01 -2.438793736228532794e-01
5.044000000000000000e+03 3.704414870459942222e-01 8.445411259857849018e-01 -1.448586901308814845e-01
5.200000000000000000e+03 3.550340535734193281e-01 8.531969621120936154e-01 -1.110497793796199062e-01
4.815000000000000000e+03 1.948840484216418645e-01 5.420272623891264629e-01 -3.446970983077335404e-03
4.814000000000000000e+03 9.919088452033548720e-01 7.380451497898405933e-01 -5.136958129151310004e-01
4.953000000000000000e+03 9.919088452033548720e-01 7.380451497898405933e-01 -5.136958129151310004e-01
5.107000000000000000e+03 -5.894838832940507700e-01 2.885293397401511584e-01 4.804900500088322701e-01
4.651000000000000000e+03 5.552722293102902995e-01 3.840083962203664214e-01 2.603243577567582179e-02
5.153000000000000000e+03 6.178561653201342097e-01 3.107418336684588667e-01 1.463643165377064292e-01
5.152000000000000000e+03 -3.436324653587945477e-01 6.742723426948487031e-01 6.600453315942900190e-02
4.859000000000000000e+03 -8.234822440529114829e-01 9.765437184826168959e-01 3.678041526208275513e-01
4.858000000000000000e+03 7.462661662199678858e-01 6.947875964919916214e-01 4.224726785590888767e-01
4.915000000000000000e+03 1.295062953475110135e-01 4.944804053466214100e-01 2.824806314821373121e-01
4.930000000000000000e+03 9.732722081685807325e-01 5.889761162679292283e-01 9.720036344675975215e-02
4.931000000000000000e+03 -8.439083247248646558e-01 2.246397856085167177e-01 6.605084678840995593e-01
5.022000000000000000e+03 2.604510155001236171e-01 -2.115118021056616726e-02 9.572184713414202406e-01
4.856000000000000000e+03 -9.677524574361910936e-01 1.011733542127913665e+00 -2.718691538898525550e-01
5.206000000000000000e+03 -1.824828507028399827e-01 1.611676254955227705e-01 7.196934364043485743e-01
4.591000000000000000e+03 -2.852332110859236991e-01 9.833589588107827240e-02 5.802086115262596877e-01
4.965000000000000000e+03 -1.141426998168526552e-02 1.631446567675567394e-01 6.020998312496885774e-01
5.079000000000000000e+03 8.037637832619282108e-02 -5.982402973268108326e-02 1.057790729100283045e+00
5.315000000000000000e+03 -1.774872017952873193e-01 -8.000066138377803782e-02 6.188120765454030447e-01
5.056000000000000000e+03 -4.893725872253469333e-01 5.739192509319934743e-01 8.613441134256163423e-01
5.172000000000000000e+03 4.541899233008166448e-01 4.830154915768360979e-01 8.078487462657335527e-01
5.215000000000000000e+03 4.541899233008166448e-01 4.830154915768360979e-01 8.078487462657335527e-01
4.863000000000000000e+03 1.039758697760476025e+00 7.240952223247063557e-01 8.211030423238909748e-01
4.864000000000000000e+03 -1.432653111575248772e+00 1.514472771078615665e+00 5.069400560144146084e-01
5.359000000000000000e+03 -1.432653111575248772e+00 1.514472771078615665e+00 5.069400560144146084e-01
5.182000000000000000e+03 -6.931834562603569339e-01 -3.896324516223614864e-02 1.288943546733143819e+00
5.360000000000000000e+03 -3.466233245356278303e-01 -5.187353690564577846e-02 1.292369898078085555e+00
5.389000000000000000e+03 7.211175943472909466e-01 -1.298168189603643441e-02 1.215426240324866569e+00
5.390000000000000000e+03 1.182521952736635740e+00 1.079181294962211268e+00 3.469255440925280709e-01
5.391000000000000000e+03 -7.492715045444242605e-03 4.219893100379294992e-01 1.218429940183327176e+00
4.926000000000000000e+03 -7.268495955591873781e-01 6.621283737162571015e-01 1.089408269608064472e+00
5.112000000000000000e+03 2.789593811868087414e-01 8.706759330715527767e-01 1.321037306505438380e+00
5.195000000000000000e+03 5.572807780954747159e-01 8.337295079357147642e-01 1.575540431666873076e+00
5.066000000000000000e+03 -2.417491855243554255e-01 5.733183889137336564e-01 1.168808484723918184e+00
5.027000000000000000e+03 -8.370390656186685874e-01 -1.259880925860286993e+00 -3.277697474870890915e-01
5.214000000000000000e+03 -3.676504194710474849e-01 -1.219937969411887480e+00 -7.160540997202957669e-02
5.177000000000000000e+03 1.569289931050590781e+00 -1.319695752601049321e+00 -2.110391883829834114e-01
4.830000000000000000e+03 -3.469291458758050339e-02 -1.583709105750614299e+00 -5.283843014311528918e-01
5.356000000000000000e+03 -2.932453209053278442e-01 -1.422736820206807806e+00 -2.738905815153458434e-02
5.162000000000000000e+03 -5.711411010515377029e-01 1.332438748052950928e+00 1.373371253794019253e+00
4.918000000000000000e+03 6.615615591748138513e-01 1.504045325038703140e+00 1.136153295444664479e+00
5.207000000000000000e+03 -1.234265466113726006e+00 3.115857834529833781e-03 1.444812804671698814e+00
5.031000000000000000e+03 -1.085997372361930502e+00 8.154851955420099330e-01 1.381263067109891551e+00
5.256000000000000000e+03 -1.500167860339587378e-01 -1.166923582935424974e+00 8.216024483365913511e-02
4.985000000000000000e+03 -1.500167860339587378e-01 -1.166923582935424974e+00 8.216024483365913511e-02
4.963000000000000000e+03 -1.724367140624849526e-01 -7.830507811887201797e-01 -4.378254025196497423e-01
5.414000000000000000e+03 8.620099289329630210e-02 -6.639958010451181281e-01 -1.143095972502337077e-01
5.155000000000000000e+03 8.620099289329630210e-02 -6.639958010451181281e-01 -1.143095972502337077e-01
5.051000000000000000e+03 1.971864687761097912e-01 -9.118421803812850612e-01 -9.262463948915211631e-02
4.962000000000000000e+03 -1.796136715078233692e-01 -7.855557597902134148e-01 -2.489713692789052857e-03
5.154000000000000000e+03 -7.253466764078382312e-01 -5.512396106909420723e-01 -4.123949366191226318e-01
4.928000000000000000e+03 -5.860039674263219922e-01 -3.124940233918067634e-01 2.725617542409963789e-03
4.725000000000000000e+03 -3.859606655597644931e-01 -7.381223980469968637e-01 1.265236307220902745e-01
4.724000000000000000e+03 -3.859606655597644931e-01 -7.381223980469968637e-01 1.265236307220902745e-01
4.946000000000000000e+03 -1.972094503519201680e-01 -7.993167764894195670e-01 9.676822843579913069e-02
5.318000000000000000e+03 4.860304699897284308e-01 -1.266058623865276900e+00 3.547322796293030933e-01
4.914000000000000000e+03 4.860304699897284308e-01 -1.266058623865276900e+00 3.547322796293030933e-01
5.040000000000000000e+03 -7.125727242574839693e-01 -5.007925504851726828e-01 1.236991980973698446e-01
4.932000000000000000e+03 -7.125727242574839693e-01 -5.007925504851726828e-01 1.236991980973698446e-01
5.196000000000000000e+03 -8.714073548233898237e-01 -1.285575177122254331e+00 5.192696360972348657e-02
5.113000000000000000e+03 3.028577667179632726e-01 -8.334222962189130612e-01 -3.441019487684826572e-02
4.672000000000000000e+03 3.579687931121071642e-01 -9.604194678190935974e-01 -2.731423488870632355e-02
4.673000000000000000e+03 3.579687931121071642e-01 -9.604194678190935974e-01 -2.731423488870632355e-02
5.379000000000000000e+03 -5.646853324268050756e-01 -7.020037842114703608e-01 7.536311553683816555e-01
5.024000000000000000e+03 1.618814033710364697e+00 -9.348989558874478689e-01 9.508797469820535753e-01
5.025000000000000000e+03 9.555436462096054129e-01 -7.486532989647542990e-01 -3.500010642320390275e-01
5.026000000000000000e+03 1.009618240792349297e+00 -6.294191442366354750e-01 -3.103240971950000926e-01
5.108000000000000000e+03 1.009618240792349297e+00 -6.294191442366354750e-01 -3.103240971950000926e-01
5.117000000000000000e+03 -1.135748376751308797e-01 -9.577329075060845298e-01 1.064905638859556802e+00
4.992000000000000000e+03 6.848621859358843267e-01 -4.772183265594520662e-01 -3.664984659936436628e-01
5.096000000000000000e+03 6.406939819138273151e-01 -4.944130619697091333e-01 -1.911229528845481695e-01
5.097000000000000000e+03 7.016866715095062546e-01 -5.882992719586326302e-01 -4.882987418987028150e-02
5.198000000000000000e+03 6.078618957185426552e-01 -4.284083035199586220e-01 -1.117933122855419015e-02
4.950000000000000000e+03 5.916013759869827027e-01 -4.144261804495243950e-01 -5.544523120015298900e-03
4.951000000000000000e+03 -3.964376939586600201e-01 -1.509791757772134702e+00 6.331936610015844735e-01
4.952000000000000000e+03 3.589628922410810219e-01 -1.181315868877774733e+00 6.244335043531847873e-01
5.367000000000000000e+03 6.454049623248891976e-01 -1.284839160669775993e+00 6.684703160003309108e-01
5.368000000000000000e+03 -4.141826538286608184e-01 -5.421578132472291145e-01 7.943585369879286873e-01
5.168000000000000000e+03 -4.498012107559787864e-01 -8.726986916055068377e-02 1.057005242219098307e+00
5.169000000000000000e+03 1.534529088085790249e+00 -4.516693818329997612e-01 5.557650641894582577e-01
5.183000000000000000e+03 1.377702149901551820e-01 -1.429913207734202274e+00 6.552899853232716509e-01
5.184000000000000000e+03 -1.597763225666852804e-01 -5.385590326820732798e-01 7.888321304745886664e-01
4.935000000000000000e+03 -1.829866919562590510e-01 -3.748760021225763239e-01 7.311189274285538886e-01
4.936000000000000000e+03 -6.557438305334528650e-02 -1.341904672796943032e-01 7.566066392813013408e-01
4.937000000000000000e+03 1.291558972347104373e-01 -2.085284825488429306e-01 7.347705829057886717e-01
5.084000000000000000e+03 -5.397765099687035217e-03 -1.368353782609119662e-01 6.128791695589370647e-01
5.085000000000000000e+03 2.470962223279826731e-01 -9.830832225630103949e-01 2.614262856555171766e-01
5.086000000000000000e+03 4.636414327148656866e-01 -9.345622495771124250e-01 2.798940193990588909e-01
4.924000000000000000e+03 4.636414327148656866e-01 -9.345622495771124250e-01 2.798940193990588909e-01
4.923000000000000000e+03 6.316224953271216691e-01 -7.834891544972890642e-01 5.192296330141132898e-01
4.922000000000000000e+03 1.137160428213064733e+00 -7.727830533963242488e-01 4.461790390583644239e-01
4.714000000000000000e+03 -9.656061650465943558e-01 -1.147608517451331522e+00 3.100890302334349258e-01
5.405000000000000000e+03 4.770532199093224790e-02 -1.121388352885972495e+00 1.202098736355630137e+00
5.135000000000000000e+03 7.389194914222514399e-01 -3.137935772462867590e-01 2.193361028131874946e-01
5.210000000000000000e+03 7.389194914222514399e-01 -3.137935772462867590e-01 2.193361028131874946e-01
4.942000000000000000e+03 -1.190597536850759752e+00 -2.655048548308514000e-01 3.973584893142216856e-01
5.136000000000000000e+03 -8.719217287911362746e-01 -4.814875997923024897e-01 4.621613369265773485e-01
5.383000000000000000e+03 -1.186534513060095719e+00 -1.867616787137649226e-01 5.161872538574883151e-01
5.254000000000000000e+03 5.581242831726882514e-01 -3.413938867187198412e-01 6.817821344559718000e-01
5.255000000000000000e+03 4.631964209642092101e-01 -2.799358210729678831e-01 8.378089704449465103e-01
5.048000000000000000e+03 2.605386556562478972e-01 -1.174716173463394853e-01 6.627048702324529472e-01
5.126000000000000000e+03 2.605386556562478972e-01 -1.174716173463394853e-01 6.627048702324529472e-01
4.828000000000000000e+03 3.188753957416992080e-01 -2.765095608748282530e-01 5.606301608252124424e-01
4.712000000000000000e+03 -1.874309087065114454e+00 -4.378591000358085239e-01 5.519779673158211608e-01
4.652000000000000000e+03 1.024137700064287060e+00 -4.339852248942150936e-01 8.224955276067973386e-01
4.986000000000000000e+03 1.094557194283666490e+00 -3.464130184485014752e-01 1.055682912430953024e+00
4.987000000000000000e+03 -1.133155657808146088e+00 -8.915863862284254537e-01 1.462711664918742827e+00
5.242000000000000000e+03 1.008549855766048609e+00 -1.547486356965350751e-01 1.201867175896680351e+00
5.208000000000000000e+03 -1.357333749716786997e+00 -4.114935826103192085e-01 1.116404420001885001e+00
4.970000000000000000e+03 2.830757689272189737e-01 1.101347189562602580e-01 1.617298406625167217e-02
5.181000000000000000e+03 3.084649353093738000e-01 -2.028181373012216682e-02 5.054333183656467554e-02
5.043000000000000000e+03 3.084649353093738000e-01 -2.028181373012216682e-02 5.054333183656467554e-02
4.976000000000000000e+03 2.810108020231467663e-01 1.348817538501663194e-01 1.126059113824311453e-01
4.977000000000000000e+03 2.927004963319035369e-01 1.306673134328661945e-01 1.715970279282714728e-01
5.068000000000000000e+03 2.277319250495253300e-01 1.551954545191733814e-01 8.906202657188089233e-02
4.847000000000000000e+03 4.040004935431937838e-01 -1.785763952486263406e-02 2.699847386833837959e-01
4.886000000000000000e+03 -1.976962779525734959e-01 1.085302982997404797e-02 1.417341900054225334e-02
5.002000000000000000e+03 -5.474168079435060008e-02 -1.756013435318948268e-02 4.740786575105460088e-02
4.713000000000000000e+03 -5.474168079435060008e-02 -1.756013435318948268e-02 4.740786575105460088e-02
4.925000000000000000e+03 -5.259829258231718541e-02 9.568558620455291930e-02 1.147404655188211109e-02
4.638000000000000000e+03 -5.259829258231718541e-02 9.568558620455291930e-02 1.147404655188211109e-02
5.412000000000000000e+03 -5.259829258231718541e-02 9.568558620455291930e-02 1.147404655188211109e-02
5.435000000000000000e+03 -1.184479998014325020e-01 1.127533881716118458e-01 4.112201129571246838e-02
4.991000000000000000e+03 -1.184479998014325020e-01 1.127533881716118458e-01 4.112201129571246838e-02
5.124000000000000000e+03 -1.125170597329514521e-01 5.365866475311520389e-02 1.054377974307243448e-01
5.150000000000000000e+03 -1.125170597329514521e-01 5.365866475311520389e-02 1.054377974307243448e-01
5.397000000000000000e+03 -1.125170597329514521e-01 5.365866475311520389e-02 1.054377974307243448e-01
5.454000000000000000e+03 -1.194761082068680480e-01 -2.896657870017804726e-02 9.490110493485559573e-02
5.190000000000000000e+03 -1.194761082068680480e-01 -2.896657870017804726e-02 9.490110493485559573e-02
5.038000000000000000e+03 -1.865756587149718371e-01 -4.942181783572152654e-02 1.009772135666366921e-01
5.017000000000000000e+03 -1.814772377793758551e-01 -2.666461483094906271e-02 9.894806159727664863e-02
5.220000000000000000e+03 -1.814772377793758551e-01 -2.666461483094906271e-02 9.894806159727664863e-02
4.827000000000000000e+03 -1.814772377793758551e-01 -2.666461483094906271e-02 9.894806159727664863e-02
5.060000000000000000e+03 -1.954050641477493855e-01 5.466735913969955618e-02 1.862233190170528019e-01
4.813000000000000000e+03 -7.631363780268429764e-02 1.622587258578960245e-01 1.733576528991491728e-01
5.396000000000000000e+03 -7.631363780268429764e-02 1.622587258578960245e-01 1.733576528991491728e-01
4.929000000000000000e+03 -2.038202857323057060e-01 -5.460648543305524072e-02 4.600636720108042255e-02
5.067000000000000000e+03 -1.234364503651050882e-01 -6.040980745568447219e-02 8.066564933865549847e-02
5.316000000000000000e+03 -1.957034109249491394e-01 -3.737344783201024256e-02 2.146053437960517840e-01
5.156000000000000000e+03 -1.769347968235450708e-01 -6.634951865123639436e-02 1.215061496509193262e-01
4.969000000000000000e+03 -2.808897824158691492e-01 -7.022478929044950746e-02 7.284169106236504376e-02
5.279000000000000000e+03 -5.495545510633803588e-02 -7.654004860624752382e-02 2.967204184574256942e-02
5.404000000000000000e+03 -5.495545510633803588e-02 -7.654004860624752382e-02 2.967204184574256942e-02
5.403000000000000000e+03 -1.706180263237939698e-01 -8.065951280168803805e-02 4.865007724803405154e-02
5.401000000000000000e+03 -2.303683611918074803e-01 7.129232410882480053e-02 2.490366124375427148e-01
5.450000000000000000e+03 -3.627847416492215871e-01 5.673525075441432364e-02 5.153983558850683266e-02
5.317000000000000000e+03 -3.521608669848745876e-01 -5.381361716315780086e-02 6.910541504247191824e-02
5.090000000000000000e+03 -3.206896090847095593e-01 2.247085087728351027e-02 1.570201138677589370e-01
5.349000000000000000e+03 -3.312000981264162647e-01 -6.311291992814460627e-02 1.891369725939924251e-01
4.873000000000000000e+03 -3.164210399859541667e-01 4.827762562329951379e-02 2.379698451857237274e-01
4.872000000000000000e+03 -3.113424099261976608e-01 -8.159171999547254472e-02 1.613065968191520483e-01
5.010000000000000000e+03 -3.109026508857226645e-01 1.016535311242705575e-01 2.382781838061163171e-01
4.836000000000000000e+03 2.566925371964146052e-02 8.597548178882163938e-02 1.248635050214375042e-02
5.385000000000000000e+03 5.185535467100521601e-02 1.601795703511754709e-01 3.842618731233216067e-02
4.837000000000000000e+03 6.022352121715357498e-02 3.147187272114138068e-02 4.411436212505037702e-02
4.984000000000000000e+03 6.022352121715357498e-02 3.147187272114138068e-02 4.411436212505037702e-02
4.880000000000000000e+03 8.797646477711396074e-02 6.992861515044523912e-03 7.752540756126080623e-02
5.262000000000000000e+03 6.603794336801627196e-02 6.518141517652509265e-02 6.984180083982494125e-02
5.057000000000000000e+03 4.981084070909957973e-02 9.415851315011991574e-02 2.261913019267325353e-02
5.165000000000000000e+03 4.981084070909957973e-02 9.415851315011991574e-02 2.261913019267325353e-02
4.861000000000000000e+03 4.981084070909957973e-02 9.415851315011991574e-02 2.261913019267325353e-02
4.860000000000000000e+03 9.097508270043874745e-02 1.664913237702592141e-01 4.931281642770102280e-02
4.947000000000000000e+03 3.454170748749163522e-02 6.840035095108021324e-02 4.118472380255155940e-02
5.438000000000000000e+03 -1.170019024432633614e-02 -2.114239683734808750e-03 6.900238384702106487e-02
4.650000000000000000e+03 -1.170019024432633614e-02 -2.114239683734808750e-03 6.900238384702106487e-02
5.437000000000000000e+03 -1.170019024432633614e-02 -2.114239683734808750e-03 6.900238384702106487e-02
4.852000000000000000e+03 -1.170019024432633614e-02 -2.114239683734808750e-03 6.900238384702106487e-02
5.028000000000000000e+03 1.796824717588663134e-01 4.021950845293531529e-02 8.358794408334802029e-02
4.887000000000000000e+03 1.796824717588663134e-01 4.021950845293531529e-02 8.358794408334802029e-02
5.035000000000000000e+03 1.242421337144605786e-01 1.769849811788049010e-02 6.821371959826194598e-02
4.862000000000000000e+03 5.343305326459812932e-02 1.892943846117134399e-02 7.146198035460571418e-02
5.115000000000000000e+03 5.343305326459812932e-02 1.892943846117134399e-02 7.146198035460571418e-02
5.290000000000000000e+03 1.288230090740114520e-01 3.815372273002992642e-02 6.762485966094544665e-02
4.882000000000000000e+03 1.288230090740114520e-01 3.815372273002992642e-02 6.762485966094544665e-02
4.895000000000000000e+03 2.995253801917385772e-02 -2.952394894265353287e-03 1.127231684906107034e-01
4.866000000000000000e+03 2.995253801917385772e-02 -2.952394894265353287e-03 1.127231684906107034e-01
5.374000000000000000e+03 9.241545486153768252e-02 9.822209458894803902e-02 1.255670432606450504e-01
5.373000000000000000e+03 1.120022339766109098e-01 5.448422718130530029e-02 1.164202886948402238e-01
5.094000000000000000e+03 1.120022339766109098e-01 5.448422718130530029e-02 1.164202886948402238e-01
5.271000000000000000e+03 1.120022339766109098e-01 5.448422718130530029e-02 1.164202886948402238e-01
4.994000000000000000e+03 6.013168555359982292e-02 -8.661949141412605968e-03 6.039872926603351289e-02
4.734000000000000000e+03 4.244745124017867965e-02 3.297521229964672784e-02 1.571198427443860623e-01
4.865000000000000000e+03 4.244745124017867965e-02 3.297521229964672784e-02 1.571198427443860623e-01
4.733000000000000000e+03 -3.690805411464737062e-02 8.882210891073327730e-02 1.609499266042888621e-01
5.105000000000000000e+03 -8.077990984389771256e-04 1.665235030993557075e-01 1.299920963977712063e-01
5.192000000000000000e+03 1.099365796912366022e-02 -4.801627552272691446e-02 1.501140647563588004e-01
5.191000000000000000e+03 1.254440685905819919e-01 1.698582023263526253e-01 1.773292807344617472e-01
5.021000000000000000e+03 1.208558536596626709e-01 -8.472742899570562258e-03 1.970821746495374782e-01
5.020000000000000000e+03 1.208558536596626709e-01 -8.472742899570562258e-03 1.970821746495374782e-01
5.149000000000000000e+03 1.080605736579798304e-01 6.764849323414523496e-02 1.990820599810803060e-01
4.893000000000000000e+03 4.332801525575291635e-02 1.097785851052748285e-01 2.120226137154546109e-01
4.939000000000000000e+03 4.633251490237455528e-02 5.924226413317512652e-02 2.130484499612848026e-01
4.892000000000000000e+03 1.248902571034591347e-01 -6.581793671776381416e-02 1.697674977263403662e-01
4.831000000000000000e+03 1.777697433050775544e-01 5.916069876128915439e-02 2.376284388053022667e-01
4.596000000000000000e+03 5.161106571111417907e-02 -7.745169443320776281e-02 1.322794660110133691e-01
5.364000000000000000e+03 1.756187243026374745e-01 -7.893176252989064778e-02 1.432473796987920878e-02
4.592000000000000000e+03 1.756187243026374745e-01 -7.893176252989064778e-02 1.432473796987920878e-02
4.693000000000000000e+03 -8.609391098454466373e-02 2.141674297353546308e-01 5.907357517897793286e-02
4.694000000000000000e+03 -6.348835748147507729e-02 2.358949099845659703e-01 1.149527032030519536e-01
4.695000000000000000e+03 -6.348835748147507729e-02 2.358949099845659703e-01 1.149527032030519536e-01
4.595000000000000000e+03 -1.687674507254541822e-01 2.653685852619958041e-01 1.873496801716285631e-01
4.696000000000000000e+03 -1.229221622856897511e-01 2.135186723251791818e-01 8.483499312182374297e-02
5.036000000000000000e+03 -1.229221622856897511e-01 2.135186723251791818e-01 8.483499312182374297e-02
4.888000000000000000e+03 1.270904806062986836e-01 1.937057507275312673e-01 1.719019886080346282e-01
4.889000000000000000e+03 8.060348961916474764e-02 1.981075516638952649e-01 2.007565579830128399e-01
5.145000000000000000e+03 6.684793972497971026e-02 1.910376511479938699e-01 1.218754757497677588e-01
5.146000000000000000e+03 6.684793972497971026e-02 1.910376511479938699e-01 1.218754757497677588e-01
4.884000000000000000e+03 4.507610080763981841e-01 1.380173438853233847e-01 2.943780796561625834e-01
4.910000000000000000e+03 2.439938938650243472e-01 -5.362123583097400115e-03 3.450748983812559345e-01
4.885000000000000000e+03 4.106552363924009796e-01 1.530101405300854367e-01 3.538358961343632814e-01
4.594000000000000000e+03 2.915999011769088156e-01 -3.277256750178025868e-02 5.354748463426659555e-01
4.868000000000000000e+03 -1.336570324731098935e-01 2.461592255075117919e-02 3.001704878506146201e-01
4.639000000000000000e+03 -3.004754367192958853e-01 -3.926033090837677264e-02 4.418053611679155779e-01
5.170000000000000000e+03 -1.908779967030085345e-01 -8.028075701508896600e-02 3.529810177389123282e-01
5.237000000000000000e+03 -4.959082477766685315e-01 7.455560002554761923e-03 4.326316048622160793e-01
5.061000000000000000e+03 1.988332020592764593e-01 7.552405737855849566e-02 2.749105075398290410e-01
5.101000000000000000e+03 1.988332020592764593e-01 7.552405737855849566e-02 2.749105075398290410e-01
5.413000000000000000e+03 5.178255616931437544e-02 1.802285749419070271e-01 3.706249974669546532e-01
4.817000000000000000e+03 5.178255616931437544e-02 1.802285749419070271e-01 3.706249974669546532e-01
5.174000000000000000e+03 -2.926657649774710990e-02 3.100050702393275515e-02 4.181523295619271607e-01
4.845000000000000000e+03 -2.926657649774710990e-02 3.100050702393275515e-02 4.181523295619271607e-01
5.151000000000000000e+03 -2.069930251255414078e-02 -5.325723153003991683e-02 4.441855888414281139e-01
4.908000000000000000e+03 2.059494464681819181e-01 1.526565137170337039e-01 4.609855824675079816e-01
5.187000000000000000e+03 -1.206730362688404057e-01 2.270064624566288103e-01 2.757016227361575034e-01
5.012000000000000000e+03 -1.171151550775704209e-01 3.445708104887899026e-01 4.372953391771474685e-01
5.013000000000000000e+03 -6.204201270067244423e-02 2.655624141993087051e-01 4.970599921063012516e-01
5.180000000000000000e+03 2.380057947101477112e-02 -3.726877934712575779e-01 1.352191970892420159e-01
4.640000000000000000e+03 2.380057947101477112e-02 -3.726877934712575779e-01 1.352191970892420159e-01
5.054000000000000000e+03 1.983279082162709983e-01 -4.950672320977815843e-01 2.091299471909593422e-01
4.913000000000000000e+03 -8.205340471134547897e-02 -3.335078234140098630e-01 1.812449987696069797e-01
5.142000000000000000e+03 -1.202617816385185279e-01 -1.137245930148651496e-01 7.141505918461632518e-03
5.141000000000000000e+03 -1.513226750921177199e-01 -9.053067687544569253e-02 1.712934315987979517e-02
5.140000000000000000e+03 -1.897117458006789548e-01 -1.327187038087060955e-01 3.107070983672599596e-02
4.855000000000000000e+03 -1.897117458006789548e-01 -1.327187038087060955e-01 3.107070983672599596e-02
4.854000000000000000e+03 -1.462404682715146009e-01 -9.340867427336263518e-02 1.951817447542154582e-01
5.004000000000000000e+03 -1.462404682715146009e-01 -9.340867427336263518e-02 1.951817447542154582e-01
4.597000000000000000e+03 -1.286853181153162495e-01 -1.413817502982652741e-01 2.541880850699627103e-01
5.059000000000000000e+03 -2.462362089729168702e-01 -3.343483073753077406e-01 2.597577422442469697e-01
5.175000000000000000e+03 -2.462362089729168702e-01 -3.343483073753077406e-01 2.597577422442469697e-01
5.167000000000000000e+03 -3.373138676660971669e-01 -1.335400947681932848e-01 1.429403295007958263e-01
5.228000000000000000e+03 -3.953489533970468983e-01 -2.871906652151920980e-01 2.643538621571863700e-01
5.227000000000000000e+03 1.372057345692923036e-01 -3.501738077002016780e-01 2.233156603231378767e-02
4.846000000000000000e+03 1.469158955761713514e-01 -2.828371417861887949e-01 1.426302807788459859e-02
5.392000000000000000e+03 4.126314100089700787e-02 -1.241197174965975591e-01 1.207982448788413876e-02
5.049000000000000000e+03 4.126314100089700787e-02 -1.241197174965975591e-01 1.207982448788413876e-02
4.593000000000000000e+03 -1.084924643605233996e-02 -1.524768006037078294e-01 1.709533037776367337e-02
4.598000000000000000e+03 5.302969760661824239e-02 -1.592314263275795838e-01 5.226255888057806942e-02
4.997000000000000000e+03 5.302969760661824239e-02 -1.592314263275795838e-01 5.226255888057806942e-02
5.370000000000000000e+03 6.730031080465437299e-03 -2.927519839593344386e-01 5.771342898247411313e-02
5.352000000000000000e+03 2.079318433822976431e-01 -2.651075306373371632e-01 7.235991059077662158e-02
5.338000000000000000e+03 -3.071471541825587792e-02 -1.748346569074641366e-01 6.749510417245829785e-02
5.009000000000000000e+03 -1.790436767208802848e-03 -1.365299135192827862e-01 1.700831411120304892e-01
5.008000000000000000e+03 1.494512358050315015e-02 -2.730244010610221039e-01 2.261214465124510298e-01
5.353000000000000000e+03 5.644915184285537180e-02 -5.678271125707681222e-01 3.544020294674581351e-01
4.996000000000000000e+03 9.879823993655634240e-02 -4.353539201100460332e-01 5.398059726982040729e-01
5.072000000000000000e+03 -1.964826016653518082e-01 -1.150099702860529760e-01 3.355291484302753702e-01
5.070000000000000000e+03 -4.322674392829952694e-01 -8.711002470978712608e-02 5.188315298159125177e-01
5.251000000000000000e+03 3.946351696683336741e-02 -1.697846619683787139e-01 3.054813662272053421e-01
5.217000000000000000e+03 1.582063120206100848e-02 -3.283267348311653677e-01 4.376893510356936190e-01
5.216000000000000000e+03 3.051557476721740159e-01 -1.613897874054117665e-01 7.276089618144965243e-02
4.998000000000000000e+03 3.608743676767147690e-01 -9.756564137222767386e-02 1.067454132700973446e-01
4.940000000000000000e+03 2.444088464514067027e-01 -8.833010731522961123e-02 3.276651429025463358e-01
5.071000000000000000e+03 2.502773627280561186e-01 -3.049877310087225624e-01 5.299634444963388091e-01
4.941000000000000000e+03 -3.626038685790717864e-01 2.620128504043179873e-01 4.757240351101899023e-02
5.087000000000000000e+03 -3.626038685790717864e-01 2.620128504043179873e-01 4.757240351101899023e-02
5.030000000000000000e+03 2.415159377869002810e-01 1.357804595853906449e-01 -6.821622173321628679e-02
4.699000000000000000e+03 2.415159377869002810e-01 1.357804595853906449e-01 -6.821622173321628679e-02
4.700000000000000000e+03 -2.692270254933504248e-01 1.808216081007572029e-01 -1.711158179805210011e-01
4.701000000000000000e+03 -1.795636198930310456e-01 -2.451613992612067250e-02 -1.718494588568120207e-01
4.702000000000000000e+03 -2.132661690848465241e-01 1.774250124077525470e-02 -1.230693978251267140e-01
4.703000000000000000e+03 -2.425972254054755695e-01 1.020870378445550841e-01 -1.073451676092247453e-01
5.310000000000000000e+03 -8.766593994646143528e-02 9.635732963677412499e-02 -1.319863527680524840e-01
4.698000000000000000e+03 -7.863478607094975814e-02 -2.948798374241334841e-02 -9.024491963354819291e-02
5.032000000000000000e+03 -1.975621419086195374e-01 1.795096790644095108e-01 -8.647155187247790309e-02
4.644000000000000000e+03 -2.150495970329586726e-01 -6.491938648299822034e-02 -9.746191281175953236e-02
4.816000000000000000e+03 -9.839762875984092716e-02 5.490735193002649339e-02 -5.664049323155495586e-02
4.945000000000000000e+03 -9.839762875984092716e-02 5.490735193002649339e-02 -5.664049323155495586e-02
5.093000000000000000e+03 -1.428714527735763795e-01 -6.088939088864719906e-02 -4.952560650938409026e-02
5.125000000000000000e+03 -1.428714527735763795e-01 -6.088939088864719906e-02 -4.952560650938409026e-02
5.111000000000000000e+03 -8.031411635592178300e-02 2.049673805579743657e-02 -3.520829056619589892e-02
5.330000000000000000e+03 -8.031411635592178300e-02 2.049673805579743657e-02 -3.520829056619589892e-02
4.829000000000000000e+03 -8.031411635592178300e-02 2.049673805579743657e-02 -3.520829056619589892e-02
5.089000000000000000e+03 -5.840496750523982428e-02 -4.542008325950064318e-02 -7.579362750107065949e-03
4.934000000000000000e+03 -5.840496750523982428e-02 -4.542008325950064318e-02 -7.579362750107065949e-03
5.416000000000000000e+03 -6.850259132255587247e-02 1.716680901179756802e-02 -1.704963498134759448e-03
4.957000000000000000e+03 -6.850259132255587247e-02 1.716680901179756802e-02 -1.704963498134759448e-03
5.139000000000000000e+03 -1.989372992826332620e-01 -8.479179389046009874e-02 -2.335289108247096124e-01
5.201000000000000000e+03 -5.366889793475593251e-02 7.107894217881494114e-02 1.416314986350641902e-03
5.045000000000000000e+03 -5.366889793475593251e-02 7.107894217881494114e-02 1.416314986350641902e-03
5.223000000000000000e+03 2.010935433898737301e-01 2.513522470600548786e-02 -2.320238171710258257e-01
5.442000000000000000e+03 -3.090150526817581067e-02 1.907726781000462779e-02 -2.415079406143192386e-01
4.983000000000000000e+03 2.504808399309865763e-02 9.581938996332439729e-02 -1.728078397067491778e-01
5.452000000000000000e+03 2.504808399309865763e-02 9.581938996332439729e-02 -1.728078397067491778e-01
5.299000000000000000e+03 7.813909638581151285e-02 1.287722178792165550e-01 -1.687616570409531391e-01
5.249000000000000000e+03 2.235004917629481724e-01 4.065366296656236500e-02 -1.536170498851419097e-01
5.233000000000000000e+03 3.209704351547770784e-04 -3.283246775268366946e-03 -1.672081862194048085e-01
4.968000000000000000e+03 3.209704351547770784e-04 -3.283246775268366946e-03 -1.672081862194048085e-01
4.938000000000000000e+03 3.209704351547770784e-04 -3.283246775268366946e-03 -1.672081862194048085e-01
5.189000000000000000e+03 -3.108554819380060508e-02 2.540696387811181012e-02 -1.193483090162672511e-01
5.400000000000000000e+03 -3.108554819380060508e-02 2.540696387811181012e-02 -1.193483090162672511e-01
5.203000000000000000e+03 -3.108554819380060508e-02 2.540696387811181012e-02 -1.193483090162672511e-01
5.229000000000000000e+03 1.802346576277074064e-01 -3.481095509634712926e-02 -1.053707931162861655e-01
4.765000000000000000e+03 1.969051842057467638e-02 7.490631842775030691e-02 -1.068719819807810723e-01
4.959000000000000000e+03 1.969051842057467638e-02 7.490631842775030691e-02 -1.068719819807810723e-01
5.427000000000000000e+03 1.969051842057467638e-02 7.490631842775030691e-02 -1.068719819807810723e-01
5.016000000000000000e+03 1.700424765132879656e-01 2.234972103153154421e-02 -9.544150592752487228e-02
4.722000000000000000e+03 1.700424765132879656e-01 2.234972103153154421e-02 -9.544150592752487228e-02
5.410000000000000000e+03 1.151568456486415926e-01 -4.490912654569001461e-02 -8.235514485100736692e-02
4.850000000000000000e+03 9.172435600483197504e-02 6.743645697152089724e-02 -7.617886888640867937e-02
5.348000000000000000e+03 3.553347986893129473e-02 5.564015019919565930e-02 -8.231539057145198512e-02
5.202000000000000000e+03 3.553347986893129473e-02 5.564015019919565930e-02 -8.231539057145198512e-02
5.213000000000000000e+03 6.593488162336313962e-02 -3.321448828330630931e-04 -5.839883151942615314e-02
5.083000000000000000e+03 3.297253385028398043e-03 6.444757470518425180e-03 -6.485109199381611234e-02
5.302000000000000000e+03 3.297253385028398043e-03 6.444757470518425180e-03 -6.485109199381611234e-02
5.301000000000000000e+03 3.297253385028398043e-03 6.444757470518425180e-03 -6.485109199381611234e-02
5.064000000000000000e+03 2.013414596920739541e-01 -1.792098129521946248e-02 -6.115606340841850397e-02
5.430000000000000000e+03 2.013414596920739541e-01 -1.792098129521946248e-02 -6.115606340841850397e-02
4.988000000000000000e+03 1.054179503613852376e-01 2.575368657116428039e-02 -5.748917840199396778e-02
4.878000000000000000e+03 1.054179503613852376e-01 2.575368657116428039e-02 -5.748917840199396778e-02
4.896000000000000000e+03 9.646761112449553366e-03 2.502195476968438470e-02 -3.774806145529652213e-02
5.114000000000000000e+03 9.646761112449553366e-03 2.502195476968438470e-02 -3.774806145529652213e-02
5.226000000000000000e+03 2.590739903436656277e-02 -6.598464271996817843e-02 -2.885334082369439557e-02
5.398000000000000000e+03 2.590739903436656277e-02 -6.598464271996817843e-02 -2.885334082369439557e-02
5.309000000000000000e+03 2.590739903436656277e-02 -6.598464271996817843e-02 -2.885334082369439557e-02
5.286000000000000000e+03 -2.324370936850073122e-02 -4.118346637403647037e-02 -3.133111636103080855e-02
5.063000000000000000e+03 -2.324370936850073122e-02 -4.118346637403647037e-02 -3.133111636103080855e-02
5.287000000000000000e+03 -2.324370936850073122e-02 -4.118346637403647037e-02 -3.133111636103080855e-02
5.005000000000000000e+03 1.397118124413054829e-01 -3.454849086276112757e-02 -2.376298888429317913e-02
4.870000000000000000e+03 1.397118124413054829e-01 -3.454849086276112757e-02 -2.376298888429317913e-02
5.421000000000000000e+03 2.379896186563712490e-02 3.012356809705352134e-02 -2.138169524389610388e-02
5.327000000000000000e+03 -1.731587179700966317e-02 1.023372538507345553e-01 -2.035644869785357969e-02
5.193000000000000000e+03 6.173484891158409482e-02 -8.443463839398646087e-02 -2.376137052770843638e-02
5.194000000000000000e+03 6.173484891158409482e-02 -8.443463839398646087e-02 -2.376137052770843638e-02
4.948000000000000000e+03 6.173484891158409482e-02 -8.443463839398646087e-02 -2.376137052770843638e-02
5.441000000000000000e+03 1.049757120536298771e-02 2.177971308521620131e-01 -1.336228375446282257e-01
5.232000000000000000e+03 1.434881792827980007e-01 2.792184162584590013e-01 -2.577225927199577882e-01
5.346000000000000000e+03 1.067431046988360777e-01 2.953025947189189537e-01 -2.042116717586068830e-01
4.902000000000000000e+03 5.281991547457209890e-02 2.389113310822637004e-01 -1.611630452151118220e-01
5.050000000000000000e+03 -4.015849062533050073e-02 2.930450078247019974e-01 -9.299790918969819131e-02
5.082000000000000000e+03 -4.015849062533050073e-02 2.930450078247019974e-01 -9.299790918969819131e-02
5.109000000000000000e+03 1.681733127020379470e-02 1.994836235107868561e-01 -3.672324760617584616e-02
5.447000000000000000e+03 1.837810846204632753e-01 4.505782906468454030e-01 -3.428438273965639382e-02
5.369000000000000000e+03 -2.924857823173283577e-01 -4.484471883114053981e-01 -1.020100897561633246e-01
5.173000000000000000e+03 1.308102795636045812e-02 -6.140387863729301898e-01 -8.308515738336552658e-02
5.263000000000000000e+03 -4.038230485795679670e-02 -5.137937634192724090e-01 -6.147527328842272709e-02
4.790000000000000000e+03 2.221837544822733435e-01 -5.267055483176079633e-01 -5.057612150362444936e-02
4.890000000000000000e+03 -2.157586042334287413e-01 -3.319958777242106862e-01 -1.210554238018701767e-01
4.881000000000000000e+03 -2.404114952460929544e-01 -1.493172321982001449e-01 -1.860951021115937465e-01
5.218000000000000000e+03 -2.935267772282088572e-01 -2.440184666424869420e-01 -1.705342119766299902e-01
5.224000000000000000e+03 -5.705919245538382256e-02 -2.138290856256901407e-01 -1.437924610770622280e-01
5.138000000000000000e+03 -2.819505213771691388e-01 -3.037107700430965451e-01 -2.315751147260129983e-01
5.137000000000000000e+03 -7.420254235243817220e-02 -3.083142453027960528e-01 -8.350283686176851461e-02
5.248000000000000000e+03 -7.420254235243817220e-02 -3.083142453027960528e-01 -8.350283686176851461e-02
4.822000000000000000e+03 -9.028680620043871841e-02 -2.491129549941462074e-01 -8.442033711806828933e-02
5.406000000000000000e+03 -9.028680620043871841e-02 -2.491129549941462074e-01 -8.442033711806828933e-02
5.449000000000000000e+03 -5.924055708348419103e-02 -3.004550855798981956e-01 -5.736830046198093669e-02
5.019000000000000000e+03 -4.849606264492933860e-02 -1.676853084300518049e-01 -9.347096210438365915e-02
4.876000000000000000e+03 -1.210803740906243320e-01 -2.514065323557872489e-01 -1.432537209615958318e-02
4.916000000000000000e+03 -4.354255085480929210e-02 -2.049075440453691499e-01 -8.371526024790654219e-02
4.823000000000000000e+03 -3.738703139390651131e-01 -1.259451854056550246e-01 -5.902885826136383685e-02
5.074000000000000000e+03 -3.196551499748068181e-02 -1.335846981077963846e-01 -1.333553657456860719e-01
5.409000000000000000e+03 -3.196551499748068181e-02 -1.335846981077963846e-01 -1.333553657456860719e-01
5.088000000000000000e+03 8.966304749309017552e-02 -1.227303362130811593e-01 -1.193107725588049561e-01
4.732000000000000000e+03 1.167324458625245143e-01 -9.736372190404551930e-02 -1.491367873259008547e-01
4.897000000000000000e+03 1.167324458625245143e-01 -9.736372190404551930e-02 -1.491367873259008547e-01
4.645000000000000000e+03 4.477287539533847394e-02 -1.024940499803363991e-01 -1.306491047020301721e-01
4.967000000000000000e+03 5.675676454404765536e-02 -1.945322485007920932e-01 -1.019366081542614211e-01
4.966000000000000000e+03 1.786780943253063469e-01 -2.056176104518385728e-01 -6.036802316470613050e-02
4.955000000000000000e+03 1.525337240868083200e-01 -1.583773757654682868e-01 -2.578933458377719035e-02
4.812000000000000000e+03 1.525337240868083200e-01 -1.583773757654682868e-01 -2.578933458377719035e-02
4.898000000000000000e+03 1.525337240868083200e-01 -1.583773757654682868e-01 -2.578933458377719035e-02
4.903000000000000000e+03 -8.403639961272801884e-03 -1.397075094605213508e-01 -9.153496351814283116e-03
4.904000000000000000e+03 -8.403639961272801884e-03 -1.397075094605213508e-01 -9.153496351814283116e-03
5.128000000000000000e+03 4.229193701623898960e-01 -3.140447282584233335e-01 -2.044442548646614455e-01
4.821000000000000000e+03 2.284701848652304079e-01 -1.085248218412147025e-01 -1.683189985805810807e-01
5.243000000000000000e+03 2.285823878330432990e-01 -1.694467068967497880e-01 -1.386324401765222092e-01
5.252000000000000000e+03 4.660561942597780671e-01 -2.386607375566001110e-01 -1.134532284542970615e-01
5.133000000000000000e+03 -5.487105171102371060e-01 6.783275275863331899e-02 -1.918933727482965423e-01
5.058000000000000000e+03 -3.373268718610944461e-01 -1.051359145785113469e-02 -9.801204061581358928e-02
5.205000000000000000e+03 -3.595427810401048418e-01 2.235640980470066097e-02 -1.003436672609012703e-01
5.029000000000000000e+03 -1.680361245773411838e-01 3.222080665628652696e-01 -9.100873335722781121e-02
5.132000000000000000e+03 -9.554107014193391478e-02 3.197536203505109142e-01 -7.177826813310872467e-02
5.304000000000000000e+03 -4.731982858599508290e-01 -3.924927580029873297e-01 -2.548134177035166203e-02
5.018000000000000000e+03 -3.457855817393351572e-01 -3.766276619038251283e-01 -7.450579828066850041e-03
5.055000000000000000e+03 -3.457855817393351572e-01 -3.766276619038251283e-01 -7.450579828066850041e-03
5.343000000000000000e+03 4.323201253299657765e-01 3.294026433865440140e-01 -1.412642029808495181e-01
4.874000000000000000e+03 3.507102745517443054e-01 3.773512865590902265e-01 -9.057306390357666714e-02
5.204000000000000000e+03 3.507102745517443054e-01 3.773512865590902265e-01 -9.057306390357666714e-02
5.222000000000000000e+03 -3.045782578588784872e-01 8.531006429537058011e-02 -5.195585205862585099e-01
5.078000000000000000e+03 -1.719855521561868272e-01 2.660658127160786535e-02 -4.947601209626029117e-01
5.046000000000000000e+03 -1.421737277445487280e-01 -5.928230471242557087e-02 -3.114031581663354586e-01
4.900000000000000000e+03 -1.997231970756416786e-01 1.788678741020817142e-01 -2.790558590351537305e-01
4.909000000000000000e+03 -1.997231970756416786e-01 1.788678741020817142e-01 -2.790558590351537305e-01
5.235000000000000000e+03 1.925902482010428685e-01 -5.744897489070410757e-02 -3.307500669382932301e-01
5.081000000000000000e+03 1.405395896867531746e-01 7.295594534227234362e-02 -3.021868287910365325e-01
5.080000000000000000e+03 1.405395896867531746e-01 7.295594534227234362e-02 -3.021868287910365325e-01
4.964000000000000000e+03 2.231269926929684289e-01 8.185107663530288846e-02 -2.644281524164640018e-01
5.037000000000000000e+03 -7.210634364538748287e-02 2.514507224412483311e-01 -4.403346237043876954e-01
4.958000000000000000e+03 9.057098882934155881e-03 3.335680415647885866e-01 -4.281596891015340134e-01
4.826000000000000000e+03 1.127765315859790007e-01 -5.971043434483505052e-01 -4.059142546180822819e-01
4.705000000000000000e+03 -1.968985889182022220e-01 -1.732255574886494287e-01 -4.502005553506123192e-01
5.362000000000000000e+03 -2.763673664629777704e-01 -1.404705384202458163e-01 -3.241512574271681046e-01
4.883000000000000000e+03 -2.423922838197682950e-01 -1.384913328962795731e-01 -2.799329229132823116e-01
5.015000000000000000e+03 2.468076976205253459e-01 -3.176974314230989194e-01 -2.824910085507212898e-01
5.268000000000000000e+03 1.272572316810993698e-01 -1.466741634341275358e-01 -5.209876303577800627e-01
4.954000000000000000e+03 1.272572316810993698e-01 -1.466741634341275358e-01 -5.209876303577800627e-01
4.704000000000000000e+03 2.756999711989749358e-02 -1.791677178789541358e-01 -3.911523173029891609e-01
5.129000000000000000e+03 9.038415343019323700e-02 -1.923977358339925559e-01 -3.207585748101919876e-01
4.911000000000000000e+03 4.561190726785468996e-02 -1.416494519674387220e-01 -2.785633688140904951e-01
4.848000000000000000e+03 -9.682528604260198790e-02 -4.153612775478734420e-01 -2.655544211722187242e-01
4.820000000000000000e+03 -9.682528604260198790e-02 -4.153612775478734420e-01 -2.655544211722187242e-01
