# star id 	 star_x_coords [pc] 	 star_y_coords [pc] 	 star_z_coords [pc] 
1.286000000000000000e+03 -2.173300913749454111e-01 2.509683692003363831e-01 -3.597941815608436400e-01
1.343000000000000000e+03 -2.173300913749454111e-01 2.509683692003363831e-01 -3.597941815608436400e-01
1.326000000000000000e+03 -3.778134123806431433e-02 -8.608580291763701098e-03 -3.186068625758764483e-01
1.355000000000000000e+03 1.537619563401957379e-01 3.676380039964470825e-01 -1.991265025822457346e-01
1.311000000000000000e+03 2.768153760060698687e-02 5.468305774314643486e-01 -1.763256875344438868e-01
1.391000000000000000e+03 2.768153760060698687e-02 5.468305774314643486e-01 -1.763256875344438868e-01
1.322000000000000000e+03 2.663707018730399056e-01 6.554268609225744058e-02 -1.253282140772284947e-01
1.325000000000000000e+03 -4.528873096086343253e-01 9.877661664762626970e-02 -1.122442099169873586e-01
1.351000000000000000e+03 -3.247696181776316138e-01 3.648247576927730051e-01 -5.994896104205338361e-03
1.377000000000000000e+03 -1.147092316492415165e-01 1.099311398541686913e-01 1.175370303282008422e-01
1.296000000000000000e+03 4.379547357373443361e-01 2.963005608704065708e-01 1.310890817596330749e-01
1.403000000000000000e+03 2.440249347227219090e-01 1.373242945198711595e-01 2.324343001304214340e-01
1.395000000000000000e+03 -1.482401215548758699e-01 1.018946239717308799e-01 3.562072868159233963e-01
1.384000000000000000e+03 1.716286339151178453e-01 4.859278097272579089e-02 1.843494120308264428e-04
1.396000000000000000e+03 1.716286339151178453e-01 4.859278097272579089e-02 1.843494120308264428e-04
1.367000000000000000e+03 -1.502102826458635576e-01 3.525475580273962350e-02 1.282256248315434277e-01
1.393000000000000000e+03 -1.502102826458635576e-01 3.525475580273962350e-02 1.282256248315434277e-01
1.385000000000000000e+03 3.390134102464568144e-01 3.663864130322735946e-02 3.438889690397815002e-01
1.295000000000000000e+03 5.861627330095409150e-02 1.465470966142845555e-02 9.637882233144523525e-02
1.387000000000000000e+03 -5.150948460518147698e-01 -2.282950401355776648e-01 -2.006991431832005901e-01
1.408000000000000000e+03 2.287727084255255505e-01 -1.739628969026796312e-01 -1.158412112994611221e-01
1.392000000000000000e+03 2.287727084255255505e-01 -1.739628969026796312e-01 -1.158412112994611221e-01
1.287000000000000000e+03 -1.300020383442781480e-01 -5.611824509960570140e-01 -1.103333978848155539e-01
1.300000000000000000e+03 5.856801501215258554e-02 -4.442148062609163617e-01 -5.893348422573296830e-02
1.327000000000000000e+03 1.450687345009047391e-01 -9.910091616640670509e-02 -4.019757487173336585e-02
1.388000000000000000e+03 1.450687345009047391e-01 -9.910091616640670509e-02 -4.019757487173336585e-02
1.376000000000000000e+03 -5.797249736037279888e-02 -5.406131128382014595e-01 4.063459239011635304e-01
1.309000000000000000e+03 -9.289994212979379995e-03 -8.699632313171434816e-02 1.226025073442116309e-02
1.290000000000000000e+03 2.344982357507774395e-02 -1.779086817370796325e-01 8.033238084559712888e-02
1.375000000000000000e+03 2.776554813111786757e-02 -3.344111977037727002e-01 1.363997105566738810e-01
1.386000000000000000e+03 2.776554813111786757e-02 -3.344111977037727002e-01 1.363997105566738810e-01
1.407000000000000000e+03 -2.577664148281293421e-01 -9.404998969108646634e-02 2.094906096131907702e-01
