# star id 	 star_x_coords [pc] 	 star_y_coords [pc] 	 star_z_coords [pc] 
1.385200000000000000e+04 -5.387908061397332915e-01 7.768807100115648900e-01 -1.669354295087991602e+00
8.057000000000000000e+03 -8.000272094621863062e-02 -3.314965453174112398e-01 -1.528388692944620431e+00
8.410000000000000000e+02 -2.590814114990092065e-01 4.200695324292911259e-01 -7.736438229915876263e-02
1.204800000000000000e+04 -9.935091314304145271e-02 -1.004663144000681019e+00 -3.000894453118689853e-01
2.756000000000000000e+03 1.032569046308893235e-01 3.071161370766595233e-01 -1.145237005388466400e-02
8.420000000000000000e+02 -6.451189386240905321e-01 -3.099808519080573532e-01 6.861699605035802563e-01
3.615000000000000000e+03 -1.013852732664828338e+00 -3.494422540352539741e-01 8.436413739913817267e-01
8.558000000000000000e+03 1.312974453748672943e+00 3.577705106886339692e-01 1.537318873851774015e-01
2.788400000000000000e+04 1.312974453748672943e+00 3.577705106886339692e-01 1.537318873851774015e-01
8.400000000000000000e+02 1.312974453748672943e+00 3.577705106886339692e-01 1.537318873851774015e-01
1.179500000000000000e+04 -1.405982743718629635e+00 -5.817951211867198325e-01 1.595642197379302019e+00
