# star id 	 star_x_coords [pc] 	 star_y_coords [pc] 	 star_z_coords [pc] 
2.275000000000000000e+04 -2.418070558096903355e-02 -8.084980544921815948e-02 2.311559078915479404e-01
2.269400000000000000e+04 1.100337701907806442e-01 -2.087835680637306623e-01 3.671647586268402819e-01
2.269600000000000000e+04 -1.229390956292496506e-01 -3.092773719376404884e-01 -7.890398099456241710e-02
2.266700000000000000e+04 1.241040713777747384e-01 -1.836479645268340732e-02 2.842564238022760037e-03
2.270300000000000000e+04 -1.274062429797509499e-02 -3.082817849543388888e-01 1.588329082440864681e-02
2.269300000000000000e+04 -7.030718407432150208e-02 -5.296429568423377532e-02 4.589217897297537263e-02
2.274000000000000000e+04 -1.012421204397491448e-01 1.657493487067673854e-01 8.676624518914266559e-02
2.274300000000000000e+04 -1.737176800185721015e-01 -9.867775326130434621e-02 9.602160880761978490e-02
2.273400000000000000e+04 -6.240482321028851809e-01 1.416754638829278434e-01 -5.940427762464786099e-01
2.274700000000000000e+04 -2.919779762340470042e-02 5.386460974592122142e-02 1.197321120734216038e-01
2.272700000000000000e+04 -1.082749658260609565e-01 1.387142722573102560e-01 1.531339389194386058e-01
2.269800000000000000e+04 1.327638305850348255e-02 -1.449162766578186989e-01 1.532105336243922977e-01
2.273600000000000000e+04 1.327638305850348255e-02 -1.449162766578186989e-01 1.532105336243922977e-01
2.267600000000000000e+04 -2.900933895648403205e-01 3.317300521247412703e-01 -1.811722444841965540e-01
2.274500000000000000e+04 -5.465616476806739454e-01 5.903137287159720969e-01 -1.264723232313329504e-01
2.270600000000000000e+04 -6.116758962945700873e-01 4.370681782568937024e-01 -4.455734010978513737e-01
2.293400000000000000e+04 -8.679721451157321188e-02 2.875938042622916413e-01 1.545402534457966937e-01
2.266800000000000000e+04 5.799499638791217881e-01 -2.953418395143918573e-01 -2.405930286335546953e-01
2.272800000000000000e+04 5.531791844447694340e-01 -1.347943292659721237e-01 -1.203230778874146978e-01
2.269200000000000000e+04 5.625258733923039767e-01 -2.110394628944298745e-01 -1.058103640906402632e-01
2.282900000000000000e+04 4.505813784861227855e-01 1.409644737455062469e-01 1.175331419734071403e-01
2.267500000000000000e+04 3.994251801485437792e-01 -2.533135148832323935e-01 1.529232236619577634e-01
