# star id 	 star_x_coords [pc] 	 star_y_coords [pc] 	 star_z_coords [pc] 
1.017100000000000000e+04 -2.659678248163430681e-01 2.486815541204521196e-01 8.339020148022768808e-02
1.022200000000000000e+04 -2.659678248163430681e-01 2.486815541204521196e-01 8.339020148022768808e-02
1.014700000000000000e+04 2.415145996403076367e-01 -2.824150357806018974e-01 -2.697175936701086130e-01
1.016300000000000000e+04 2.017298696360114718e-01 1.715561345052663000e-02 -1.973223284849936476e-01
1.019100000000000000e+04 -1.136002684416581587e-02 -1.602552967095931535e-01 -8.063709048226996856e-02
1.019200000000000000e+04 -1.705145180227916057e-01 1.012140071321425694e-01 -6.403218808721078403e-03
1.019300000000000000e+04 -1.705145180227916057e-01 1.012140071321425694e-01 -6.403218808721078403e-03
1.032500000000000000e+04 -1.705145180227916057e-01 1.012140071321425694e-01 -6.403218808721078403e-03
1.032600000000000000e+04 1.487217075865245874e-01 -1.086659543360468660e-01 3.764334269985170067e-02
1.016800000000000000e+04 1.487217075865245874e-01 -1.086659543360468660e-01 3.764334269985170067e-02
1.017000000000000000e+04 3.141513503656483408e-01 -1.581584993701028452e-01 3.248195819525960815e-01
