# star id 	 star_x_coords [pc] 	 star_y_coords [pc] 	 star_z_coords [pc] 
2.570900000000000000e+04 9.532182328810776539e-01 5.228617799983403813e-02 2.803174721775292255e-02
2.588000000000000000e+04 8.739275119578735485e-01 -3.693283720978690621e-02 2.185147668912037489e-01
2.598800000000000000e+04 4.166854944569564623e-02 3.659446355544162532e-01 1.224950594952950667e+00
2.585100000000000000e+04 -2.556274305764247856e-01 -4.210446463908077419e-01 9.816063563323496055e-01
2.569400000000000000e+04 -2.016768865334270799e-01 -4.699854082183568815e-01 5.193797718181798473e-01
2.584300000000000000e+04 4.348790878847097474e-02 5.237665666411803755e-01 9.513245126692240206e-01
2.584400000000000000e+04 8.251928865606572572e-02 2.788285894377007246e-01 5.723142939631813420e-01
2.594300000000000000e+04 -4.756610573152926236e-01 -5.211588519277330356e-01 7.735523223675571103e-01
2.581900000000000000e+04 -4.949120880557771329e-01 -5.380585253991427841e-01 6.382017084396096607e-01
2.578700000000000000e+04 -2.853278974264696899e-01 1.207419632310324786e-02 4.870170131081295040e-01
2.585200000000000000e+04 7.824513204603533723e-03 1.498135089730743275e-01 6.452961183804788448e-01
2.593100000000000000e+04 -2.014191107721643448e-01 -5.253908495431891534e-01 3.863315668489519794e-02
2.579400000000000000e+04 1.749386976317666154e-01 -4.371921070251078012e-01 2.441778238331551165e-01
2.575900000000000000e+04 8.015474704292557817e-02 3.812003807050623472e-01 1.907269306437413547e-01
2.567300000000000000e+04 3.531634258690417028e-01 -5.877415998505546302e-01 2.653680109897464945e-01
2.584500000000000000e+04 4.042207762500282797e-01 5.344464749540729365e-01 2.320212752902008901e-01
2.590000000000000000e+04 2.013318926074632031e-01 -1.879275992137316997e-01 -8.055361563009455494e-02
2.587900000000000000e+04 8.505283675462749216e-02 -1.798499514032988467e-01 -5.660593780878997450e-02
2.591200000000000000e+04 1.510665516664317920e-01 -1.312449271187230426e-01 -3.143346364114307789e-02
2.591600000000000000e+04 1.907136026710958276e-01 1.806871777011376246e-02 -2.333006828707340219e-02
2.589600000000000000e+04 9.918055299000627656e-02 -1.407810787378852568e-01 3.243564237323681709e-02
2.587500000000000000e+04 9.918055299000627656e-02 -1.407810787378852568e-01 3.243564237323681709e-02
2.591500000000000000e+04 1.095191757622941964e-01 4.772037353932478965e-02 3.689109672733792422e-02
2.581500000000000000e+04 1.811585255878895850e-01 1.162367435437039465e-01 5.180272466461843806e-02
2.589300000000000000e+04 -7.371576507737387374e-02 -1.772068879598025504e-01 5.331713279329619581e-02
2.583900000000000000e+04 -7.371576507737387374e-02 -1.772068879598025504e-01 5.331713279329619581e-02
2.595600000000000000e+04 7.421527150675899520e-02 1.538133404263697379e-01 7.108448208938966673e-02
2.604100000000000000e+04 -1.876023756347322546e-01 -2.204479691399975350e-01 7.785207411198058480e-02
2.580900000000000000e+04 -1.594839086821835394e-01 -2.615336444386981984e-01 7.201762507435915950e-02
2.583100000000000000e+04 -2.040563986752417236e-01 -1.781665980102922209e-01 1.157929128698498289e-01
2.590600000000000000e+04 5.113402984863313350e-02 -8.925728541089306134e-03 1.981469156883548521e-01
2.585700000000000000e+04 5.113402984863313350e-02 -8.925728541089306134e-03 1.981469156883548521e-01
2.588100000000000000e+04 1.694394288412155447e-01 -1.434110629379037327e-01 2.070588131304020862e-01
2.583400000000000000e+04 -2.752639566343120237e-01 1.618373451561405663e-01 1.312108616071867573e-01
2.589800000000000000e+04 -6.259548868945330469e-02 6.287129319631490354e-02 2.370322929631427655e-01
2.589900000000000000e+04 -1.049018385519389085e-01 -9.342445041089719737e-03 2.798424383211610689e-01
2.588200000000000000e+04 -8.849882056717461865e-02 -1.782666022769288094e-01 3.114288533603613018e-01
2.585500000000000000e+04 -2.985426326494078353e-01 -1.702515095520653610e-01 -8.866381046711779845e-02
2.590700000000000000e+04 -3.132423252379510359e-01 -4.137171720014543030e-02 1.260959438340591987e-03
2.576100000000000000e+04 -3.132423252379510359e-01 -4.137171720014543030e-02 1.260959438340591987e-03
2.586100000000000000e+04 -1.557124303345602812e-02 -5.157533589408458408e-02 4.626755131120745546e-01
2.579900000000000000e+04 -5.367822912086097631e-01 1.541000138588302093e-01 -5.364044098107001446e-02
2.567800000000000000e+04 -3.992560221931427122e-01 -1.982299486788585696e-02 4.146712222065929154e-02
2.570200000000000000e+04 -4.705217336248921356e-01 -8.711562163387065461e-02 1.593581631705802693e-01
2.588700000000000000e+04 5.228665269644352520e-01 -1.595871322167677908e-01 2.671958705326460404e-02
2.590100000000000000e+04 4.589740686489776067e-01 1.855587335150199468e-01 3.156299826684687559e-01
2.582400000000000000e+04 3.495063048576625420e-01 -1.042416836250119605e-01 3.952165231406183921e-01
2.593000000000000000e+04 -8.613027278212115334e-02 -3.683196585714546556e-01 -3.916078559718982888e-01
2.577000000000000000e+04 5.012322094012233720e-02 -4.374295226992104269e-01 -1.738716772541835098e-01
2.586500000000000000e+04 -2.759885006889248871e-01 2.735730618005314252e-01 -4.007641514460473786e-01
2.588600000000000000e+04 -2.068415473496401091e-01 3.351860172330871634e-01 -5.967339854896067664e-01
2.593500000000000000e+04 1.540049094186457523e-01 5.698311526949708661e-01 -6.041465701386101728e-01
2.578200000000000000e+04 2.145811877961278924e-01 4.158147346744129891e-01 -5.817825906404010539e-01
2.592200000000000000e+04 -9.147528175166286246e-02 5.042664438133050986e-01 -2.492486927199735192e-01
2.586800000000000000e+04 -7.477745055614803960e-02 3.674466909474787268e-01 -2.490188311510976860e-01
2.586900000000000000e+04 -2.496719500589819063e-01 3.222208704351008368e-01 -1.834482135140120818e-01
2.583600000000000000e+04 -1.113597989682162392e-01 3.427462380008881038e-01 -1.651713678033956967e-01
2.568200000000000000e+04 1.811663293070253644e-01 4.555611929743352828e-01 -1.463270645396690384e-01
2.594900000000000000e+04 -1.312425499692864150e-01 5.977377959681737796e-01 -1.357289589097092630e-01
2.587700000000000000e+04 2.754409159150128517e-02 4.050320524314681148e-01 -1.193823410569549992e-01
2.590900000000000000e+04 1.567649797774492981e-01 2.662697491885848144e-01 -9.662145336778849014e-02
2.595000000000000000e+04 -5.408850161438891746e-01 4.143710413787038416e-01 -6.238587633694763213e-01
2.591900000000000000e+04 -4.682574571906101824e-01 1.993310636512857226e-01 -5.228127774767870051e-01
2.578100000000000000e+04 2.517484310009407977e-01 3.168453817676668560e-01 -2.100588321914926837e-01
2.580400000000000000e+04 9.483920293553893544e-02 -6.106615821336314198e-03 -3.355177008274878858e-01
2.565900000000000000e+04 -9.652268682691556023e-02 -1.320788496247427002e-01 -3.429352848490196948e-01
2.585800000000000000e+04 -1.454785823518136567e-01 -1.605863924092080230e-01 -3.230182907605154696e-01
2.590800000000000000e+04 1.345546928197975944e-01 -8.130741411267494723e-02 -3.133566450902947054e-01
2.571100000000000000e+04 -1.968435033095516928e-02 -7.551793735667278185e-02 -2.644748336606781436e-01
2.584100000000000000e+04 -7.825691714243987462e-02 -1.372357274791866644e-01 -2.637046073699309545e-01
2.571400000000000000e+04 1.902903163329341396e-01 -4.041757406539292496e-02 -2.589438644288222235e-01
2.568900000000000000e+04 1.276743396831676591e-01 -1.474419411068030872e-01 -1.623158477122217391e-01
2.565100000000000000e+04 2.280272289328664215e-01 -1.291288146709772544e-01 -1.596639581835503918e-01
2.585900000000000000e+04 8.854278029368600755e-02 -3.601740356377960417e-01 -2.232887607563682764e-01
2.583500000000000000e+04 2.591827262866530646e-02 1.510066747700189449e-01 -1.145827395358054446e-01
2.590500000000000000e+04 2.591827262866530646e-02 1.510066747700189449e-01 -1.145827395358054446e-01
2.580300000000000000e+04 1.095548663476648699e-01 -3.654113004701686762e-01 -1.099218500419851807e-01
2.586600000000000000e+04 -5.823243286678021491e-01 -1.235666302998191801e-01 -3.277045026660658777e-01
2.592400000000000000e+04 2.744094229398328366e-01 1.271288386585014418e-01 -3.212726129777436768e-01
2.590400000000000000e+04 6.564953558904988995e-01 -1.133933749048685602e-01 -1.940800658938428569e-01
2.594800000000000000e+04 3.793351418365276118e-01 4.511012985846130086e-02 -1.743084577204143670e-01
2.569600000000000000e+04 3.151600548849913253e-01 -1.464430416721533845e-01 -1.182426633172966035e-01
2.594500000000000000e+04 -4.630055765440701521e-01 -2.630105369101861656e-01 -9.978542640733962799e-01
2.584200000000000000e+04 -3.827304768843475813e-01 -1.462284762420495987e-02 -6.699376483591450437e-01
