# star id 	 star_x_coords [pc] 	 star_y_coords [pc] 	 star_z_coords [pc] 
1.574000000000000000e+03 4.708179598295346935e+00 2.060342378718615919e-02 2.255649325566007946e+00
1.684000000000000000e+03 5.018354679297504006e+00 5.746171800187980239e-01 3.509441948660636967e+00
1.610000000000000000e+03 3.231836959606939175e+00 7.474153884389380664e-01 2.101377778289830189e-01
1.679000000000000000e+03 1.758381744540475466e+00 1.378400034896998250e-01 -1.787123074766384434e+00
1.658000000000000000e+03 1.574275566318247499e+00 7.638080526879775789e-02 -1.284287452067886193e+00
1.591000000000000000e+03 3.265159729804807398e-01 2.453530442147666690e-01 -2.052512712079703761e-01
1.533000000000000000e+03 4.823210627032814557e-01 1.752911495863784808e-01 -6.274008645471695900e-02
1.556000000000000000e+03 2.371825916790051281e-01 -3.034367944149991558e-01 -1.776883012690078090e-01
1.706000000000000000e+03 2.095205077723214515e-01 -3.953176878646331716e-01 -1.645261625058367372e-01
1.529000000000000000e+03 1.474189116724318183e-01 -3.105033458053299000e-01 -1.610380494166037124e-01
1.517000000000000000e+03 1.341360866216234626e-01 -3.650060902699578946e-01 -1.050865904612194868e-01
1.664000000000000000e+03 4.050733490639970569e-01 1.415565744379136959e-01 -1.221252552180587259e-01
1.551000000000000000e+03 4.372781293642091782e-02 -4.442651285935639294e-01 -2.555855750331232912e-01
1.680000000000000000e+03 4.823210627032814557e-01 1.752911495863784808e-01 -6.274008645471695900e-02
1.580000000000000000e+03 3.477203136876028111e-02 -2.741085645049565755e-01 -1.172536729857256432e-01
1.555000000000000000e+03 2.280884329431032143e-01 1.779799476490495636e-02 -1.735581086228279446e-01
1.622000000000000000e+03 2.244883620809829949e-01 -5.496984257906945004e-02 -1.866310887621622783e-01
1.647000000000000000e+03 1.707443999896334219e-01 -5.334001218530204369e-02 -1.612258687549257274e-01
1.650000000000000000e+03 1.707443999896334219e-01 -5.334001218530204369e-02 -1.612258687549257274e-01
1.730000000000000000e+03 1.960393576444943164e-01 -1.185252134231120635e-01 -1.343215918045572721e-01
1.578000000000000000e+03 6.388577264448969117e-03 1.131229973397296362e-02 -1.360735653872495732e-01
1.581000000000000000e+03 3.018940641045375628e-02 -3.917164634732728246e-02 -6.881496977990764208e-02
1.694000000000000000e+03 -4.210710447460286332e-02 -4.028116469971365632e-02 -2.086818266934997723e-01
1.566000000000000000e+03 1.138359442853271730e-01 4.413016076480857919e-02 -1.434023114375122532e-01
1.577000000000000000e+03 -8.348871058797868727e-02 -3.159457910412513115e-01 1.978388379584146151e-01
1.498000000000000000e+03 1.138359442853271730e-01 4.413016076480857919e-02 -1.434023114375122532e-01
1.495000000000000000e+03 1.138359442853271730e-01 4.413016076480857919e-02 -1.434023114375122532e-01
1.491000000000000000e+03 1.657428847924329318e-01 2.604080836395539222e-01 -3.605633754347081776e-02
1.699000000000000000e+03 3.396486605087289945e-01 1.008403078417003940e-01 -2.599760766368461873e-01
1.502000000000000000e+03 -1.530831272486437911e+00 8.040329473721641307e-01 1.519591500866823708e-02
1.692000000000000000e+03 2.318062596184091717e-01 -3.540913210394336375e-02 -2.100790534838736789e-01
1.693000000000000000e+03 1.785503485635828724e-01 -7.667163592550707563e-03 -2.216993678934784384e-01
1.691000000000000000e+03 1.860157198994265570e-01 -2.038961515115289558e-02 -2.175522508292502266e-01
1.601000000000000000e+03 2.409377127152438902e-01 2.292753588454132796e-02 -2.174009673918106955e-01
1.617000000000000000e+03 1.109182609527259444e-01 -1.262729021731701096e-01 -1.575855019240037791e-01
1.657000000000000000e+03 4.804758963428881202e-01 3.872216805973991427e-01 -2.021333744284419254e-01
1.576000000000000000e+03 2.993914823117691526e-01 -8.381966269798368785e-02 -3.123808445793585520e-01
1.662000000000000000e+03 3.120915028367470256e-01 3.812651986211434973e-01 -5.704677633604404718e-01
1.627000000000000000e+03 1.341360866216234626e-01 -3.650060902699578946e-01 -1.050865904612194868e-01
1.724000000000000000e+03 6.807261661016639209e-03 -2.232997069867082018e-01 -3.113783637670053395e-02
1.588000000000000000e+03 2.555289166967043002e-01 1.517121057626269476e-01 -2.933710899767234537e-01
1.612000000000000000e+03 5.724605203189518932e-01 1.863370932258021639e-01 -2.356636259522773003e-01
1.656000000000000000e+03 5.548010593455714456e-01 2.422437574683939943e-01 -1.049946976466955562e-01
1.644000000000000000e+03 6.371622368409752823e-01 -3.043116362917857032e-01 -1.857560732753853472e-01
1.725000000000000000e+03 -8.774774123352813149e-03 -1.234609553293353201e-01 -2.646459164983880896e-01
1.619000000000000000e+03 2.095205077723214515e-01 -3.953176878646331716e-01 -1.645261625058367372e-01
1.553000000000000000e+03 2.161723797997012753e-01 7.613837547312130027e-02 -2.801531112595583295e-01
1.646000000000000000e+03 2.332222191716404325e-01 4.514826067364197115e-02 -2.754426077583573829e-01
1.570000000000000000e+03 5.023195977989409755e-01 2.249282727989481145e-01 -3.435468247465749414e-01
1.552000000000000000e+03 2.880898849523134686e-01 1.157309617206649932e-01 -2.800598646872103359e-01
1.587000000000000000e+03 3.746678324638992308e-01 1.630140322418711207e+00 2.015222007158712358e-01
1.541000000000000000e+03 -3.604644249763921948e-02 -5.454430314410529945e-02 -4.416730469674021720e-01
1.670000000000000000e+03 4.627710246857859033e-01 3.136551919341243888e-01 -2.771002384249285910e-01
1.611000000000000000e+03 2.965310833860925754e-01 2.076715094314351973e-01 -2.949114331991893323e-01
1.550000000000000000e+03 6.298886071844798096e-01 1.713211842932622631e-01 8.127832958265202024e-02
1.559000000000000000e+03 7.362434780794657740e-01 1.969759923407536917e-01 1.391109910870653721e-01
1.667000000000000000e+03 2.159237874049750872e-01 9.067074322772583628e-02 -3.006005689001298720e-01
1.536000000000000000e+03 2.671763218232747761e-01 -3.275948706928986098e-01 -2.391545663725125337e-01
1.640000000000000000e+03 2.378496444000397503e-01 1.672715833623925619e-01 -3.449989345241988303e-01
1.639000000000000000e+03 2.939644910327992022e-01 -4.349696356148484711e-01 -4.801613500596957351e-01
1.608000000000000000e+03 2.818891701705723563e-01 6.761065257482101742e-02 -2.975252085697235316e-01
1.738000000000000000e+03 3.807934376937858190e-01 1.088415701039551209e-01 -1.209200521954869600e-01
1.697000000000000000e+03 -3.306263263173324418e+00 -2.029055540607203056e-01 -2.533753315546157125e+00
1.704000000000000000e+03 2.504048888614072155e-01 -6.548672410004741096e-02 -2.751967035398905637e-01
1.595000000000000000e+03 2.420849119942225514e-01 1.999428646529324283e-01 -3.980016999787920895e-01
1.518000000000000000e+03 8.319398976840730597e-02 1.740983904658008896e-01 -3.392842548135135416e-01
1.542000000000000000e+03 3.711051777786877892e-01 2.654699282548733663e-02 -4.382872741909054071e-01
1.609000000000000000e+03 2.903942924265088266e-01 7.125155451880971214e-03 -2.817677008743260103e-01
1.678000000000000000e+03 1.051183207294066335e-01 1.997586017631292066e-01 -3.310078980685915440e-01
1.674000000000000000e+03 6.338449150394609433e-02 8.983478243164455534e-02 -2.570145513346417943e-01
1.621000000000000000e+03 2.040390874262101306e-01 4.892641352625162199e-01 -8.597602647033397716e-02
1.686000000000000000e+03 1.811672415783753820e-01 4.588538292169630495e-02 -3.803917745380971382e-01
1.583000000000000000e+03 1.246287594232143192e+00 -4.172753717284365393e-01 -8.013590200447069378e-01
1.710000000000000000e+03 1.034978964895408637e+00 -4.446012820000575516e-01 -7.918011723558606718e-01
1.510000000000000000e+03 4.227348297818132039e-01 -4.068530964831040819e-02 -1.043350790345272117e-01
1.579000000000000000e+03 2.990886004492345762e-01 -1.627348954378504686e-01 -9.314923197050006820e-02
1.665000000000000000e+03 7.621901020306154351e-02 1.250123638365110423e-01 -3.043340644886853852e-01
1.637000000000000000e+03 3.370175550373843976e-01 3.943476888536352476e-01 -2.183832069449209712e-01
1.538000000000000000e+03 6.338449150394609433e-02 8.983478243164455534e-02 -2.570145513346417943e-01
1.571000000000000000e+03 1.694817262795034196e-01 5.235876564745467476e-02 -2.047351951615183907e-01
1.672000000000000000e+03 1.218991437467948913e-01 1.133796288655659623e-01 -2.133739697708136873e-01
1.733000000000000000e+03 2.660772025094608750e-01 5.967128749924199838e-02 -1.869017714169913802e-01
1.530000000000000000e+03 2.531969167926675368e-01 1.432675220451145037e-01 -1.757722173379008268e-01
1.597000000000000000e+03 6.939537345378212763e-01 1.591344213920024231e+00 1.408767620382580077e+00
1.643000000000000000e+03 -4.227502836992691471e-01 2.043917024988715525e+00 1.434590376426296388e+00
1.599000000000000000e+03 1.939875407075994929e-01 -6.024764507741764419e-02 5.690959080357060884e-02
1.661000000000000000e+03 2.383749526747465097e-01 -2.294096250189880948e-02 6.894302831035048484e-02
1.687000000000000000e+03 6.111409291602498683e-02 4.050099270647251615e-01 -1.822863181414646760e-02
1.590000000000000000e+03 1.118217329447411146e+00 -4.255505309867544383e-01 -2.453511216277419749e-01
1.520000000000000000e+03 -4.329614346866748065e-01 1.941785053643840797e-01 -4.682715880492054339e-01
1.700000000000000000e+03 -2.874566307898867024e-01 3.881541956696850093e-01 -6.903243712830615664e-01
1.718000000000000000e+03 -5.008791854720584524e-02 5.562193030583486575e-01 -6.306080986966051682e-01
1.582000000000000000e+03 4.739125456283979076e-01 1.157379127891715598e-01 -1.732026987336965362e-01
1.633000000000000000e+03 9.274889520132489906e-02 -2.761300510423652099e-01 2.385882407461537014e-02
1.613000000000000000e+03 -4.616319877045178544e-01 -1.888936208303491071e-01 -1.649397677541983853e-01
1.594000000000000000e+03 -7.767424978481614062e-01 6.468807010037664895e-01 -8.172133078415555474e-02
1.628000000000000000e+03 4.473716599587440612e-01 1.833022807209587768e-01 -1.850261515073796659e-01
1.535000000000000000e+03 -4.366217959827480399e+00 2.539569025142839109e+00 -1.727460206481296723e+00
1.598000000000000000e+03 1.146702709067721315e+00 -4.474145452566702374e-01 5.420332954366102740e-02
1.616000000000000000e+03 -1.232343322178572009e+00 1.283436502111428013e+00 -1.961519786400458543e-01
1.634000000000000000e+03 -8.348871058797868727e-02 -3.159457910412513115e-01 1.978388379584146151e-01
1.689000000000000000e+03 -6.642636889580444404e-03 -9.717835909507499537e-02 5.293593235240479089e-02
1.714000000000000000e+03 -5.634107143399944562e-01 9.344873609138915072e-02 1.279664456826363761e+00
1.596000000000000000e+03 -1.783565388140360142e+00 1.235562779620266838e+00 9.304824965681746107e-01
1.720000000000000000e+03 -9.017169618930580555e-01 -2.463837499114404750e+00 1.572072077879152374e+00
1.721000000000000000e+03 -2.932022419774327204e-01 -5.706646430422850358e-01 -6.517085621857887645e-02
1.626000000000000000e+03 1.139684771587761603e+00 2.864303778073207241e-01 -2.129501833299656255e-01
1.558000000000000000e+03 1.272005466498917770e+00 5.237249619170043502e-01 -1.473865147507567031e-01
1.593000000000000000e+03 1.260798985853776699e+00 -3.549580884406822179e-01 -7.563842378978620218e-01
1.663000000000000000e+03 -3.519416018544241354e+00 -1.706173045929290311e+00 2.386371095329799630e+00
1.654000000000000000e+03 -8.193625201097987087e-02 -7.549619984882838253e-02 2.013053907314912294e-01
1.642000000000000000e+03 5.108439451943489473e-01 -2.013514723581792509e+00 -8.791045262195638088e-01
1.652000000000000000e+03 1.415021318610127921e+00 1.756365478194368279e+00 -6.813921966733076374e-01
1.653000000000000000e+03 -2.733718620718445180e+00 8.385725338342169266e-01 -4.043482465797453074e+00
1.606000000000000000e+03 4.613059079407193508e-01 -6.868306169821636331e-02 1.127308287037607215e-01
1.604000000000000000e+03 -1.793209521596708100e-01 5.343571200293126822e-01 1.135828145446499349e+00
1.544000000000000000e+03 -2.030556699086822903e-01 2.338786017679694851e-01 4.114541754907747872e-01
1.525000000000000000e+03 -4.334769254384909232e-01 2.414642345915822830e-01 3.965511114981907781e-01
1.569000000000000000e+03 8.060757633766968411e-01 7.479691572498836649e-02 6.685185478576300966e-01
1.605000000000000000e+03 1.093455368255794369e+00 1.908668842838281421e-01 2.955039255828140199e-01
1.511000000000000000e+03 -1.416682682007746052e-01 -5.317769696096661391e-01 4.374300613286621342e-01
1.673000000000000000e+03 -6.227520186822523840e-01 -5.640099674691398945e-01 6.816911930263671593e-01
1.560000000000000000e+03 2.865320489113436508e-01 -9.948707436449666375e-02 1.723183451621679296e-02
1.629000000000000000e+03 3.003022590120707491e-01 -1.314859603698650403e-01 -1.922893943513628301e-01
1.630000000000000000e+03 3.253413833350222717e-01 -7.674694026151485104e-02 -5.184331759152627228e-02
1.585000000000000000e+03 6.884316394374643266e-01 3.398419821268063856e-01 -5.004507954862447150e-01
1.636000000000000000e+03 3.120915028367470256e-01 3.812651986211434973e-01 -5.704677633604404718e-01
1.543000000000000000e+03 2.336670155338325117e-01 8.669965447121796842e-02 6.019681867967818789e-02
1.729000000000000000e+03 3.931843235066523334e-01 1.444750829181415952e-01 -1.821332657048913006e-02
1.618000000000000000e+03 3.353741615017753475e-01 1.114596172584256806e-01 -5.380911197569560045e-03
1.641000000000000000e+03 -3.483949870254505754e-01 -1.224449644698921702e-02 -4.714208942332263064e-01
1.726000000000000000e+03 -2.276158177694760809e+00 -3.524513472991728236e-01 1.359154190599479506e+00
1.615000000000000000e+03 -2.893135141576763658e-01 1.724902808829469336e-01 -2.947918846016293060e-01
1.713000000000000000e+03 8.672917884577238112e-01 -5.129450300407967234e-02 -4.914089927229881027e-01
1.602000000000000000e+03 8.877100378284445981e-01 -4.370212250906746476e-02 -3.629244960489543814e-01
1.531000000000000000e+03 -2.550167178710438520e-02 -8.104547796739822729e-01 -3.818875571211677311e-01
1.565000000000000000e+03 -6.044166824881358480e-02 2.640953276140294292e-01 -1.450919661457561460e-01
1.522000000000000000e+03 2.627847596647789885e-01 -3.719674063834332856e-02 -2.429303743399273685e-01
1.698000000000000000e+03 -1.904025408161771793e+00 1.846895316220312111e+00 -9.429049332321071120e-01
1.575000000000000000e+03 3.845219972901325889e-01 1.174002171434764819e-01 -1.921322186218503703e-01
1.600000000000000000e+03 2.504048888614072155e-01 -6.548672410004741096e-02 -2.751967035398905637e-01
1.514000000000000000e+03 -7.389298523973408805e-01 -2.726101101952309591e-01 5.494432031353042589e-01
1.649000000000000000e+03 -7.794776101547995495e-01 2.627348958445956839e+00 5.588300287528866761e-01
1.568000000000000000e+03 2.701694039095201560e-01 -5.769185455566372411e-02 -2.988610074316895293e-01
1.589000000000000000e+03 3.677980976775820920e-01 2.069933169951383434e-01 -2.464052919581689594e-01
1.666000000000000000e+03 3.482883167278032488e-01 1.372213517233618063e-01 -2.087617997703929973e-01
1.734000000000000000e+03 8.513598694060782179e-01 -5.823504621577768603e-02 -1.083049418756324656e+00
1.524000000000000000e+03 3.647832449870236360e-01 1.787436488416318525e-01 -2.403857831076763318e-01
1.614000000000000000e+03 1.338218524705050427e+00 -7.829217264492385198e-01 -6.685531281030563377e-01
1.572000000000000000e+03 5.996608436551476018e-01 1.128663002749838995e+00 -6.631545999713992501e-01
1.507000000000000000e+03 -7.135765566718283992e-01 -1.786797158294575638e+00 7.325135939024747245e-01
1.573000000000000000e+03 -8.192379223289307788e-01 -1.749071824221694271e+00 1.019747995028296828e+00
1.625000000000000000e+03 -2.352542604191555142e+00 -1.556006413794243315e+00 1.354168188266594797e+00
1.638000000000000000e+03 -1.949379988511772410e+00 -2.552143756788623818e+00 3.556056779961071612e+00
1.519000000000000000e+03 1.429327033293890992e+00 -3.052646611285751987e-01 3.220894951281753293e+00
1.496000000000000000e+03 2.701694039095201560e-01 -5.769185455566372411e-02 -2.988610074316895293e-01
1.624000000000000000e+03 7.779463848975254336e-02 -1.715331722839579243e-01 -2.300073209904098803e-01
1.603000000000000000e+03 3.997057119520661672e-01 -9.129402529763552820e-02 -1.013319074090944127e+00
1.668000000000000000e+03 1.688059448214289660e-01 -2.610808071562331634e-02 -1.011843570732295916e-01
1.708000000000000000e+03 8.312081949131666647e-02 -1.256907629670678261e-01 -4.551507815564548309e-02
1.513000000000000000e+03 8.312081949131666647e-02 -1.256907629670678261e-01 -4.551507815564548309e-02
1.515000000000000000e+03 7.735298227221321099e-01 -3.689741194004056979e-01 -5.454359804506196951e-01
1.546000000000000000e+03 8.820785201946090837e-01 -4.505241707759424230e-01 -5.331381549294675892e-01
1.717000000000000000e+03 1.731061383297678447e-01 -4.665146176791523658e-02 -2.141510429906077206e-01
1.632000000000000000e+03 1.526876608875298302e-01 -2.003104854448807259e-01 -2.784601728316715707e-02
1.655000000000000000e+03 4.786076523016618012e-01 -3.272353750781817894e-01 -2.548387835308858484e-01
1.651000000000000000e+03 1.369588557478493840e-01 -5.873660860012108742e-02 -3.883121523265629094e-01
1.712000000000000000e+03 2.862618828629521772e-01 -7.890976661755644272e-03 -3.759540810254549115e-01
1.722000000000000000e+03 1.680663935449899782e-02 4.747602188737545248e-01 -5.308694688785422500e-01
1.592000000000000000e+03 4.780310410511638963e-01 8.755792915307836211e-02 -1.509758542478820686e-01
1.545000000000000000e+03 8.848239326199127674e-01 -8.351169989231905788e-01 -9.626922027485989020e-01
1.564000000000000000e+03 1.960393576444943164e-01 -1.185252134231120635e-01 -1.343215918045572721e-01
1.631000000000000000e+03 1.383760072303878985e-01 -1.600079665861642297e-01 -7.463097259547879503e-02
1.716000000000000000e+03 2.350887889100867767e-01 -3.216232957053932751e-02 -3.782458889699569227e-02
1.690000000000000000e+03 -1.352589602511685030e+00 -9.008297475822715228e-01 1.726181016412187574e+00
1.659000000000000000e+03 -1.543074372002948280e-01 8.226852040976240232e-01 -9.374068174286307453e-01
1.711000000000000000e+03 3.138472638292633121e-01 9.878969772766765800e-02 -1.454446471792039119e-01
1.620000000000000000e+03 1.552013006366514958e-01 6.417558434090864239e-02 1.269051606580973157e-02
1.557000000000000000e+03 -5.422611147266714227e+00 -3.203405406436701242e-01 -4.177580184812974551e+00
1.490000000000000000e+03 -1.816499424533297713e-01 4.418453625339026303e+00 -1.360601968643258886e+00
1.671000000000000000e+03 -1.816499424533297713e-01 4.418453625339026303e+00 -1.360601968643258886e+00
1.696000000000000000e+03 -5.408149254055018673e+00 -2.967253782333116874e+00 4.780112391409787165e+00
1.648000000000000000e+03 -4.867661845679290167e+00 -2.428910363796632055e+00 5.018008245613270191e+00
1.623000000000000000e+03 -5.245864258449909556e+00 -1.840490268885034197e+00 6.155836272523654173e+00
1.675000000000000000e+03 -6.318450531500580780e+00 -4.909623730972214162e+00 4.983279207078705753e+00
