# star id 	 star_x_coords [pc] 	 star_y_coords [pc] 	 star_z_coords [pc] 
5.313400000000000000e+04 1.125521655207336380e+00 2.050402083344238235e+00 -9.798750182245541396e-01
5.320100000000000000e+04 2.909349868266417616e-01 3.011329057305133006e+00 -1.002859091258805790e+00
5.311500000000000000e+04 7.398308799083110898e-01 1.578169686377222547e+00 1.247689060910772696e-01
5.307600000000000000e+04 1.480137462472782772e+00 1.279014659176368696e+00 -7.965918231648316805e-02
5.312400000000000000e+04 1.589984427115979315e+00 1.900558296549405668e+00 -4.557918937055376318e-01
5.311700000000000000e+04 1.529747235040304076e-01 1.513375489408673502e+00 4.407334352032208358e-01
5.323200000000000000e+04 -3.131397318835041688e+00 1.228653724487543286e+00 1.104137605789738075e+00
5.308900000000000000e+04 -2.196499433245719501e+00 1.177083045255230331e+00 -4.209619460273472669e-01
5.307700000000000000e+04 -1.378617002977676975e+00 1.122245314962910356e+00 1.100514244058388158e-01
5.307800000000000000e+04 -1.114699381800363653e+00 6.375125282217766198e-01 4.304190827595988367e-01
5.319300000000000000e+04 -3.294790923938535343e-01 1.511157283612547531e+00 -5.293265772319557527e-01
5.323900000000000000e+04 -1.254327056143381469e+00 2.479983695522804510e+00 1.380990944472486603e-01
5.317600000000000000e+04 -1.295984667803821822e+00 6.008282637400554904e-01 9.380195701796623098e-01
5.313900000000000000e+04 -2.277556515706066875e+00 1.827715116284380770e+00 1.698369129216750650e+00
5.314000000000000000e+04 -9.249302741528993010e-01 1.874963640594998537e+00 6.047148548971605919e-01
5.326200000000000000e+04 -9.249302741528993010e-01 1.874963640594998537e+00 6.047148548971605919e-01
5.326300000000000000e+04 -8.918403017864022786e-01 1.492798020202087628e+00 1.173955291120400091e+00
5.313600000000000000e+04 -2.173930215577172476e+00 2.950533379409833401e+00 1.074897133950052819e+00
5.313700000000000000e+04 1.533925469904033889e+00 6.733110260199168806e-01 -9.434573812174988916e-01
5.324900000000000000e+04 4.151200609489364979e-01 9.401416836719249659e-01 5.518748829564970038e-01
5.325000000000000000e+04 -6.279963127395262745e-01 1.088358564024943576e+00 7.077799588863342706e-02
5.317900000000000000e+04 -4.393268573862769699e-01 1.213425385817402002e+00 1.473647555170103374e-01
5.316800000000000000e+04 2.305531116045642648e-01 6.957949883179850303e-01 3.165851526085745604e-01
5.316700000000000000e+04 -2.657844462369212124e-01 5.897035619280330820e-01 -7.048787511223508773e-04
5.313200000000000000e+04 -7.051176700409200748e-02 1.131456810988936468e+00 2.787231808789698562e-01
5.316600000000000000e+04 6.877955920597855766e-02 1.312767798745227310e+00 2.459726220254552231e-01
5.316900000000000000e+04 -3.957623392548725860e-02 4.608018073585071761e-01 -1.997901040050820143e-01
5.313100000000000000e+04 -1.451990703739340915e-01 5.241410160533348517e-01 3.262086164420523460e-01
5.337600000000000000e+04 -2.037189049073049318e-01 1.283859014109850705e+00 1.077199920787563769e+00
5.308600000000000000e+04 -3.651137315589494392e-01 7.510522279372082721e-01 6.032320128339065946e-01
5.319700000000000000e+04 -4.135315936818528826e-01 9.245652818400884598e-01 5.996935734026678233e-01
5.326100000000000000e+04 4.189872055110583915e-01 4.538822973933207550e-01 3.732909080329633866e-01
5.307200000000000000e+04 2.450665199851300713e-01 5.084051475125193065e-01 5.730936436576854476e-01
5.303700000000000000e+04 2.450665199851300713e-01 5.084051475125193065e-01 5.730936436576854476e-01
5.304500000000000000e+04 1.604879826435023915e-01 4.516689582174109319e-01 -1.644648828264081430e-01
5.328700000000000000e+04 1.604879826435023915e-01 4.516689582174109319e-01 -1.644648828264081430e-01
5.318800000000000000e+04 2.477393062787314193e-01 8.662888804058326286e-01 -7.082832188366694481e-03
5.310500000000000000e+04 3.561688702840228871e-01 6.946208814299694723e-01 1.192666337857843928e-01
5.320300000000000000e+04 3.561688702840228871e-01 6.946208814299694723e-01 1.192666337857843928e-01
5.327400000000000000e+04 2.174325983918947713e-01 1.109395457932180307e+00 1.344029553157852774e-01
5.319100000000000000e+04 2.908723402620694287e-01 1.152935165967079456e+00 2.187776105035155183e-01
5.327000000000000000e+04 -1.014401170418381071e+00 7.508546852642581371e-01 -6.943577206957627368e-01
5.317500000000000000e+04 -6.313140426891550305e-01 4.419830859247610988e-01 -5.506239018144185593e-01
5.310000000000000000e+04 7.225937896231471314e-02 5.774684697522900478e-01 -6.090471655173317345e-01
5.323100000000000000e+04 -5.185971905771680213e-02 5.757860405206116639e-01 -5.729935320115728814e-01
5.325400000000000000e+04 9.395467040273217663e-01 5.001511057729430831e-01 -6.445722501394257620e-01
5.305900000000000000e+04 9.356547413682392289e-01 5.377182920935155153e-01 1.043291551175968834e-01
5.310100000000000000e+04 8.730935845266571960e-01 -9.896829641405702205e-03 -2.088924773339158492e+00
5.325600000000000000e+04 -7.980574645944784606e-01 -8.178195703279698137e-01 -3.205508848410957512e+00
5.306300000000000000e+04 -1.414436444358472045e+00 -2.081569447224751457e-02 -2.532887335492553404e+00
5.322900000000000000e+04 -4.541539875237958768e-01 2.818833106856715176e-01 -2.405922084384755522e+00
5.315300000000000000e+04 1.120292878654538526e-01 1.276389704201264408e+00 -3.209993868648048476e+00
5.319600000000000000e+04 3.055501319557833995e-01 1.125966194943387677e+00 -3.212756895076246622e+00
5.315700000000000000e+04 2.556595272561992260e-01 1.391030741427741191e+00 -2.157665958340515999e+00
5.312600000000000000e+04 -4.657622596219539446e-01 -3.027996551749083665e-01 -4.196553039547467279e+00
5.312700000000000000e+04 1.791186988412022174e+00 4.385608425417757417e-01 6.345734732339849415e-01
5.322100000000000000e+04 -7.712315856585405527e-02 -5.496832885953608638e-01 -1.875216671497540233e+00
5.322200000000000000e+04 -9.403325910605531135e-02 4.498590538294564567e-01 -1.319997308761529098e-01
5.315500000000000000e+04 -9.403325910605531135e-02 4.498590538294564567e-01 -1.319997308761529098e-01
5.327100000000000000e+04 1.641056475618825061e-01 4.633255663206199415e-01 2.307914426121726592e-02
5.327200000000000000e+04 1.641056475618825061e-01 4.633255663206199415e-01 2.307914426121726592e-02
5.303800000000000000e+04 4.312243576318905980e-01 3.139584065853000538e-01 -1.760590911490112376e+00
5.315200000000000000e+04 1.599668631940573960e-01 4.290688974155614233e-01 5.641156519423873306e-02
5.311000000000000000e+04 1.599668631940573960e-01 4.290688974155614233e-01 5.641156519423873306e-02
5.324700000000000000e+04 -3.115224240407883372e-01 4.161791474281386627e-01 -2.631881729037104378e-01
5.327700000000000000e+04 6.121757510780980738e-01 4.160396122023115595e-01 1.797635943978328044e+00
5.314400000000000000e+04 1.959514694072311158e+00 -8.393058239836790335e-01 -1.532091000601361941e+00
5.322600000000000000e+04 -1.201255034723544668e+00 -1.618896053518312783e-01 -1.457234844746388092e+00
5.324300000000000000e+04 -2.706140462080099951e-01 3.041197163592954666e-01 -1.453426155366507544e+00
5.313000000000000000e+04 -2.893134592588637588e-01 3.997189700919818733e-01 1.572462447369176175e-01
5.321500000000000000e+04 1.064709418812981312e-03 3.848898148467014835e-01 1.674413007588526625e-02
5.329100000000000000e+04 -1.184470354971551842e-01 4.018707459920562997e-01 1.375548078862323109e-01
5.314200000000000000e+04 2.383346919176290157e-01 1.279299471205348482e-01 -1.209131845021410356e+00
5.311100000000000000e+04 -5.568434282728560447e-01 2.116008178361568071e-01 -1.167695068256861646e+00
5.306200000000000000e+04 -4.032436991120391667e-01 -1.986429656100710872e+00 -1.132343288933519432e+00
5.335000000000000000e+04 2.142173233364587759e+00 -2.853029363627186399e+00 -1.069219596538196981e+00
5.316100000000000000e+04 3.108593139597502386e+00 1.139596417413741847e-01 -9.699557441593782414e-01
5.318100000000000000e+04 1.443554709660332946e+00 -9.048691353703190998e-01 -8.030841043058174478e-01
5.318200000000000000e+04 -1.648727520128261403e-01 -2.156458503776022440e+00 -3.539557479383788063e-01
5.319200000000000000e+04 -4.909622358578360490e-01 -1.845272531013890216e+00 -4.382239059864900810e-03
5.325300000000000000e+04 3.018831019685990213e-01 -1.006466621961052965e+00 -2.428487348932435452e-01
5.309800000000000000e+04 1.730730213160143194e-01 -1.233329671117587623e+00 -2.585977589096941642e-01
5.304900000000000000e+04 5.004346730074189509e-01 -1.354182845897540233e+00 8.409823834534790876e-02
5.307400000000000000e+04 -3.803322726332424963e+00 -1.190605270557099971e+00 4.504184653418690232e-01
5.326600000000000000e+04 7.481910488058360897e-01 -1.190671830108499307e+00 -1.591827771466043373e-01
5.308000000000000000e+04 -7.062104953106427274e-01 -2.850525801820566585e+00 -3.270882021011800589e-02
5.308700000000000000e+04 1.449256914477786040e+00 -3.085809672533585513e+00 7.900076130054856094e-02
5.311400000000000000e+04 1.737124008002183473e+00 -2.346880495824166246e-02 -6.946029668494659859e-01
5.305800000000000000e+04 -6.334767284218116856e-01 -1.955124429831371913e+00 8.579627715958935141e-01
5.323000000000000000e+04 -4.798697649156906664e-01 -1.134693091095485329e+00 1.412372132280950154e+00
5.317100000000000000e+04 1.826473140006157792e+00 -2.106049711716423190e+00 8.371769819625995979e-01
5.317300000000000000e+04 6.310629847700113260e-01 -1.423132643050166735e+00 1.172837124766985539e+00
5.319400000000000000e+04 9.710976450878661126e-01 -2.174375126797045255e+00 1.714443100479023485e+00
5.314600000000000000e+04 -6.748281047109401243e-01 -2.373572849589066891e+00 1.174159474086856392e+00
5.326800000000000000e+04 -4.008899565040451307e-01 -2.476736430922798604e+00 8.109940793107313084e-01
5.328500000000000000e+04 -1.470185686530953717e-01 -2.657729488575540699e+00 1.644442732858507839e+00
5.307000000000000000e+04 4.228073954430726644e-01 -4.598035189840175008e-01 1.322931622931548645e+00
5.316500000000000000e+04 1.831454256385711687e-01 4.446544594247825444e-02 1.681261764399103242e+00
5.328400000000000000e+04 -1.573370682383938401e+00 -2.931366377390190792e+00 1.358832013185875098e+00
5.308100000000000000e+04 -1.772451144923735455e+00 -2.854497924818346632e+00 1.786438484906661017e+00
5.314100000000000000e+04 1.316964918983586585e+00 -1.629312750394262821e-01 5.342981381478111302e-01
5.327600000000000000e+04 1.470758591366319479e+00 -6.880682389773653540e-01 1.053540049452493577e+00
5.319800000000000000e+04 6.820474312040687437e-01 -3.874082658104782695e-02 1.297163578068868617e+00
5.318900000000000000e+04 6.749926958422349799e-01 -2.581780812596861097e-01 1.563255994426498319e+00
5.318400000000000000e+04 1.451895785290588492e+00 1.835754748728390950e-01 1.015952154625360038e+00
5.304000000000000000e+04 2.150699789780645688e+00 -1.158512895050648694e+00 -1.729310973928903650e-01
5.319000000000000000e+04 -1.418154579159221385e+00 -1.051656018218437794e+00 4.818761167872054330e-02
5.321900000000000000e+04 2.299646286316885835e+00 -4.389377338076343449e-01 -7.806378674781413451e-01
5.327800000000000000e+04 2.255565871481394424e+00 -2.109793643001722785e-01 2.610032274777225325e-01
5.320500000000000000e+04 2.255565871481394424e+00 -2.109793643001722785e-01 2.610032274777225325e-01
5.321000000000000000e+04 1.019426340368141837e+00 -2.495161234211863643e+00 2.084301011391630709e+00
5.311600000000000000e+04 -2.609082366640450346e+00 -1.192555014315715312e+00 6.844658752356522768e-01
5.307900000000000000e+04 4.795969171973979428e-02 -1.621133675594691681e+00 1.984191174715348893e+00
5.308300000000000000e+04 5.050526599719660226e-01 -1.716906410327325716e+00 2.410186376492006843e+00
5.304400000000000000e+04 -5.654621014940630630e-01 2.249341672991960195e-01 2.317467797497037907e+00
5.305100000000000000e+04 3.402353978598853246e+00 -1.407789748022310050e-01 6.800158752763749703e-01
5.312100000000000000e+04 -1.877212988378573755e-01 -5.337536804036773219e-01 -2.937685604008777318e-02
5.313500000000000000e+04 -2.231823879342869077e-01 -4.044586480900420611e-01 1.251979263055176261e-01
5.318600000000000000e+04 -6.378480784668170145e-01 -4.161312780218509033e-01 4.934694389901181921e-01
5.312200000000000000e+04 4.827532133148793037e-01 -3.297495468662390294e-01 -3.535780080918726753e-02
5.312300000000000000e+04 5.297779276236553869e-01 -6.718283900329709013e-01 5.543063631910882805e-02
5.306400000000000000e+04 2.153491051266769318e-01 -4.804471200004769571e-01 1.952291297889701127e-01
5.319900000000000000e+04 1.731234290805332421e-01 -4.551561905254857265e-01 2.017491385524792236e-01
5.317800000000000000e+04 5.128476614329997574e-01 -4.021942562050497827e-01 2.523634758686696955e-01
5.316200000000000000e+04 2.520484889992928856e-01 -4.917967496374728853e-01 3.244600835732711630e-01
5.304200000000000000e+04 -2.010132131118211873e-01 -9.374847113902262663e-02 -8.089042648094846300e-03
5.320800000000000000e+04 -3.996163439697113517e-01 1.485422696888036853e-01 -9.717906112994967316e-02
5.315400000000000000e+04 -4.846722178401705605e-01 1.315842905725190803e-01 1.168618761792572514e-02
5.307300000000000000e+04 -4.846722178401705605e-01 1.315842905725190803e-01 1.168618761792572514e-02
5.309700000000000000e+04 -5.164430331957703402e-01 7.855776576580808523e-02 2.358368297049651119e-02
5.326700000000000000e+04 -1.156513898388880079e-01 2.820593811577367660e-01 -1.181315824137669779e-01
5.322700000000000000e+04 -4.071175663654571508e-01 -1.134758276758986995e-01 2.402998507936331407e-01
5.328000000000000000e+04 -4.071175663654571508e-01 -1.134758276758986995e-01 2.402998507936331407e-01
5.325500000000000000e+04 -1.722228080664649497e-01 1.552159397514145667e-01 1.354666255195979829e-01
5.337400000000000000e+04 -3.048047208348236836e-01 1.060205074388989033e-01 2.107521387535555846e-01
5.317400000000000000e+04 -2.767570435230197745e-01 -2.461582356866642840e-02 4.981638020531207189e-01
5.327900000000000000e+04 -5.152889248634551222e-02 -8.379369210307174853e-02 -7.623409015064908090e-02
5.318000000000000000e+04 3.888427013337718563e-01 -8.912402473201552766e-02 6.635871607186061283e-02
5.323500000000000000e+04 9.492638494938887561e-02 -3.991678646997343094e-04 -7.644927958533997980e-02
5.310200000000000000e+04 -2.079132558117180452e-02 5.448470247064562955e-02 -7.079821350995985085e-02
5.305000000000000000e+04 1.530910805882967907e-02 1.989658412483663597e-01 -9.722039059538900574e-02
5.317200000000000000e+04 1.578636965446946760e-01 8.431342918700579503e-02 -9.180057092353877124e-02
5.311800000000000000e+04 1.578636965446946760e-01 8.431342918700579503e-02 -9.180057092353877124e-02
5.318300000000000000e+04 1.336803619667819021e-01 -1.299375729937679580e-01 1.266581123053285296e-01
5.307100000000000000e+04 -5.067116104922320119e-02 2.967767075246285913e-02 7.897931696950166724e-02
5.331300000000000000e+04 8.498528546334682687e-02 2.983643958583712674e-01 2.142563270541089082e-01
5.335900000000000000e+04 9.045420453165320396e-02 2.704736612169682530e-01 3.977108063990471010e-01
5.320900000000000000e+04 -4.656505363808776110e-01 -4.027955372049234484e-01 6.455302280278871763e-01
5.310900000000000000e+04 -2.573105162673812174e-01 -6.175792757135809552e-01 7.992900443046906389e-01
5.304600000000000000e+04 -6.377640699689948178e-01 -4.551957248093856379e-01 7.783760452052987944e-01
5.325700000000000000e+04 -6.999719631963898792e-01 -4.200100749055764027e-01 7.141766537387184144e-01
5.310700000000000000e+04 -6.755156031967999297e-01 -7.210188862671884635e-02 8.492850842808934431e-01
5.305500000000000000e+04 -2.212820399961401563e-03 1.918507367729631596e-01 6.979054639419004502e-01
5.312800000000000000e+04 1.905806982872491062e-01 1.835497277663478144e-02 6.350709263381162373e-01
5.324400000000000000e+04 -1.242852206687018679e+00 -6.988363557303500784e-02 5.768492582500712729e-01
5.309200000000000000e+04 -9.719992039707392451e-01 -1.725839903957506749e-01 6.838587500504615946e-01
5.317700000000000000e+04 -8.820702253011347693e-01 -2.946491753558149185e-01 1.207530801470326765e-01
5.309400000000000000e+04 -8.100037545928273630e-01 -1.930653122723526849e-01 3.994779991847252631e-02
5.313800000000000000e+04 -8.739137767912268373e-01 2.952399117786228544e-01 2.909975722625404160e-01
5.302800000000000000e+04 -1.229521426220969715e-01 -4.611719759330696888e-01 -1.631911306399302930e-01
5.304300000000000000e+04 -1.149122980328343147e-02 -4.896750940723677559e-01 -3.704207955299523292e-01
5.322000000000000000e+04 1.738913714504519703e-01 -6.683417560995508211e-01 -3.620774445692021004e-01
5.310600000000000000e+04 -1.130306581628502727e+00 -3.694718143899251572e-01 -4.607190593393895028e-01
5.319500000000000000e+04 -7.708884698757572096e-01 -4.370971165475765474e-01 -3.997202011861773485e-01
5.328100000000000000e+04 -9.643468891485440508e-01 -4.804352595638476942e-01 -4.009998532976624119e-01
5.328200000000000000e+04 -2.952945088428293730e-01 -1.609421545221181304e-01 -5.342758533467417692e-01
5.315000000000000000e+04 -4.116327063316589374e-01 2.028186613160443130e-01 -3.103230403513137503e-01
5.309900000000000000e+04 -2.113287963726406815e-01 3.296834043719201190e-01 -3.555208390640274274e-01
5.303900000000000000e+04 -2.113287963726406815e-01 3.296834043719201190e-01 -3.555208390640274274e-01
5.323800000000000000e+04 -2.113287963726406815e-01 3.296834043719201190e-01 -3.555208390640274274e-01
5.310300000000000000e+04 -1.638977630498743565e-01 2.241549679353624924e-01 -3.225303681027966718e-01
5.316300000000000000e+04 -3.195530741291179311e-01 4.748032670696034074e-02 -2.619622023547236722e-01
5.314700000000000000e+04 -1.298536735079380833e-01 -1.895212903899903267e-01 -2.472135355246791732e-01
5.324100000000000000e+04 -2.189600727941183322e-01 -2.979528177046830706e-01 -2.107705527112173627e-01
5.309500000000000000e+04 -3.587959906188586956e-01 1.766624210178235899e-01 -1.820388782142998707e-01
5.309100000000000000e+04 -5.347683290209204188e-01 -3.046706823739668835e-01 -4.812324282054518676e-01
5.306100000000000000e+04 -1.533962703529425653e-01 1.302937086348663343e-01 -1.534190363172953653e-01
5.306900000000000000e+04 -2.636236659534461069e-01 1.171606203663912993e-01 -1.343811894391109263e-01
5.321400000000000000e+04 -2.636236659534461069e-01 1.171606203663912993e-01 -1.343811894391109263e-01
5.306600000000000000e+04 2.044219899129302576e-01 8.377074189610311805e-03 -4.367840793117139242e-01
5.306700000000000000e+04 2.044219899129302576e-01 8.377074189610311805e-03 -4.367840793117139242e-01
5.305200000000000000e+04 4.804040218493810244e-02 1.412347664307844752e-02 -3.322805636947308017e-01
5.304700000000000000e+04 4.804040218493810244e-02 1.412347664307844752e-02 -3.322805636947308017e-01
5.325900000000000000e+04 -4.320535092671207167e-02 4.225108315561953987e-02 -5.709160065283853669e-01
5.315100000000000000e+04 -4.320535092671207167e-02 4.225108315561953987e-02 -5.709160065283853669e-01
5.320700000000000000e+04 4.063022481702205368e-02 8.287158336278821480e-02 -3.132946271292240681e-01
5.308800000000000000e+04 -5.638754949723079335e-02 2.423508019689961657e-01 -3.085042203393513205e-01
5.322500000000000000e+04 -5.158734130699826892e-02 1.594470711535365126e-01 -3.037247524636441653e-01
5.305400000000000000e+04 -7.155328189290344199e-02 1.590337649876545356e-01 -4.543328461283024922e-01
5.324000000000000000e+04 4.513410475996693094e-02 5.400222759060113731e-02 -2.418188274919614855e-01
5.321800000000000000e+04 -6.554525126966836979e-02 2.367059163346851847e-01 -2.348939195619053066e-01
5.308400000000000000e+04 -6.554525126966836979e-02 2.367059163346851847e-01 -2.348939195619053066e-01
5.306800000000000000e+04 -5.471861866143967745e-02 2.167040469746126519e-01 -2.299652592561471920e-01
5.315600000000000000e+04 -4.039538592382996285e-02 6.020699781113592053e-02 -2.125038528921123770e-01
5.309600000000000000e+04 9.991292728798839562e-02 3.191814400081369740e-01 -2.121012887338906694e-01
5.312900000000000000e+04 -8.206137957919565906e-01 1.448094865581168733e-01 -4.881056530226572931e-01
5.314500000000000000e+04 -8.660017374308779381e-01 3.396185331330059398e-02 -4.568605183801608405e-01
5.309300000000000000e+04 6.997396080637372506e-01 -9.574139649603807811e-02 -4.710276642333539598e-01
5.323600000000000000e+04 9.607583506476657931e-01 -8.399274913858789660e-02 -2.497954364362087176e-01
5.314800000000000000e+04 8.167625864255967372e-01 5.633247803980623303e-02 5.871426992219710428e-01
5.321300000000000000e+04 7.512420837267370644e-01 -2.023620254129809837e-02 -5.950699937097425618e-02
5.328300000000000000e+04 7.304934797370208344e-01 1.565394756602245252e-01 2.413346039127475251e-01
5.310800000000000000e+04 9.040058996009179282e-01 -1.883081608720686972e-01 2.365714492872754704e-01
5.325800000000000000e+04 6.863536933466605205e-01 2.908498598559106085e-01 2.618746436145968914e-01
5.326900000000000000e+04 9.708271715745979691e-01 2.337499630251329563e-01 4.032808087892405524e-01
