# star id 	 star_x_coords [pc] 	 star_y_coords [pc] 	 star_z_coords [pc] 
6.832000000000000000e+03 -4.539557559756630667e-01 1.191526860290608170e-01 -1.800506924250612428e+00
6.833000000000000000e+03 2.146186680922870238e-01 5.618768463158048121e-01 -1.473155475045524465e+00
6.834000000000000000e+03 -1.329367069785600819e-01 3.500165769865688503e-01 -7.094900424682718532e-01
6.809000000000000000e+03 3.009603435300434171e-03 -2.870739056332496375e-01 -4.847126435321337246e-01
6.793000000000000000e+03 -1.052077228148835530e-01 -4.605088430871688843e-01 -2.445812021303926942e-01
6.841000000000000000e+03 -5.733827375512685620e-01 1.349043186840432895e-01 8.617052658248836039e-02
6.784000000000000000e+03 -5.597994732627586956e-01 -5.739533404782761750e-01 1.862227526905471109e-01
6.842000000000000000e+03 -3.700553568327755727e-01 3.119242256568099947e-01 3.338839853003732205e-01
6.785000000000000000e+03 -3.700553568327755727e-01 3.119242256568099947e-01 3.338839853003732205e-01
6.794000000000000000e+03 -1.270463034626292398e-01 -5.461097283746880748e-01 2.911708771134953189e-01
6.812000000000000000e+03 -4.820473035108285842e-02 4.657648894260972838e-01 3.572666009611962235e-01
6.822000000000000000e+03 -5.377686473345892892e-01 -4.403606157988022574e-01 4.946115373504498258e-01
6.828000000000000000e+03 1.659916012923012829e-01 -1.769270830770608427e-03 4.904417930909965584e-01
6.777000000000000000e+03 1.659916012923012829e-01 -1.769270830770608427e-03 4.904417930909965584e-01
6.820000000000000000e+03 -2.043383830752247832e-01 -2.299920714759622342e-01 5.927277892982960594e-01
6.782000000000000000e+03 -1.000669054367531174e-01 3.171644648164644309e-01 6.018895812494746700e-01
6.810000000000000000e+03 1.843336131820478840e-01 -4.007129466007626206e-01 9.032497179424796574e-01
6.803000000000000000e+03 -1.110910041944476845e+00 8.579812974562841532e-01 1.303360517404831942e+00
6.823000000000000000e+03 8.606585521930156801e-01 -3.312507720547301915e-01 -1.730534612553885854e+00
6.796000000000000000e+03 1.049958178707859346e+00 -3.286184534622975661e-01 -6.082485094360581268e-01
6.789000000000000000e+03 3.028256253004801835e-01 5.721910454894683085e-01 9.287663709196880557e-02
6.807000000000000000e+03 3.028256253004801835e-01 5.721910454894683085e-01 9.287663709196880557e-02
6.808000000000000000e+03 3.028256253004801835e-01 5.721910454894683085e-01 9.287663709196880557e-02
6.824000000000000000e+03 2.933780625689728083e-01 -3.305836113716580371e-01 6.454572390806971871e-01
6.806000000000000000e+03 2.855777721985131024e-01 -2.129258224781906961e-01 -5.552260399556208093e-01
6.795000000000000000e+03 2.808668009681927202e-01 -5.008270075389162912e-01 1.085234308357109212e-01
6.788000000000000000e+03 2.808668009681927202e-01 -5.008270075389162912e-01 1.085234308357109212e-01
