# star id 	 star_x_coords [pc] 	 star_y_coords [pc] 	 star_z_coords [pc] 
5.360000000000000000e+02 3.317668823731878547e-01 -3.995281550702429740e-01 2.188239725100515898e-03
5.630000000000000000e+02 -1.437087699861194778e-02 4.807599306450072163e-02 -4.649865358582871977e-02
5.700000000000000000e+02 -1.617854782795120627e-01 1.786587977655926807e-01 7.846086937495044822e-02
5.710000000000000000e+02 -3.825874605605577017e-01 4.521571032551179314e-01 1.478359930320323201e-01
5.790000000000000000e+02 -6.344184430835468902e-01 3.264755518762001429e-01 6.836153478356266078e-02
5.580000000000000000e+02 2.213087323253262184e-01 2.261504403009126918e-01 1.617342654283504544e-01
5.380000000000000000e+02 2.296195718211606618e-01 1.385479444833492835e-02 -2.309858413605070382e-02
5.660000000000000000e+02 2.296195718211606618e-01 1.385479444833492835e-02 -2.309858413605070382e-02
5.670000000000000000e+02 1.638909844747615807e-01 -9.052672099812753004e-03 3.163868191241903105e-01
5.440000000000000000e+02 1.025986082869110305e-01 -4.632794853139898805e-02 1.140565030451767825e-01
5.460000000000000000e+02 1.025986082869110305e-01 -4.632794853139898805e-02 1.140565030451767825e-01
5.620000000000000000e+02 -1.121557352429647381e-01 -8.865062161886783088e-02 -7.970987476711854924e-02
5.450000000000000000e+02 2.142686777341964444e-01 -1.457475638403167295e-01 1.833381851646009864e-01
5.650000000000000000e+02 3.277608994403919951e-01 -1.525067024822135409e-01 5.437341005190603482e-01
5.330000000000000000e+02 1.685393444322471623e-01 -2.825365986479226876e-01 -2.269922673283844006e-01
5.640000000000000000e+02 3.537442823671312908e-01 -4.948408548031721921e-01 -1.541665092658917047e-01
5.540000000000000000e+02 -4.255300373561397009e-01 3.501336643179087105e-01 -3.100462491956079703e-01
5.780000000000000000e+02 -1.498376202191025186e-01 3.986063672708439753e-02 -2.757128071388024182e-01
5.370000000000000000e+02 -1.498376202191025186e-01 3.986063672708439753e-02 -2.757128071388024182e-01
5.690000000000000000e+02 -2.075964525459141896e-01 -1.178167544269115297e-02 -1.575583436725480624e-01
5.840000000000000000e+02 -2.075964525459141896e-01 -1.178167544269115297e-02 -1.575583436725480624e-01
