# star id 	 star_x_coords [pc] 	 star_y_coords [pc] 	 star_z_coords [pc] 
2.834000000000000000e+03 -3.347807036380203272e+00 -1.644592017577998888e+00 3.653885277971120615e-01
2.912000000000000000e+03 -3.284138790088721116e+00 -1.915521551837599645e+00 5.142755192515870988e-01
2.929000000000000000e+03 -3.200871408703291010e+00 -2.433717486994382284e-01 1.039452517261260311e+00
3.166000000000000000e+03 1.473271868883192282e+00 -4.066579028431007714e-01 -8.677306869738394823e-01
1.979300000000000000e+04 -5.820103319840450595e-01 -2.483069850032038062e-01 -1.494729263074955128e+00
2.976000000000000000e+03 -4.475013734405971499e-01 -1.005341704635256406e+00 -1.342347850229929307e+00
2.931000000000000000e+03 -4.553630863326182943e-01 -1.053624251503755715e+00 -9.378411492136748961e-01
1.889300000000000000e+04 -1.553562983338801218e-01 -1.757290921942313844e-01 -1.040784360377587703e+00
2.919000000000000000e+03 -7.100985330227227443e-01 -5.264573830849172964e-02 -7.362402717500859950e-01
2.951000000000000000e+03 -7.600650960166996928e-01 -3.103189170384936801e-01 -5.255246603031018537e-01
2.938000000000000000e+03 3.587107394450832487e-01 5.081776497489656208e-01 -2.409938571305305643e+00
2.937000000000000000e+03 -8.859472419290242984e-02 4.953057451173563663e-01 -9.240132876093660741e-01
2.991000000000000000e+03 -2.819161074916545218e+00 -1.737669726772821832e+00 1.009601447812935149e+00
2.990000000000000000e+03 -1.528237780120948131e+00 -1.830433464812820432e+00 -2.369134435159363505e-01
3.255000000000000000e+03 -1.332205003461488735e+00 -6.061566650043772597e-01 3.382021699714510277e-01
3.256000000000000000e+03 -1.813953011949934524e+00 -1.248243873244881286e+00 6.701700952067248807e-01
2.936000000000000000e+03 -1.585383701311006588e+00 -1.703979234137754872e+00 6.028674474613264778e-01
2.934000000000000000e+03 1.863124293945869425e+00 -1.046686629698498905e-01 -2.762873761198161304e-01
2.954000000000000000e+03 1.586018936556089942e+00 -1.021155257050935461e+00 5.949274783588389681e-01
2.932000000000000000e+03 1.644512918165099702e+00 -9.725616288487657357e-01 3.599152094746198571e-01
2.959000000000000000e+03 1.453861943793864242e+00 -9.140132636337483518e-02 5.736307766293009536e-01
2.837000000000000000e+03 -5.541094377617395983e-01 -3.112672745363056492e-01 2.810398892774905732e-01
2.957000000000000000e+03 -5.541094377617395983e-01 -3.112672745363056492e-01 2.810398892774905732e-01
2.933000000000000000e+03 4.995148553941828329e-01 -8.770907882161083080e-02 -4.758746868317960121e-01
2.941000000000000000e+03 1.026631184612062930e-01 -1.587707484536338143e-01 -4.573589174433045912e-01
1.675600000000000000e+04 8.457445699372496684e-01 -7.888464502253356159e-02 -3.794858305535520060e-01
2.926000000000000000e+03 8.457445699372496684e-01 -7.888464502253356159e-02 -3.794858305535520060e-01
2.806000000000000000e+03 9.207286086568451378e-01 -5.715906376339319195e-01 -2.643555965258705953e-01
2.798000000000000000e+03 9.207286086568451378e-01 -5.715906376339319195e-01 -2.643555965258705953e-01
2.799000000000000000e+03 7.456463925572804907e-01 -6.208754930376585435e-01 -2.104083884134126947e-01
2.915000000000000000e+03 7.456463925572804907e-01 -6.208754930376585435e-01 -2.104083884134126947e-01
2.996000000000000000e+03 2.600322790928862871e-01 -2.412676195301912685e-01 -1.545612068920121374e-01
2.980000000000000000e+03 3.632621704892480263e-02 -4.340941074958308832e-01 -1.115810972635244980e-02
2.946000000000000000e+03 1.035643906698428651e+00 -1.702041790001871391e-01 2.574826820496038948e-01
2.947000000000000000e+03 -8.199794687893591227e-02 -4.475877161239409929e-01 2.594884017317031777e-01
2.953000000000000000e+03 -2.217617681173082445e-01 -5.969485089707262659e-01 2.976486630160088964e-01
2.949000000000000000e+03 -2.217617681173082445e-01 -5.969485089707262659e-01 2.976486630160088964e-01
2.841000000000000000e+03 8.291443714447384039e-01 -1.573194349147755133e+00 3.623151986298189797e-01
3.257000000000000000e+03 8.291443714447384039e-01 -1.573194349147755133e+00 3.623151986298189797e-01
3.258000000000000000e+03 1.449472327632836510e+00 1.891816977650861986e+00 -8.240034546243535374e-02
2.979000000000000000e+03 1.235300454311367258e+00 7.735014590478215268e-01 1.520106693146155763e+00
1.742500000000000000e+04 -6.558438574354785722e-01 5.788205726115549510e-01 -1.225592036405362961e-01
2.956000000000000000e+03 -6.558438574354785722e-01 5.788205726115549510e-01 -1.225592036405362961e-01
1.232000000000000000e+03 -6.590497432098363362e-01 1.711480228686568239e-01 7.325964546174592584e-01
3.000000000000000000e+03 -3.111686796995710713e-02 1.351026339740997173e-01 -4.449619224151142305e-01
1.974200000000000000e+04 -3.111686796995710713e-02 1.351026339740997173e-01 -4.449619224151142305e-01
3.140000000000000000e+03 4.674798792104332135e-01 2.416438041700956774e-01 -3.431993327064475352e-01
2.830000000000000000e+03 4.674798792104332135e-01 2.416438041700956774e-01 -3.431993327064475352e-01
1.979200000000000000e+04 1.107154995374216799e+00 4.249492436477453339e-02 -1.633255465317660082e-01
2.815000000000000000e+03 9.249532652087193441e-01 3.692412979975898679e-01 -1.166637340617633356e-01
2.805000000000000000e+03 -3.824657477767413050e-01 8.018904654326775017e-02 -5.154020808676822440e-01
2.921000000000000000e+03 4.783563182776082723e-01 8.803807300399881797e-01 2.308501602718298074e-01
2.835000000000000000e+03 4.783563182776082723e-01 8.803807300399881797e-01 2.308501602718298074e-01
2.935000000000000000e+03 -1.106724067812477341e-01 1.030257624492541879e+00 2.450920107875624865e-01
2.847000000000000000e+03 2.996038888529878319e-01 9.999201134232862387e-01 3.421148777563924881e-01
1.980700000000000000e+04 -3.870962937067969900e-01 3.838928061014215132e-01 3.667771258090386510e-01
1.982800000000000000e+04 1.368007499258000470e-02 7.277316876209880547e-01 6.631766774029674849e-01
3.124000000000000000e+03 -5.803222189832299982e-01 6.146010328315298921e-01 7.567292005230488172e-01
2.952000000000000000e+03 -6.304195048746812358e-01 2.056393538403256116e-01 -2.213930850010132900e-01
1.669100000000000000e+04 4.212295086165734892e-01 1.946585909600884179e-02 7.997855781616589610e-01
2.813000000000000000e+03 7.817181562366187775e-02 8.021060551503182978e-01 1.556710558357425001e+00
2.829000000000000000e+03 -8.630028579079390694e-01 8.215330642682090456e-01 2.727662636656802420e-01
2.945000000000000000e+03 1.353732353790274345e+00 3.111595659348154186e+00 -6.940392263920962534e-01
1.978300000000000000e+04 5.955386987777893104e-01 3.327698653091836434e+00 -1.041178023645578321e+00
1.980400000000000000e+04 6.933321315634315418e-01 3.894167087397498506e+00 -4.011052366867762231e-01
2.994000000000000000e+03 1.671386993202378157e+00 1.475155402361544077e+00 2.471786129706666557e+00
