# star id 	 star_x_coords [pc] 	 star_y_coords [pc] 	 star_z_coords [pc] 
1.235400000000000000e+04 1.939408492398253969e+00 -2.403087561063955491e+00 -6.501627368105613591e-01
1.247800000000000000e+04 2.276424890799937373e+00 -1.627743318829871555e+00 2.181805816312381019e-01
1.247300000000000000e+04 1.791181164392693148e+00 9.586785742603751714e-01 -2.518516255589724473e-01
1.244800000000000000e+04 1.791181164392693148e+00 9.586785742603751714e-01 -2.518516255589724473e-01
1.226500000000000000e+04 1.542763876270541346e+00 5.952205490910529306e-01 -2.015838055745200474e-01
1.250800000000000000e+04 2.123028821340202654e+00 2.161827928099299356e+00 4.214388331410985344e-01
1.230700000000000000e+04 6.549824788440510304e-01 2.138854269023866550e+00 6.698061004328974555e-01
1.242600000000000000e+04 8.776406798914777596e-01 3.144719575197783001e+00 4.540807938559821011e-01
1.242500000000000000e+04 3.196693966227510231e+00 -8.946083348755848874e-01 1.304701884230476949e-01
1.240000000000000000e+04 3.107616673100007887e+00 -8.491613286302168717e-01 5.501812999891586564e-01
1.237900000000000000e+04 7.593375572229952297e-01 1.465040884577405222e+00 -1.564600348371006255e+00
1.230300000000000000e+04 2.514400408287489341e+00 -2.319509903003805107e+00 1.554498870045371905e+00
1.226700000000000000e+04 4.474258990908097644e-01 -6.534318504288165741e-01 7.954159923425185852e-02
1.264700000000000000e+04 1.282919990580296599e+00 -1.384650443234363593e+00 4.080951826638039570e-01
1.245500000000000000e+04 1.043539622780045306e+00 8.254542479349140649e-01 1.130764915485586108e+00
1.245600000000000000e+04 -1.024623404973517893e+00 -1.597872916602597115e+00 -1.120170117830967538e+00
1.237400000000000000e+04 -3.871018130143610847e-02 -1.553671369617617870e+00 5.317806516646168546e-01
1.226600000000000000e+04 -1.630326132109221504e+00 -4.575128018523457740e-01 2.471705487147213276e-01
1.231000000000000000e+04 -2.799286340582604282e+00 -1.694281390004448440e-02 3.287343109445934886e-01
1.228700000000000000e+04 -7.385504846787789290e-01 7.132966655398433886e-01 -2.055534267323619879e+00
1.228800000000000000e+04 -6.554264128824520697e-01 -2.630105952497899580e+00 1.802162587441851649e+00
1.230000000000000000e+04 1.804878923462069906e-01 -1.601280651632961849e+00 1.796498765635506256e+00
1.250400000000000000e+04 -1.119862960978196043e+00 1.944974917782715806e+00 1.009569684093732711e+00
1.235900000000000000e+04 -3.923470951575218635e-01 -1.463140720150917673e+00 -1.895836906912928166e+00
1.235800000000000000e+04 -3.889497168009725669e-02 -1.086905202960053884e+00 -1.727112312156841023e+00
1.241900000000000000e+04 -8.655014554358508860e-01 -7.382833579191867557e-01 -1.363698516029405727e+00
1.250100000000000000e+04 -4.088551520191714417e+00 -2.441155302730919630e-01 8.113667425727619786e-01
1.235100000000000000e+04 2.602813253595144261e-01 1.474919221313086837e-01 1.787135907981698857e+00
1.236500000000000000e+04 -6.958617077389206429e-02 9.326756125349078275e-01 -4.863658070340184381e-01
1.249500000000000000e+04 3.062811965363465561e-02 1.188577998467337693e+00 -4.231347152390310118e-01
1.240500000000000000e+04 -2.529974101140552989e-02 8.480146615995920456e-01 -2.622074686282691580e-01
1.237300000000000000e+04 -3.171540692705399067e-01 5.524104413861863350e-01 -1.725460200677959577e-01
1.229100000000000000e+04 -1.645292564770457489e-01 5.345407176184124864e-01 -1.506657551748720181e-01
1.235200000000000000e+04 -1.206918076516636518e-01 1.300206129807165212e+00 5.406484054308373643e-01
1.231100000000000000e+04 -1.433834358465787773e+00 -7.746813297959533884e-01 -6.519232069961069520e-01
1.248900000000000000e+04 -1.411092924934198578e+00 -1.025016560788984066e+00 -5.130186249154573552e-01
1.249400000000000000e+04 -6.345853033643322760e-02 7.363923132801488691e-01 8.650107089088652224e-01
1.242400000000000000e+04 -7.824923345234360283e-01 -2.690915906672444180e-01 -1.162002839946431720e+00
1.246200000000000000e+04 -1.068480389115372020e+00 -4.320618256487023245e-01 -7.571823447673611263e-01
1.252800000000000000e+04 -5.420499198660451157e-01 4.240896209379343418e-01 -9.706565547682634021e-01
1.239300000000000000e+04 -2.581011410486340196e-01 -1.916076873555851989e-01 -8.509475104642709731e-01
1.234000000000000000e+04 -2.075954412525291559e-01 -2.516036590754993085e-01 -8.327203439827632891e-01
1.247900000000000000e+04 1.928684012357564370e-01 -1.836993951151981719e-01 -4.725146158180819622e-01
1.244300000000000000e+04 -5.478361989688913525e-01 8.382855838937075532e-02 -4.607789618090507577e-01
1.251700000000000000e+04 -1.849666255992694630e-01 -1.258269596432910475e-01 -4.575947806761999637e-01
1.252500000000000000e+04 -8.829683195398629891e-02 1.548063974206002058e-01 -4.422437516016182180e-01
1.249000000000000000e+04 -7.073212207370005444e-02 3.365846598200761264e-01 -2.422776229392358260e-01
1.302300000000000000e+04 -7.073212207370005444e-02 3.365846598200761264e-01 -2.422776229392358260e-01
1.227000000000000000e+04 -8.175983510837845358e-01 -1.267409370422640791e+00 -1.330789487713130992e-01
1.236800000000000000e+04 -1.182530421605545001e+00 -1.140248805268072374e+00 6.645812392458294582e-01
1.253300000000000000e+04 -4.980926840906754194e-01 -6.995775638119852147e-01 4.690209702868894937e-01
1.238400000000000000e+04 -4.980926840906754194e-01 -6.995775638119852147e-01 4.690209702868894937e-01
1.236300000000000000e+04 -2.967901664041932008e-01 4.560868354505345224e-01 -1.093367442170305459e-01
1.240300000000000000e+04 -2.399161839474643898e-01 2.978789563934327589e-01 -3.194077867190547870e-02
1.241000000000000000e+04 -2.528681389157583226e-01 3.744787703421792457e-01 -2.491327183763525355e-02
1.246100000000000000e+04 -3.856788797310883865e-03 3.746195873381594765e-01 -1.644853249931266248e-02
1.248400000000000000e+04 -3.856788797310883865e-03 3.746195873381594765e-01 -1.644853249931266248e-02
1.249100000000000000e+04 -8.857604249052641876e-02 2.238645311937830229e-01 -1.959180654472336691e-02
1.252100000000000000e+04 3.353589344998333388e-01 7.472302356794102707e-02 -1.676009896894870010e-03
1.229300000000000000e+04 -1.726109504939223882e-01 -1.516641840613317527e-01 5.066444800346081578e-02
1.245300000000000000e+04 -1.001097624178086676e-01 3.862997266128758156e-01 5.440085716519194037e-02
1.253200000000000000e+04 5.786734666127557603e-03 4.131830325708278906e-01 1.198066779637088075e-01
1.237500000000000000e+04 -3.044494691946368903e-01 4.333603469067526248e-01 1.575191857713096333e-01
1.248700000000000000e+04 -1.364473096575835598e-01 2.624189766687834435e-01 1.652196861500359049e-01
1.256300000000000000e+04 1.529463100918597718e-01 3.423467943571552041e-01 1.581545775695381018e-01
1.251500000000000000e+04 -1.800698199313579551e-01 2.427381220448836530e-01 1.813812188086605381e-01
1.240800000000000000e+04 -1.800698199313579551e-01 2.427381220448836530e-01 1.813812188086605381e-01
1.231200000000000000e+04 -3.551371948812267476e-01 4.480417110827659144e-01 1.906886051071503552e-01
1.248000000000000000e+04 -1.751763758430868734e-02 2.766021466650698812e-01 2.126553637997457002e-01
1.246500000000000000e+04 -1.536367875123509918e-01 2.354817420788037907e-01 2.286311750464271597e-01
1.252400000000000000e+04 -2.836573639312831574e-01 4.361709781039593281e-01 2.664742358714224935e-01
1.242200000000000000e+04 -7.814891988218874985e-02 1.965662448958909181e-01 5.478839415575711413e-01
1.253400000000000000e+04 4.856704053780802610e-02 1.764701411207028059e-01 5.927422705708842443e-01
1.243100000000000000e+04 1.948135404310633589e-01 3.227752487958923666e-02 7.705444479218592768e-01
