# star id 	 star_x_coords [pc] 	 star_y_coords [pc] 	 star_z_coords [pc] 
2.834600000000000000e+04 -7.456503407738210853e-01 5.853689141595559420e-01 -4.248592049931136927e-01
2.820900000000000000e+04 -1.920541921168492649e-01 6.973495924418138259e-01 -5.012812554353756056e-01
2.901800000000000000e+04 -1.420318915831337847e-01 9.891183495193196507e-01 -1.361288726128329074e-01
2.821500000000000000e+04 3.607934704560733508e-01 9.943459730495263216e-01 -1.136278681860556361e-01
2.884400000000000000e+04 -1.290643446188965981e-01 4.361022235863956098e-01 5.349579426440973506e-01
2.880600000000000000e+04 1.609824419154080033e-01 6.183444175763135320e-01 2.629774444991479498e-01
2.880700000000000000e+04 8.484264314723901634e-01 5.587653314505693913e-01 -5.037749590901530183e-02
2.800600000000000000e+04 -3.174335566549508769e-01 -1.329515167640556328e+00 -1.567524097316450593e-01
2.800200000000000000e+04 7.308607634732453562e-01 -7.069076108594725127e-01 -1.255273432993391225e-01
2.878500000000000000e+04 -3.072444816645258925e-01 -6.096110757210819742e-01 -1.711248131020273178e-01
2.798200000000000000e+04 -7.700561516973891685e-02 -1.092606161848074464e+00 -2.166357507990568365e-02
2.869600000000000000e+04 6.233274056187632084e-01 -3.177782731663114646e-02 -1.428138142755992490e-01
2.833400000000000000e+04 7.585565516015329024e-01 1.773032665810703179e-02 -2.995333426288215861e-02
2.890900000000000000e+04 8.000606425923635356e-01 -2.664824733452064720e-01 4.969505412945984801e-02
2.859900000000000000e+04 3.922583546107034635e-01 -3.227740261200686689e-01 2.398470039168714152e-01
2.847200000000000000e+04 3.922583546107034635e-01 -3.227740261200686689e-01 2.398470039168714152e-01
2.813800000000000000e+04 7.989922461398428766e-01 -1.236956022043855796e-01 2.295445160995095435e-01
2.897500000000000000e+04 -7.303548532809429616e-01 -3.587178890591040670e-01 -4.318860400951152201e-02
2.895200000000000000e+04 -7.810128600205636928e-01 -4.862668043314428701e-01 8.473584397743483265e-02
2.795000000000000000e+04 -5.625540366122585567e-01 -6.795893843268725476e-01 8.627367057608470446e-02
2.859800000000000000e+04 3.238992854901567853e-01 -1.397401033910242063e+00 -1.367043909443159677e-01
2.896700000000000000e+04 -2.487479951292712599e-01 -7.235883663398610111e-01 -1.695253553164022264e-02
2.896400000000000000e+04 -9.698977138915054752e-02 -7.606587755058775713e-01 2.383396641494766044e-01
2.914600000000000000e+04 1.951720922540403080e-01 -5.254302545754665488e-01 -1.875890678298812730e-01
2.799200000000000000e+04 -1.402310397058990077e-01 -2.459247364570131822e-01 8.228352969076979662e-03
2.799300000000000000e+04 1.529484828362761561e-01 -5.638875239263541062e-01 2.532733159978057813e-01
2.871000000000000000e+04 1.996955586775470692e-01 -5.804629777372909416e-01 1.545455642831612408e-01
2.907700000000000000e+04 9.462370508210291575e-01 -6.943056635234512441e-02 1.536896006317300944e-01
2.886400000000000000e+04 9.540269255352953337e-01 2.071412472211804356e-01 2.438093084713699454e-01
2.860800000000000000e+04 1.136681557836546119e+00 4.902802089650286632e-01 7.407018353553596057e-02
2.812300000000000000e+04 9.143077775486041503e-01 -2.144018063741981450e-02 -2.648532429313084080e-01
2.873100000000000000e+04 7.396429189695545858e-01 1.864214776259593975e-01 1.805603862268796433e-01
2.891000000000000000e+04 -9.917212497455203390e-01 1.875498846107888085e-01 1.673487983972599125e-03
2.795500000000000000e+04 -7.332606813928457257e-01 4.527525909745691024e-01 -1.745525316308631503e-01
2.815000000000000000e+04 3.999234365203143682e-01 -7.923391235318124615e-01 8.703006184846007187e-02
2.824700000000000000e+04 6.470236313376247494e-01 -2.939737799677288876e-02 -1.963715930517402342e-01
2.883400000000000000e+04 3.197155509943421237e-01 -2.003724495909509073e-01 2.670856948905342421e-02
2.792900000000000000e+04 6.261621328875008885e-01 -5.860068022503757135e-01 -2.288792269085870856e-02
2.805400000000000000e+04 5.705005854125850817e-01 -2.599058117774610821e-01 -2.402417203008067048e-02
2.909300000000000000e+04 7.376987591405708145e-01 -1.544292143471821532e-01 2.464478573503203762e-02
2.881600000000000000e+04 4.398142320191276156e-01 -9.816670783250813770e-02 2.069638705090293129e-01
2.865000000000000000e+04 4.833033836064934974e-01 -4.705313679381255554e-01 1.410431620049674706e-01
2.865100000000000000e+04 4.833033836064934974e-01 -4.705313679381255554e-01 1.410431620049674706e-01
2.886600000000000000e+04 4.833033836064934974e-01 -4.705313679381255554e-01 1.410431620049674706e-01
2.886700000000000000e+04 5.196841129441160945e-01 -2.316820021928229778e-01 2.196740070497682495e-02
2.802400000000000000e+04 7.913291385258496291e-01 -5.486511013029318207e-01 1.952924697224522887e-01
2.798100000000000000e+04 5.813559150610956294e-01 -1.065954197749441335e-01 3.591410796624430191e-01
2.834700000000000000e+04 6.777608730499338208e-01 -3.277806326302723505e-02 5.234079474521307063e-01
2.870900000000000000e+04 9.073116642863929826e-01 1.013559493361029240e-01 2.388636450684158419e-01
2.797800000000000000e+04 7.580752560309420574e-01 2.608247729559067807e-01 3.743856151415636546e-01
2.893500000000000000e+04 8.765495934656151178e-01 -2.268692233438436290e-01 4.732938462965492477e-01
2.876800000000000000e+04 7.151079041273362691e-01 -3.738118978578341967e-03 8.347052136269716982e-02
2.825700000000000000e+04 7.151079041273362691e-01 -3.738118978578341967e-03 8.347052136269716982e-02
2.891900000000000000e+04 8.445950100048200682e-01 5.701778673413997467e-01 -3.538397126085728317e-01
2.793300000000000000e+04 -3.557128754494378597e-01 1.134144660197620169e+00 -8.193627883676688484e-01
2.790800000000000000e+04 -1.775475955969483266e-01 9.919819736053696602e-01 -7.777353271906957133e-01
2.899900000000000000e+04 -6.909936190337973017e-01 6.521524805805682945e-01 -3.811223261282563612e-01
2.900000000000000000e+04 -2.940770919760318236e-01 6.900827093152592795e-01 -6.717984430435590681e-01
2.900100000000000000e+04 -1.764999344624129662e-02 8.197856381151034100e-01 -7.201764500914489275e-01
2.892500000000000000e+04 1.580540231843023946e-01 5.751153203626238053e-01 -3.731306380331469441e-01
2.881100000000000000e+04 1.580540231843023946e-01 5.751153203626238053e-01 -3.731306380331469441e-01
2.796200000000000000e+04 3.276885842035675012e-01 3.464425103707213793e-01 -3.802961520697420994e-01
2.861800000000000000e+04 2.875741850489248463e-01 8.175034465137080986e-01 -2.310957377124527312e-01
2.887700000000000000e+04 3.297774018222021652e-01 4.939012592638682975e-01 -2.323797753783853892e-01
2.916100000000000000e+04 5.192909066689850306e-01 8.128001772670216951e-01 -7.755996056163807495e-01
2.786200000000000000e+04 5.192909066689850306e-01 8.128001772670216951e-01 -7.755996056163807495e-01
2.786100000000000000e+04 4.927679607625812253e-01 7.044158560322912876e-01 -7.027299112422928928e-01
2.898900000000000000e+04 9.355004799785895386e-01 -7.891129624386383767e-01 -3.408797377400265560e-01
2.898800000000000000e+04 8.129922533977342880e-01 -9.082239645999745647e-01 -2.546978207291026308e-01
2.884600000000000000e+04 8.129922533977342880e-01 -9.082239645999745647e-01 -2.546978207291026308e-01
2.822600000000000000e+04 3.405082274857207381e-02 -1.481088678291676786e+00 -3.452054259828605254e-01
2.900800000000000000e+04 5.869325789176720320e-01 -1.080913858467470234e+00 -1.148958924174028340e-01
2.884000000000000000e+04 -7.732332388826250735e-01 -3.467798586550472351e-01 -1.883429108101530858e-01
2.837500000000000000e+04 4.601346464704647587e-02 -9.739028437253782755e-01 -5.838538813122111648e-01
2.883900000000000000e+04 5.977669447170441686e-02 -8.170317489305976011e-01 -6.971260082683201631e-01
2.798300000000000000e+04 5.977669447170441686e-02 -8.170317489305976011e-01 -6.971260082683201631e-01
2.826500000000000000e+04 2.578553492073645259e-01 -9.104913657238018487e-01 -3.074244809740172002e-01
2.827600000000000000e+04 -6.363081939496950667e-02 -6.484589220259096010e-01 -2.563446569271858877e-01
2.870800000000000000e+04 -3.023971801756886180e-02 -1.120694961442033843e+00 -3.206537919286960303e-01
2.870700000000000000e+04 -7.594260860732404694e-02 -8.734602027792437440e-01 -4.691971287788643252e-01
2.810000000000000000e+04 -3.214080788921087617e-01 -1.135334670319254613e+00 -2.564920777117665196e-01
2.810100000000000000e+04 -3.214080788921087617e-01 -1.135334670319254613e+00 -2.564920777117665196e-01
2.881400000000000000e+04 -3.545268189356107769e-01 -4.804368559118437076e-01 -1.817714423822369696e-01
2.911700000000000000e+04 5.473231554787005848e-01 -5.609389512711988601e-01 -5.336371068379630600e-01
2.911800000000000000e+04 5.028497566341130209e-01 -7.282691725760290780e-01 -3.050743392024886091e-01
2.911900000000000000e+04 4.297271151564778791e-01 -5.468796937958746440e-01 -2.662396421722537099e-01
2.892900000000000000e+04 5.890531812886159457e-01 -7.106000832066126094e-01 -3.753039891287510699e-01
2.893000000000000000e+04 5.890531812886159457e-01 -7.106000832066126094e-01 -3.753039891287510699e-01
2.881000000000000000e+04 -7.729684484314098825e-01 2.740239248347222656e-01 -5.075814013514401424e-01
2.872500000000000000e+04 -7.729684484314098825e-01 2.740239248347222656e-01 -5.075814013514401424e-01
2.857700000000000000e+04 -7.729684484314098825e-01 2.740239248347222656e-01 -5.075814013514401424e-01
2.873200000000000000e+04 -7.729684484314098825e-01 2.740239248347222656e-01 -5.075814013514401424e-01
2.903200000000000000e+04 -7.112576555529450673e-01 9.786652908335469192e-03 -1.937012194640015394e-01
2.806000000000000000e+04 -8.428030381175481978e-01 -8.433782066984463199e-02 -1.599535604926058951e-01
2.811900000000000000e+04 -1.041053352010226973e+00 6.467550478379990864e-03 9.020805721260671817e-02
2.812000000000000000e+04 3.405030783762548197e-01 -1.451105099318894531e-01 -7.203715640162320355e-01
2.822500000000000000e+04 3.405030783762548197e-01 -1.451105099318894531e-01 -7.203715640162320355e-01
2.829900000000000000e+04 1.161986594428867647e-01 -1.413421206053655510e-01 -6.778869919226551133e-01
2.861900000000000000e+04 -6.033032988074182867e-02 -3.838787264990486392e-01 -4.486091398982168243e-01
2.811800000000000000e+04 -4.358477605580652892e-01 -2.865446266141198350e-01 -8.035758497391070065e-01
2.911300000000000000e+04 -3.593696525415630560e-01 -1.781824578592647867e-01 -5.327279315771278334e-01
2.834400000000000000e+04 -6.286526989459417791e-02 7.613875567877670392e-02 -7.533577965093671835e-01
2.865400000000000000e+04 3.421050843811208608e-01 4.999656813548725154e-02 -7.771479764286359782e-01
2.888600000000000000e+04 6.410963342295090683e-01 -3.589966351941811240e-01 -3.302744541595572514e-01
2.901500000000000000e+04 6.410963342295090683e-01 -3.589966351941811240e-01 -3.302744541595572514e-01
2.817100000000000000e+04 -9.107774437095237374e-01 4.512875268006339979e-01 -6.801156635674239226e-01
2.829500000000000000e+04 -9.760026264031971266e-01 3.097250687733250629e-01 -5.907448098391645530e-01
2.791600000000000000e+04 -1.048227524757166407e+00 2.168555388082822333e-01 -2.943401254817228363e-01
2.829100000000000000e+04 -1.268402008871532871e+00 2.281780101376327252e-01 -5.385629054985292541e-01
2.796700000000000000e+04 -7.522707265119663589e-01 -7.339741848257474999e-02 -5.442678718838571683e-01
2.886200000000000000e+04 -2.504896144990240714e-01 4.260802701239398971e-01 -8.839403237391412205e-01
2.859000000000000000e+04 -7.805590672758171422e-01 -1.813183751080309491e-01 -5.268632435120519375e-01
2.802500000000000000e+04 -7.718233446019731048e-01 -3.784668250037981352e-03 -6.821796967163686887e-01
2.375800000000000000e+04 -1.629689537840341984e-01 5.046133598062958470e-01 -8.435619305958645953e-01
2.832100000000000000e+04 4.548384777866409934e-01 2.907341940694792015e-01 -3.176329308932599460e-01
2.894000000000000000e+04 4.699902800815571879e-01 3.301985560163700484e-02 -4.050630852684067307e-01
2.793200000000000000e+04 6.491782897014246601e-01 -1.401561596767493256e-01 -1.964124297723461865e-01
2.799800000000000000e+04 -2.397967668565712529e-01 1.107792112887899805e+00 -2.991985855719674348e-01
2.789200000000000000e+04 4.889905109766878866e-01 1.002246633210351234e+00 -3.346688127851926708e-02
2.789100000000000000e+04 4.889905109766878866e-01 1.002246633210351234e+00 -3.346688127851926708e-02
2.873900000000000000e+04 2.890272134917495350e-01 1.229461348015274069e+00 -1.033527121600785748e-01
2.802100000000000000e+04 3.055916135053493576e-02 1.150853924332015055e+00 1.409936445700932239e-02
2.793600000000000000e+04 -6.872224211031507934e-01 1.178151966372702475e+00 -9.073641878815035255e-01
2.799000000000000000e+04 -5.779746172511543989e-01 1.313849823429077190e+00 -1.016951457284125837e+00
2.829600000000000000e+04 -5.779746172511543989e-01 1.313849823429077190e+00 -1.016951457284125837e+00
2.829700000000000000e+04 -6.406657000619304654e-01 1.399570633970764533e+00 -8.934537958860664375e-01
2.793700000000000000e+04 -7.137977821563730174e-01 1.312752369556676513e+00 -8.709943608381349733e-01
2.885300000000000000e+04 -3.602353953590764490e-02 9.543806254505504683e-01 -9.146507280830764586e-01
2.875200000000000000e+04 1.781338141086337146e-01 8.093895352550255495e-01 -9.451030222662906155e-01
2.885600000000000000e+04 4.164575400220691392e-01 6.698908951886259899e-01 -7.763386086282606513e-01
2.885700000000000000e+04 3.605688980901931018e-01 5.127341034669683495e-01 -1.062219165376236951e+00
2.871200000000000000e+04 4.583292340363698258e-01 7.801824284428562351e-01 -9.538349673833597109e-01
2.878000000000000000e+04 -3.499979745094989880e-01 1.407848819094365211e+00 -9.535267751798901514e-01
2.874100000000000000e+04 -4.020026449402358537e-01 -2.693309015656346617e-01 -9.110884510460071084e-01
2.905200000000000000e+04 -2.666518459087470205e-01 -2.747365278116866705e-01 -5.982892454986306063e-01
2.905300000000000000e+04 8.464036742770275623e-02 -5.444945183451661563e-01 -6.247852045937873910e-01
2.910300000000000000e+04 -4.743174707855146721e-01 -1.683896825755226700e-02 -9.057281969661890031e-01
2.798400000000000000e+04 -1.937773436469107935e-01 1.018332354097495340e-02 -1.109560011230238175e+00
2.792600000000000000e+04 -2.601915144577837680e-01 -9.268909524574908687e-02 -1.004914377065861508e+00
2.803000000000000000e+04 5.723241282268887176e-02 -3.752205195522044789e-01 -8.295110487142771660e-01
2.901700000000000000e+04 1.309668142266779967e-01 4.855446988615597093e-02 -7.429610095114602686e-01
2.885100000000000000e+04 3.389886061081135438e-01 -4.981458934892657453e-03 -6.541897919138950357e-01
2.916600000000000000e+04 1.777993075868451456e-01 -2.889395432655952334e-01 -7.918371077135866187e-01
2.820200000000000000e+04 5.282187371854050184e-01 4.730137504758147315e-01 -1.278276271269344289e+00
2.820300000000000000e+04 -1.900893511895240806e-01 -1.035927686932005543e-01 -1.236007191431512275e+00
2.862000000000000000e+04 1.503928174511415250e-02 -5.550840138683685865e-01 9.962009864864818098e-02
2.813000000000000000e+04 1.366868168454686838e-01 -2.879510286380266848e-01 7.703178004001731694e-02
2.815100000000000000e+04 -3.992769396436344209e-01 -6.824648927603433890e-01 3.170335524221528090e-01
2.875800000000000000e+04 -2.331533055376944219e-01 -2.770461868190245980e-01 1.775346297972113518e-02
2.807300000000000000e+04 2.345957278768580068e-01 -4.215848086344848866e-01 1.588956636311040782e-01
2.876200000000000000e+04 2.345957278768580068e-01 -4.215848086344848866e-01 1.588956636311040782e-01
2.868200000000000000e+04 -5.196174303963125851e-01 -4.540126699101776353e-01 1.495163436339508323e-01
2.868100000000000000e+04 -3.054761442866187338e-01 -4.198891325162321664e-01 2.701411419314707629e-01
2.898600000000000000e+04 -1.459054695265500357e-01 -3.555238378050091796e-01 7.304619903027287364e-02
2.863600000000000000e+04 -5.185911187287928215e-02 -2.914101328387737055e-01 -1.643331664865943509e-02
2.901600000000000000e+04 2.159084728127353969e-01 -1.532915297867276649e-02 3.218689820556477343e-01
2.895700000000000000e+04 -5.150883937061578877e-02 -8.189102574992190853e-02 -1.895576289870248843e-02
2.896300000000000000e+04 -2.945785110221876835e-02 4.019578114850475004e-02 6.784354847156226498e-02
2.914300000000000000e+04 -2.945785110221876835e-02 4.019578114850475004e-02 6.784354847156226498e-02
2.829300000000000000e+04 1.091693810226068706e-01 5.536688064379298169e-01 1.322012677635253652e-02
2.819100000000000000e+04 1.091693810226068706e-01 5.536688064379298169e-01 1.322012677635253652e-02
2.819000000000000000e+04 2.104989107139942917e-02 -8.613649446572679835e-02 2.262090016397735326e-01
2.879600000000000000e+04 7.769656378041034372e-02 1.289300271615836380e-01 4.661967919672882488e-02
2.805500000000000000e+04 7.769656378041034372e-02 1.289300271615836380e-01 4.661967919672882488e-02
2.904700000000000000e+04 -1.952659205705025158e-01 -8.928490814692935373e-02 5.557509672190974470e-02
2.892400000000000000e+04 -1.870061030919387690e-01 -5.432562385953687567e-02 -1.788615828789374973e-02
2.820400000000000000e+04 2.434161415996172195e-02 1.494643881276829234e-01 1.092521828273902429e-01
2.897200000000000000e+04 -1.861269755526215874e-01 3.587975791678132964e-03 1.933777295182341760e-01
2.883000000000000000e+04 1.695363370092266564e-01 3.507838362449433589e-02 1.020296058735912226e-01
2.821600000000000000e+04 -1.406411259902000666e-01 -7.650413543146328266e-03 1.480341507837330539e-01
2.851300000000000000e+04 -1.154145125798464733e-01 2.426075409447747688e-02 -1.017157415447567104e-02
2.851400000000000000e+04 5.554973338232827018e-02 9.173247219346691850e-02 1.754182872030849438e-01
2.851500000000000000e+04 -4.145834885777262002e-01 -1.092862505393163985e-01 1.350389360242489900e-01
2.836100000000000000e+04 -2.191438617872343286e-01 9.151253498266598285e-02 1.500657861249461433e-01
2.881500000000000000e+04 -1.895714235541134940e-02 -5.968440558741150426e-02 7.182052851025222395e-02
2.810900000000000000e+04 -1.895714235541134940e-02 -5.968440558741150426e-02 7.182052851025222395e-02
2.830500000000000000e+04 2.143173072385984312e-01 -2.734000427454574833e-02 1.019364185383162535e-01
2.830400000000000000e+04 2.143173072385984312e-01 -2.734000427454574833e-02 1.019364185383162535e-01
2.830300000000000000e+04 -8.697460059526562759e-02 7.001364472748150547e-02 5.851119162499340831e-02
2.797600000000000000e+04 -8.697460059526562759e-02 7.001364472748150547e-02 5.851119162499340831e-02
2.884300000000000000e+04 3.054161782471709330e-02 4.696428005752650847e-02 9.442441004143198313e-02
2.910400000000000000e+04 1.948565836574545074e-01 1.018817364274262616e-01 -9.243807770867196183e-02
2.813300000000000000e+04 2.063063539940301894e-02 3.642148033743097812e-02 4.103047742276633159e-02
2.865500000000000000e+04 2.063063539940301894e-02 3.642148033743097812e-02 4.103047742276633159e-02
2.898500000000000000e+04 -1.483311687412012247e-01 4.055832033904849254e-02 2.038658768881251859e-02
2.803300000000000000e+04 -1.483311687412012247e-01 4.055832033904849254e-02 2.038658768881251859e-02
2.903800000000000000e+04 6.223673364683435238e-03 3.526394654853248767e-02 4.897218932249813861e-03
2.879700000000000000e+04 6.223673364683435238e-03 3.526394654853248767e-02 4.897218932249813861e-03
2.867300000000000000e+04 -2.890565701859060255e-02 -2.034213821240626885e-02 -4.056517052516106503e-02
2.804900000000000000e+04 -1.818093569823169275e-01 -1.565226101094054911e-01 2.550996171472519336e-02
2.804800000000000000e+04 2.518700408505694099e-01 1.740034648562982511e-01 -4.508654232242914617e-02
2.877200000000000000e+04 7.082699321156482597e-02 -9.753778575078442259e-02 -7.516645470667171480e-02
2.877100000000000000e+04 -3.802190051192440023e-01 -5.990501068170317467e-02 -2.085806211234819685e-01
2.876700000000000000e+04 -3.802190051192440023e-01 -5.990501068170317467e-02 -2.085806211234819685e-01
2.882900000000000000e+04 -4.508605883787097923e-02 -2.372020837268884463e-01 1.477830945206894953e-01
2.892700000000000000e+04 -2.496979493714199805e-01 -5.029785507827710944e-02 -1.213962934812382599e-01
2.896100000000000000e+04 -1.121383926857717483e-01 9.819819280673058870e-02 1.163104856736687509e-01
2.862600000000000000e+04 -1.121383926857717483e-01 9.819819280673058870e-02 1.163104856736687509e-01
2.815300000000000000e+04 -1.595028335315298307e-01 -5.236583414983186913e-02 6.433578508918458283e-02
2.877400000000000000e+04 -1.595028335315298307e-01 -5.236583414983186913e-02 6.433578508918458283e-02
2.877300000000000000e+04 -1.595028335315298307e-01 -5.236583414983186913e-02 6.433578508918458283e-02
2.801700000000000000e+04 -1.595028335315298307e-01 -5.236583414983186913e-02 6.433578508918458283e-02
2.866300000000000000e+04 -1.930228455178450986e-02 6.802212509353466885e-02 -1.003582277188286298e-02
2.828100000000000000e+04 -1.930228455178450986e-02 6.802212509353466885e-02 -1.003582277188286298e-02
2.868900000000000000e+04 -3.043659865570198519e-01 -6.683570605414956844e-02 1.420073424322803035e-01
2.827900000000000000e+04 -3.043659865570198519e-01 -6.683570605414956844e-02 1.420073424322803035e-01
2.886000000000000000e+04 -1.842567234727070513e-01 -2.727010343698132999e-01 3.236913452154919213e-01
2.784900000000000000e+04 -1.609542692917926843e-01 5.970524469776705700e-02 4.542065396973944402e-01
2.885900000000000000e+04 -3.326797501959788406e-02 -4.654981834137537078e-01 2.278024059457788297e-01
2.811400000000000000e+04 -1.669665843532044391e-01 1.040705153162271301e-01 2.452565867600213778e-01
2.887900000000000000e+04 3.408449284625874043e-01 -9.023927337984716246e-02 3.289029829677465600e-01
2.887800000000000000e+04 3.010017094123824677e-01 -1.351288660157514698e-01 3.382478998084881283e-01
2.814200000000000000e+04 1.387444486962934320e-01 -1.851196205301874897e-02 9.450900715300747379e-03
2.815200000000000000e+04 2.720037711905014532e-01 -1.024765197109225312e-01 -7.220223227742561534e-02
2.879300000000000000e+04 4.696392021404278694e-01 -1.160479177741500223e-01 1.386017756555100178e-01
2.879400000000000000e+04 4.696392021404278694e-01 -1.160479177741500223e-01 1.386017756555100178e-01
2.878800000000000000e+04 1.724626717885833216e-01 -3.171505907685379100e-01 4.454458513301196021e-01
2.800700000000000000e+04 1.266923179310452952e-01 -1.304967461326462796e-01 -1.155161132596838058e-03
2.811500000000000000e+04 1.266923179310452952e-01 -1.304967461326462796e-01 -1.155161132596838058e-03
2.785000000000000000e+04 -1.537732027645368760e-01 6.580390037894190414e-02 8.445794039933307573e-02
2.803700000000000000e+04 -1.537732027645368760e-01 6.580390037894190414e-02 8.445794039933307573e-02
2.789800000000000000e+04 1.360288921719323696e-01 -1.332422188882027569e-01 -1.333426169943283668e-01
2.875600000000000000e+04 2.425714398980964859e-01 -1.624482628607175627e-01 9.413988100090175948e-02
2.883600000000000000e+04 -1.054815191116631468e-01 2.932546522995238547e-03 6.423206518520352404e-02
2.883500000000000000e+04 4.066164417905575590e-01 -2.719282368901083657e-01 -1.459837792687519453e-01
2.784500000000000000e+04 -1.200815919059010639e-01 -1.443443148674177223e-01 -1.447989391616832933e-01
2.828900000000000000e+04 -1.200815919059010639e-01 -1.443443148674177223e-01 -1.447989391616832933e-01
2.828800000000000000e+04 -8.300362495771551608e-02 -1.664167649402159554e-02 4.632434102113780483e-02
2.876000000000000000e+04 -8.300362495771551608e-02 -1.664167649402159554e-02 4.632434102113780483e-02
2.802900000000000000e+04 2.305644680518668110e-01 3.910905732289293724e-02 9.560953641893910060e-02
2.805700000000000000e+04 1.753862661349998575e-01 -4.203028209686010541e-02 2.653500990146175909e-01
2.904800000000000000e+04 1.753862661349998575e-01 -4.203028209686010541e-02 2.653500990146175909e-01
2.786900000000000000e+04 2.018682075824784761e-03 -6.746951268587508821e-02 1.374480206363930535e-01
2.835500000000000000e+04 4.311866026367141558e-01 -1.377179489883388896e-01 -1.051577141579951302e-02
2.904400000000000000e+04 7.281419829098467744e-03 -2.836732916765782875e-02 -6.467249684756204431e-02
2.901400000000000000e+04 -2.858880922240203404e-01 -1.546850336291782924e-02 2.106945781548201779e-01
2.817300000000000000e+04 -2.109985183964369071e-02 -5.257430598698320523e-02 1.074949088315095835e-01
2.823600000000000000e+04 -2.109985183964369071e-02 -5.257430598698320523e-02 1.074949088315095835e-01
2.913700000000000000e+04 9.308288269989972719e-02 -7.249698684281113970e-02 1.457574436872466350e-01
2.858600000000000000e+04 1.348615776381301146e-01 -1.138461130952066469e-01 -3.800247028467484967e-02
2.858500000000000000e+04 1.348615776381301146e-01 -1.138461130952066469e-01 -3.800247028467484967e-02
2.796900000000000000e+04 1.348615776381301146e-01 -1.138461130952066469e-01 -3.800247028467484967e-02
2.875000000000000000e+04 -1.116071931423512353e-01 -7.128790957631281344e-02 4.688509701688925446e-02
2.836700000000000000e+04 -1.116071931423512353e-01 -7.128790957631281344e-02 4.688509701688925446e-02
2.857800000000000000e+04 -1.861433541033150618e-01 6.389897949335221483e-02 1.088839871270721460e-01
2.906000000000000000e+04 -9.019310322641160838e-02 4.075652724735334687e-01 1.752324494109069875e-01
2.860900000000000000e+04 1.454374401382203530e-01 7.719397665568195066e-02 3.491834460728009404e-01
2.909900000000000000e+04 2.158096507017148724e-03 -6.341672556653676907e-02 5.929753988571206946e-02
2.792500000000000000e+04 -1.730379191600874833e-01 1.066916042942125387e-01 3.213109453864557707e-01
2.872200000000000000e+04 -6.773162886551276074e-02 8.938532752786443325e-02 3.787135892539339466e-02
2.813100000000000000e+04 -6.773162886551276074e-02 8.938532752786443325e-02 3.787135892539339466e-02
2.915500000000000000e+04 -3.571348269295526734e-02 2.107923299450220611e-02 2.072926705450148788e-01
2.863800000000000000e+04 -3.571348269295526734e-02 2.107923299450220611e-02 2.072926705450148788e-01
2.857600000000000000e+04 1.944262860756396094e-02 -1.393024682362700162e-01 1.563905226716491015e-01
2.897700000000000000e+04 1.043156744772488764e-01 5.238204101632959464e-02 2.103349108875383067e-01
2.868300000000000000e+04 2.729698036419883067e-01 1.485283760874978043e-03 -6.052379142148911484e-02
2.819800000000000000e+04 -2.071874741700270306e-01 1.295738471935905523e-01 2.131259263585834063e-01
2.811200000000000000e+04 -6.480886276255048983e-02 -2.960767395886065856e-02 -9.126872386189965880e-02
2.827400000000000000e+04 3.161449107362415134e-01 8.993114190495887783e-02 2.070541041641478230e-01
2.883200000000000000e+04 -2.085276327293428267e-01 -9.336468959817523228e-02 3.375576188850359927e-02
2.878900000000000000e+04 -2.085276327293428267e-01 -9.336468959817523228e-02 3.375576188850359927e-02
2.787700000000000000e+04 -2.085276327293428267e-01 -9.336468959817523228e-02 3.375576188850359927e-02
2.819300000000000000e+04 8.880668042653638850e-02 3.549004609441652747e-02 2.001519176883110873e-01
2.804400000000000000e+04 1.167739121251045731e-01 3.801589799226690047e-02 1.146377900361406077e-01
2.886800000000000000e+04 -1.346016812249253292e-01 -3.622196698871249509e-02 1.401255657838120783e-01
2.809600000000000000e+04 -1.595475142818756353e-01 1.098366858360328990e-01 -1.134986109453084424e-02
2.809700000000000000e+04 -1.595475142818756353e-01 1.098366858360328990e-01 -1.134986109453084424e-02
2.875100000000000000e+04 -1.595475142818756353e-01 1.098366858360328990e-01 -1.134986109453084424e-02
2.826900000000000000e+04 -3.199387580223209682e-01 -3.194012938347476904e-01 -2.127806679396293532e-01
2.901000000000000000e+04 -4.446842523669580771e-01 4.047999844664076363e-01 3.572061474456491581e-01
2.867200000000000000e+04 -4.446842523669580771e-01 4.047999844664076363e-01 3.572061474456491581e-01
2.796100000000000000e+04 1.490058662904658604e-02 5.937123308419245404e-02 1.573884737917863319e-01
2.858400000000000000e+04 -3.109617964632498399e-01 1.888712026810424049e-02 4.374785030879824177e-02
2.794200000000000000e+04 -3.282795439404928572e-01 -5.619424638137004990e-02 1.182055299865378828e-01
2.807700000000000000e+04 -3.282795439404928572e-01 -5.619424638137004990e-02 1.182055299865378828e-01
2.882000000000000000e+04 -1.169842949652633024e-01 -6.538149298543771692e-02 1.121376949570613846e-01
2.802200000000000000e+04 -3.779771155434978880e-01 -4.051298547846435838e-01 -1.598003288304727931e-02
2.882700000000000000e+04 1.361515117472826830e-01 3.997804822007822168e-02 4.790876201523186495e-02
2.814600000000000000e+04 -1.178317265446260365e-01 2.622896523710949168e-03 1.428259994657725684e-01
2.814500000000000000e+04 -1.178317265446260365e-01 2.622896523710949168e-03 1.428259994657725684e-01
2.859300000000000000e+04 -2.014453345978957088e-01 3.328392940634827823e-02 -2.038857587661970783e-01
2.821300000000000000e+04 -2.028645401884503485e-01 -3.905119757265502756e-01 1.636125848238636493e-01
2.821200000000000000e+04 1.369180483954650640e-01 -2.031200667061696663e-01 -1.330384548963836622e-01
2.894600000000000000e+04 2.654150872347607049e-01 -2.308093754184703528e-01 -1.627344749840204940e-01
2.894500000000000000e+04 3.971767653105473528e-01 2.709519587036233190e-01 9.036164979375360673e-02
2.891500000000000000e+04 3.661150678374553991e-01 9.364664106982090175e-02 2.711946824767252906e-02
2.882100000000000000e+04 -5.621968016732914464e-01 -6.896668492663184935e-01 1.333423023556408182e-01
2.888500000000000000e+04 -6.123478690761139376e-01 -5.046203265317643627e-01 3.455216136388186143e-01
2.863300000000000000e+04 -6.123478690761139376e-01 -5.046203265317643627e-01 3.455216136388186143e-01
2.833200000000000000e+04 -1.262249387693117342e-01 2.474831168659861191e-01 1.825705437645659401e-01
2.869800000000000000e+04 -6.530850754041850337e-02 6.579156648989226142e-02 4.303105436225518332e-02
2.884200000000000000e+04 -2.378869303679174152e-01 2.833056423815953906e-01 4.130622224761513195e-01
2.884100000000000000e+04 -3.153589923929125405e-01 1.332500174096900025e-01 6.291383858048327227e-02
2.916700000000000000e+04 -5.107940577793570469e-01 -9.891165315199401675e-03 -1.095849969409714575e-01
2.818000000000000000e+04 -4.515771066691129931e-01 1.501273278711323655e-01 4.171141886300970825e-01
2.812600000000000000e+04 -5.449489841184274042e-02 3.884802088343519699e-03 1.216445935583996274e-01
2.894300000000000000e+04 -1.393597520949541035e-01 3.373902104256032430e-02 1.479513009651025612e-01
2.796500000000000000e+04 -2.958586062851651377e-01 5.700873988474803866e-01 2.359174200734539539e-01
2.826400000000000000e+04 -3.515686077003614685e-01 1.288767289432435348e-01 3.397415907836354165e-01
2.871800000000000000e+04 -2.349669231356514842e-01 -1.069632979091572622e-01 -5.285154886929355200e-02
2.777800000000000000e+04 -6.022823115312867515e-01 -4.919143252161077839e-01 -6.821783128413194675e-02
2.888400000000000000e+04 -7.083739122349399508e-01 -1.035633512644551502e-02 1.205157508602603400e-01
2.906500000000000000e+04 -7.112763953495537805e-01 -2.868166599626320590e-02 1.824717615404392035e-01
2.825400000000000000e+04 -6.225530353763915059e-01 -1.221668938043940500e-01 3.765985506459079701e-01
2.862400000000000000e+04 -5.702783704375136153e-01 -1.083527549065443907e-01 7.550792149793217334e-02
2.907800000000000000e+04 -5.166098646819108353e-01 7.927803442177605575e-02 8.982782075940498601e-03
2.883700000000000000e+04 -8.810386899957229900e-01 1.413952427726741234e-01 2.364709586577351530e-01
2.888800000000000000e+04 -8.810386899957229900e-01 1.413952427726741234e-01 2.364709586577351530e-01
2.831400000000000000e+04 -2.988956879373532161e-01 5.720633206115621761e-02 -1.168505701852673440e-03
2.824400000000000000e+04 1.995151452249679380e-01 -2.709707673211525503e-01 -2.688181457539364771e-01
2.864100000000000000e+04 4.876938093635274640e-02 -3.395844453694003562e-01 6.078066772429391307e-02
2.809200000000000000e+04 -2.415304639326265601e-02 -3.104119047422315703e-01 -2.637416508654233382e-02
2.850100000000000000e+04 -4.472552042315243170e-01 -4.785012725511030851e-01 1.037877210436999320e-02
2.814700000000000000e+04 -5.892355376444413650e-02 -2.178552399816595653e-01 -3.382386003698920618e-01
2.891400000000000000e+04 -3.780852451020066951e-02 4.643229132958737182e-02 1.404154219533815251e-02
2.790100000000000000e+04 -3.780852451020066951e-02 4.643229132958737182e-02 1.404154219533815251e-02
2.869400000000000000e+04 1.681835832784415175e-01 1.060430726748862185e-02 -4.156434217629367822e-02
2.816600000000000000e+04 1.681835832784415175e-01 1.060430726748862185e-02 -4.156434217629367822e-02
2.879900000000000000e+04 6.799695010352024838e-02 -7.534155162533195949e-02 -1.163136375435209757e-01
2.880500000000000000e+04 3.817185868118500025e-02 -4.950380881139437861e-02 -1.283516784659664012e-01
2.869700000000000000e+04 3.817185868118500025e-02 -4.950380881139437861e-02 -1.283516784659664012e-01
2.912400000000000000e+04 3.584823306057245418e-01 -3.185335802374424929e-01 -9.742308291829981926e-02
2.862700000000000000e+04 3.584823306057245418e-01 -3.185335802374424929e-01 -9.742308291829981926e-02
2.887000000000000000e+04 1.444725687802232983e-01 7.241990131472419989e-03 2.628576794525727678e-02
2.821900000000000000e+04 6.384224755436918031e-02 1.080018919889162987e-01 -3.241363227553675230e-01
2.878200000000000000e+04 -2.859265135984543349e-01 -3.060828770819554734e-01 -1.536561880033620042e-01
2.816700000000000000e+04 -4.204551150618947020e-01 1.633783837342122069e-01 -1.952000994547438140e-01
2.816200000000000000e+04 -3.405896034001152373e-01 -1.106210614212841392e-01 1.694416785563834793e-01
2.826800000000000000e+04 -3.405896034001152373e-01 -1.106210614212841392e-01 1.694416785563834793e-01
2.817400000000000000e+04 5.865390736374109792e-02 -3.493483396301755306e-02 1.610448044961101388e-01
2.912100000000000000e+04 7.462963528121946410e-02 6.722876854432513483e-02 1.358926280228001104e-02
2.912200000000000000e+04 -3.011392981663263413e-02 -2.543106080409884839e-02 4.515346581680734772e-02
2.873600000000000000e+04 2.817222161249759438e-01 7.578222137457757412e-02 2.257295782293304853e-01
2.849400000000000000e+04 5.925266260633321735e-02 3.769422414937650956e-02 1.547508080572201905e-01
2.889300000000000000e+04 -6.329945481254029005e-02 1.026073150539694723e-01 1.513050190708780107e-01
2.808700000000000000e+04 -3.412299860034480048e-01 -1.847777129345686831e-01 8.933780332906593458e-02
2.797700000000000000e+04 1.224238160898671879e-01 -1.215396531975940775e-01 5.145499723327340291e-02
2.823300000000000000e+04 1.224238160898671879e-01 -1.215396531975940775e-01 5.145499723327340291e-02
2.900500000000000000e+04 2.114088878940272309e-01 -3.838581075194369419e-02 2.391933194422488640e-01
2.884900000000000000e+04 2.114088878940272309e-01 -3.838581075194369419e-02 2.391933194422488640e-01
2.809800000000000000e+04 -5.025595593422238494e-02 6.395080535975239400e-02 9.876502753021743075e-02
2.830800000000000000e+04 -5.025595593422238494e-02 6.395080535975239400e-02 9.876502753021743075e-02
2.839700000000000000e+04 8.480048964345954232e-02 -4.805632237017221087e-02 -7.461742796275316891e-03
2.831000000000000000e+04 -1.932713075176089035e-01 2.322324843117371529e-01 -1.547133079963725066e-02
2.827700000000000000e+04 4.209696190704192986e-02 -1.475929933139710215e-01 2.888926693183986316e-01
2.897600000000000000e+04 2.971980673370104853e-01 1.800000338306020353e-01 1.225087384793113188e-01
2.833900000000000000e+04 -3.706060867463349950e-01 1.117971342103452059e-01 1.207020823476430138e-01
2.897300000000000000e+04 -1.069858178621565514e-01 -4.569514171942401504e-02 -2.996825453255791416e-02
2.880000000000000000e+04 -1.069858178621565514e-01 -4.569514171942401504e-02 -2.996825453255791416e-02
2.801500000000000000e+04 -1.898432153815896584e-01 1.207867887095233073e-01 1.030087293751744681e-01
2.837300000000000000e+04 -2.497111738526527347e-01 6.068296595940481097e-02 -9.367916049535818246e-02
2.823900000000000000e+04 -2.497111738526527347e-01 6.068296595940481097e-02 -9.367916049535818246e-02
2.908500000000000000e+04 1.264757482795246801e-01 -3.261988428855886468e-01 -6.437935179464915336e-02
2.860000000000000000e+04 1.453431191234884068e-01 -3.322458328303312669e-02 -3.993942806618671071e-01
2.897800000000000000e+04 3.838504705408603002e-01 -2.486587166674922855e-01 -2.278357627432860966e-01
2.784000000000000000e+04 8.887535452123529467e-02 -2.837959209434259833e-01 -1.625321996151285475e-03
2.354500000000000000e+04 8.887535452123529467e-02 -2.837959209434259833e-01 -1.625321996151285475e-03
2.852000000000000000e+04 -1.252571219796294599e-01 -3.971119923526096329e-01 -5.810714587334864234e-02
2.822400000000000000e+04 2.366019299110888596e-02 -6.083603757032847170e-01 5.105915557189444343e-02
2.884700000000000000e+04 -9.139125054201713283e-02 -6.889376034669396631e-01 1.273407874530123607e-01
2.867000000000000000e+04 3.666836197312051127e-02 -3.239899202620222241e-01 1.274451005190462283e-01
2.834500000000000000e+04 -8.229991423882054846e-02 -6.996452064222680178e-02 5.971055461955376842e-02
2.836200000000000000e+04 -7.479158977368172145e-03 1.588538721810053289e-01 2.814253044537444737e-01
2.877000000000000000e+04 -1.326078605103759855e-01 -1.121024430101904557e-01 -8.480256365369243099e-02
2.818200000000000000e+04 6.554689412662284553e-02 1.229556817495591758e-01 1.183354987062799069e-01
2.899400000000000000e+04 2.299968209444251954e-01 -1.130719669906170566e-01 2.303835822744257911e-01
2.899500000000000000e+04 -1.098481719263908474e-01 -8.599676271103362524e-02 -1.784724560304109531e-01
2.798900000000000000e+04 5.374554718229873629e-02 -3.413191622377809153e-02 -2.345238810375063210e-01
2.804200000000000000e+04 1.198299946137204586e-01 5.643411342998305713e-02 -6.772824357491913361e-02
2.804600000000000000e+04 1.198299946137204586e-01 5.643411342998305713e-02 -6.772824357491913361e-02
2.876300000000000000e+04 3.461307430096063342e-01 1.991757606344322085e-01 8.254808692853465857e-02
2.805100000000000000e+04 -2.248226901027194913e-02 -3.368815580227391138e-02 -2.336085703704169347e-01
2.837900000000000000e+04 -2.248226901027194913e-02 -3.368815580227391138e-02 -2.336085703704169347e-01
2.908200000000000000e+04 2.815522217033361585e-01 1.082701261764640321e-01 5.165095007600140065e-02
2.880200000000000000e+04 1.427027777307330325e-01 6.223544473986208914e-03 9.015184461564551555e-02
2.880100000000000000e+04 1.529390929233045426e-01 -2.887277121176303751e-01 -3.168998138927108243e-01
2.782000000000000000e+04 -6.875552676183716017e-02 1.920829372123407097e-01 1.435153629410725884e-01
2.781900000000000000e+04 1.290318094718649888e-01 1.466549688638956184e-01 4.332991536245067721e-02
2.884500000000000000e+04 1.290318094718649888e-01 1.466549688638956184e-01 4.332991536245067721e-02
2.874000000000000000e+04 4.972597351077681083e-01 3.235324257304128537e-01 1.934239364781777937e-01
2.882200000000000000e+04 1.160674357426536574e-01 1.071675301106651546e-01 1.285251828704936372e-01
2.886500000000000000e+04 2.024647969741160125e-01 9.872491440121322626e-02 -1.009587457808969191e-01
2.899800000000000000e+04 -1.220276542202896053e-01 1.157799696798988975e-02 2.473636122218003663e-02
2.899700000000000000e+04 1.725008459515144921e-01 5.258417029058328751e-01 4.962200980114150894e-02
2.825300000000000000e+04 -2.081867178739749136e-01 6.740004050844561334e-02 3.836053590930710300e-02
2.901100000000000000e+04 -1.543627085607504057e-01 -1.065663854022567136e-01 -6.458783867312956062e-02
2.819200000000000000e+04 -1.543627085607504057e-01 -1.065663854022567136e-01 -6.458783867312956062e-02
2.799600000000000000e+04 -2.761472226101560068e-01 3.962920901081901093e-02 -2.218358752153175573e-01
2.799500000000000000e+04 2.624337079873910739e-01 1.850486007815845824e-01 8.263294216870775699e-03
2.916300000000000000e+04 -4.890789785152946934e-01 -1.764675810004767698e-01 -2.604467339935254699e-01
2.904600000000000000e+04 -1.774662455442879150e-01 -7.342988203546596537e-02 -1.346276772279706435e-01
2.906300000000000000e+04 9.088443005370550054e-02 9.712267962259701903e-02 5.015081243614716300e-02
2.909600000000000000e+04 1.755988546866156241e-01 1.768180707096611570e-01 -6.204476202857733824e-02
2.791900000000000000e+04 3.838263499536509471e-02 -2.710119553421463934e-02 8.948056979300567093e-02
2.792000000000000000e+04 -6.504288205288943914e-02 -2.243829328075399587e-01 7.275413210094239247e-02
2.775100000000000000e+04 -6.504288205288943914e-02 -2.243829328075399587e-01 7.275413210094239247e-02
2.830600000000000000e+04 1.563646565412213363e-02 4.562966883705854571e-02 3.701881857591091673e-01
2.863200000000000000e+04 -6.363938373311128771e-02 -3.904116360097731331e-02 1.083649159887496438e-01
2.805200000000000000e+04 -2.135668611989878229e-01 8.422672768193351089e-02 1.448658968629530364e-01
2.859100000000000000e+04 -3.423169284135241242e-01 1.357819042765378015e-01 -3.304951560520725806e-01
2.859200000000000000e+04 -1.754341247563431239e-01 -1.167038691224817626e-01 1.132474756830497142e-01
2.868000000000000000e+04 -1.754341247563431239e-01 -1.167038691224817626e-01 1.132474756830497142e-01
2.858700000000000000e+04 -1.754341247563431239e-01 -1.167038691224817626e-01 1.132474756830497142e-01
2.902900000000000000e+04 2.012062941460612819e-01 -7.170907622478495114e-02 -7.810151200071846489e-02
2.889700000000000000e+04 -1.106518531343319012e-01 4.192041691800696412e-02 4.773190996098453098e-02
2.892200000000000000e+04 -1.106518531343319012e-01 4.192041691800696412e-02 4.773190996098453098e-02
2.892300000000000000e+04 1.119922582740429107e-02 3.070386346735887173e-02 1.261394964998325818e-01
2.846000000000000000e+04 1.119922582740429107e-02 3.070386346735887173e-02 1.261394964998325818e-01
2.846100000000000000e+04 1.534614401599299072e-01 1.601395806473675520e-01 7.316670093218569093e-02
2.846200000000000000e+04 6.456235818488202938e-01 -2.339911114638795198e-01 5.939990825358254511e-02
2.846300000000000000e+04 6.748665606535197981e-02 -6.436391123390450275e-02 -7.704937054157312559e-03
2.885400000000000000e+04 2.300179430933191327e-01 -4.433356193012691904e-01 -2.369927726388256772e-01
2.886100000000000000e+04 2.432778476241637122e-01 -1.377803911211579191e-01 -2.286418842854125444e-01
2.889000000000000000e+04 1.875199633539494926e-01 -1.606996533976321473e-01 1.795927395741081511e-02
2.860200000000000000e+04 -4.357896555417539730e-02 -6.646837062076116354e-02 1.589641548767062318e-02
2.860100000000000000e+04 -2.798546069784997314e-01 2.634217016667150801e-02 -2.740715806146987177e-03
2.902600000000000000e+04 -3.675645387901091965e-01 -1.814715574616698746e-02 2.938814861219540830e-02
2.812500000000000000e+04 -3.487566076357921929e-01 -1.070041964932890721e-01 -2.802364820175657911e-01
2.868500000000000000e+04 -2.347863151162137285e-01 2.091528421635047152e-02 -4.241047025475630505e-02
2.820100000000000000e+04 -2.347863151162137285e-01 2.091528421635047152e-02 -4.241047025475630505e-02
2.889500000000000000e+04 -2.347863151162137285e-01 2.091528421635047152e-02 -4.241047025475630505e-02
2.889400000000000000e+04 -3.257421012437227148e-01 4.650586889724550588e-02 1.406881303779679016e-01
2.860600000000000000e+04 1.229350198857837029e-01 5.657268748761623556e-02 1.738109902897573278e-01
2.798700000000000000e+04 1.033503882697175413e-01 -2.694658137876793091e-01 6.607878001265099499e-02
2.875900000000000000e+04 2.970883083397950486e-01 -9.294907150156106468e-02 -2.326322840999992536e-01
2.829200000000000000e+04 -2.357221654446419734e-01 -2.547484576931395850e-01 -1.390113434830020367e-01
2.816500000000000000e+04 9.338174078887107044e-02 9.924059687387298823e-02 1.085626939268218294e-01
2.816400000000000000e+04 5.447846512975473843e-03 -3.637755691266875147e-02 1.948558369496566911e-01
2.882600000000000000e+04 5.447846512975473843e-03 -3.637755691266875147e-02 1.948558369496566911e-01
2.882500000000000000e+04 -2.480108721601936850e-02 -5.503573078190626688e-02 1.151867851689249989e-01
2.880400000000000000e+04 7.807334055841508302e-02 -1.407234593906281361e-02 -1.649675757418478383e-02
2.880300000000000000e+04 1.895529662430099904e-01 -5.483212724041663932e-02 1.016005003151043695e-01
2.784300000000000000e+04 1.895529662430099904e-01 -5.483212724041663932e-02 1.016005003151043695e-01
2.793800000000000000e+04 1.182408593762751536e-01 -3.381179576191328806e-02 1.590108086367925111e-01
2.870300000000000000e+04 1.226837581387911769e-01 -2.061486167714932094e-01 2.649102409202175323e-02
2.870200000000000000e+04 -1.631928296393816424e-01 -9.686887168885149890e-02 3.031277247419899012e-01
2.863100000000000000e+04 3.221440847715335565e-01 4.680068960263028544e-02 -2.526097056860523438e-01
2.863000000000000000e+04 1.290793517135817581e-01 -5.501840753876408030e-02 -1.028378669071479123e-01
2.848600000000000000e+04 1.039764777297129683e-01 -4.055576614642575350e-02 -3.501109042206351774e-03
2.848500000000000000e+04 1.687077571892459105e-02 2.396029847090019871e-02 -4.410388823297584082e-02
2.904000000000000000e+04 1.687077571892459105e-02 2.396029847090019871e-02 -4.410388823297584082e-02
2.879200000000000000e+04 7.410139839423024455e-02 -8.910393830383611657e-04 -1.160697586626069366e-01
2.881800000000000000e+04 7.410139839423024455e-02 -8.910393830383611657e-04 -1.160697586626069366e-01
2.864200000000000000e+04 6.650410884404323042e-03 -3.464082264964609692e-01 -2.986282460667935013e-01
2.876100000000000000e+04 -5.898180227794824759e-02 1.189457117114933737e-01 1.083063001757196275e-01
2.864300000000000000e+04 -6.824253280527514676e-02 -8.482889164809037652e-02 -1.803650425417471226e-01
2.820800000000000000e+04 7.362992602390860952e-02 -6.041997262622800235e-02 1.070786694310035259e-01
2.812400000000000000e+04 -6.632025555944665030e-03 -2.757929700599959233e-02 2.617764099763517649e-01
2.886300000000000000e+04 -1.457787870943967334e-01 2.759045743539907392e-01 -6.422187976386162234e-02
2.827300000000000000e+04 4.921562050837025026e-02 1.018805440382699601e-01 -1.094067898813211315e-02
2.829800000000000000e+04 -9.869162937004460900e-03 2.004999882312574755e-02 -1.249647837998262290e-01
2.878600000000000000e+04 4.598514064940957269e-01 -4.554095987046480332e-03 6.739519122610904134e-02
2.893300000000000000e+04 4.598514064940957269e-01 -4.554095987046480332e-03 6.739519122610904134e-02
2.875700000000000000e+04 2.199599697742868898e-01 1.161006651212659335e-01 1.062512272914890588e-01
2.887500000000000000e+04 2.199599697742868898e-01 1.161006651212659335e-01 1.062512272914890588e-01
2.813700000000000000e+04 5.905111129618028087e-01 1.541149278152715851e-01 4.052553931041469326e-02
2.792400000000000000e+04 2.012549166947792401e-01 2.894378547679821168e-02 1.467267895977535375e-01
2.868800000000000000e+04 4.131983678231385682e-01 -1.700580135466722709e-01 2.782598943143845815e-01
2.814900000000000000e+04 3.222074257450060486e-01 2.793217903967786242e-01 -1.845455788145233811e-01
2.837400000000000000e+04 3.123476073676556553e-01 -5.197665288557828944e-02 -1.615396279540615154e-02
2.826100000000000000e+04 5.499437502762738461e-01 2.452167676647185601e-01 2.004941438078464699e-01
2.858900000000000000e+04 5.499437502762738461e-01 2.452167676647185601e-01 2.004941438078464699e-01
2.858800000000000000e+04 3.405665758280633781e-01 -4.005358341004274791e-01 2.525286732885589913e-02
2.876600000000000000e+04 -2.694715604764219563e-01 4.413216061670119927e-01 7.191953247266713589e-02
2.876500000000000000e+04 6.877766538686458375e-02 4.140503624231683943e-02 2.013316842583687816e-01
2.778200000000000000e+04 9.628325252480962604e-02 -2.738456420906132394e-02 7.726310111017564708e-02
2.778100000000000000e+04 4.246308748392735311e-02 4.122054016212572947e-01 1.477586150017984323e-01
2.778000000000000000e+04 -2.886480509915543280e-01 4.896925365126278962e-01 1.155442948063001296e-02
2.777900000000000000e+04 -3.092428273928113924e-01 5.165290337021453126e-01 1.444642225626981968e-01
2.891600000000000000e+04 1.601765833539197104e-01 6.447399275285441433e-01 2.894255821176106025e-01
2.836900000000000000e+04 2.124276227331804989e-01 1.211699684838620783e-01 1.545328422308083205e-01
2.837000000000000000e+04 1.294233840055021290e-01 2.622866638948160301e-01 2.301758494031673763e-01
2.785300000000000000e+04 -5.717024981813914053e-01 -3.847638159841437755e-01 -2.201771728649699611e-01
2.793000000000000000e+04 -5.008456253582806994e-01 -3.345454223837052155e-01 3.111280289232354335e-03
2.912300000000000000e+04 -3.083838639668314840e-01 -3.271546040507971043e-01 -8.616458987805319936e-02
2.916500000000000000e+04 -4.807629263629813465e-01 1.077316526952891707e-01 -3.776218167902607448e-01
2.869000000000000000e+04 9.480617991442841230e-03 3.570163143922790994e-01 8.468171945645686094e-02
2.823400000000000000e+04 -7.275931426838901928e-01 2.238088594920313312e-01 -2.525960336040071752e-01
2.828600000000000000e+04 -9.354454693781732999e-02 1.033091109147576958e-01 1.662128110674210291e-02
2.891100000000000000e+04 -6.937804078916443018e-01 -9.527966003175691867e-02 -5.484766605499924452e-02
2.895100000000000000e+04 1.509873508093413363e-01 -4.777582708680228052e-03 -1.477933460671465582e-02
2.895000000000000000e+04 -3.644732040378499960e-01 1.020527611800403633e-01 -3.625377460810170760e-01
2.894900000000000000e+04 -6.064647643603855443e-01 1.930494068327490709e-01 3.091851713812499014e-02
2.790300000000000000e+04 -3.729566518584697121e-01 1.373243218766901919e-01 5.619184042250857658e-02
2.810600000000000000e+04 -3.729566518584697121e-01 1.373243218766901919e-01 5.619184042250857658e-02
2.900900000000000000e+04 -3.861865018749384149e-01 3.692841518735008322e-01 -1.500142137615130267e-01
2.889600000000000000e+04 -2.051359932519893903e-01 3.344556417447108743e-01 -1.725808777097110891e-01
2.780200000000000000e+04 -8.069535381633983206e-01 -2.952459592320622050e-01 3.799396370201613138e-02
2.900700000000000000e+04 -7.112953423283236987e-01 -1.249678576583690415e-01 -6.917713225608590477e-02
2.806500000000000000e+04 -2.412557656130331907e-02 2.567723351835446977e-01 -1.175171320512680140e-01
2.902400000000000000e+04 -1.820715680883644438e-01 1.743666437758761845e-02 1.815135001183385555e-01
2.916400000000000000e+04 -6.853208528358578633e-03 2.734079873007893013e-01 -9.129709399012764237e-02
2.805800000000000000e+04 -6.853208528358578633e-03 2.734079873007893013e-01 -9.129709399012764237e-02
2.870400000000000000e+04 3.047836242893069425e-01 1.218215153916766269e-01 -1.006567086344496431e-01
2.877600000000000000e+04 -1.481067336880883545e-01 -2.435450612929557224e-02 -1.539796216816426977e-01
2.799900000000000000e+04 3.873205301657165478e-01 4.941675443864141926e-01 2.309387880201061449e-01
2.884800000000000000e+04 -5.630750371648112207e-01 3.669031810630940527e-03 1.186265804286188441e-01
2.893800000000000000e+04 4.178679440096608744e-01 -1.240819814273663724e-02 3.633060824403866462e-02
2.789600000000000000e+04 2.266244433433257655e-01 2.870766767858512480e-02 -6.388346346717455049e-02
2.794500000000000000e+04 5.391658155389364993e-01 2.554510605264646017e-01 -2.271472349592418283e-02
2.835100000000000000e+04 -4.704236984035041758e-01 4.316837228284775563e-01 7.852691231404040906e-02
2.826200000000000000e+04 -2.012619075424488813e-01 -4.091912644666209076e-01 -4.483999562666021177e-01
2.821000000000000000e+04 3.578887489754123408e-02 -4.257977196677948939e-01 5.308102957637039765e-02
2.794300000000000000e+04 3.452400700379563148e-01 -4.271387113226055021e-01 -5.541368397555350711e-01
2.822100000000000000e+04 1.957897893807576395e-01 -2.930506786078836967e-01 1.051437597762019394e-01
2.822200000000000000e+04 1.230782431694166235e-01 -1.021950574031116332e-01 -2.070630433062907727e-01
2.878400000000000000e+04 3.629541709475603284e-02 -2.448870432367939998e-01 -2.056418374616981737e-01
2.816900000000000000e+04 2.285017861964320218e-01 4.782235968417936078e-02 -4.763130166219928796e-01
2.815900000000000000e+04 7.024185667856386317e-02 1.202295572365912335e-01 -2.774571842263204857e-01
2.867100000000000000e+04 3.651016044985979647e-01 -1.564575604895814820e-01 -1.084754138627985753e-02
2.835400000000000000e+04 5.364971378628524690e-02 -1.209379023173084988e-02 -3.348966931031096550e-01
2.835300000000000000e+04 -4.667044295645084162e-02 -6.560549135482673933e-02 5.775962619292052125e-02
2.835200000000000000e+04 -2.307603673060683036e-01 -1.501695703926451131e-01 -5.009330746481239771e-01
2.806300000000000000e+04 -1.533980409884883045e-01 -2.130377015227438164e-01 -3.536103148875957558e-01
2.804500000000000000e+04 -2.801398628548206204e-01 -8.288909162083868409e-02 -2.554346408075902630e-01
2.811700000000000000e+04 5.397241729280608524e-01 1.816907293284337754e-01 -3.209542511913037188e-01
2.874500000000000000e+04 1.810755478115417816e-01 -2.864723438136849154e-01 -1.715503177180446315e-01
2.890600000000000000e+04 1.145688439631662447e-01 -9.578132568483610498e-02 -2.123667385959979725e-01
2.890500000000000000e+04 2.331522962865690829e-01 1.977116625019235130e-01 -4.504111281235285702e-01
2.810700000000000000e+04 1.683684809876133670e-01 -5.820956115378095319e-02 -2.337857019022440141e-01
2.872300000000000000e+04 1.394643779717341658e-02 2.011561492003757223e-01 -5.986119762858610471e-02
2.795100000000000000e+04 1.394643779717341658e-02 2.011561492003757223e-01 -5.986119762858610471e-02
2.818300000000000000e+04 1.394643779717341658e-02 2.011561492003757223e-01 -5.986119762858610471e-02
2.786300000000000000e+04 -7.328104849811296617e-01 3.902160138991135341e-01 -2.089995427324318200e-01
2.869500000000000000e+04 -4.979885413387314941e-01 1.488176905925691074e-01 1.029348284189604001e-01
2.814100000000000000e+04 -5.000115308275070447e-01 -2.828672065121757839e-01 -3.940770227036471951e-01
2.897400000000000000e+04 -2.158209505048382937e-01 -7.530522997178223932e-02 -2.086906389771030490e-01
2.809000000000000000e+04 -3.367018276559790024e-01 -7.045863263737217608e-02 -4.776672749707948640e-01
2.813500000000000000e+04 -7.164306967720754926e-01 1.197333020947901616e-01 -2.105454113469757971e-01
2.909000000000000000e+04 -3.271803278066833798e-01 3.896915497168578213e-01 -5.147907169484922107e-01
2.873700000000000000e+04 -3.271803278066833798e-01 3.896915497168578213e-01 -5.147907169484922107e-01
2.885500000000000000e+04 1.436831115740240250e-01 5.502750473463251524e-01 -5.717024240935320023e-02
2.898100000000000000e+04 -4.142226696784341300e-01 4.550309504337270994e-01 -4.375955652887375535e-01
2.878100000000000000e+04 3.399628962487319939e-01 -8.118822245853625219e-01 3.093307010098627075e-01
2.833300000000000000e+04 -7.908227381541621526e-02 -3.439080368151792300e-02 1.687833717845927950e-01
2.828700000000000000e+04 1.286762910657301973e-02 1.340748183405082727e-01 3.222633278326858530e-01
2.848300000000000000e+04 -2.342717803939287080e-01 -6.754743190737126923e-01 5.927240006949014983e-01
2.810300000000000000e+04 7.764295123451177005e-01 -2.190093559926502564e-01 1.887873146285272696e-01
2.833600000000000000e+04 -4.524467552604996001e-01 1.797243900907474767e-01 5.597261871069303396e-01
2.816100000000000000e+04 -7.774678922751121490e-02 -7.768094651223034219e-01 2.376518620610745813e-01
2.879500000000000000e+04 -3.735377837591613570e-01 5.229248414945608658e-01 3.496033562851703635e-01
2.829000000000000000e+04 -1.030004763006502344e-01 -4.288931197028773568e-01 1.020483163153480533e-01
2.909400000000000000e+04 3.158877297414335317e-01 -9.842442691869734972e-02 3.387887692276665419e-01
2.806700000000000000e+04 2.638101059581536845e-01 9.308685839355845815e-02 2.185850849339692203e-01
2.787300000000000000e+04 9.845980840564756420e-01 -5.082438351173443891e-01 4.259439239714444270e-01
2.790600000000000000e+04 -1.630674562879796952e-01 -5.104452019121552553e-02 1.825272540944684607e-01
2.866400000000000000e+04 5.904904156091248524e-01 -6.667897332764027851e-01 2.648074088669325477e-01
2.869300000000000000e+04 -2.934678621466275672e-01 1.087795364153052446e-01 1.504766152567729165e-01
2.909100000000000000e+04 1.011626100535959694e+00 5.832361714960150323e-01 2.681586694137774174e-01
2.790500000000000000e+04 1.011626100535959694e+00 5.832361714960150323e-01 2.681586694137774174e-01
2.808500000000000000e+04 3.846092874719175825e-02 -8.317252579824341296e-02 -1.532200923515407709e-01
2.914700000000000000e+04 7.588131270615825485e-01 5.536369882065343972e-01 3.177900972616356512e-01
2.816800000000000000e+04 -3.344621694108340648e-02 -1.994082250100603915e-01 7.568834586760431193e-02
2.902800000000000000e+04 6.230603890509875953e-01 8.461754694807730459e-01 3.790971085982954847e-01
2.786600000000000000e+04 1.005769340344428997e-01 8.972508813238242453e-01 5.406806594948063704e-01
2.828400000000000000e+04 1.005769340344428997e-01 8.972508813238242453e-01 5.406806594948063704e-01
2.867800000000000000e+04 1.005769340344428997e-01 8.972508813238242453e-01 5.406806594948063704e-01
2.867700000000000000e+04 -5.748871495758294259e-01 8.023889061979545545e-01 5.264282509880189309e-01
2.893700000000000000e+04 -4.816074493861712824e-01 -4.149530181732075107e-01 3.036372443943626820e-01
2.827200000000000000e+04 6.513098600116506987e-03 2.060006143052248717e-01 2.849772628971303234e-01
2.819600000000000000e+04 5.461680336395424717e-01 1.697015108588075805e-01 3.654834332433907207e-01
2.889200000000000000e+04 5.461680336395424717e-01 1.697015108588075805e-01 3.654834332433907207e-01
2.874800000000000000e+04 -3.465652457627896865e-01 5.448886417341753940e-01 4.297359308517201271e-01
2.835900000000000000e+04 6.431013883901322004e-01 -6.862492006766629515e-02 4.403048520214918327e-01
2.907000000000000000e+04 6.431013883901322004e-01 -6.862492006766629515e-02 4.403048520214918327e-01
2.801900000000000000e+04 -1.101564153188938633e-01 -1.243171040719204257e-02 3.631018990070931096e-01
2.801600000000000000e+04 -1.540347381006057503e-02 -6.878034672043042974e-02 1.692334466526741465e-01
2.894800000000000000e+04 -4.310886218731369013e-02 1.078762534734529766e-01 4.264772639928944287e-01
2.881700000000000000e+04 7.894412519443427811e-01 5.065096804360180727e-02 3.399063920654459281e-01
2.915900000000000000e+04 1.500318975061567528e-01 6.970070116380568948e-01 2.318058106867271206e-01
2.874600000000000000e+04 -3.242387306887373200e-01 1.018769428531989263e-01 1.571422084343474523e-01
2.852600000000000000e+04 9.713237614422354227e-01 5.913035349262329987e-02 3.897582469376796865e-01
2.852700000000000000e+04 2.668955122437211003e-01 1.861826138149602627e-01 6.412564591352518661e-01
2.852800000000000000e+04 -8.711815842714543123e-02 -7.244604210711358405e-02 5.610767188453920085e-01
2.864800000000000000e+04 -8.081317646955383793e-01 3.100610156235816817e-01 4.955107838397321274e-01
2.872700000000000000e+04 8.633542807645007144e-01 1.690480568561483210e-01 3.844955567344117142e-01
2.865300000000000000e+04 8.633542807645007144e-01 1.690480568561483210e-01 3.844955567344117142e-01
2.801400000000000000e+04 5.925932485917257964e-01 -2.649932019906486858e-03 2.996904637034800700e-01
2.876900000000000000e+04 -6.975087278479001895e-01 -7.764397212742579768e-03 5.314722223280599067e-01
2.819500000000000000e+04 -6.975087278479001895e-01 -7.764397212742579768e-03 5.314722223280599067e-01
2.893900000000000000e+04 -2.454564952346061091e-01 -3.672703316943533025e-01 1.030599400027343293e-01
2.912000000000000000e+04 -1.208107100965918335e-01 2.390837175608062637e-01 1.404136688379820086e-01
2.895300000000000000e+04 -7.265128587301248331e-01 -1.695586596486791109e-01 3.906763446173062704e-01
2.828300000000000000e+04 5.133495243275056907e-01 2.086942738096908556e-01 1.467022278367613453e-01
2.895400000000000000e+04 -5.801354710633077616e-02 -1.298885502858482255e-02 5.988326190725290488e-01
2.882800000000000000e+04 6.587938632345569090e-02 -7.668201465023827268e-02 3.929465031562182631e-01
2.900600000000000000e+04 4.257919046433364940e-01 4.608041205083459602e-01 4.576443948683639462e-01
2.788200000000000000e+04 -6.760561407424603431e-02 1.476422544693924976e-01 4.795967469590758370e-01
2.892800000000000000e+04 2.454202652581081168e-01 -4.256596038854638664e-01 5.932233633265671102e-01
2.868400000000000000e+04 2.454202652581081168e-01 -4.256596038854638664e-01 5.932233633265671102e-01
2.832500000000000000e+04 1.727025283272389800e-01 -1.597095286201515307e-01 2.408514131040115913e-01
2.832600000000000000e+04 1.078761870694897596e-01 2.418459834739934422e-01 5.764719218525460320e-01
2.845800000000000000e+04 -1.103677590793061825e-01 2.942678297492093975e-01 4.272335133430615883e-01
2.789300000000000000e+04 -6.679479220218809132e-01 -3.168323085025299690e-01 7.954622747430812879e-01
2.859400000000000000e+04 -6.868022515491709612e-01 -3.023138135642895463e-01 5.968978091271761599e-01
2.827000000000000000e+04 4.837914560232015049e-01 -3.765371020427217275e-01 3.582905243388738725e-01
2.910900000000000000e+04 7.421390409545978173e-01 1.828543876064969709e-01 4.400090114170209787e-01
2.915800000000000000e+04 4.434241597410348845e-01 -2.135975271521672880e-02 2.164827854333104540e-01
2.801000000000000000e+04 -9.445207153419232782e-02 1.822071772106141907e-01 7.418946407432036594e-01
2.848400000000000000e+04 6.491595855673217841e-01 8.757068809126380415e-01 6.192381289866046856e-01
2.794900000000000000e+04 -2.639468238939102207e-01 -6.828939219117913240e-02 5.982804135866013340e-01
2.800000000000000000e+04 8.049940723009214594e-01 6.284337629815439641e-01 6.640957202265562742e-01
2.897100000000000000e+04 -3.660893471929220766e-01 4.359792726166205057e-01 6.222741587162330390e-01
2.803400000000000000e+04 3.153187856833454816e-01 2.571501388960939494e-01 6.642495942260993047e-01
2.812900000000000000e+04 -5.475343239837471288e-02 8.761045396509103966e-02 7.761455723637658011e-01
2.887400000000000000e+04 -4.974632741436373351e-01 5.749998446903212823e-01 6.291076798310477614e-01
2.881900000000000000e+04 -1.748157963790468727e-01 -1.739148500193010705e-02 5.306717509880556349e-01
2.784400000000000000e+04 -3.239960526880487635e-01 -1.133129525992870867e-01 5.632931640738290113e-01
2.869900000000000000e+04 4.927074006364051684e-03 -5.969194905605945678e-02 3.819774115764005273e-01
2.893400000000000000e+04 -3.822949580355086141e-01 5.209358143542388575e-01 6.759668191465593168e-01
2.776000000000000000e+04 -3.822949580355086141e-01 5.209358143542388575e-01 6.759668191465593168e-01
2.815500000000000000e+04 -1.256796032886953185e-01 -5.440791477026589718e-01 5.142622925463005146e-01
2.787900000000000000e+04 3.486732340127716157e-01 5.729224987529910607e-01 5.804673905947046464e-01
2.788000000000000000e+04 -3.668034439488749854e-01 -5.078520221058759887e-01 8.171523240241640451e-01
2.867500000000000000e+04 -7.848795538877482159e-01 -3.316666361537166097e-01 8.195366872431559813e-01
2.789900000000000000e+04 -1.067179092831640475e+00 -3.765517428348168494e-01 8.811015486711220035e-01
2.788700000000000000e+04 -1.047247658770054102e-01 4.142597365100009199e-01 6.676241409322720699e-01
2.788600000000000000e+04 8.356109768381223546e-01 -1.347788487308605454e-01 7.119520508325338781e-01
2.790000000000000000e+04 -5.775810871022599713e-01 -4.346070815302205403e-01 8.023522612462112846e-01
2.828000000000000000e+04 1.222909007254280311e-01 -8.692562150311999858e-03 7.009489360111409439e-01
2.909700000000000000e+04 2.841892062113018369e-01 -2.876738240090759291e-02 8.735910874902161893e-01
