# star id 	 star_x_coords [pc] 	 star_y_coords [pc] 	 star_z_coords [pc] 
5.690000000000000000e+02 -1.523307666388831194e-01 9.372019769439532411e-02 -9.678056323153327867e-02
5.620000000000000000e+02 -2.625448248532791240e-02 -1.099285374171188323e-02 -1.044414068181396260e-01
5.460000000000000000e+02 -3.921854743721553405e-02 -1.914792458360210503e-01 -7.085231566038885376e-02
5.510000000000000000e+02 -9.553238808231867552e-02 3.254393813769382859e-01 -1.146975708471984490e-01
5.580000000000000000e+02 1.988897996264569201e-01 -2.144071047723627998e-03 1.931050393948510191e-01
5.700000000000000000e+02 -2.252525735740391610e-01 -2.599127288614084819e-01 -2.217933677239471990e-01
5.790000000000000000e+02 1.438772683742399749e-01 -1.234530718701876140e-01 2.397898232666477725e-01
5.370000000000000000e+02 4.706167304193797918e-02 -7.494887607695943643e-02 -6.925462391792791550e-02
5.390000000000000000e+02 -1.226818504007241017e-01 -1.405553778130155251e-01 -2.433497348656459280e-01
5.360000000000000000e+02 -3.921854743721553405e-02 -1.914792458360210503e-01 -7.085231566038885376e-02
5.600000000000000000e+02 3.784344822132226227e-01 -2.892387920415018243e-01 -2.426733717030202797e-01
5.330000000000000000e+02 -1.523307666388831194e-01 9.372019769439532411e-02 -9.678056323153327867e-02
5.380000000000000000e+02 -2.941706869638238686e-01 3.524580514703785639e-01 -2.048127866970474997e-01
5.630000000000000000e+02 8.536338114973318625e-02 -3.962521270820218433e-01 -8.550995593428467600e-02
5.670000000000000000e+02 1.988897996264569201e-01 -2.144071047723627998e-03 1.931050393948510191e-01
5.780000000000000000e+02 4.691213511961223048e-02 4.786687426596927253e-01 2.914508595597595786e-01
5.660000000000000000e+02 -3.819985281731419491e-02 1.153588689584950089e-01 2.403764341601544174e-01
5.410000000000000000e+02 9.808199221650681920e-02 1.620832263936193840e-01 5.958938370069972734e-01
5.450000000000000000e+02 -1.226818504007241017e-01 -1.405553778130155251e-01 -2.433497348656459280e-01
5.540000000000000000e+02 -1.485090674337357086e-01 3.172804268489386459e-01 3.096241447281045112e-01
5.440000000000000000e+02 2.588708202200251662e-01 -1.155732609277890788e-01 -1.981968797785071956e-01
