# star id 	 star_x_coords [pc] 	 star_y_coords [pc] 	 star_z_coords [pc] 
2.081300000000000000e+04 1.560284852992268156e+00 -9.474787364579113635e-01 1.298402941957235157e-01
1.907000000000000000e+04 -8.247654398870949422e-01 9.053144154580798908e-01 4.365915193745895095e-01
1.984400000000000000e+04 -1.068845298513565467e+00 2.478230169233488489e-01 5.408493828626497191e-01
2.091100000000000000e+04 1.096986054073525452e-01 3.715948888639677428e-01 1.008001248977874909e+00
4.357600000000000000e+04 -1.952177958269757596e+00 1.471016028398404174e-01 8.769764326325679704e-02
2.863900000000000000e+04 7.202422566100352697e-01 -8.607244895968269027e-01 -1.962057027823069788e-01
2.096500000000000000e+04 5.156190667286750795e-01 -5.336738589827847434e-01 -9.345266983686446594e-01
4.350000000000000000e+04 2.669552691600074468e-02 3.062621854011711164e-01 3.939992259419611287e-02
1.854600000000000000e+04 1.117968318589014132e+00 3.061480336150839143e-01 -1.233391928904504553e+00
