# star id 	 star_x_coords [pc] 	 star_y_coords [pc] 	 star_z_coords [pc] 
3.844200000000000000e+04 5.376786760432827883e-02 5.876812315426214184e-01 -7.178874378405737389e-01
3.844100000000000000e+04 5.376786760432827883e-02 5.876812315426214184e-01 -7.178874378405737389e-01
2.084900000000000000e+04 -2.629039517188206387e-01 3.393101107167701969e-01 -6.456760788357236436e-01
2.085000000000000000e+04 -3.786140618167767036e-01 -3.442115438683615025e-01 4.137655193026752443e-01
3.791000000000000000e+04 -3.786140618167767036e-01 -3.442115438683615025e-01 4.137655193026752443e-01
3.790900000000000000e+04 -3.786140618167767036e-01 -3.442115438683615025e-01 4.137655193026752443e-01
3.790800000000000000e+04 -3.786140618167767036e-01 -3.442115438683615025e-01 4.137655193026752443e-01
3.572600000000000000e+04 8.450908761254172230e-01 -7.279817783808439913e-02 2.122093809621006244e-01
3.791100000000000000e+04 8.450908761254172230e-01 -7.279817783808439913e-02 2.122093809621006244e-01
