# star id 	 star_x_coords [pc] 	 star_y_coords [pc] 	 star_z_coords [pc] 
5.670000000000000000e+03 -1.132794938544762431e+00 -1.140316655876706164e+00 1.994582379016611284e+00
5.661000000000000000e+03 1.952025600626370760e+00 1.789955233835883064e+00 -1.552935018077148399e-01
5.777000000000000000e+03 -6.061170136836437905e-01 -1.262146737341549141e+00 1.716355345151997724e+00
5.543000000000000000e+03 -8.035695746645217241e-01 -1.110947044309376963e+00 1.253009567954952885e+00
5.730000000000000000e+03 2.095955266470213019e-01 -9.124607511885329814e-01 8.311148649023039070e-01
5.731000000000000000e+03 -1.575977231477594387e-01 -6.382339947654003254e-01 8.107405585717541996e-01
5.732000000000000000e+03 -1.147955903118997867e-01 5.114361271353686789e-01 1.170933547435497601e+00
5.727000000000000000e+03 -1.147955903118997867e-01 5.114361271353686789e-01 1.170933547435497601e+00
5.728000000000000000e+03 1.682780173460258766e-01 -2.070488656349986911e-01 8.028360265098628545e-01
5.663000000000000000e+03 -4.346158634694035072e-01 -6.357331284485923106e-02 7.612239937321376715e-01
5.787000000000000000e+03 -4.346158634694035072e-01 -6.357331284485923106e-02 7.612239937321376715e-01
5.542000000000000000e+03 5.552463234787410329e-01 8.623386826717904796e-01 1.468842346453431702e+00
5.788000000000000000e+03 8.382828974538938382e-01 1.227817663850650831e+00 1.535961208625100660e+00
5.700000000000000000e+03 2.913816175946948306e-01 -8.901267697346710861e-01 3.932224906978660783e-01
5.701000000000000000e+03 -1.034936154166913980e+00 2.514056816023213514e-01 1.062862493376650619e-01
5.678000000000000000e+03 4.189420126329252980e-01 1.584063581362293860e-01 5.291529935192862411e-02
5.662000000000000000e+03 4.189420126329252980e-01 1.584063581362293860e-01 5.291529935192862411e-02
5.467000000000000000e+03 2.169704859862520152e-02 5.690564038318832729e-01 1.833127810024297588e-01
5.468000000000000000e+03 2.169704859862520152e-02 5.690564038318832729e-01 1.833127810024297588e-01
5.528000000000000000e+03 6.221915083785489742e-01 -3.337775376888814094e-01 1.463757140622670150e-01
5.529000000000000000e+03 6.221915083785489742e-01 -3.337775376888814094e-01 1.463757140622670150e-01
5.656000000000000000e+03 6.221915083785489742e-01 -3.337775376888814094e-01 1.463757140622670150e-01
5.736000000000000000e+03 5.681401332701909723e-01 -1.421291764077956543e-01 2.305674951801250927e-01
5.541000000000000000e+03 5.681401332701909723e-01 -1.421291764077956543e-01 2.305674951801250927e-01
5.666000000000000000e+03 -8.749984308147986667e-01 -1.487535187587397445e+00 6.677504193196766025e-01
5.634000000000000000e+03 -7.209635795549047543e-01 1.319285983088697378e+00 5.040070661824262999e-01
5.709000000000000000e+03 -7.209635795549047543e-01 1.319285983088697378e+00 5.040070661824262999e-01
5.522000000000000000e+03 -1.630625141132796330e+00 -1.093313407898754974e-01 3.985882082297953488e-01
5.774000000000000000e+03 1.020774342983898464e+00 -2.461082412715249745e-01 1.469833489028786744e-01
5.677000000000000000e+03 1.020774342983898464e+00 -2.461082412715249745e-01 1.469833489028786744e-01
5.711000000000000000e+03 -5.132836446717874423e-01 -1.114104965393131863e+00 1.363506036304160673e-01
5.712000000000000000e+03 -5.974159491905339792e-01 1.310768140645990343e+00 4.469011354617693499e-01
5.554000000000000000e+03 -4.678864296547260437e-01 8.161240257353732375e-01 6.591060417926879467e-01
5.702000000000000000e+03 7.285956736903642650e-01 7.567123114030813724e-01 4.858631285486367801e-01
5.782000000000000000e+03 1.226620279189390317e+00 3.471365409000597424e-01 2.988366026715905122e-02
5.772000000000000000e+03 1.226620279189390317e+00 3.471365409000597424e-01 2.988366026715905122e-02
5.799000000000000000e+03 -5.157316090909773720e-01 6.610540704276530732e-01 -4.024816431056486010e-01
5.800000000000000000e+03 4.813587155551175556e-01 -6.281781121710494631e-02 -4.468144540435492473e-02
5.493000000000000000e+03 4.813587155551175556e-01 -6.281781121710494631e-02 -4.468144540435492473e-02
5.629000000000000000e+03 -7.695782096537868711e-01 1.026476553709066764e+00 -2.157805976164022255e-01
5.544000000000000000e+03 3.226312663532979741e-01 -1.171021599507067634e+00 7.610600116353616329e-02
5.771000000000000000e+03 3.226312663532979741e-01 -1.171021599507067634e+00 7.610600116353616329e-02
5.762000000000000000e+03 -1.367138042811205878e+00 3.904577288146882097e-02 5.438737272819249569e-02
5.523000000000000000e+03 7.319102625343418822e-01 1.050344848457704927e-01 -4.137146576597023895e-01
5.829000000000000000e+03 -7.642391952215632500e-02 1.007541803841583317e+00 -4.631599083333970412e-02
5.830000000000000000e+03 -7.642391952215632500e-02 1.007541803841583317e+00 -4.631599083333970412e-02
5.831000000000000000e+03 1.395966312941482101e+00 4.308524558682513828e-01 -4.228952882954217785e-02
5.530000000000000000e+03 1.924080627365270857e+00 1.140660477063047296e+00 -1.031536165675435157e-01
5.531000000000000000e+03 1.924080627365270857e+00 1.140660477063047296e+00 -1.031536165675435157e-01
5.766000000000000000e+03 -7.821797653726179078e-01 1.740609342992804898e-01 -5.945736723141248348e-01
5.767000000000000000e+03 -7.821797653726179078e-01 1.740609342992804898e-01 -5.945736723141248348e-01
5.668000000000000000e+03 -7.821797653726179078e-01 1.740609342992804898e-01 -5.945736723141248348e-01
5.669000000000000000e+03 -2.160901611975702963e-01 -1.090196332684392644e+00 -1.081631362347623693e+00
5.604000000000000000e+03 6.409585760752491979e-01 -4.245861510638313518e-01 -8.203581237211938770e-01
5.603000000000000000e+03 6.178763642598994466e-02 -3.048513658326044151e-01 -6.784691430822249458e-01
5.466000000000000000e+03 3.420227046586319375e-01 -3.866451146418015128e-01 -6.537106559346739232e-01
5.602000000000000000e+03 1.847263800947018808e-01 -1.390339637796529360e-01 -5.909338142941624739e-01
5.559000000000000000e+03 -1.421954313003368497e-01 3.211135743823589905e-02 -6.998793793311559597e-01
5.521000000000000000e+03 -3.904798632728159191e-01 -5.142561696469982735e-01 -6.296488074190351725e-01
5.520000000000000000e+03 -1.313660007456718404e+00 -7.917663051678047736e-02 -8.061663788977337930e-01
5.708000000000000000e+03 -1.210740618368078003e-01 -1.473264111633529438e+00 -8.970776116188154958e-01
5.707000000000000000e+03 -3.495897300946211317e-01 7.687943722143302239e-01 -7.782255161405302601e-01
5.706000000000000000e+03 -3.495897300946211317e-01 7.687943722143302239e-01 -7.782255161405302601e-01
5.781000000000000000e+03 1.211390404639260510e+00 8.760052677768150886e-01 -8.531819072755970623e-01
5.780000000000000000e+03 3.885351966250993883e-02 -4.437168978768823990e-01 -1.360426867157610076e+00
5.560000000000000000e+03 -1.149553200229632921e+00 6.468366009543373707e-01 -1.271212843373819013e+00
5.465000000000000000e+03 1.594607646391636990e-01 3.927813468637282313e-01 -1.787428173465483994e+00
5.464000000000000000e+03 5.894015579685429884e-01 4.280504072782385094e-01 -1.218070322861901644e+00
5.463000000000000000e+03 5.894015579685429884e-01 4.280504072782385094e-01 -1.218070322861901644e+00
5.832000000000000000e+03 -1.440118849795439360e+00 1.892975309874731948e+00 -8.238432209067614309e-01
5.833000000000000000e+03 4.628255385269142153e-02 1.731516097204902849e+00 -3.534678838028249004e-01
5.637000000000000000e+03 8.034771422526887363e-02 1.613151977551272154e+00 -7.133589288240909099e-01
5.638000000000000000e+03 -7.023150590807318849e-01 1.432216141566179601e+00 6.492293157669912773e-01
5.639000000000000000e+03 9.492212999803939510e-02 -3.638398371646545115e-01 6.370103724209643659e-01
5.640000000000000000e+03 -3.739968884863884568e-01 -2.836404732188739786e-01 3.883442861783006350e-01
5.460000000000000000e+03 -1.620844972124615424e-01 -2.165336200233625163e-02 5.450164819791183390e-01
5.461000000000000000e+03 1.401040717636021782e-01 -3.910903782717447541e-01 1.862778067949193428e-01
5.552000000000000000e+03 8.439840369855744484e-02 -1.989198182849456487e-01 3.056079026950913047e-01
5.655000000000000000e+03 8.439840369855744484e-02 -1.989198182849456487e-01 3.056079026950913047e-01
5.483000000000000000e+03 8.439840369855744484e-02 -1.989198182849456487e-01 3.056079026950913047e-01
5.484000000000000000e+03 -8.857286424903065836e-02 -2.693489050618858016e-01 -3.560499809558947959e-02
5.485000000000000000e+03 -8.857286424903065836e-02 -2.693489050618858016e-01 -3.560499809558947959e-02
5.486000000000000000e+03 -8.857286424903065836e-02 -2.693489050618858016e-01 -3.560499809558947959e-02
5.519000000000000000e+03 -4.495580857297909461e-02 -2.513844608817379367e-01 1.615488503193533987e-01
5.538000000000000000e+03 -4.495580857297909461e-02 -2.513844608817379367e-01 1.615488503193533987e-01
5.539000000000000000e+03 2.814039671230261774e-02 -3.218619321318776372e-01 7.813847555832342806e-02
5.540000000000000000e+03 -3.162363480575294261e-01 -1.214991757809258388e-02 2.001133905919108003e-01
5.462000000000000000e+03 -3.162363480575294261e-01 -1.214991757809258388e-02 2.001133905919108003e-01
5.579000000000000000e+03 -3.016176052970820365e-02 -3.333986445585424008e-02 6.112861826660243025e-02
5.647000000000000000e+03 -6.872232630021812838e-02 -1.915767079056251987e-02 3.081387728606852505e-01
5.459000000000000000e+03 -6.872232630021812838e-02 -1.915767079056251987e-02 3.081387728606852505e-01
5.587000000000000000e+03 -6.400859355365184911e-02 1.188490072037211576e-01 2.825925768736388122e-01
5.617000000000000000e+03 -4.216697193029972368e-03 -1.381181872976284808e-01 -7.284306817455110661e-02
5.621000000000000000e+03 2.160114305137881274e-01 -5.227854217466010311e-01 3.189271352971978502e-03
5.573000000000000000e+03 2.160114305137881274e-01 -5.227854217466010311e-01 3.189271352971978502e-03
5.572000000000000000e+03 7.751088134780559358e-02 -2.455111539694279088e-01 3.627785922341431046e-02
5.739000000000000000e+03 7.751088134780559358e-02 -2.455111539694279088e-01 3.627785922341431046e-02
5.738000000000000000e+03 -5.556044802731463506e-01 -3.614367777169711360e-01 -1.181677509941456705e-01
5.737000000000000000e+03 -2.836907654854314842e-02 -3.457187872805640438e-01 -2.272560318566743121e-01
5.606000000000000000e+03 -2.836907654854314842e-02 -3.457187872805640438e-01 -2.272560318566743121e-01
5.674000000000000000e+03 -2.836907654854314842e-02 -3.457187872805640438e-01 -2.272560318566743121e-01
5.673000000000000000e+03 -2.836907654854314842e-02 -3.457187872805640438e-01 -2.272560318566743121e-01
5.524000000000000000e+03 -2.836907654854314842e-02 -3.457187872805640438e-01 -2.272560318566743121e-01
5.517000000000000000e+03 -4.211577167734503746e-02 -2.475892600322247006e-01 3.436203788455305386e-02
5.494000000000000000e+03 -4.211577167734503746e-02 -2.475892600322247006e-01 3.436203788455305386e-02
5.553000000000000000e+03 -4.211577167734503746e-02 -2.475892600322247006e-01 3.436203788455305386e-02
5.549000000000000000e+03 -4.211577167734503746e-02 -2.475892600322247006e-01 3.436203788455305386e-02
5.490000000000000000e+03 1.482032929493612983e-01 -2.846203778366529491e-02 -9.797495001678324655e-02
5.491000000000000000e+03 1.482032929493612983e-01 -2.846203778366529491e-02 -9.797495001678324655e-02
5.779000000000000000e+03 1.482032929493612983e-01 -2.846203778366529491e-02 -9.797495001678324655e-02
5.704000000000000000e+03 1.074017868750161142e-01 8.640744338563877136e-02 -4.612879573079986528e-02
5.476000000000000000e+03 1.571437613092570018e-01 5.989136458079968861e-03 -6.192331722525512561e-02
5.477000000000000000e+03 8.329559363431826569e-02 -8.547659866980694687e-03 -6.024370588438809904e-02
5.611000000000000000e+03 8.329559363431826569e-02 -8.547659866980694687e-03 -6.024370588438809904e-02
5.648000000000000000e+03 8.329559363431826569e-02 -8.547659866980694687e-03 -6.024370588438809904e-02
5.718000000000000000e+03 8.329559363431826569e-02 -8.547659866980694687e-03 -6.024370588438809904e-02
5.755000000000000000e+03 -7.432686599375415426e-02 -1.105085160318317605e-01 -1.005671770289140454e-01
5.518000000000000000e+03 -1.183280941492057536e-01 -1.099357690024689305e-01 -9.712711617699998357e-02
5.605000000000000000e+03 -1.183280941492057536e-01 -1.099357690024689305e-01 -9.712711617699998357e-02
5.480000000000000000e+03 -1.183280941492057536e-01 -1.099357690024689305e-01 -9.712711617699998357e-02
5.689000000000000000e+03 -4.292790377306232585e-03 -1.917874786715216828e-01 -3.920577486536469536e-02
5.695000000000000000e+03 -4.292790377306232585e-03 -1.917874786715216828e-01 -3.920577486536469536e-02
5.584000000000000000e+03 -4.292790377306232585e-03 -1.917874786715216828e-01 -3.920577486536469536e-02
5.591000000000000000e+03 -4.292790377306232585e-03 -1.917874786715216828e-01 -3.920577486536469536e-02
5.590000000000000000e+03 -4.292790377306232585e-03 -1.917874786715216828e-01 -3.920577486536469536e-02
5.675000000000000000e+03 -2.151127596350619342e-01 -1.652362756447267600e-01 3.767627323969957587e-02
5.595000000000000000e+03 -2.151127596350619342e-01 -1.652362756447267600e-01 3.767627323969957587e-02
5.596000000000000000e+03 -6.623681666886227504e-02 -2.173046775546403353e-01 2.383194501624164019e-02
5.685000000000000000e+03 -6.623681666886227504e-02 -2.173046775546403353e-01 2.383194501624164019e-02
5.481000000000000000e+03 -1.136441458578474339e-02 -8.363569318571961730e-03 4.827086172662742314e-02
5.690000000000000000e+03 -1.136441458578474339e-02 -8.363569318571961730e-03 4.827086172662742314e-02
5.482000000000000000e+03 -1.136441458578474339e-02 -8.363569318571961730e-03 4.827086172662742314e-02
5.568000000000000000e+03 -2.522181220592898399e-01 -1.365392382100623081e-01 1.299642472546223004e-01
5.589000000000000000e+03 -2.522181220592898399e-01 -1.365392382100623081e-01 1.299642472546223004e-01
5.588000000000000000e+03 -1.634135720301088668e-01 -7.163799274862370225e-02 -2.618484944438836948e-02
5.642000000000000000e+03 -1.634135720301088668e-01 -7.163799274862370225e-02 -2.618484944438836948e-02
5.586000000000000000e+03 -1.634135720301088668e-01 -7.163799274862370225e-02 -2.618484944438836948e-02
5.610000000000000000e+03 1.657720265309023944e-01 -3.627046859167037951e-01 -1.961017450487032576e-01
5.620000000000000000e+03 1.657720265309023944e-01 -3.627046859167037951e-01 -1.961017450487032576e-01
5.808000000000000000e+03 -7.868804538784957003e-02 -3.352845003263098533e-01 -4.575067445365483820e-01
5.688000000000000000e+03 -7.868804538784957003e-02 -3.352845003263098533e-01 -4.575067445365483820e-01
5.807000000000000000e+03 -2.054138640125700022e-01 -2.316813445967191853e-01 -2.918061991073344075e-01
5.687000000000000000e+03 -2.054138640125700022e-01 -2.316813445967191853e-01 -2.918061991073344075e-01
5.705000000000000000e+03 -2.054138640125700022e-01 -2.316813445967191853e-01 -2.918061991073344075e-01
