# star id 	 star_x_coords [pc] 	 star_y_coords [pc] 	 star_z_coords [pc] 
3.234100000000000000e+04 -1.021839461966258966e+00 -2.264825846770609274e+00 3.472519618977116806e+00
3.218400000000000000e+04 -3.118146639164606881e+00 -2.026209848033978744e+00 3.217857674954462510e+00
3.247200000000000000e+04 -1.384410552349230272e+00 -1.085774848007741156e+00 3.322209735175885470e+00
3.231800000000000000e+04 -1.384410552349230272e+00 -1.085774848007741156e+00 3.322209735175885470e+00
3.240600000000000000e+04 -8.395886275537520760e-01 -2.885252831404230278e-01 2.648586653206333352e+00
3.238800000000000000e+04 -2.798545168620748314e+00 -1.290565630248952544e+00 2.302721034796944011e+00
3.238700000000000000e+04 -2.164405010943561081e+00 -8.614373927603260483e-01 1.673178323621140606e+00
3.234800000000000000e+04 2.789071549397164063e-01 -2.906826817724940781e+00 5.170509489815309223e-01
3.234700000000000000e+04 -2.464015990184392990e+00 5.074864611847154094e-01 2.032792728012827510e+00
3.238400000000000000e+04 -2.115660300846386122e+00 3.112757986873404548e-02 1.046833056195954015e+00
3.239100000000000000e+04 -8.692824789216544445e-01 -3.203524848535899139e+00 9.986180514308600209e-01
3.239000000000000000e+04 -8.692824789216544445e-01 -3.203524848535899139e+00 9.986180514308600209e-01
3.233300000000000000e+04 -2.659584796533820850e+00 -7.350166713667931617e-01 7.897889743512198635e-01
3.233200000000000000e+04 6.183422200698203142e-01 -2.848924215663323878e+00 -4.322724169321290333e-01
3.226400000000000000e+04 -5.931302599906658202e-01 -2.304162730863666297e+00 -4.140049013911273335e-02
3.251100000000000000e+04 -1.722138259564964358e+00 -2.387481398801369892e-01 -5.120806390194321267e-01
3.241700000000000000e+04 -2.853855131828900937e+00 -1.510614198592438839e+00 2.883821415219145479e-03
3.239200000000000000e+04 -2.194522914395292901e+00 -7.918723270970673411e-01 -2.684610867235655007e-01
3.225800000000000000e+04 -4.975245291615806309e-01 2.106677085274011318e+00 -1.665838714661180830e-01
3.225900000000000000e+04 6.591568372841010159e-01 -1.272595106626116745e+00 -2.721119524513845533e+00
3.235800000000000000e+04 -1.636676008135879101e+00 -2.017910129459870916e+00 -1.194521284855888155e+00
3.240300000000000000e+04 -1.465380450359624831e+00 -2.412200915437875182e+00 -9.054343007090785989e-01
3.247500000000000000e+04 -7.768540232869796114e-01 -8.951501483605035503e-01 -2.460738716267941939e+00
3.239800000000000000e+04 -1.318286124059547149e+00 -5.909252172022583238e-01 1.913424812473586201e+00
3.239900000000000000e+04 -9.402815641765727150e-02 -7.212065638676961044e-01 1.631225428168642466e+00
3.239700000000000000e+04 1.068357089282159222e-01 -9.023594234094787225e-01 6.712921346998559358e-01
3.245100000000000000e+04 -1.348058621063799478e+00 -3.709842925377913048e-01 7.521217104567838874e-01
3.225600000000000000e+04 -1.991255217006937528e-03 1.992959998646597342e-01 5.806446673429910277e-01
3.225500000000000000e+04 -4.280577738533537513e-01 3.974138649546787860e-02 4.410228734022396679e-01
3.218500000000000000e+04 -4.833515727286794572e-01 3.728942145102429606e-01 3.619444504874405055e-01
3.240400000000000000e+04 5.771762284902948181e-01 2.426896429746285833e-01 6.337806570549666674e-01
3.218600000000000000e+04 -1.097837813468082402e+00 4.358836995614723264e-01 8.351485198193415727e-01
3.236500000000000000e+04 6.391139552942348701e-02 6.175574559745520276e-01 1.405770207956484441e+00
3.241000000000000000e+04 -2.160692783493374236e-01 -4.780336003260750033e-01 1.653542710001705274e-01
3.227900000000000000e+04 1.173590657242158386e-01 -1.323470141173572756e+00 1.369822679421162093e-02
3.254300000000000000e+04 5.935865259162440566e-01 -4.487890110883085981e-01 1.545374673961195100e-01
3.235400000000000000e+04 1.704024798994581147e-01 -9.033086870411857205e-01 -2.370729587868893873e-01
3.244700000000000000e+04 1.260343760902813415e-01 -1.054957713862545887e+00 7.015927469491778368e-02
3.245900000000000000e+04 3.139751239262480453e-01 -1.271519194699138211e+00 1.154570088258424221e-01
3.245800000000000000e+04 6.464083037577168511e-01 -1.276948622567541491e+00 2.025643411522857207e-01
3.250000000000000000e+04 6.464083037577168511e-01 -1.276948622567541491e+00 2.025643411522857207e-01
3.249200000000000000e+04 -5.228620240450538859e-01 -5.849484855101110270e-01 1.294135017606752314e-01
3.249900000000000000e+04 -4.456721858441952122e-01 -8.166622248356247837e-01 1.117571840380851000e-01
3.250900000000000000e+04 -7.664812536876297600e-01 -9.894419693180616093e-01 2.832477362791472331e-01
3.255300000000000000e+04 -4.389509712697048371e-01 3.564793833253467881e-01 -8.106390922600681392e-02
3.252900000000000000e+04 -2.816236212556333385e-02 1.972386729309079101e-01 -5.868082284538740367e-01
3.228800000000000000e+04 -1.589050469278845412e-01 2.161155374339180923e-01 -7.189227683361103516e-01
3.228700000000000000e+04 -1.190297038493817183e+00 -4.412262435318012876e-01 -4.217276580735376257e-01
3.248500000000000000e+04 3.461369205703590524e-02 9.055712462173914901e-01 -6.938983182682729733e-01
3.228600000000000000e+04 9.937470902294620601e-02 7.100896982446016636e-01 -4.815100652012791471e-01
3.230100000000000000e+04 -3.018308261374755830e-01 6.432481627636192911e-01 -3.735181090822639050e-01
3.249300000000000000e+04 -8.006266834566631019e-01 -4.254874070715111145e-01 -5.025665209498750841e-01
3.235100000000000000e+04 -5.646071920384940768e-01 6.375294332604539704e-01 -3.458378530569614639e-01
3.235200000000000000e+04 -4.142361466194373065e-01 1.134147148807887362e+00 1.475934253625636572e+00
3.243900000000000000e+04 -7.504065787607814286e-01 1.238622429620079402e+00 -1.499672363524062746e-01
3.236000000000000000e+04 7.091364168009661739e-01 -5.015046814230714745e-01 -1.146506267245369415e+00
3.237000000000000000e+04 -2.791748871764028195e-01 7.858465431095815745e-01 -1.251812945637578167e+00
3.218700000000000000e+04 4.541124822631985580e-01 8.847072340776982458e-01 -1.085057386502423782e+00
3.246400000000000000e+04 -9.559149792989529715e-01 1.100810522062946717e+00 -8.229217370953225696e-01
3.225300000000000000e+04 -9.559149792989529715e-01 1.100810522062946717e+00 -8.229217370953225696e-01
3.229900000000000000e+04 -6.308159884739694689e-02 1.058759176862963614e+00 -1.065723360444545520e+00
3.237900000000000000e+04 5.884310501596559106e-01 1.017425888124662947e+00 -1.084267845075086001e+00
3.238000000000000000e+04 7.619414659908301246e-01 1.750685330273665130e+00 3.053749269658041499e-01
3.254700000000000000e+04 -1.287611631481695440e+00 1.537703284832321771e+00 9.012008653392431512e-01
3.254800000000000000e+04 -8.442140622373983661e-02 -8.031727654003795180e-01 -1.904974814745020950e+00
3.230500000000000000e+04 -8.650145727880484969e-01 8.390452155562577730e-01 -1.403961262981134439e+00
3.249000000000000000e+04 -1.557241411911292062e-02 1.019413835775374366e+00 -1.498987784949280311e+00
3.255400000000000000e+04 -2.728348987561446393e-01 -1.998385767147397019e-01 3.065665512402500070e-01
3.247600000000000000e+04 -1.809344752249941735e-01 -3.347232226617080642e-02 3.727906822520221652e-01
3.258400000000000000e+04 -1.809344752249941735e-01 -3.347232226617080642e-02 3.727906822520221652e-01
3.234400000000000000e+04 2.012822713408795039e-01 -3.312794160073515570e-01 4.927975395622947730e-01
3.233900000000000000e+04 2.012822713408795039e-01 -3.312794160073515570e-01 4.927975395622947730e-01
3.231700000000000000e+04 8.340356894250788855e-02 1.083715251834078686e-01 3.255786259018780271e-01
3.091600000000000000e+04 8.340356894250788855e-02 1.083715251834078686e-01 3.255786259018780271e-01
3.091700000000000000e+04 1.575258353655826227e-01 -1.107589481477226911e-01 3.138526071297267350e-01
3.255700000000000000e+04 5.250604740426467743e-02 -1.185526742001989930e-01 3.419543321954972015e-01
3.227100000000000000e+04 -1.252401133215599316e-01 1.100975725884509870e-01 1.373400156061137523e-01
3.244400000000000000e+04 -1.045727200748984842e-01 7.891346172777957690e-02 1.089595627445074655e-01
3.227300000000000000e+04 -1.045727200748984842e-01 7.891346172777957690e-02 1.089595627445074655e-01
3.239400000000000000e+04 9.617957212653749366e-02 2.189822681965480911e-02 2.379512393658167468e-02
3.242100000000000000e+04 9.617957212653749366e-02 2.189822681965480911e-02 2.379512393658167468e-02
3.238300000000000000e+04 9.617957212653749366e-02 2.189822681965480911e-02 2.379512393658167468e-02
2.996700000000000000e+04 1.656272441668988904e-01 1.262195951490951984e-02 6.362590689334801652e-02
3.224800000000000000e+04 1.656272441668988904e-01 1.262195951490951984e-02 6.362590689334801652e-02
3.246300000000000000e+04 1.656272441668988904e-01 1.262195951490951984e-02 6.362590689334801652e-02
2.968600000000000000e+04 1.184131664964240827e-01 7.769379257468855826e-02 1.061863992452440897e-01
3.228100000000000000e+04 1.184131664964240827e-01 7.769379257468855826e-02 1.061863992452440897e-01
3.246600000000000000e+04 1.248398886896922022e-01 2.129498924395534232e-02 1.363060213513858088e-01
3.252600000000000000e+04 1.169361025628035122e-01 1.720576346682278768e-02 1.545987909895245593e-01
3.242900000000000000e+04 1.169361025628035122e-01 1.720576346682278768e-02 1.545987909895245593e-01
3.257400000000000000e+04 1.169361025628035122e-01 1.720576346682278768e-02 1.545987909895245593e-01
3.233700000000000000e+04 4.830401108266357824e-02 8.389189790942808145e-02 1.475642167333912624e-01
3.248000000000000000e+04 4.830401108266357824e-02 8.389189790942808145e-02 1.475642167333912624e-01
3.238200000000000000e+04 1.059027921114505943e-01 8.694586789121316883e-02 1.711897560877915225e-01
3.247700000000000000e+04 4.311034309230166173e-02 1.202175301119012829e-02 1.720432545096866050e-01
3.260700000000000000e+04 4.311034309230166173e-02 1.202175301119012829e-02 1.720432545096866050e-01
3.246100000000000000e+04 8.687932309033641332e-02 5.794117046638547208e-02 1.899679779781564548e-01
3.241200000000000000e+04 8.687932309033641332e-02 5.794117046638547208e-02 1.899679779781564548e-01
3.213000000000000000e+04 3.763479397370161905e-02 8.271891873812009521e-02 1.768935158280786624e-01
3.212900000000000000e+04 -3.643084058808199188e-03 4.893018049443753625e-02 7.587865313873365380e-02
3.237500000000000000e+04 9.908962628112050197e-02 -1.438134604053686871e-01 1.323042808205379117e-01
3.250500000000000000e+04 1.274958760909683519e-01 -1.507472287403111011e-01 4.298950912867205432e-02
3.106500000000000000e+04 1.738907905296898093e-01 -1.500780086965036730e-01 1.576062879952822016e-01
3.257100000000000000e+04 1.871099939594742523e-01 5.652098618060463764e-02 2.798189514171518510e-01
2.929800000000000000e+04 1.871099939594742523e-01 5.652098618060463764e-02 2.798189514171518510e-01
2.929900000000000000e+04 -2.942259472648274254e-01 -4.209261042280658671e-01 6.638496449952135947e-02
3.230600000000000000e+04 3.312480312691690187e-02 -2.704671530491857823e-01 1.528868769926514659e-01
3.240200000000000000e+04 3.148805099341700497e-02 -2.764118917077844628e-01 1.496575401453430487e-01
3.093900000000000000e+04 3.148805099341700497e-02 -2.764118917077844628e-01 1.496575401453430487e-01
3.241600000000000000e+04 1.879071161607015483e-02 -2.383130407498654790e-01 3.389624438469418521e-02
3.260100000000000000e+04 1.269365206606494212e-01 3.352044614478444373e-01 5.607309335186023702e-01
3.125000000000000000e+04 1.277646129053522372e-02 3.898256455410376020e-01 3.468887167284648854e-01
3.229400000000000000e+04 -6.900703930898544058e-02 1.216058891646270013e-01 2.071161819219202727e-01
3.250300000000000000e+04 -6.900703930898544058e-02 1.216058891646270013e-01 2.071161819219202727e-01
3.244200000000000000e+04 -1.332407481295661000e-01 1.398213235073733074e-01 6.584721022678508007e-02
3.229500000000000000e+04 -1.332407481295661000e-01 1.398213235073733074e-01 6.584721022678508007e-02
3.240000000000000000e+04 -1.532722213324291261e-01 1.651126792298889256e-01 8.951874571562434824e-02
3.227600000000000000e+04 -1.324948269351651220e-01 1.593349041745675265e-01 1.228896321140133807e-01
3.247100000000000000e+04 -1.324948269351651220e-01 1.593349041745675265e-01 1.228896321140133807e-01
3.234200000000000000e+04 2.727212526532696302e-02 1.297365602572462251e-01 8.617314829579036939e-02
2.941100000000000000e+04 2.727212526532696302e-02 1.297365602572462251e-01 8.617314829579036939e-02
2.941200000000000000e+04 2.177408126808444422e-02 1.349565674506543189e-01 1.237792866535070146e-01
3.232400000000000000e+04 2.660199852164168988e-02 1.674677564864985868e-01 9.858091504075794376e-02
3.253700000000000000e+04 2.660199852164168988e-02 1.674677564864985868e-01 9.858091504075794376e-02
3.248400000000000000e+04 2.151795050922942210e-01 2.337368092465723635e-01 7.661321891009009732e-02
3.236300000000000000e+04 2.151795050922942210e-01 2.337368092465723635e-01 7.661321891009009732e-02
4.546000000000000000e+03 1.286019928306458837e-01 2.296922780885140014e-01 2.329474007918541645e-02
3.236100000000000000e+04 2.035932512633849001e-01 2.163561140090273227e-01 7.433876266516392661e-02
3.245000000000000000e+04 5.391510495368123657e-02 3.358738068669886445e-01 1.325400552348483529e-01
3.232100000000000000e+04 2.021513036936539720e-02 1.726812859543507273e-01 2.188789164580828839e-01
3.251500000000000000e+04 2.021513036936539720e-02 1.726812859543507273e-01 2.188789164580828839e-01
3.234500000000000000e+04 2.021513036936539720e-02 1.726812859543507273e-01 2.188789164580828839e-01
3.251700000000000000e+04 2.021513036936539720e-02 1.726812859543507273e-01 2.188789164580828839e-01
3.232500000000000000e+04 7.903251005874523116e-02 3.070582042577392201e-01 2.240113885665611093e-01
3.241400000000000000e+04 9.828987260458887931e-02 1.600350449423970645e-01 9.611152559102720261e-02
3.234900000000000000e+04 3.134601294087246970e-02 1.331567316002271184e-01 9.330785149823128677e-02
3.235000000000000000e+04 3.134601294087246970e-02 1.331567316002271184e-01 9.330785149823128677e-02
3.232200000000000000e+04 -5.613595022621353792e-02 2.876362350610506269e-01 2.115046295597249326e-01
3.232300000000000000e+04 3.440639828711553605e-01 1.217058037009444149e-01 5.521170723808541680e-01
3.247400000000000000e+04 2.628846558793256349e-01 3.312972426422788885e-02 1.617737908104786015e-01
3.229600000000000000e+04 -1.501998191000382121e-01 6.096046131948895663e-02 -1.077778466806318391e-01
3.244900000000000000e+04 2.402243521434499485e-01 1.743983064807252958e-02 -1.909008352771337513e-01
3.237700000000000000e+04 3.574935409313226842e-01 -1.335836404903822938e-01 -7.250077655748476957e-02
3.237800000000000000e+04 4.232603785234871907e-01 -6.558293477593934995e-02 -1.758901655142519616e-01
3.230700000000000000e+04 -3.625578428454190316e-02 5.048430846626317248e-02 -2.008813269262788026e-02
3.230800000000000000e+04 -3.625578428454190316e-02 5.048430846626317248e-02 -2.008813269262788026e-02
3.230900000000000000e+04 -1.447089084091857103e-02 1.044543826321131519e-01 -8.994030319676760143e-02
3.242600000000000000e+04 -1.447089084091857103e-02 1.044543826321131519e-01 -8.994030319676760143e-02
3.242700000000000000e+04 4.718609867860834584e-02 6.346002443276788085e-02 -7.850772733902466882e-02
3.242800000000000000e+04 5.573568432172493203e-02 1.094016764116148011e-01 -6.794391688087486614e-02
3.243500000000000000e+04 5.573568432172493203e-02 1.094016764116148011e-01 -6.794391688087486614e-02
3.243600000000000000e+04 5.573568432172493203e-02 1.094016764116148011e-01 -6.794391688087486614e-02
3.252000000000000000e+04 8.635398305220576276e-02 1.077956812095166583e-01 -3.212997945706774772e-02
3.222100000000000000e+04 -1.162078089150497817e-02 5.398455571078031312e-02 -7.947657073083647106e-03
3.222200000000000000e+04 -1.162078089150497817e-02 5.398455571078031312e-02 -7.947657073083647106e-03
3.222300000000000000e+04 -1.281318881159521084e-01 1.262858196565019853e-01 -1.484535053779545422e-02
3.226000000000000000e+04 -1.406492497746754111e-01 3.100275702897157259e-01 1.640531333960559834e-02
3.226100000000000000e+04 1.840912962381224816e-01 3.022155801920511919e-01 -2.000360127614158046e-01
3.224500000000000000e+04 -2.275248320483314046e-02 2.008555942529319793e-01 -1.673506236553361504e-01
3.243200000000000000e+04 -2.275248320483314046e-02 2.008555942529319793e-01 -1.673506236553361504e-01
3.243300000000000000e+04 8.170041278904704996e-02 1.593564266805387319e-01 3.512354437823717035e-03
3.241100000000000000e+04 8.170041278904704996e-02 1.593564266805387319e-01 3.512354437823717035e-03
3.233000000000000000e+04 1.058517357974082529e-01 1.139014589028448654e-01 -1.871641371625756278e-01
3.241300000000000000e+04 3.930271134118186183e-01 -2.293023638268891773e-01 -1.376010368517395221e-01
3.035000000000000000e+04 2.279837512116600351e-01 1.664901450506519609e-01 -2.409477324452424796e-02
3.259400000000000000e+04 4.130856303076981817e-01 6.046227873211016401e-01 -4.794573485243169841e-02
3.229300000000000000e+04 2.258294520384893644e-01 2.788401482742770554e-01 -2.792965369882143278e-01
3.238100000000000000e+04 2.920286090517215882e+00 6.913364685018308364e-02 -2.358694979725163066e+00
1.631200000000000000e+04 2.201060147196166383e+00 1.614503273496019631e+00 8.045710301109103568e-01
3.259100000000000000e+04 1.739039505160086208e+00 1.469119490370587755e+00 -3.886225555527797582e+00
3.230000000000000000e+04 2.086729322209308179e+00 1.524698872076939438e-01 -4.933834970715764712e-01
3.246200000000000000e+04 1.741502158865465333e+00 2.659308855288522011e+00 -2.191538960873250730e+00
3.229700000000000000e+04 1.741502158865465333e+00 2.659308855288522011e+00 -2.191538960873250730e+00
3.231900000000000000e+04 1.776660276610272149e+00 6.017233516525628545e-01 1.221829784143722009e+00
3.265200000000000000e+04 1.782247950213282195e+00 8.009916688478213587e-02 -8.465546144109996618e-01
3.226600000000000000e+04 1.487041328558348141e+00 1.053418812204927946e+00 1.170117281046696434e+00
3.226500000000000000e+04 1.720535680554824864e+00 1.558552016122547457e-01 -1.645362588700965745e+00
3.253000000000000000e+04 1.590605890996322103e+00 -8.672739280934926853e-01 -6.320859331614698817e-01
3.237100000000000000e+04 1.263548683715427501e+00 2.137995451831393723e+00 -2.941874976897228322e+00
3.238900000000000000e+04 1.445590744057398069e+00 1.916125664669294792e-01 -3.886420026427286345e+00
3.244600000000000000e+04 1.351906904950830324e+00 9.516876405212819634e-01 -7.999793736427438517e-01
3.231400000000000000e+04 1.287197942888838043e+00 -2.842765747478068761e-01 -4.761168079867452718e-01
3.235600000000000000e+04 1.191746661231981363e+00 1.614439573886876644e-01 -2.335702785340920684e-01
3.255900000000000000e+04 1.155181249498859586e+00 -6.823374740922432125e-01 -5.443386057035350944e-01
3.232900000000000000e+04 1.118589312186934137e+00 -6.344047709689277781e-01 -6.212137754392497158e-01
3.242400000000000000e+04 9.737244347233158237e-01 1.493210275668204190e-01 1.869216696492443930e-01
3.242500000000000000e+04 8.981644192677222804e-01 1.402350060387860253e-01 7.489392983253395641e-02
3.245600000000000000e+04 8.517549311794923028e-01 1.868012173025363154e+00 -1.091478283285280071e+00
3.224900000000000000e+04 8.517549311794923028e-01 1.868012173025363154e+00 -1.091478283285280071e+00
3.252800000000000000e+04 8.731657788673530263e-01 3.066730126462793748e+00 -1.639709772359045914e+00
3.233600000000000000e+04 8.838284865824661551e-01 7.621004194209035632e-01 -4.143175587365490742e-01
3.248200000000000000e+04 8.266983084513341851e-01 2.575487892492986930e-01 -1.295911393244875143e-01
