# star id 	 star_x_coords [pc] 	 star_y_coords [pc] 	 star_z_coords [pc] 
2.637000000000000000e+03 1.121033637510038261e-01 -3.154137721493412982e-01 2.084475296022407775e-01
2.640000000000000000e+03 -4.336794731599979968e-02 8.699349143170849175e-01 2.889295089858787691e-01
2.736000000000000000e+03 2.017088065205427938e-01 5.160852466541427930e-01 -5.133048298401519105e-01
2.790000000000000000e+03 -2.635767156750432605e-01 -1.351682351665459692e-01 2.352473609157179624e-01
2.715000000000000000e+03 3.657105478788480468e-02 2.845637288660896047e-02 -1.378528981403057685e-01
2.760000000000000000e+03 2.616804255220017694e-02 5.260781000433922827e-01 -1.616458215580287572e-01
2.712000000000000000e+03 -1.372927958174159357e-01 -9.891308777940253094e-01 2.368420677218168180e-01
2.743000000000000000e+03 1.008102601848293034e-01 1.970235124069574795e-02 4.712894521600023978e-01
2.716000000000000000e+03 -5.276049554126416297e-01 7.412224155200988207e-01 -6.699956924840932970e-03
2.707000000000000000e+03 4.844210412681775324e-01 -1.434761409924050213e-01 -5.632215159481575029e-01
2.777000000000000000e+03 2.529268123914789612e+00 4.347681521014408190e-01 -1.579206776338590856e+00
2.727000000000000000e+03 -3.157848571996169085e-02 -3.910987303494692924e-01 2.591109985007093997e-01
2.720000000000000000e+03 6.979452607581038137e-02 1.834924073824595325e-02 3.441875165593160091e-01
2.693000000000000000e+03 -5.276049554126416297e-01 7.412224155200988207e-01 -6.699956924840932970e-03
2.735000000000000000e+03 -2.045125850948465995e-01 2.019551820211518134e-04 -4.884284939963698946e-01
2.684000000000000000e+03 1.332912640199879206e-01 1.367328464053230164e-02 4.196730121904810318e-01
2.740000000000000000e+03 3.829377222810137482e-01 1.074859669780295235e+00 1.189348167919508370e-01
2.718000000000000000e+03 -1.304969058892595513e-01 2.677529045882920400e-02 2.132343150915936292e-01
2.682000000000000000e+03 -3.284640580999678150e-01 1.234875093155807235e-01 6.397212416776891786e-01
2.711000000000000000e+03 -3.065727432736764513e-01 1.632530652714052621e-01 2.082942266900253969e-01
2.690000000000000000e+03 -1.304969058892595513e-01 2.677529045882920400e-02 2.132343150915936292e-01
2.729000000000000000e+03 1.689053525372344211e+00 -3.682936934217053704e-01 -1.165722746800234688e+00
2.719000000000000000e+03 -3.034980173623580413e-02 -2.563583194844483160e-01 8.255786912074238870e-01
2.695000000000000000e+03 -6.567966023972928724e-01 4.339222016328250220e-01 2.763443834753154249e-02
2.706000000000000000e+03 1.193479475751644259e+00 -6.201345333411154570e-01 -6.352957382719068846e-01
2.761000000000000000e+03 -8.318049565977503335e-01 2.348240385139774844e-01 9.804334513897110526e-01
2.689000000000000000e+03 -4.217139945023120617e-01 5.636950725489953129e-02 3.154842126698405025e-01
2.681000000000000000e+03 -1.402107023202688652e+00 -5.976200315605098012e-01 -6.465947545109393957e-01
2.663000000000000000e+03 -6.723366488009219211e-02 3.671900392538844926e-01 6.752309014128918818e-01
2.671000000000000000e+03 1.373646559434860137e-02 -3.714829579151341932e-01 -3.837895769227195331e-01
2.741000000000000000e+03 1.373646559434860137e-02 -3.714829579151341932e-01 -3.837895769227195331e-01
2.653000000000000000e+03 -3.634628810562219314e-01 -1.170548744139097153e-01 -2.230637357801192877e-01
2.652000000000000000e+03 -3.634628810562219314e-01 -1.170548744139097153e-01 -2.230637357801192877e-01
2.702000000000000000e+03 -1.854999078533126067e-01 -3.568734994040596575e-01 -1.620269307529298430e-02
2.701000000000000000e+03 -1.854999078533126067e-01 -3.568734994040596575e-01 -1.620269307529298430e-02
2.722000000000000000e+03 1.140392727887160618e-01 -3.642511733476254676e-01 1.830399470101617965e-02
2.691000000000000000e+03 3.636125063371764554e-01 -9.845151196105916824e-02 4.168136823055768048e-02
2.688000000000000000e+03 7.903200469826288099e-03 -2.922992753664175325e-01 2.096477031595185281e-01
2.697000000000000000e+03 -3.331344595236771511e-01 -1.546321523359068806e-01 1.996443545411619169e-01
