# halo_id 	 x_coord [pc] 	 y_coord [pc] 	 z_coord [pc] 	 vir_rad [pc]
0.000000000000000000e+00 -1.041458179377950728e+02 -1.168079491681419313e+02 -6.930731084570288658e+01 2.489467720300752696e+00
1.000000000000000000e+00 -7.687008815212175250e+01 -5.070527790533378720e+01 -4.372059789160266519e+01 2.630041364825237427e+00
2.000000000000000000e+00 -3.008302306383848190e+01 -2.618947721691802144e+01 -4.451899938564747572e+01 1.601523402809432284e+01
3.000000000000000000e+00 -2.944285439886152744e+01 -2.783769512083381414e+01 -5.048196727037429810e+01 2.155290212134641337e+00
4.000000000000000000e+00 -3.972710535675287247e+01 -2.591988768614828587e+01 -6.118232680670917034e+01 2.248242568833850985e+00
5.000000000000000000e+00 -3.550997776724398136e+01 -2.301465001283213496e+01 -4.642295746132731438e+01 1.733079983241013533e+00
6.000000000000000000e+00 -4.081900994759052992e+01 -2.396930759772658348e+01 -4.166725122230127454e+01 2.529183183818945579e+00
7.000000000000000000e+00 -3.783241740008816123e+01 -1.806588588794693351e+01 -3.332980211963877082e+01 4.516907193288115074e+00
8.000000000000000000e+00 -2.951020982209593058e+01 -1.256698346789926291e+01 -2.263967172289267182e+01 1.889491947549545614e+01
9.000000000000000000e+00 -4.712927223416045308e+01 -2.306675677187740803e+00 -2.781220119632780552e+01 1.826673239424240647e+00
1.000000000000000000e+01 -4.428947116108611226e+01 6.213619466871023178e+00 -2.665118332486599684e+01 2.026936118606994519e+00
1.100000000000000000e+01 -3.613683087192475796e+01 -9.754105493426322937e+00 -2.640712990518659353e+01 2.094963020569255097e+00
1.200000000000000000e+01 -1.271702279364690185e+02 -1.869200779125094414e+00 1.960511408792808652e+01 2.302572430207782794e+00
1.300000000000000000e+01 -1.222767133023589849e+02 3.041693864390254021e+00 2.539846083428710699e+01 8.424524104944405067e+00
1.400000000000000000e+01 -1.243734289561398327e+02 5.294743764679878950e+00 2.890898455400019884e+01 1.879432080088638823e+00
1.500000000000000000e+01 -1.179049448031000793e+02 5.864919283892959356e+00 2.862767402548342943e+01 1.696036514323816524e+00
1.600000000000000000e+01 -1.042638720367103815e+02 -4.735050797462463379e+01 2.422463598102331161e+01 2.292246758645432703e+00
1.700000000000000000e+01 -6.233101708721369505e+01 -4.460021305596455932e+01 -2.380072375899180770e+01 1.483201286534362229e+00
1.800000000000000000e+01 -6.308161738840863109e+01 -4.313928106985986233e+01 -2.220433078659698367e+01 3.691465790377665979e+00
1.900000000000000000e+01 -5.862972377613186836e+01 3.448694525752216578e+00 -1.881979573704302311e+01 4.882686473379088454e+00
2.000000000000000000e+01 -4.468314058659598231e+01 -8.067263575131073594e+01 1.976137504167854786e+01 4.383333635808538631e+00
2.100000000000000000e+01 -5.587758597405627370e+01 9.796721346210688353e+00 9.699422222096472979e+01 1.411043529723203349e+00
2.200000000000000000e+01 -2.589269939390942454e+01 -2.730505167320370674e+01 -4.931543576950207353e+01 2.487545901489534028e+00
2.300000000000000000e+01 -2.612858352344483137e+01 -2.855249291192740202e+01 -4.335813543526455760e+01 2.497024652541113277e+00
2.400000000000000000e+01 -8.828863540198653936e+00 -3.042481581028550863e+01 -2.906661174586042762e+01 2.725472433101383540e+00
2.500000000000000000e+01 -2.241114653227850795e+01 -2.103469632845371962e+01 -3.544761537062004209e+01 1.967809669329198874e+00
2.600000000000000000e+01 -1.756240392988547683e+01 -2.211712249042466283e+01 -3.115479947766289115e+01 3.679927317421392896e+00
2.700000000000000000e+01 -1.301503921952098608e+01 -2.320172981824725866e+01 -2.933902935450896621e+01 2.420590522394674871e+00
2.800000000000000000e+01 -1.841609676415100694e+01 -1.909470210131257772e+01 -1.868424069695174694e+01 1.926422751573862779e+00
2.900000000000000000e+01 -9.982132168486714363e+00 -1.438649899559095502e+01 -2.474745253147557378e+01 5.440429723387632421e+00
3.000000000000000000e+01 -3.660425689071416855e+00 -1.711155216442421079e+01 -1.962965155625715852e+01 1.839794296656130035e+00
3.100000000000000000e+01 1.495676754508167505e+00 -1.823288553347811103e+01 -1.291972197080031037e+01 5.486924623538921963e+00
3.200000000000000000e+01 3.445674782153218985e+00 -1.895870149973779917e+01 -1.492559121362864971e+01 2.017111079878026292e+00
3.300000000000000000e+01 1.218096602801233530e+01 -1.596869552042335272e+01 -3.152699254266917706e+01 3.628214768719951522e+00
3.400000000000000000e+01 -2.287902479572221637e+01 -1.270882050739601254e+01 -1.718902621464803815e+01 1.582830110890358410e+00
3.500000000000000000e+01 -2.126086804084479809e+01 -3.822114938404411077e+00 -1.254271246539428830e+01 2.836340301261498276e+00
3.600000000000000000e+01 -1.633101835614070296e+01 -4.788215821608901024e-01 -1.196381443785503507e+01 1.805252619376276346e+00
3.700000000000000000e+01 -1.098138010315597057e+01 8.370755645446479321e-01 -1.024928069813176990e+01 3.815846797791733191e+00
3.800000000000000000e+01 3.858377302996814251e+00 -1.097671534586697817e+01 -1.344402194302529097e+01 1.468252125096167537e+00
3.900000000000000000e+01 1.168609765823930502e+01 -1.409767270088195801e+00 -8.880738607607781887e+00 2.956874544061149734e+01
4.000000000000000000e+01 1.029712008591741323e+01 1.639763115905225277e+00 -1.951656901044771075e+01 6.541036946095396765e+00
4.100000000000000000e+01 1.117432165006175637e+01 1.542470222804695368e+00 -2.170241550076752901e+01 4.681304138981808194e+00
4.200000000000000000e+01 -2.644628197699785233e+01 -2.453712889738380909e+01 -1.064141723327338696e+00 1.675515863355575341e+00
4.300000000000000000e+01 -2.010283203283324838e+01 -1.603364588273689151e+01 -8.083789831027388573e+00 1.858317204827429237e+00
4.400000000000000000e+01 -2.253332924749702215e+01 -1.351418427098542452e+01 -9.680458028800785542e+00 2.980293731222665610e+00
4.500000000000000000e+01 -2.476006566314026713e+01 -1.425581810344010592e+01 -6.268772173672914505e+00 3.620100103682126313e+00
4.600000000000000000e+01 -2.825655275397002697e+01 -1.138789226301014423e+01 -3.482655051629990339e+00 1.896496834443511359e+00
4.700000000000000000e+01 -1.692533018719404936e+01 -1.450167302042245865e+00 -9.349142061080783606e+00 4.645048839577484046e+00
4.800000000000000000e+01 -1.344327516062185168e+01 -1.259855275042355061e+00 -7.346645526122301817e+00 2.134109947846054123e+00
4.900000000000000000e+01 -1.352757351286709309e+01 -1.801130803767591715e+00 -3.217365028336644173e+00 1.907657635689380626e+00
5.000000000000000000e+01 3.091792006045579910e+00 9.079285332467406988e+00 -2.333449166733771563e+00 3.169291425071681712e+00
5.100000000000000000e+01 -1.295397757086902857e+01 -3.646181045705452561e+01 8.303384547121822834e+00 1.636509896180185386e+00
5.200000000000000000e+01 1.077929086610674858e+01 9.337412091437727213e+00 1.806339098466560245e+01 1.747529599050023918e+00
5.300000000000000000e+01 6.017559489235281944e+00 -1.089906907361000776e+01 2.679002456599846482e+01 2.813493968484647390e+00
5.400000000000000000e+01 9.483241232577711344e+00 4.070888236165046692e-01 2.409037770982831717e+01 2.353226148073741530e+00
5.500000000000000000e+01 -2.099117691237479448e+02 9.402119192574173212e+01 7.277040500193834305e-01 2.265770883163578997e+00
5.600000000000000000e+01 -1.782110262578353286e+02 1.265057951179333031e+02 5.385529630351811647e+00 1.536937833777170859e+00
5.700000000000000000e+01 -1.391771977716125548e+02 6.669957737205550075e+01 5.950498542748391628e+00 1.841078128736205466e+00
5.800000000000000000e+01 -1.043379678712226450e+02 7.430124661931768060e+01 -1.606907459441572428e+01 2.053433549814790204e+00
5.900000000000000000e+01 -9.333332320302724838e+01 6.511535472981631756e+01 4.581166939577087760e+01 2.885100986593871486e+00
6.000000000000000000e+01 -8.867874005669727921e+01 7.618792423512786627e+01 1.858213896071538329e+01 2.093763819702045392e+00
6.100000000000000000e+01 -8.022461865004152060e+01 1.311312002795748413e+02 -6.047163060819730163e+01 3.322894887957688059e+00
6.200000000000000000e+01 -7.132022705115377903e+01 7.687736658006906509e+01 4.517791694169864058e+01 3.151370014961445420e+00
6.300000000000000000e+01 -2.839002394438721240e+02 2.112710134065710008e+02 5.488784027751535177e+01 1.640507281324009803e+00
6.400000000000000000e+01 -1.623440888253971934e+02 3.308678331924602389e+01 1.270845686295069754e+02 1.951969501926314132e+00
6.500000000000000000e+01 -1.450736753372475505e+02 9.139309550728648901e+01 8.420770631078630686e+01 4.757929384001859496e+00
6.600000000000000000e+01 -5.802896106289699674e+01 1.519438025313429534e+02 7.441064349375665188e+01 3.307195802733247980e+00
6.700000000000000000e+01 -1.096837395997717977e+02 8.574906483571976423e+01 1.184705187305808067e+02 2.283318674276893834e+00
6.800000000000000000e+01 -1.516232680995017290e+00 1.054161090031266212e+01 -3.725704845972359180e+00 1.628603208364569399e+00
6.900000000000000000e+01 2.893083250150084496e+00 9.525376109406352043e+00 -7.792313145473599434e-01 2.301777100917762997e+00
7.000000000000000000e+01 -6.193840743973851204e+00 1.891403459431603551e+01 8.989300321787595749e+00 2.268986746582135172e+00
7.100000000000000000e+01 5.772747122682631016e-01 1.652824659971520305e+01 5.749724004883319139e+00 1.890343442055483214e+00
7.200000000000000000e+01 -5.275143514387309551e+00 1.916392156062647700e+01 1.200011901697143912e+01 1.755911271986707822e+00
7.300000000000000000e+01 -1.855288748629391193e-01 1.870684385951608419e+01 1.263927861256524920e+01 1.677174383465418694e+00
7.400000000000000000e+01 -5.021212123194709420e+01 6.223058580560609698e+01 -2.723237275006249547e+01 1.845771604795488408e+00
7.500000000000000000e+01 1.421862434130162001e+00 5.981747012026607990e+01 1.519813278270885348e+01 2.169034449643624907e+00
7.600000000000000000e+01 3.336489532608538866e+00 2.179280946357175708e+01 2.399648764077574015e+01 3.073091416417926602e+00
7.700000000000000000e+01 -5.003596426872536540e+01 2.884723631851375103e+01 5.593367113312706351e+01 4.087415834368851364e+00
7.800000000000000000e+01 -3.358584490651264787e+01 5.077142826840281487e+01 3.640528482571244240e+01 2.057722566042738066e+00
7.900000000000000000e+01 4.506990916468203068e+01 -1.008068128060549498e+02 -5.189489378500729799e+01 1.898901168171103437e+00
8.000000000000000000e+01 4.390699435211718082e+01 -9.334177758498117328e+01 -4.255869186110794544e+01 2.854857228041883577e+00
8.100000000000000000e+01 3.211297947401180863e+01 -7.837795942276716232e+01 -3.911884348001331091e+01 2.512661806394806074e+00
8.200000000000000000e+01 4.742371429968625307e+01 -6.827196833072230220e+01 -3.892944119405001402e+01 1.826744174867031223e+00
8.300000000000000000e+01 2.977207422349601984e+01 -5.437214868701994419e+01 -4.677157518127933145e+01 7.152602945640776255e+00
8.400000000000000000e+01 2.798292583972215652e+01 -5.541052718507125974e+01 -5.070021123858168721e+01 2.514979370475524334e+00
8.500000000000000000e+01 3.751141755096614361e+01 -5.770530472788959742e+01 -5.016321255173534155e+01 1.915105129746686785e+00
8.600000000000000000e+01 4.672820229874923825e+01 -5.131078416574746370e+01 -3.784415926085785031e+01 2.109670284735289059e+00
8.700000000000000000e+01 4.278456459427252412e+01 -4.840312269749119878e+01 -3.004193090368062258e+01 2.100346071446641538e+00
8.800000000000000000e+01 2.488246907480061054e+01 -2.420069968281313777e+01 -2.283002608735114336e+01 2.239550945579221075e+00
8.900000000000000000e+01 2.080253334064036608e+01 -2.048698735935613513e+01 -2.837912044394761324e+01 1.946214944459332630e+00
9.000000000000000000e+01 2.510043884767219424e+01 -1.500581929739564657e+01 -2.453728359425440431e+01 3.607301849336766786e+00
9.100000000000000000e+01 3.137412812979891896e+01 -1.764720705943182111e+01 -2.195520145678892732e+01 3.692146361854216963e+00
9.200000000000000000e+01 4.243107648938894272e+01 -2.832225537998601794e+01 -2.487332586431875825e+01 2.161073134408753482e+00
9.300000000000000000e+01 4.190557242929935455e+01 -2.246339748194441199e+01 -2.573548969998955727e+01 1.959243869669975213e+00
9.400000000000000000e+01 4.316590954037383199e+01 -2.588049179874360561e+01 -2.287207648530602455e+01 2.345604197215835907e+00
9.500000000000000000e+01 6.953365771798416972e+01 -4.880188455618917942e+01 -5.385942055750638247e+01 1.572159673204013508e+00
9.600000000000000000e+01 7.537867485638707876e+01 -3.386399215925484896e+01 -4.836851413035765290e+01 3.118433973998120390e+00
9.700000000000000000e+01 5.647312696278095245e+01 -3.485229978384450078e+01 -2.444195900112390518e+01 2.090154773034495594e+00
9.800000000000000000e+01 5.954512674687430263e+01 -3.370599869871512055e+01 -2.206238579610362649e+01 2.831636035160132181e+00
9.900000000000000000e+01 1.313457623198628426e+02 -9.256460197456181049e+01 -2.088100917171686888e+01 2.758292150985827806e+00
1.000000000000000000e+02 8.183221584325656295e+01 -3.495885296771302819e+01 -6.229255916504189372e+01 3.218658286580983852e+00
1.010000000000000000e+02 9.767545337975025177e+01 -4.507143089082092047e+01 -4.961402792064473033e+01 2.318674120101328118e+00
1.020000000000000000e+02 3.316047360375523567e+01 -3.193485384713858366e+01 -1.404955947399139404e+01 1.610833578482636197e+00
1.030000000000000000e+02 4.106740933470427990e+01 -3.182836533570662141e+01 -1.781404997268691659e+01 2.524090170281325651e+00
1.040000000000000000e+02 4.112072136253118515e+01 -3.282447069650515914e+01 -1.304603834263980389e+01 4.002598567089090231e+00
1.050000000000000000e+02 2.402161342510953546e+01 -2.595401463983580470e+01 -1.510231715068221092e+01 3.216510439522576092e+00
1.060000000000000000e+02 3.139731031330302358e+01 -2.718204477895051241e+01 -1.818007691949605942e+01 1.322062712612340984e+00
1.070000000000000000e+02 3.105337495170533657e+01 -2.715456102462485433e+01 -2.068826681282371283e+01 1.772143048082204908e+00
1.080000000000000000e+02 3.304317656904459000e+01 -2.303605550201609731e+01 -1.200402322271838784e+01 3.940654408814855181e+00
1.090000000000000000e+02 3.673297638772055507e+01 -2.765946439467370510e+01 -1.399285480799153447e+01 3.053515212889593045e+00
1.100000000000000000e+02 4.196432793000712991e+01 -2.843427908187732100e+01 -1.596528384136036038e+01 2.471146930922143437e+00
1.110000000000000000e+02 3.520149181270971894e+01 -2.349873484577983618e+01 -1.642770707840099931e+01 1.761965614063025098e+00
1.120000000000000000e+02 3.734385973028838634e+01 -2.554299392690882087e+01 -1.904192283609881997e+01 2.022808850934061375e+00
1.130000000000000000e+02 4.549382197018712759e+01 -2.639952834323048592e+01 -1.731933217961341143e+01 1.843886181106874078e+00
1.140000000000000000e+02 1.617425931803882122e+01 -2.215786973480135202e+01 -2.038243884453549981e+01 1.219216330128731762e+00
1.150000000000000000e+02 2.288673112262040377e+01 -2.009960430674254894e+01 -1.896115267183631659e+01 2.945339821475159159e+00
1.160000000000000000e+02 2.015617350768297911e+01 -2.284333230368793011e+01 -1.276539800828322768e+01 2.959719905193011869e+00
1.170000000000000000e+02 2.294948506494984031e+01 -2.181277241604402661e+01 -8.419970875140279531e+00 2.360813398821759446e+00
1.180000000000000000e+02 2.330164304329082370e+01 -1.392950187996029854e+01 -1.872700199997052550e+01 1.365452881691038733e+00
1.190000000000000000e+02 2.530334407649934292e+01 -1.612078974302858114e+01 -1.587243056530132890e+01 1.807496571566341581e+00
1.200000000000000000e+02 3.044809452444314957e+01 -1.611290941759943962e+01 -1.373990788497030735e+01 3.290686884980717597e+00
1.210000000000000000e+02 3.081228003278374672e+01 -2.300056751770898700e+01 -1.437836830643936992e+01 2.582279056326011180e+00
1.220000000000000000e+02 2.554100614879280329e+01 -1.985689024487510324e+01 -8.389218276832252741e+00 1.776486836221962795e+00
1.230000000000000000e+02 5.318313396489247680e+01 -3.445549255656078458e+01 -1.749993617553263903e+01 7.345949334021647736e+00
1.240000000000000000e+02 4.653431971045210958e+01 -2.916291629150509834e+01 -1.726263103960081935e+01 2.165533336042883672e+00
1.250000000000000000e+02 1.117019919762387872e+02 -4.346594869578257203e+01 -1.246911892294883728e+01 2.636894992797014226e+00
1.260000000000000000e+02 1.137378204185515642e+02 -1.441521837916225195e+02 1.628155459184199572e+00 1.993906113866705798e+00
1.270000000000000000e+02 1.120138622228987515e+02 -1.435359327443875372e+02 -3.274805128108710051e+00 3.110635324130964552e+00
1.280000000000000000e+02 1.145547226057387888e+02 -1.431945195803418756e+02 4.975607688538730145e+00 1.469990175923397091e+00
1.290000000000000000e+02 1.586358285159803927e+02 -1.177316192043945193e+02 2.920930651715025306e+01 1.504620229534997966e+00
1.300000000000000000e+02 1.178196205296553671e+02 -5.283530061691999435e+01 4.187073846580460668e+01 2.181929445010158730e+00
1.310000000000000000e+02 1.880940492684021592e+01 -8.992950289975851774e+00 -2.447841094667091966e+01 2.519927089002412579e+00
1.320000000000000000e+02 2.066062159789726138e+01 -1.566741789691150188e+00 -2.810374339623376727e+01 1.740317057425176506e+00
1.330000000000000000e+02 1.970755396783351898e+01 -4.366437323857098818e+00 -2.053674472682178020e+01 2.521329511031121573e+00
1.340000000000000000e+02 1.879532129038125277e+01 -3.778151215054094791e+00 -1.396339917136356235e+01 3.019191631077019711e+00
1.350000000000000000e+02 2.513894958375021815e+01 -2.203990289941430092e+00 -1.332554587163031101e+01 5.393418543873442772e+00
1.360000000000000000e+02 1.745131621835753322e+01 -4.060365718789398670e+00 -8.266485309693962336e+00 1.611180695041214195e+00
1.370000000000000000e+02 1.760508648864924908e+01 3.148007618729025126e+00 -1.016426264820620418e+01 1.968803467584021361e+00
1.380000000000000000e+02 3.885186993796378374e+01 -8.415992697700858116e+00 -5.118648956296965480e+01 3.439073804625629727e+00
1.390000000000000000e+02 2.644619760150089860e+01 -1.168407975789159536e+01 -2.717307025939226151e+01 2.161833268152892895e+00
1.400000000000000000e+02 4.788922885991632938e+01 -6.904316398780792952e+00 -2.660946814063936472e+01 2.583981813208136913e+00
1.410000000000000000e+02 3.045502807386219501e+01 -5.336300749331712723e+00 -4.826726986560970545e+00 2.529559101801783783e+00
1.420000000000000000e+02 5.517000267980620265e+01 3.288487318437546492e+00 -2.557965661166235805e+01 1.156934187480468168e+00
1.430000000000000000e+02 7.540710848057642579e+01 -6.939702307805418968e+00 -5.326656789099797606e+01 2.156608723403353967e+00
1.440000000000000000e+02 2.424522367073222995e+01 1.288516454584896564e+01 -1.146511163935065269e+01 1.859672644781496187e+00
1.450000000000000000e+02 3.418436873191967607e+01 2.134602790325880051e+01 -4.700671570375561714e+00 3.145618697810623754e+00
1.460000000000000000e+02 3.768369604321196675e+01 1.767053585778921843e+01 -6.948465093038976192e+00 1.973206083107788666e+00
1.470000000000000000e+02 5.472757142269983888e+01 1.793379494454711676e+01 -2.971233475487679243e+00 1.946947178167072634e+00
1.480000000000000000e+02 3.523276052903383970e+01 3.549848814308643341e+01 -9.421393089927732944e+00 3.425570974678859404e+00
1.490000000000000000e+02 3.133532650582492352e+01 5.090233162790536880e+01 4.802349377423524857e-01 3.589404141919305236e+00
1.500000000000000000e+02 3.140493871504440904e+01 4.836864644428715110e+01 -1.680911633651703596e+00 1.959871518980803806e+00
1.510000000000000000e+02 6.129269901663064957e+01 3.356942046247422695e+01 -3.109590521780773997e+01 1.950243072593274674e+00
1.520000000000000000e+02 1.064303406816907227e+02 9.371501550870016217e+01 -1.342140123341232538e+01 2.697817026287995912e+00
1.530000000000000000e+02 1.865734928846359253e+01 -4.101313089486211538e+00 1.166846962226554751e+01 2.490980673057315631e+00
1.540000000000000000e+02 1.622621180675923824e+01 -2.781907770317047834e+00 1.472782197128981352e+01 1.492761237288821707e+00
1.550000000000000000e+02 1.997775019239634275e+01 1.465881883166730404e+00 1.837504403851926327e+01 3.494280223368637195e+00
1.560000000000000000e+02 1.781579288328066468e+01 9.379014354199171066e+00 6.897636657580733299e+00 2.684010711703927576e+00
1.570000000000000000e+02 2.022698271973058581e+01 1.219198253657668829e+01 1.328410190017893910e+01 3.303090692128470174e+00
1.580000000000000000e+02 1.752373728947713971e+01 1.286072540003806353e+01 1.957708875183016062e+01 2.187945073988147637e+00
1.590000000000000000e+02 2.134777073981240392e+01 1.618217293266206980e+01 1.933544703200459480e+01 2.707312512730442045e+00
1.600000000000000000e+02 2.131966066872701049e+01 1.441710660932585597e+01 1.641584525071084499e+01 2.111677218171660098e+00
1.610000000000000000e+02 1.757198084564879537e+01 1.713505347771570086e+01 2.069971579825505614e+01 1.962593511751614450e+00
1.620000000000000000e+02 2.416488340916112065e+01 1.132933577802032232e+01 3.215007330290973186e+01 2.562016327055848475e+00
1.630000000000000000e+02 2.559584957500919700e+01 1.508447695057839155e+01 3.336697881342843175e+01 4.418393462506728042e+00
1.640000000000000000e+02 5.104093953547999263e+01 6.177772807888686657e+00 4.761094065057113767e+01 1.688275424547333481e+00
1.650000000000000000e+02 6.549974021408706903e+01 3.763058445416390896e+00 4.414966004434973001e+01 2.517170673682401105e+00
1.660000000000000000e+02 8.149455839768052101e+01 3.026826298562809825e+01 6.962366226129233837e+00 1.167583967694941105e+00
1.670000000000000000e+02 4.247328948136419058e+01 6.629685764899477363e+01 1.013658126164227724e+01 1.894327197584222411e+00
1.680000000000000000e+02 4.060851423116400838e+01 6.764455746673047543e+01 9.471965211909264326e+00 1.788992342259087431e+00
1.690000000000000000e+02 1.255809623254463077e+02 6.044257667846977711e+01 1.183438088046386838e+01 2.016207955365786564e+00
1.700000000000000000e+02 1.146269046370871365e+02 5.387322821561247110e+01 5.648256316315382719e+01 2.239411001989856320e+00
