# star id 	 star_x_coords [pc] 	 star_y_coords [pc] 	 star_z_coords [pc] 
1.859600000000000000e+04 5.988979749484900639e-01 -5.356655363108089318e-01 3.623768988717621653e-01
1.856200000000000000e+04 -2.490303873059424022e-02 -6.998080557675834257e-01 1.310927216499848669e-01
1.869200000000000000e+04 1.081707810620889387e-01 -6.096930896590180282e-01 -1.858781949395904576e-02
1.849200000000000000e+04 3.799944982709150265e-01 -6.023696505815578917e-01 7.178563099671109171e-02
1.855500000000000000e+04 5.084607920353862998e-01 -3.214795057762245278e-01 1.319604039258379657e-01
1.861400000000000000e+04 3.123728128282644012e-01 -3.647497669571180268e-01 2.323081065964665015e-01
1.852700000000000000e+04 7.572093947464755281e-01 -5.266215799524331942e-02 3.030926442610955007e-01
1.864000000000000000e+04 4.317998186806726313e-01 1.403690862139299611e-01 4.356004258638535021e-02
1.853900000000000000e+04 3.570570421684625129e-01 2.854126910389709337e-02 -4.032614297331349462e-02
1.870300000000000000e+04 3.933135400151590577e-01 9.647944511511497012e-02 2.044230117650656098e-01
1.870600000000000000e+04 3.804815751407438218e-01 1.706157157509409217e-01 3.907856955844515312e-01
1.852900000000000000e+04 3.804815751407438218e-01 1.706157157509409217e-01 3.907856955844515312e-01
1.868800000000000000e+04 3.804815751407438218e-01 1.706157157509409217e-01 3.907856955844515312e-01
1.855100000000000000e+04 2.407656248824767697e-01 6.126493292352606090e-01 1.486882379658283071e-02
1.841400000000000000e+04 -1.900347224211685337e-01 4.149884002489301338e-02 -4.696698184234158191e-01
1.872600000000000000e+04 -2.448719236697296520e-01 2.321315244283965740e-01 -4.103422348840339851e-01
1.872700000000000000e+04 -1.057873483030297157e-01 7.842345566139385937e-03 -3.416679119974830314e-01
1.858400000000000000e+04 -5.557521200700439312e-01 -1.100967989398640157e-01 -5.144432365271924823e-01
1.858500000000000000e+04 -5.469431026100884941e-01 -1.553399914905568835e-01 -2.621378992404395092e-01
1.864900000000000000e+04 4.396921450611797066e-01 1.763089246966842438e-01 -3.086906009681165131e-01
1.852400000000000000e+04 4.974490756396038327e-02 -7.095186226068506130e-02 -4.595257063514495144e-01
1.864600000000000000e+04 1.065325773337466586e-01 -9.852069986584410799e-02 -3.336157330625724171e-01
1.864700000000000000e+04 3.114865095276622697e-01 8.037303659914840637e-02 -6.819310216273066771e-02
1.841800000000000000e+04 1.110580941651408415e-01 4.823883955655503541e-01 -3.698590315716252519e-01
1.841900000000000000e+04 -5.933662765520999471e-01 -1.223148965126839016e-01 -6.748882414511179206e-01
1.842000000000000000e+04 1.249357938025948689e-01 -7.456248738674986498e-02 4.436980821358389449e-01
1.841500000000000000e+04 -1.698295701933690838e-01 -1.427699467792820087e-02 2.848537994011017815e-01
1.842100000000000000e+04 2.171303716740680123e-03 -1.401190166214405508e-02 3.323826117678301273e-01
1.850800000000000000e+04 7.477715872665047225e-03 2.562787897818950000e-01 2.964019609187396043e-01
1.861700000000000000e+04 -1.443354757472385952e-01 1.491757325982732141e-01 3.929234888125066050e-01
1.872400000000000000e+04 -9.119769374505426462e-03 7.465035640173312004e-03 2.332993883286000880e-01
1.851300000000000000e+04 -1.551879177794685538e-01 6.804501666927365022e-03 3.406537113944985151e-01
1.870200000000000000e+04 -7.148250131363237392e-02 1.584608134777738542e-01 4.730974687501294795e-01
1.856100000000000000e+04 7.846290872476952005e-02 -1.905974834875650004e-01 3.784297099426936484e-02
1.850200000000000000e+04 8.838325165620475321e-02 -6.459743032869624813e-02 1.911264023888961106e-01
1.867000000000000000e+04 8.505982559334465676e-02 -2.838310034045434804e-01 1.467422123431383341e-01
1.864400000000000000e+04 8.505982559334465676e-02 -2.838310034045434804e-01 1.467422123431383341e-01
1.872500000000000000e+04 -5.776363684780461139e-02 -4.865913509519970148e-02 -2.880152700238625130e-02
1.869800000000000000e+04 -5.776363684780461139e-02 -4.865913509519970148e-02 -2.880152700238625130e-02
1.850900000000000000e+04 -7.473400927462908738e-02 -1.592376880597612399e-02 -5.143598174015551194e-03
1.839100000000000000e+04 -7.473400927462908738e-02 -1.592376880597612399e-02 -5.143598174015551194e-03
1.873700000000000000e+04 -1.867675541422411656e-01 -9.251764843056520249e-02 2.025784272082731263e-02
1.877200000000000000e+04 -1.699192533045669751e-01 -1.919066096742483296e-02 4.232005379722991734e-02
1.846400000000000000e+04 -1.213083019548685249e-01 -1.263423737394262503e-01 3.767765039166448560e-02
1.846500000000000000e+04 -1.213083019548685249e-01 -1.263423737394262503e-01 3.767765039166448560e-02
1.866000000000000000e+04 -6.352509880726059377e-02 -8.165503180217825729e-02 5.566818495342928941e-02
1.857100000000000000e+04 -6.352509880726059377e-02 -8.165503180217825729e-02 5.566818495342928941e-02
1.842700000000000000e+04 -6.352509880726059377e-02 -8.165503180217825729e-02 5.566818495342928941e-02
1.876800000000000000e+04 -6.352509880726059377e-02 -8.165503180217825729e-02 5.566818495342928941e-02
1.859200000000000000e+04 -4.547838407157728247e-02 -5.181142492708090685e-02 6.782767492621744054e-02
1.861600000000000000e+04 -5.964440457369990511e-03 -1.003261498472625135e-01 8.114659807825930216e-02
1.875800000000000000e+04 -7.838614833083379363e-02 -2.294496915820545269e-01 8.345283500765532381e-02
1.871000000000000000e+04 -1.051070299232254590e-01 -1.662396147770124344e-01 1.044174732097360447e-01
1.856700000000000000e+04 -1.187667932098089296e-01 -2.492048414748424534e-01 -1.612167698946365135e-02
1.846300000000000000e+04 -1.489022524192205599e-01 -7.857559216075316044e-02 2.008862962189823520e-01
1.854000000000000000e+04 7.704909843276708248e-03 -2.780330063382976391e-01 2.956076980562016843e-02
1.860400000000000000e+04 -3.498764390826162307e-01 1.141417848520518419e-01 1.876142668191249641e-03
1.868200000000000000e+04 -2.577165517835655617e-01 1.677170480209042580e-01 8.111858316799924751e-02
1.862400000000000000e+04 -3.572862755244935462e-01 -4.571139446390759531e-03 8.491393256662149724e-04
1.856600000000000000e+04 2.409858918390531124e-01 -1.203538742471010892e-02 -4.266767837202323221e-02
1.851800000000000000e+04 2.794983048447546858e-01 1.160644497774114825e-01 -3.391737839559283429e-02
1.857500000000000000e+04 2.794983048447546858e-01 1.160644497774114825e-01 -3.391737839559283429e-02
1.859800000000000000e+04 1.989721291210525544e-01 1.227116507639962606e-01 9.462277815821096283e-03
1.876300000000000000e+04 1.614405927265283869e-01 2.014716384652786019e-01 1.907706936610367165e-01
1.876400000000000000e+04 -1.711168754779650025e-01 -2.889926365103150374e-01 8.096135808401783152e-02
1.864800000000000000e+04 -1.711168754779650025e-01 -2.889926365103150374e-01 8.096135808401783152e-02
1.857800000000000000e+04 -1.153021205051174003e-01 7.902911346263863379e-03 7.145638754019145722e-02
1.855800000000000000e+04 -9.998207228822630910e-02 2.939271346912875060e-02 -1.222965920757701497e-02
1.873000000000000000e+04 -9.998207228822630910e-02 2.939271346912875060e-02 -1.222965920757701497e-02
1.863600000000000000e+04 -8.457772397030455247e-02 2.584860042721146556e-01 -2.372301780889429779e-02
1.851000000000000000e+04 -8.457772397030455247e-02 2.584860042721146556e-01 -2.372301780889429779e-02
1.853300000000000000e+04 -8.457772397030455247e-02 2.584860042721146556e-01 -2.372301780889429779e-02
1.853400000000000000e+04 -8.416449930539271485e-02 1.087999172138083281e-01 8.568117461695834436e-03
1.860600000000000000e+04 -8.729724140283962042e-02 3.453429219818815454e-02 6.604527844912766454e-02
1.860700000000000000e+04 -8.729724140283962042e-02 3.453429219818815454e-02 6.604527844912766454e-02
1.867100000000000000e+04 -2.045199371213398676e-01 7.497650564015856389e-02 6.752496999670043465e-02
1.867200000000000000e+04 -2.045199371213398676e-01 7.497650564015856389e-02 6.752496999670043465e-02
1.859500000000000000e+04 -2.007038877620159756e-01 9.156873671491183586e-02 8.628802696620141433e-02
1.852200000000000000e+04 -2.007038877620159756e-01 9.156873671491183586e-02 8.628802696620141433e-02
1.852300000000000000e+04 -1.693764112054568227e-01 4.996042357267072020e-02 1.131471716972640706e-01
1.873500000000000000e+04 -1.993408516656569596e-02 1.763778293271585085e-01 1.271127363736752613e-01
1.863000000000000000e+04 -5.884244397902926860e-02 1.008016329275207568e-01 1.429444692141466078e-01
1.851400000000000000e+04 -1.554691503486260729e-01 1.717199005887408703e-01 1.836085333180541568e-01
1.854200000000000000e+04 -2.086284535477729296e-01 -1.804050436216897424e-02 -2.919082758152953261e-01
1.867900000000000000e+04 -5.664806843935193958e-02 -1.939962875733627357e-01 -2.449810729782413432e-01
1.857400000000000000e+04 -2.273800939047323499e-01 -2.396312467093508758e-02 -2.853361201275284031e-01
1.867300000000000000e+04 -2.273800939047323499e-01 -2.396312467093508758e-02 -2.853361201275284031e-01
1.854700000000000000e+04 -1.955805644619507122e-02 -8.990413219125059641e-02 -1.083473399290681982e-01
1.865500000000000000e+04 1.533511057442271674e-02 -1.819684223934814327e-01 -7.187152232657822992e-02
1.852600000000000000e+04 -3.580605709240627377e-01 1.397439339550743398e-01 -6.490118192398597330e-02
1.866600000000000000e+04 3.013037702941806506e-02 8.617302104529045437e-02 -9.378311259831306756e-02
1.869300000000000000e+04 9.966883706245266428e-03 1.228536758112284133e-01 -5.948714696095791510e-02
1.874300000000000000e+04 -1.616359755651115560e-01 5.110084306660667153e-02 -5.929717045053806146e-02
1.863700000000000000e+04 -2.069887199031892333e-01 1.990636168973551889e-01 -5.291007750905762919e-02
1.839300000000000000e+04 -2.069887199031892333e-01 1.990636168973551889e-01 -5.291007750905762919e-02
1.839400000000000000e+04 5.887246649476546301e-02 -1.150804085021164269e-01 -2.845409176656303885e-01
1.873100000000000000e+04 5.887246649476546301e-02 -1.150804085021164269e-01 -2.845409176656303885e-01
1.867800000000000000e+04 1.145520353227158228e-01 -1.796891350936462572e-01 -1.706172072586511490e-01
1.868700000000000000e+04 1.145520353227158228e-01 -1.796891350936462572e-01 -1.706172072586511490e-01
1.870000000000000000e+04 2.613854674006247381e-01 -2.531712716369014515e-01 -2.600410338972594104e-01
1.866400000000000000e+04 3.943311482773620424e-02 -1.122037599884890824e-01 -1.360357136067413819e-01
1.850300000000000000e+04 3.943311482773620424e-02 -1.122037599884890824e-01 -1.360357136067413819e-01
1.850400000000000000e+04 1.787554001940461768e-01 -2.528792604966128010e-01 -9.199402910911658182e-02
1.860100000000000000e+04 6.484044281363829376e-02 -4.068162109318507191e-02 -8.571756322513479631e-02
1.860200000000000000e+04 5.272131645225308638e-02 -1.440838964391630839e-01 -6.847172595959349906e-02
1.860300000000000000e+04 1.097171887913921395e-01 -2.005214929809540081e-02 -4.901893572140636479e-02
1.856800000000000000e+04 2.742542691131739652e-01 -2.883453315868038658e-01 -1.886835506685891062e-01
1.862000000000000000e+04 7.955822510334054076e-03 -5.221242369002894179e-01 -8.229857925467243263e-02
1.862100000000000000e+04 2.136067113394045092e-01 2.676730713865040912e-01 6.608962399220530415e-02
1.857300000000000000e+04 1.935117625157485866e-01 4.145623803701496968e-01 1.148401340299365359e-01
1.869900000000000000e+04 6.364335878757379494e-02 3.151375453067188914e-01 1.817494970789645947e-01
1.854300000000000000e+04 1.349860797204706919e-01 4.156627620610606755e-01 2.476119904145335227e-01
1.855200000000000000e+04 -4.743612594051387354e-01 2.660026016144882988e-01 -1.773532717127039859e-01
1.853800000000000000e+04 8.629443111619258810e-02 3.868204491223465880e-01 -2.209894449051503784e-01
1.849900000000000000e+04 -1.823088997477558815e-01 4.645985653698829765e-01 -2.975840683564214828e-01
1.869100000000000000e+04 -1.522007805232248323e-01 2.749243159884855459e-01 -5.118270627664855965e-02
1.877600000000000000e+04 2.532268290404284805e-01 8.227606144578700764e-01 -6.945012238008274608e-02
