# star id 	 star_x_coords [pc] 	 star_y_coords [pc] 	 star_z_coords [pc] 
3.816000000000000000e+03 9.411183976968793274e-01 6.167111140365340027e-01 -1.915558855485915757e+00
7.623000000000000000e+03 9.411183976968793274e-01 6.167111140365340027e-01 -1.915558855485915757e+00
8.045000000000000000e+03 8.095532629320576490e-01 -2.269776335493894903e-01 -1.191445833387138720e+00
8.044000000000000000e+03 5.740450503964105167e-01 -1.240745316273330623e-01 -3.368488576716988092e-01
5.741000000000000000e+03 5.740450503964105167e-01 -1.240745316273330623e-01 -3.368488576716988092e-01
5.742000000000000000e+03 -2.040212942885464287e-01 1.213663055190453033e+00 -1.865585165565455839e+00
7.640000000000000000e+02 -2.040212942885464287e-01 1.213663055190453033e+00 -1.865585165565455839e+00
3.737000000000000000e+03 -8.873569022707883391e-02 1.096466074406430291e+00 -1.705894347835972269e+00
3.558000000000000000e+03 7.847119306415155648e-01 4.245278001217167585e-02 1.581187941416548171e+00
7.720000000000000000e+03 -5.440355888893897429e-01 -1.065102318647738411e+00 1.576635104116689945e+00
7.651000000000000000e+03 -1.003285987743577579e+00 -4.764769655025347106e-02 1.220163997331811245e+00
3.767000000000000000e+03 -1.845424098987635375e+00 -7.010414462529357404e-01 1.716645126051055570e+00
2.211000000000000000e+03 4.611847708435554694e-01 -1.182649181291560714e+00 3.872557959306917041e-01
8.009000000000000000e+03 5.370857758767382251e-01 -5.783688810391738322e-01 2.767818301386981261e+00
3.559000000000000000e+03 -1.763309360411058790e+00 -6.830651790295250159e-01 1.960917061336644451e+00
