# star id 	 star_x_coords [pc] 	 star_y_coords [pc] 	 star_z_coords [pc] 
4.229800000000000000e+04 6.045461323591609926e-01 -4.261176510588882138e-03 8.389627769894758558e-02
4.220500000000000000e+04 -7.780300508425739281e-01 -1.052797748164593372e-01 1.808174169410392551e-01
4.223000000000000000e+04 -8.616362255488780875e-01 -1.085385999632393350e-01 4.178204603133295336e-01
4.239500000000000000e+04 -1.881793386755390429e-01 -2.082317756599678660e-01 4.222951177700231540e-01
4.224800000000000000e+04 -1.431226025935501411e-01 -1.667843768170556018e-01 4.283417407344067840e-01
4.224700000000000000e+04 -1.945061179733897916e-01 -1.926035322366956848e-01 4.380714087930108747e-01
4.240400000000000000e+04 -1.829279642279004747e-01 -1.030494113536732925e-01 5.378450212497867255e-01
4.243100000000000000e+04 2.729981114616322202e-01 3.825720209651706227e-02 4.756650955327010877e-01
4.221000000000000000e+04 1.594458352502954313e-01 1.825952949570037731e-01 3.198474497176029274e-01
4.238100000000000000e+04 -3.281949138140873856e-01 -1.226537251721566690e-01 1.194562421476881298e-01
4.239600000000000000e+04 -3.898696811385491401e-01 -1.043740575200544640e-01 6.537362438283622623e-02
4.230600000000000000e+04 -5.220481807437238331e-01 -6.176692741280476184e-02 2.920906553376738657e-01
4.230500000000000000e+04 -7.573865587146144662e-02 2.473838838533026774e-02 2.185018047522291340e-02
4.219600000000000000e+04 -1.196144328714439098e-01 1.040966112445929070e-01 2.160307796392757496e-02
4.223300000000000000e+04 -7.500294738804313965e-02 6.578132405561376572e-02 4.792062593577028906e-02
4.225600000000000000e+04 -2.081002957767452699e-02 -5.942349676317348894e-03 2.584669294500230308e-02
4.240200000000000000e+04 -2.081002957767452699e-02 -5.942349676317348894e-03 2.584669294500230308e-02
4.242800000000000000e+04 -4.184294865881099668e-02 1.173319872083098403e-01 2.681087064197384962e-02
4.229700000000000000e+04 -7.719759767232403647e-02 1.050347230057013803e-02 3.579657181035855729e-02
4.238900000000000000e+04 -3.177269964135120972e-02 6.148786942844708392e-03 4.509603955846586132e-02
4.221800000000000000e+04 -5.025460857865482467e-02 5.188494631659068546e-02 4.577285956147036927e-02
4.231800000000000000e+04 -2.087777912477406517e-02 -2.960147294546544572e-02 4.815576081214700821e-02
4.234400000000000000e+04 -8.528260929021769243e-02 9.145970630986255401e-02 2.829840557210516749e-02
4.228600000000000000e+04 -1.065240330146650649e-01 -9.266800196821378677e-02 3.983650263004889780e-02
4.240700000000000000e+04 -1.017121373803320239e-02 2.400872739436010761e-03 7.993557273935536500e-02
4.229300000000000000e+04 -1.041527845170975297e-01 -4.962051402098666131e-02 6.203606150921103790e-02
4.242600000000000000e+04 -4.843765970102253959e-02 3.120203525111975296e-02 6.680400733272051639e-02
4.224400000000000000e+04 -1.247288951096834353e-01 4.946611054010929820e-02 8.339460107551488477e-02
4.238800000000000000e+04 -3.085516750077488268e-02 4.236530496296353476e-02 8.367612216258990543e-02
4.236300000000000000e+04 -5.890128379948578186e-02 5.451454006789191453e-02 8.767702836307478265e-02
4.239900000000000000e+04 -2.363855795648817093e-02 -1.870672249165039602e-02 8.660358268893375566e-02
4.240500000000000000e+04 -1.238597330681301401e-01 -1.093285265786576588e-01 4.364249352993709863e-02
4.228800000000000000e+04 -1.238597330681301401e-01 -1.093285265786576588e-01 4.364249352993709863e-02
4.219500000000000000e+04 -2.907580514919061443e-02 -4.710587737745441927e-02 9.964990254540140313e-02
4.240300000000000000e+04 -1.061956413037563607e-01 -4.330857615288863371e-02 8.053718248906349686e-02
4.239300000000000000e+04 -1.049698855663905306e-01 6.469762412880442071e-02 9.916903788302988687e-02
4.223100000000000000e+04 -1.049698855663905306e-01 6.469762412880442071e-02 9.916903788302988687e-02
4.228700000000000000e+04 -6.453723523780752203e-02 7.752440652073744332e-02 1.000393260588765543e-01
4.224500000000000000e+04 -1.809874336693297892e-01 -2.821525343293274091e-02 1.206455258015175502e-01
4.236700000000000000e+04 -1.921663180650199365e-01 7.760489243955959182e-02 1.135248614119035437e-01
4.237200000000000000e+04 -1.086263463976280264e-01 5.116957760436946501e-02 1.005604496240408707e-01
4.227700000000000000e+04 -1.026104489900205863e-01 4.101555275096302466e-02 1.164927469179488639e-01
4.223900000000000000e+04 -9.456183556991959449e-03 1.016098157340721286e-01 1.276735229960586082e-01
4.240000000000000000e+04 -2.466687322709049113e-02 -1.339112783052343048e-02 1.299410135497183205e-01
4.240100000000000000e+04 -1.156845127248686822e-01 -4.442791591863226586e-02 1.223718357481473618e-01
4.224000000000000000e+04 -8.068924457629123026e-02 1.059171877733575684e-01 1.625819448787808597e-01
4.223700000000000000e+04 -1.870725543241036348e-01 -5.753160485108566036e-02 2.168914715314187447e-01
4.232700000000000000e+04 -1.297048861413401255e-01 1.101244489176522734e-01 2.569526832800050897e-01
4.233000000000000000e+04 -2.753781350464521438e-01 4.806917405254296227e-03 2.256516498234724111e-01
4.221100000000000000e+04 1.587821998937926082e-01 -3.145252901474648866e-01 2.433809199986782801e-01
4.231600000000000000e+04 -9.536858539237869081e-02 1.705231599277325927e-01 1.676131234001552173e-01
4.233700000000000000e+04 -2.425805472221611581e-01 2.773963875223728337e-01 2.174061839964522846e-01
4.233800000000000000e+04 -1.451124277016617725e-01 1.290093754941636917e-01 1.409033583683694246e-01
4.224200000000000000e+04 -1.784292410313383925e-01 1.237984294806295793e-01 1.118810385444177768e-01
4.228200000000000000e+04 8.260941983691338919e-02 4.625283112201117319e-02 5.563713547914872493e-02
4.239400000000000000e+04 2.089644549502907012e-01 7.749468991440267018e-02 2.376469249520241078e-02
4.242500000000000000e+04 9.073573013191094105e-02 -6.442915620674938282e-02 5.531653529964231097e-02
4.224100000000000000e+04 9.933681046530296044e-02 1.150332178624751123e-01 5.889525220826996588e-02
4.228400000000000000e+04 9.825853607182466476e-02 3.771140667719663497e-02 7.681481994883299080e-02
4.219800000000000000e+04 1.187473957023570392e-01 4.622987769884900899e-02 8.103451321194299339e-02
4.238400000000000000e+04 7.318624604947387979e-02 -6.548794167425597834e-02 8.142612070319898976e-02
4.217900000000000000e+04 1.890241901314624329e-01 9.584747329213882949e-03 1.083506287584512506e-01
4.223800000000000000e+04 1.206866922430549494e-01 -1.383149576797393365e-02 1.179855787714458870e-01
4.229200000000000000e+04 1.265118828718101440e-01 8.204991247538373500e-02 1.463918943621145274e-01
4.223600000000000000e+04 2.665707939861192699e-01 3.814881127114944093e-02 1.282764595009773245e-01
4.219700000000000000e+04 5.767436647182933029e-02 -1.164522757472070680e-01 1.513604438196445301e-01
4.224600000000000000e+04 7.459101196830886238e-02 8.354588703544862938e-02 1.668218559462069095e-01
4.223500000000000000e+04 3.981295487892566598e-02 -1.340854253905234827e-01 1.129733816450126938e-01
4.223400000000000000e+04 4.093622920593986692e-02 2.894305836555588485e-03 5.907810394792178954e-02
4.222400000000000000e+04 1.791850306225910572e-01 9.536723291176230077e-02 2.104766148728067776e-01
4.221500000000000000e+04 5.431152562975682940e-02 5.047095847915983313e-02 2.262980357678969767e-01
4.238500000000000000e+04 2.423749840329492145e-02 -1.912534099709972679e-02 6.737259514702031993e-02
4.239000000000000000e+04 1.927895846749549946e-02 -4.995349317470498818e-02 3.835408021148012381e-02
4.219000000000000000e+04 1.927895846749549946e-02 -4.995349317470498818e-02 3.835408021148012381e-02
4.235800000000000000e+04 1.587885607870020976e-02 -1.247578551364370014e-02 9.048435124498510618e-02
4.222500000000000000e+04 -1.680685355609057297e-03 8.814314724934746437e-02 2.203859558261633822e-01
4.242200000000000000e+04 -4.251204045369121332e-01 2.953689019101233271e-01 1.083255152725861592e-01
4.217200000000000000e+04 1.076166247320031744e-02 1.791323102702833125e-01 1.834978862940417343e-01
4.241500000000000000e+04 2.317053886800408691e-01 1.685020783481974149e-01 1.065105308854974453e-01
4.229100000000000000e+04 1.783647353164639071e-01 1.574932253519634173e-01 1.704434113970378917e-01
4.231200000000000000e+04 1.783647353164639071e-01 1.574932253519634173e-01 1.704434113970378917e-01
4.218500000000000000e+04 2.633046311629101410e-01 1.395748666512943714e-01 2.464533223536804485e-01
4.218200000000000000e+04 3.240642775325852654e-02 1.766014945471425790e-01 2.503788636500487996e-01
4.225500000000000000e+04 -4.525862066202535061e-04 1.909926828915970987e-01 2.512787863238052921e-01
4.229400000000000000e+04 5.201629794561597464e-01 7.222708792703258496e-03 4.348739667346706028e-01
4.232900000000000000e+04 3.169275052623703459e-01 2.738227730278310901e-01 3.453340995020042214e-01
4.225700000000000000e+04 -6.693488855705140850e-01 -8.414176333023704046e-02 -1.050425160090604493e-01
4.221900000000000000e+04 -3.148809630117597180e-01 4.054232383641220849e-01 -1.607744363822298794e-01
4.219100000000000000e+04 5.880855465436525265e-01 6.325199266144920784e-02 -3.121813056257849439e-01
4.221700000000000000e+04 2.785300493452780302e-02 -4.366826537958701238e-01 -6.697922897540991016e-01
4.227400000000000000e+04 -1.967883484505961178e-01 -5.887808988198983684e-01 -8.544508869195901468e-01
4.231300000000000000e+04 -9.488596430061591036e-02 1.760871689748739755e-01 -7.514936282140070034e-01
4.242100000000000000e+04 7.843413314775204981e-02 -2.771520735602308605e-01 -2.347638179318458640e-01
4.233600000000000000e+04 7.843413314775204981e-02 -2.771520735602308605e-01 -2.347638179318458640e-01
4.243200000000000000e+04 4.133774550989244290e-02 -3.765467086082452397e-01 -2.236192941843135884e-01
4.229000000000000000e+04 1.147670461030685374e-01 2.548365477742748908e-01 -2.141696671353763293e-01
4.222700000000000000e+04 1.363188372779262636e-01 2.451612814623089776e-01 -2.136480336476687114e-01
4.235500000000000000e+04 5.288129307912470267e-02 1.346098428072508568e-01 -6.554856133371700366e-02
4.233900000000000000e+04 -1.653663397905660304e-01 -2.011434991905503011e-01 -1.092687115153090360e-01
4.228100000000000000e+04 -7.896530620793384969e-02 -3.239161916042334610e-01 -7.357072068040082513e-02
4.235400000000000000e+04 -1.954832719899997073e-01 2.061560773124213597e-01 -9.708218483693542566e-02
4.234700000000000000e+04 -6.722537440637665895e-03 1.900888463829701891e-01 -8.435291244273912525e-02
4.222900000000000000e+04 -2.134394858627075564e-01 2.297851481012926911e-01 -6.586797373117292409e-02
4.240800000000000000e+04 -4.153494582618719733e-01 -3.812805526187901251e-03 -2.484299370782565575e-01
4.235600000000000000e+04 -3.092937858372266646e-01 5.355281712049730913e-02 -1.507906427520033787e-01
4.224300000000000000e+04 7.899170436473923473e-03 2.048677514031993496e-02 -1.092036962584401749e-01
4.234300000000000000e+04 1.032762857471993811e-01 2.866687601892436987e-02 -1.597275704537644003e-01
4.234200000000000000e+04 1.841190111050963196e-01 7.527207307582273188e-02 -1.646131752570560991e-01
4.226500000000000000e+04 2.050412395278158328e-01 -4.301183418353105026e-02 -1.051832336383249356e-01
4.239700000000000000e+04 5.043071269795973421e-02 -2.261392942871509604e-02 -1.027230154819775976e-01
4.233200000000000000e+04 2.068641350216893215e-01 -8.003937722958198719e-02 -9.329198346665634745e-02
4.233100000000000000e+04 2.138245527318787254e-01 -8.463161155763287979e-02 -8.886254702507301317e-02
4.234100000000000000e+04 3.956387618528367511e-02 -4.337930950416790665e-02 -7.045167197182422569e-02
4.229600000000000000e+04 5.513016654415991979e-02 -7.156861332793340580e-02 -5.736091950054955646e-02
4.220200000000000000e+04 5.513016654415991979e-02 -7.156861332793340580e-02 -5.736091950054955646e-02
4.235300000000000000e+04 8.480382937611352645e-02 -5.822284032979041513e-02 -4.695165171007076310e-02
4.225400000000000000e+04 1.123676734774221586e-01 -4.049105641448846882e-02 -3.020059605218250454e-02
4.234900000000000000e+04 2.786588187373695291e-02 -5.402687002379735759e-02 -2.702951478372384031e-02
4.239100000000000000e+04 1.848793651360693957e-01 8.814915949917434546e-02 -1.718234319332623272e-02
4.232100000000000000e+04 1.969447324648712083e-01 -3.904931008391088199e-02 -6.704540378397183531e-03
4.222100000000000000e+04 6.637235626885740203e-02 1.686196165911724165e-02 -9.283039837917783643e-03
4.224900000000000000e+04 3.500200549920862159e-02 -4.408026699225331413e-02 -7.610946428957987564e-03
4.227500000000000000e+04 1.312645384593196241e-01 3.875469863058356168e-02 -9.238088000262933974e-03
4.227800000000000000e+04 5.021196868246136091e-02 -5.055099750322256114e-02 8.387971354792966849e-03
4.228500000000000000e+04 -2.319688184968526912e-03 6.320535481101074993e-02 -1.030326274817419119e-01
4.235200000000000000e+04 -1.097645761495869010e-01 5.503315813037801263e-02 -2.421019258883241321e-01
4.229900000000000000e+04 -8.209775719019773987e-02 -3.041911314683432010e-02 -1.779676328817849651e-01
4.237800000000000000e+04 -1.924684781127439237e-02 -4.570134768641764822e-02 -1.988343825823370992e-01
4.243300000000000000e+04 -1.049730652084548410e-01 -4.338899829816966758e-02 -1.887091086976795395e-01
4.235900000000000000e+04 -1.049730652084548410e-01 -4.338899829816966758e-02 -1.887091086976795395e-01
4.227000000000000000e+04 -1.119897699703500393e-01 6.242238286652934676e-03 -1.207098892778617483e-01
4.222000000000000000e+04 -1.001501062095542238e-01 -2.565688515201003383e-02 -1.005754074786153751e-01
4.231500000000000000e+04 -2.042793943738843154e-01 -7.282238105825200591e-02 -7.759822389855841607e-02
4.243600000000000000e+04 -1.330662639122692781e-01 -2.897920402545395291e-02 -3.057028617446988505e-02
4.228000000000000000e+04 -9.829347557960943504e-02 -1.069974709173493466e-02 -1.895317211475244790e-02
4.226900000000000000e+04 -7.506134188929536322e-02 9.686437532464964306e-02 -8.343200246940796205e-03
4.228300000000000000e+04 -1.229476198178218738e-01 1.402106148061221802e-02 -4.517443803379705969e-03
4.219200000000000000e+04 -1.229476198178218738e-01 1.402106148061221802e-02 -4.517443803379705969e-03
4.239800000000000000e+04 4.114453014449281909e-01 -1.465171233050384103e-01 -2.537801764454847842e-01
4.243500000000000000e+04 4.206704530978129242e-01 -9.910455820140384731e-03 -2.401426111013229558e-01
4.219900000000000000e+04 5.494068846722228727e-01 -3.250164524546761413e-01 -1.572987581052096573e-01
4.239200000000000000e+04 4.284549053689516995e-01 -3.583117331823828522e-01 -1.226438875665856187e-01
4.220000000000000000e+04 4.715440493907863129e-01 2.378097592745973543e-01 -2.140075654433140073e-01
4.238700000000000000e+04 2.572695052526796644e-02 -2.922623018466197209e-01 -4.127350288883526730e-01
4.235700000000000000e+04 7.866292388619910980e-02 -2.752526089053688452e-01 -3.077113017769441683e-01
4.217300000000000000e+04 -8.515836436454549130e-02 -1.013581129095086908e-02 -4.321578535950045818e-01
4.227900000000000000e+04 -6.611851194705309354e-02 1.137197660769260210e-01 -4.155833549633314306e-01
4.238600000000000000e+04 -1.174461409855354077e-01 6.960462096657948905e-02 -3.687781401917504809e-01
4.236400000000000000e+04 -3.910349888521125195e-02 7.338636756071537093e-02 -3.287142842330510462e-01
4.234000000000000000e+04 3.243792759896138023e-01 -1.470265279520646118e-01 -2.987510249903984061e-01
4.226800000000000000e+04 3.401887555563547494e-01 2.387364850685713691e-02 -2.955724944418349764e-01
4.220800000000000000e+04 1.220034153451194925e-01 2.102826771606771672e-01 -3.841104268572905767e-01
4.230700000000000000e+04 5.254396358580777360e-01 -3.544498333546926006e-01 -3.145417851651401975e-01
4.236000000000000000e+04 4.427687401379643006e-01 2.345318031307996876e-01 -4.319079336221633980e-01
