# star id 	 star_x_coords [pc] 	 star_y_coords [pc] 	 star_z_coords [pc] 
5.267500000000000000e+04 1.096624657433888927e+00 2.607746863655314939e+00 -5.525867658214238531e-01
5.251500000000000000e+04 4.646768952773854267e-01 3.125584590383398975e+00 7.479105187903698493e-01
5.251400000000000000e+04 2.973305723809147594e-01 1.819626177855452553e+00 -1.463034197333712427e-02
5.262700000000000000e+04 2.767514973786120436e-01 2.494336008747763955e+00 7.332974844365764966e-01
5.251600000000000000e+04 -4.164087821005537648e-01 -2.610342024716580056e+00 -1.147733990839867602e-01
5.252800000000000000e+04 -2.305123964670059422e+00 -8.025831745944991269e-01 7.251798432350256007e-01
5.276100000000000000e+04 2.070865790577833820e-01 -1.161336730243167636e+00 7.199703913262140986e-01
5.254700000000000000e+04 1.754754671490132978e-01 -7.465176705566882731e-01 5.102878629945237776e-01
5.251100000000000000e+04 -1.083071206081420712e-01 -6.764756789358266076e-01 2.295163386045757647e-01
5.244000000000000000e+04 9.010928970679188410e-02 7.437805431034902881e-01 1.831333088904258943e-01
5.255400000000000000e+04 1.481533908864918203e-01 -1.019947492059003480e+00 -4.572249213881036667e-01
5.273100000000000000e+04 2.010285371499271889e-01 -1.452801346884573519e+00 -4.235777064096950539e-01
5.254300000000000000e+04 2.036452072928796042e-05 -7.617804117600446290e-01 -3.901186683083111006e-01
5.248800000000000000e+04 -1.194070453323448078e-02 -6.068604352458457640e-01 -1.285826025818082030e-01
5.248000000000000000e+04 7.611955279438831212e-02 -7.408363586551462987e-01 -1.534796245701812722e-01
5.274800000000000000e+04 -1.366171527460693369e-01 2.295483288445598902e-01 -7.802410381645827897e-01
5.262200000000000000e+04 1.933381540073106919e-01 1.503781737614948710e+00 -7.674403289568445530e-01
5.268700000000000000e+04 -1.147221812792587059e-01 1.379971860467184896e+00 -6.772481893192718871e-01
5.261900000000000000e+04 -9.869271085324982096e-03 -3.941726197482040561e-01 -5.658300599715673229e-01
5.271700000000000000e+04 -5.581664736164597684e-01 -1.001036528505695244e+00 6.083494523888361982e-01
5.248900000000000000e+04 -5.100530764137829465e-01 1.899357983053189258e-01 -8.335630860629379413e-01
5.269300000000000000e+04 -6.226775445698393696e-01 -9.743011972156434553e-01 -8.659703798235369732e-01
5.266500000000000000e+04 -1.182685667906753224e+00 2.086967620435800086e-01 -5.681289726152272124e-01
5.268600000000000000e+04 -6.288291003294332882e-01 -5.681000489769374440e-01 2.659238229481388771e-01
5.247500000000000000e+04 -5.955888928720085573e-01 -8.249101300235501810e-01 1.505069639845473262e-01
5.254000000000000000e+04 -4.420353035413882026e-01 4.434860948700798389e-01 -9.402593382970181324e-01
5.271500000000000000e+04 -5.946322624758906272e-01 4.995378735756847988e-01 -7.489955259037941460e-01
5.249500000000000000e+04 -6.105684645877431649e-01 6.158021328228606706e-01 1.568405917096100666e-01
5.268900000000000000e+04 -5.483853150350981309e-01 1.268991922368893910e+00 -5.206615273229502350e-01
5.276200000000000000e+04 -6.558210353646742874e-01 -5.954798137516341683e-01 1.249860301987304467e+00
5.258100000000000000e+04 -8.721778411699858680e-01 4.205099211360590061e-01 2.039785790107373487e-02
5.260600000000000000e+04 -1.940893240800839692e+00 9.740726753703317087e-01 -8.931664474563660860e-01
5.258500000000000000e+04 -1.524467397032665872e+00 -1.330045228922074330e-01 5.685354504346094018e-01
5.263500000000000000e+04 -1.138201893650965246e+00 7.815187284168931825e-01 6.806541810200315012e-01
5.247700000000000000e+04 -8.960562409742891532e-01 5.707246680955968543e-02 7.930492645105857719e-01
5.258600000000000000e+04 -1.156303101979482051e+00 -1.736867509548451594e+00 1.270952243811272808e+00
5.252000000000000000e+04 -6.710489951097144967e-01 -1.033597906605805861e+00 -1.693514534071976385e+00
5.254500000000000000e+04 -4.353275211948925971e-02 -4.957489628597677722e-01 -1.244227795284821525e+00
5.276400000000000000e+04 -9.400611773622173928e-01 -4.101668962495406134e-01 -1.432396124096896983e+00
5.261700000000000000e+04 2.060334344169518772e-01 -3.875228456287516110e-02 2.257332572385877256e-01
5.270300000000000000e+04 1.418400253661182830e-01 4.709754269269161853e-02 2.009214543439412637e-01
5.249800000000000000e+04 8.493699606219706766e-02 1.905311081216787272e-02 7.397551320531903229e-02
5.248300000000000000e+04 1.179771554464927874e-01 -5.316504188383675000e-02 6.241849561296675120e-02
5.264100000000000000e+04 -1.218862735614756332e-01 -4.260792865511930927e-02 2.621230927264477373e-01
5.251200000000000000e+04 3.138866889194247278e-02 8.691295836463552860e-03 1.883833662924274677e-01
5.247100000000000000e+04 4.385643889731127842e-02 -4.762297773294399406e-02 2.888955009052267542e-01
5.278000000000000000e+04 4.753667039730657962e-02 -8.546977657185550470e-02 2.749223208419877551e-01
5.253100000000000000e+04 3.963367673132012214e-02 1.218298091554892437e-02 1.595841146411345335e-01
5.272200000000000000e+04 3.963367673132012214e-02 1.218298091554892437e-02 1.595841146411345335e-01
5.262100000000000000e+04 5.213835329106331073e-02 6.182359389003444505e-02 1.971960060731348108e-01
5.267900000000000000e+04 1.288031674107017466e-01 -1.315515863143446040e-02 1.825459703727290162e-01
5.249900000000000000e+04 1.288031674107017466e-01 -1.315515863143446040e-02 1.825459703727290162e-01
5.266400000000000000e+04 -1.779148511642603125e-02 -9.760707838964677308e-02 2.333335101747309182e-01
5.268000000000000000e+04 -1.053625471391548274e-01 -1.888356532763051376e-01 3.106662470030272516e-01
5.272100000000000000e+04 -6.496165233657080762e-02 -7.456819244669787849e-02 2.802495878314132938e-01
5.248600000000000000e+04 -4.456045100014307536e-01 -1.127282714535748909e-01 1.557645732651167236e-01
5.255700000000000000e+04 -4.456045100014307536e-01 -1.127282714535748909e-01 1.557645732651167236e-01
5.258300000000000000e+04 -4.581606952029986246e-01 -1.951750983278746077e-01 2.038565062975692399e-01
5.249200000000000000e+04 -5.914391741018292237e-01 -1.827410545245022888e-01 3.914611293168235306e-01
5.260100000000000000e+04 -8.396322650811853805e-01 -7.950039573667488924e-02 1.677230887621163902e-01
5.259300000000000000e+04 -1.886515356406661681e-01 -1.093605859921495949e-01 2.300979992132567986e-01
5.276000000000000000e+04 -2.363275603071599562e-01 -2.434157478343585979e-01 1.221940492876925077e-01
5.274400000000000000e+04 1.000990002455530714e-01 -3.578763068621366727e-01 2.793150828178028178e-01
5.250200000000000000e+04 2.231843894347562696e-02 3.163123589513894274e-02 2.474897983584156691e-02
5.243900000000000000e+04 8.252054717292267583e-02 1.722869980206276352e-02 1.351749652413971603e-01
5.272600000000000000e+04 7.501957028970096530e-02 9.396009832048868304e-02 3.893642943238262433e-02
5.266800000000000000e+04 1.500233920029785395e-01 6.162653045978139232e-02 2.058347642290954127e-01
5.248200000000000000e+04 -1.638876334023819936e-02 1.483187640523588868e-01 1.992206804076559479e-01
5.244600000000000000e+04 1.588549579025766434e-02 2.257867621074307607e-01 1.030469991120810391e-01
5.259600000000000000e+04 -6.671487347919224931e-01 1.014084375134540750e-01 1.331908249413018552e-01
5.263900000000000000e+04 -7.980238667910910522e-02 -3.100702604993266220e-02 4.199076447721807881e-01
5.251700000000000000e+04 -3.423079830039945648e-01 -3.799622607635200211e-02 5.961672006768310439e-01
5.247400000000000000e+04 -1.868742238293137348e-01 -2.023137017074354560e-01 6.156498903209950413e-01
5.245400000000000000e+04 1.916125013386924536e-01 1.347322829301358382e-01 4.576368884070305398e-01
5.254800000000000000e+04 -1.831237092833788438e-01 1.482625586740677903e-01 6.206061510050560059e-01
5.269100000000000000e+04 -4.252751778282188866e-01 5.695515456528532638e-02 6.888857511122594701e-01
5.270100000000000000e+04 -3.369157503754749428e-01 -2.615273891420279995e-01 2.202267926759091665e-01
5.254900000000000000e+04 1.697720220371223832e-02 -2.289053437202372976e-01 -7.368320927807303633e-02
5.244400000000000000e+04 -8.267176598941006205e-02 -4.060406136187921788e-02 -1.583874696071774224e-02
5.273500000000000000e+04 -3.760782155053021825e-02 -5.149962574265032345e-02 -1.452765213151110402e-01
5.258200000000000000e+04 9.957146575825248647e-03 -8.871593809711697531e-02 -1.414876127058946054e-01
5.246800000000000000e+04 -1.129711205001271423e-01 -1.601484434201339013e-02 -1.427924689376141032e-01
5.275300000000000000e+04 -1.129711205001271423e-01 -1.601484434201339013e-02 -1.427924689376141032e-01
5.264700000000000000e+04 -1.129711205001271423e-01 -1.601484434201339013e-02 -1.427924689376141032e-01
5.271600000000000000e+04 -3.624263891030210516e-03 -5.884988997322615489e-02 -2.038411918388760569e-02
5.249300000000000000e+04 -1.621968304896732604e-01 -2.155486914745061711e-01 -1.461378102652162170e-01
5.258400000000000000e+04 -4.422008973609692362e-02 -3.503245586739112127e-02 -5.265235594497852389e-02
5.249000000000000000e+04 6.109184587370108943e-02 -8.742922364072036601e-02 -1.221865140659872395e-01
5.255300000000000000e+04 -1.425594830859040485e-01 -1.296613416608742853e-01 -7.847662448682513059e-02
5.263700000000000000e+04 -1.425594830859040485e-01 -1.296613416608742853e-01 -7.847662448682513059e-02
5.271200000000000000e+04 -2.176720267781462326e-02 -1.737574454281567427e-01 -1.045408098405786745e-01
5.246100000000000000e+04 9.169423103266538533e-02 -3.949494205246928402e-02 -6.694189502795921953e-02
5.244500000000000000e+04 -7.413399131325704161e-02 -1.279293061206914217e-01 -1.303353378293010678e-01
5.266700000000000000e+04 -8.711724644763663150e-02 4.292467565886859404e-02 2.810479118448228064e-02
5.252500000000000000e+04 1.812623779385447165e-02 -9.144791066779411892e-02 -3.013054064054188075e-02
5.248100000000000000e+04 3.428703362584428760e-02 -2.191831421169769811e-01 -2.252488059522050889e-01
5.269000000000000000e+04 -1.032389802956750202e-01 -9.773591824462890543e-02 -9.807064746444638104e-02
5.250000000000000000e+04 -5.772946714652960054e-02 4.041887415110956283e-02 3.186626009892279399e-04
5.253500000000000000e+04 2.833454564184023639e-02 -1.676409382942267712e-02 -1.928651523510893639e-02
5.256500000000000000e+04 2.833454564184023639e-02 -1.676409382942267712e-02 -1.928651523510893639e-02
5.261200000000000000e+04 2.833454564184023639e-02 -1.676409382942267712e-02 -1.928651523510893639e-02
5.267300000000000000e+04 -1.148743073570379636e-01 -5.375690330361670988e-02 5.883302134715506782e-02
5.259100000000000000e+04 9.863008811460360903e-02 -6.631255679366887534e-02 1.792690931038976032e-02
5.261100000000000000e+04 -9.631937410273394562e-02 1.360619356446157724e-02 3.411029661101849797e-02
5.261000000000000000e+04 -2.265022850810183286e-02 -2.610854890370646331e-01 1.012309690509027860e-02
5.246200000000000000e+04 -6.591301782616199034e-02 -9.749903711756680025e-02 -2.524196467142303391e-03
5.247600000000000000e+04 1.180113926515460321e-01 -9.612304616813993619e-02 -1.257377296568051861e-03
5.255100000000000000e+04 6.916241120997312919e-02 -2.173508406012807370e-01 -1.110672499287659321e-01
5.264200000000000000e+04 1.004506108930875996e-01 -6.093895536006677105e-02 5.180943478145394465e-02
5.268100000000000000e+04 -3.202275060039383447e-02 3.031994195819720517e-02 6.010208198949129610e-02
5.261800000000000000e+04 4.548417789617431595e-02 -1.763367111990987723e-03 3.181640328908486026e-02
5.259400000000000000e+04 2.747550341352678061e-02 -2.978818715014845964e-01 -1.842065851002558929e-01
5.247000000000000000e+04 -1.566504595629858443e-01 -1.697967674568428009e-01 9.237441435844573334e-02
5.270600000000000000e+04 -7.480957989560721444e-03 -4.749368783360097268e-02 6.395901554778760101e-02
5.255600000000000000e+04 9.670241598604434330e-02 -4.978028892028216745e-01 -3.402723268695950765e-02
5.262900000000000000e+04 -5.909304737734544233e-04 -5.132326756149794278e-01 -2.784137457846114216e-01
5.262000000000000000e+04 1.517609759513938172e-01 -4.510453972042718362e-01 -8.994029360342636892e-02
5.265200000000000000e+04 1.488295523528293529e-01 -4.843343622870488474e-01 -5.519308241191112074e-02
5.271800000000000000e+04 -4.693572879283536281e-01 -2.569635499323297267e-02 7.133508791497433776e-03
5.262300000000000000e+04 -3.090755240096463297e-01 -1.684585604003796533e-01 -1.655898642258932796e-01
5.244200000000000000e+04 -1.910155492575604796e-01 -8.448247520037277525e-02 -2.033551030942248872e-02
5.244100000000000000e+04 -1.739815594458349324e-01 -3.264376622770548408e-02 -8.877731947146827451e-02
5.249600000000000000e+04 -2.472662886964513973e-01 4.358047342083892772e-03 -2.683126133881330588e-02
5.252400000000000000e+04 -1.705777946016553415e-01 -5.585979698161125384e-02 -3.778346626715034517e-02
5.247200000000000000e+04 -2.408700289712726317e-01 -1.409488512224204015e-01 -1.088136091812472728e-01
5.267200000000000000e+04 -2.150349030727340960e-01 -2.759629362661488727e-01 4.470899942215567080e-02
5.248500000000000000e+04 -2.105706135018543534e-01 -6.089961074942351615e-02 6.792354500050379329e-02
5.270400000000000000e+04 -9.029262004893467974e-02 3.030032638330126815e-03 -1.630135737542914853e-01
5.265000000000000000e+04 -9.029262004893467974e-02 3.030032638330126815e-03 -1.630135737542914853e-01
5.263800000000000000e+04 -3.008084689548908841e-01 1.157590400038230882e-01 2.873621567454875958e-02
5.267000000000000000e+04 -3.828891046776590201e-01 -4.300717625055359150e-01 -1.573508828392746750e-01
5.246900000000000000e+04 1.236432752153788783e-01 -1.633668118622644272e-02 1.962859412713413576e-02
5.248400000000000000e+04 1.236432752153788783e-01 -1.633668118622644272e-02 1.962859412713413576e-02
5.259200000000000000e+04 1.503858728406193279e-01 -2.728776552451783743e-02 8.102676422836907477e-02
5.245500000000000000e+04 1.330230166842447659e-01 -1.980323841907463134e-01 -1.369839557742409397e-01
5.274900000000000000e+04 1.836597029577511364e-01 -1.489834243847933948e-01 1.130659120757400160e-01
5.255200000000000000e+04 1.836597029577511364e-01 -1.489834243847933948e-01 1.130659120757400160e-01
5.246300000000000000e+04 1.465437580794066719e-01 -5.260620257850057158e-02 -2.023261931819320125e-02
5.261600000000000000e+04 4.300696339296194992e-02 -4.181925347324799702e-02 -1.465298642383103811e-01
5.250700000000000000e+04 -1.779687025339846684e-01 5.996003485379652886e-02 -1.239538473175798572e-01
5.254600000000000000e+04 2.688891919756741800e-03 2.370587651186895073e-02 -2.655994608705611881e-01
5.255800000000000000e+04 -1.825919210567228390e-01 6.397632086649096550e-02 -1.398856396946825953e-01
5.263400000000000000e+04 1.552823519999719792e-01 3.927227836724433985e-02 -8.937441313091909478e-02
5.270700000000000000e+04 2.189558157756366086e-02 9.990166682242751506e-02 -1.412767574430375817e-01
5.258800000000000000e+04 6.873021666313761102e-02 1.441948060197955073e-01 -1.251479372192250139e-01
5.273000000000000000e+04 -1.589726584294446354e-01 9.962382145002202094e-02 -9.438077486504425906e-02
5.245000000000000000e+04 5.620003690898656146e-02 1.075574128825955711e-01 -5.597207420245098319e-02
5.274700000000000000e+04 -1.932053169558614059e-01 9.163973988171925100e-02 -1.686526719030112531e-01
5.269700000000000000e+04 3.579791275814159235e-02 7.324231136241010631e-02 -1.510283600973920670e-01
5.263600000000000000e+04 -1.402704860016292798e-01 2.345025318079656529e-01 -4.767681903835807589e-03
5.261500000000000000e+04 2.638013276979123134e-02 2.871376454680429902e-02 3.620846088568896448e-02
5.264300000000000000e+04 -8.888862105676409442e-02 7.299485667294547397e-03 -6.899803134258064574e-02
5.274300000000000000e+04 -8.888862105676409442e-02 7.299485667294547397e-03 -6.899803134258064574e-02
5.262600000000000000e+04 -8.888862105676409442e-02 7.299485667294547397e-03 -6.899803134258064574e-02
5.265900000000000000e+04 -7.456194174579877654e-03 4.168335443267423557e-02 -1.059536700108196783e-01
5.272300000000000000e+04 -9.814929210415712646e-02 1.391136622544486556e-01 1.150223150013687246e-01
5.247800000000000000e+04 7.397234185096834835e-02 -2.360652105920735266e-03 7.866853410444463179e-02
5.246700000000000000e+04 -6.522982131768984004e-02 1.227777285818572039e-01 1.194730708661921881e-01
5.246600000000000000e+04 1.224134048911018624e-01 4.550504686324075010e-02 8.990253009548609953e-02
5.246500000000000000e+04 9.603292380965200437e-02 1.981256927738606066e-02 -2.149578446687883115e-02
5.252100000000000000e+04 -9.545627355290520200e-03 -6.566319790452546101e-02 -2.069503158767105333e-02
5.260400000000000000e+04 6.633161408907994883e-02 -2.350235489458363247e-02 -1.563981164662990864e-01
5.263100000000000000e+04 8.107240358302547634e-02 2.021520935554654841e-02 -1.948530716559133680e-01
5.273200000000000000e+04 1.341668562015989608e-01 1.425528137688996111e-01 -6.470814270912228494e-03
5.271300000000000000e+04 1.991802207049815365e-01 2.772627919079386771e-01 -2.271049802358788838e-01
5.272500000000000000e+04 -6.409535456480242033e-02 -9.833948052615326674e-02 -3.736319353575510149e-01
5.274200000000000000e+04 1.138212411030892213e-02 -5.987962355717790786e-02 -1.910942935604893478e-01
5.265100000000000000e+04 1.821272683630184019e-01 -1.743999687754360650e-02 -2.486931118649664540e-01
5.269800000000000000e+04 1.072759259379658658e-01 -4.028186080715379092e-02 -2.378387949395701639e-01
5.272400000000000000e+04 1.445042459893493003e-01 -3.145348064476625183e-01 -3.862783300994081515e-01
5.267800000000000000e+04 9.534616632152292937e-02 8.734215805928613463e-02 -3.374967255196992255e-01
5.264500000000000000e+04 -4.854289091237973253e-03 9.200709596708378513e-04 -3.803630677550202677e-01
5.243500000000000000e+04 -9.297080633914234227e-02 2.133935775496986764e-02 -3.674741168937813995e-01
5.250800000000000000e+04 1.299382355838574199e-01 5.270495573497235853e-02 -4.330935896522731809e-01
5.265800000000000000e+04 2.058108327920784575e-01 1.134329992810219068e-01 -2.404914150349881652e-01
5.259900000000000000e+04 -4.778383403897876747e-01 -9.306610510949298032e-02 -2.711478253508516900e-01
5.259800000000000000e+04 -2.190219329935416681e-01 -6.672082869722650855e-02 -2.985825891632813978e-01
5.259700000000000000e+04 -1.411110874944974114e-01 -7.480092984060959793e-02 -2.805747984359285851e-01
5.273800000000000000e+04 -1.411110874944974114e-01 -7.480092984060959793e-02 -2.805747984359285851e-01
5.246400000000000000e+04 -1.701432556241115890e-01 -5.583830218620811081e-02 -2.034914687263835731e-01
5.245900000000000000e+04 -2.633873056235280785e-01 2.834795163078425162e-01 -4.017875675707429650e-01
5.253700000000000000e+04 7.065775666590212722e-02 6.101140189222462595e-01 2.885028668036611066e-01
5.243600000000000000e+04 1.881222903517674183e-01 5.207141933216767882e-01 2.747341215064906805e-01
5.250100000000000000e+04 1.482258331536989715e-01 4.753775047909449825e-01 -6.362091092957200544e-02
5.247300000000000000e+04 -4.051735844356514349e-01 5.352424376259801164e-01 3.331930162954748198e-01
5.264400000000000000e+04 -4.722039156440587249e-01 5.599033003666153974e-01 -1.721048805373328605e-01
5.245200000000000000e+04 9.657148695740858102e-03 -1.142714453960534726e+00 1.488390476176803645e+00
5.260900000000000000e+04 7.693852286964606435e-01 -4.691172219818060540e-01 5.018024293818541537e-01
5.274600000000000000e+04 3.202418755597449262e-01 -3.846650242635956118e-01 6.109279878322126933e-01
5.262800000000000000e+04 5.953607322197029816e-01 1.072272283424604566e+00 3.740502099975913097e-01
5.271100000000000000e+04 5.854969349350653829e-01 5.033210223179906961e-02 7.481973831334585157e-01
5.260200000000000000e+04 6.167893547684570876e-01 -3.398237984086254215e-01 7.057510867292648982e-02
5.272800000000000000e+04 5.691336316818826901e-01 -2.530894834806804994e-01 -1.051915839048618295e-01
5.261400000000000000e+04 8.315886626205930554e-01 -3.120113665842634276e-01 1.433204774015379712e-01
5.261300000000000000e+04 2.765243775183421349e-01 6.369323042091270537e-01 5.734482322569789403e-02
5.250500000000000000e+04 8.000471856705466678e-01 2.878343129729472594e-01 -6.242435847151028838e-02
5.263300000000000000e+04 7.221473156539062188e-01 2.347990553339052155e-01 -2.408399338485622820e-02
5.270200000000000000e+04 7.432350364525923681e-01 4.309867083003542376e-01 1.759394603049884154e-01
5.253800000000000000e+04 5.695149047154046684e-01 1.181130843952615805e-02 2.181577684090996172e-01
5.265400000000000000e+04 5.343726032826161543e-01 2.628347249128637486e-02 -8.915419929355081763e-01
5.274100000000000000e+04 7.640295517452138085e-01 2.645024793588071077e-01 -5.883172049433582629e-01
5.271000000000000000e+04 2.460451053050611847e-01 1.506392567751746014e+00 2.476416049105125694e-01
5.266900000000000000e+04 9.895304183995143887e-01 7.098415310857824068e-01 1.321894856708702548e+00
5.266000000000000000e+04 1.266568372428341860e+00 -3.697996290641114570e-02 1.800769971092819333e-02
5.246000000000000000e+04 1.069831245920983775e+00 6.929630031634808063e-01 4.459684925642761755e-01
5.249700000000000000e+04 1.010391675008527557e+00 -1.906581621417762662e+00 3.687919514631374795e-01
5.273300000000000000e+04 8.753239798520482395e-01 3.286307722696477640e-01 3.826753031967129459e-01
5.266600000000000000e+04 1.488529699966953501e+00 5.334815896215658881e-01 -1.726020784914084061e-02
5.270000000000000000e+04 1.901747805439988781e+00 1.428542962702817221e+00 1.970110703464769131e+00
5.243700000000000000e+04 7.241397230035104826e-01 5.808662460013316320e-01 -9.883166613721883209e-01
5.260800000000000000e+04 6.575253278695605275e-01 2.317025669550680789e-01 -1.747891348870876271e+00
5.262500000000000000e+04 5.196908121836898431e-01 -3.124962755301492479e-01 3.654975424405790818e-01
5.249400000000000000e+04 4.869951169874617847e-01 -3.699268723271131876e-01 2.128586999218882170e-01
5.271900000000000000e+04 3.877170334739794555e-01 4.845191955433314490e-02 2.998767675313729342e-02
5.250900000000000000e+04 3.624773859752181693e-01 1.543875096076554598e-01 4.075204868150450466e-02
5.260500000000000000e+04 2.874956018522567547e-01 7.731588892656837686e-02 6.636974336113610207e-02
5.267700000000000000e+04 2.602735853556801260e-01 7.898812923455622581e-03 3.575893817547637354e-03
5.275400000000000000e+04 2.820527452122050249e-01 1.645256694530949915e-02 2.113424981327156615e-01
5.265500000000000000e+04 2.394088459341396913e-01 1.240061017721689751e-01 1.127880086613188837e-01
5.260700000000000000e+04 4.981136764537978934e-01 3.581319160839768756e-02 2.318570044566357069e-01
5.258700000000000000e+04 4.237395543035837875e-01 1.844849843676090728e-01 -3.362494516328524696e-01
5.269500000000000000e+04 5.199213620645011247e-01 9.809821977121302439e-02 -2.682058147722159447e-01
5.269400000000000000e+04 2.241678284858927839e-01 3.494036778495086537e-01 3.281176192728807450e-01
5.265300000000000000e+04 3.777308524146931745e-01 -5.329324916845532556e-01 -3.667120302044892810e-01
5.244900000000000000e+04 3.756175467576703397e-01 -1.658939891656370236e-01 -5.229141104808050500e-01
