# star id 	 star_x_coords [pc] 	 star_y_coords [pc] 	 star_z_coords [pc] 
2.679600000000000000e+04 2.370141655508717804e+00 -8.504785132905610112e-01 -5.045391413145878801e-01
2.670400000000000000e+04 2.279209036126857768e+00 -5.688326468266780012e-02 -2.486420650435711366e+00
2.679200000000000000e+04 1.486812034396876925e+00 -3.961581107351932474e-01 -1.365890767438983744e+00
2.670600000000000000e+04 -1.405735756114353308e+00 1.389535076034498218e+00 -2.201944928615304775e-01
2.678200000000000000e+04 -1.151685424370839428e+00 7.131326334289127544e-01 6.749347070617091049e-01
2.669300000000000000e+04 -1.285131116784157257e-01 4.800059188105905150e-01 1.735220410408970793e-01
2.669900000000000000e+04 -3.308273015947520435e-01 7.369234418039525281e-01 -1.191785208273117291e-01
2.668000000000000000e+04 -1.389422211344566449e-01 8.145963721837432558e-01 -4.755422681469312352e-01
2.673700000000000000e+04 -3.728368013415348514e-01 4.751071893941087865e-01 -6.224868816401425420e-01
2.675900000000000000e+04 -6.968756825335731264e-01 -1.607229625923537242e+00 1.480025212543196744e-01
2.673000000000000000e+04 7.977608775976676725e-01 -9.045898683482676006e-01 -6.770835784585074180e-01
2.676800000000000000e+04 8.070796278169183324e-01 -6.991125194328304815e-01 -1.197931316789961897e-01
2.680100000000000000e+04 -6.409641764494296012e-01 -2.775868290485654200e+00 -5.626903486545131727e-02
2.676200000000000000e+04 -7.656241677543675905e-01 -2.543537507408117904e-01 1.324905142757160093e-01
2.669500000000000000e+04 -1.296087093662634970e+00 -1.843117093639790482e+00 -2.457704760797270183e-01
2.669700000000000000e+04 -5.220525470402321844e-01 -8.235059959242576610e-01 1.099151999461930984e+00
2.673800000000000000e+04 -3.351763801389751052e-01 1.466872054052572594e-01 -1.131917679607369109e+00
2.676100000000000000e+04 -1.742781126798391256e+00 3.910291545685851133e-02 -8.123047174808064597e-01
2.670900000000000000e+04 -5.798972599086482660e-02 -1.334067822006446136e-01 -3.854423055243927365e-02
2.671500000000000000e+04 4.609621373619177120e-02 -1.014955358303524235e-01 1.650498743333628227e-02
2.670700000000000000e+04 3.831288300395385704e-02 -1.992224240940814184e-01 4.627097009928604621e-02
2.676300000000000000e+04 -9.119288741621289773e-02 -2.967987977483304007e-01 1.916037509269088446e-01
2.674400000000000000e+04 -1.873225955789052932e-01 -1.663105431324396477e-01 8.904524420164250387e-02
2.669100000000000000e+04 -4.113074552196280820e-01 -2.100008431585536073e-01 2.320339414322063476e-01
2.676500000000000000e+04 -4.924832586682725832e-02 -7.757267934021427891e-02 3.141694106199039993e-01
2.673100000000000000e+04 -4.173522015400976670e-02 -2.459987335655711149e-02 3.876664332082668807e-03
2.680000000000000000e+04 5.304842308481738655e-02 7.386957956519779600e-03 1.859695362067270707e-01
2.668500000000000000e+04 1.469942913076351942e-01 3.665077629488564526e-01 -6.171718981391194347e-02
2.678000000000000000e+04 3.549581884134198617e-01 1.137483432497461422e-01 7.041198996255815246e-02
2.672900000000000000e+04 1.883057299079382574e-02 2.223849337288754668e-01 2.963910899111965591e-03
2.668200000000000000e+04 3.252091114912047942e-02 7.467896073200108731e-02 1.580065616435746279e-01
2.677500000000000000e+04 1.090242574694997302e-01 1.203652405377084733e-01 1.635710422299823108e-01
2.672600000000000000e+04 1.090242574694997302e-01 1.203652405377084733e-01 1.635710422299823108e-01
2.678100000000000000e+04 2.491737941068095097e-02 1.416524264627909702e-01 1.707851859422717666e-01
2.668400000000000000e+04 2.491737941068095097e-02 1.416524264627909702e-01 1.707851859422717666e-01
2.668900000000000000e+04 -1.837819495453629770e-02 -1.723479261897864490e-02 -1.082562807214060285e-02
2.668100000000000000e+04 8.690278256295869141e-04 1.857162724960517153e-01 2.257575888191496460e-01
2.676600000000000000e+04 4.959259916651603817e-02 1.982802612677403431e-02 2.214097489982691513e-01
2.677300000000000000e+04 1.382026773795956842e-01 4.357766490809211746e-02 2.203991110093639350e-01
2.666500000000000000e+04 -1.047921691665720800e-01 1.055085226122685071e-01 1.064367665911021277e-01
2.678300000000000000e+04 2.544565655812078830e-01 9.235082952442752458e-02 3.198571017811104866e-01
2.672300000000000000e+04 1.068195316739917189e-01 4.237841370354828996e-01 3.235534182470232167e-01
2.671400000000000000e+04 1.352494025075259287e-01 -8.580725543519918119e-02 4.116119899644132829e-02
2.674100000000000000e+04 9.045184848054077520e-02 -9.025246585981960834e-02 1.610971802572862543e-01
2.671200000000000000e+04 -4.174610660901691972e-01 -6.814007652141640392e-02 5.439846650969570874e-02
2.679000000000000000e+04 -6.376435637082380481e-01 2.725274150681258334e-01 1.931822780897647363e-01
2.672000000000000000e+04 -3.919217988183589796e-01 1.160110997458474458e-01 -1.444726992837317425e-01
2.672100000000000000e+04 -2.064706328454235518e-01 1.181222696453900767e-01 1.774371341478300224e-01
2.674500000000000000e+04 -1.856677898193055398e-01 5.938630009823953060e-02 2.743038850294041708e-01
2.668300000000000000e+04 -5.490828928098778761e-02 -2.248820941332141388e-01 6.478565592937997053e-01
2.671300000000000000e+04 2.534298296344275059e-01 2.052622596826196855e-01 4.593721612819834377e-01
2.672400000000000000e+04 1.124213653311869621e-01 4.373655349607830090e-01 3.742364940606890400e-01
2.671900000000000000e+04 2.559051613755798371e-01 3.192290766778356215e-01 4.833395996246636628e-01
2.671700000000000000e+04 6.736609513450275699e-02 2.340131089634382988e-01 4.131599854642615810e-01
2.671800000000000000e+04 6.736609513450275699e-02 2.340131089634382988e-01 4.131599854642615810e-01
2.671600000000000000e+04 2.873864506876913083e-01 7.981722687985381981e-02 3.860406024972249384e-01
2.669800000000000000e+04 2.176468550684376169e-01 7.003881176508031103e-02 4.746665813333379447e-01
2.675800000000000000e+04 3.336763056348672762e-01 4.079544106162629191e-01 6.632222504086371373e-01
2.679400000000000000e+04 -3.598574944916776985e-02 4.290126681775134898e-01 6.799867306303681858e-01
2.676400000000000000e+04 -2.242691431417682679e-01 3.364770617089831717e-01 7.232400683416742027e-01
2.674300000000000000e+04 4.394361425527080200e-01 -5.930817309742053567e-02 -2.821346929842150075e-02
2.670800000000000000e+04 4.645057965051364590e-01 5.140720699619549805e-02 6.649819107127541429e-02
2.667500000000000000e+04 5.298666472323958487e-01 2.501890807261517580e-01 3.167392950423675302e-02
2.668800000000000000e+04 4.122573680268004637e-01 4.592499478619558317e-01 -1.374282088065399421e-01
2.670300000000000000e+04 7.774512725776219213e-01 6.217729573050689851e-02 4.352203940610834820e-01
2.675600000000000000e+04 7.943526573055237350e-02 -2.917094478178086092e-01 -4.303438083264836678e-01
2.671100000000000000e+04 -5.992915443277979648e-02 3.541664061727018975e-01 -4.585942950620562897e-01
2.675500000000000000e+04 1.493287311699447173e-01 2.180935614885726181e-01 -4.799151679347275490e-01
2.678900000000000000e+04 -6.482764767337272360e-01 2.561650163508915057e-01 -7.442216790001268123e-01
2.678800000000000000e+04 -6.482764767337272360e-01 2.561650163508915057e-01 -7.442216790001268123e-01
2.679500000000000000e+04 -3.627787741893939710e-01 -1.012116442075239320e-02 -3.541915380334970109e-01
2.678400000000000000e+04 4.408882460319460961e-01 6.671760727872566576e-02 -3.082576826305825080e-01
