# star id 	 star_x_coords [pc] 	 star_y_coords [pc] 	 star_z_coords [pc] 
3.266400000000000000e+04 -7.770464631200368899e-02 1.003953361092417840e+00 -1.982606741676832041e+00
3.266500000000000000e+04 -6.072722916509682989e-01 4.074638598765103481e-01 -8.689257718912535289e-01
1.798200000000000000e+04 -1.163140941669048800e+00 9.825282662979994974e-01 -2.536707049888864418e-02
3.561100000000000000e+04 -1.163140941669048800e+00 9.825282662979994974e-01 -2.536707049888864418e-02
3.561200000000000000e+04 -1.163140941669048800e+00 9.825282662979994974e-01 -2.536707049888864418e-02
3.561300000000000000e+04 -7.144298446463182017e-01 7.707357838964696839e-01 1.708642699633369233e-01
2.293500000000000000e+04 -5.581697429629528528e-02 -1.790480922069062064e-01 1.056442409976833474e+00
6.205000000000000000e+03 -2.445537439050902151e-01 3.801280894405256738e-01 1.071550257095437608e+00
3.279500000000000000e+04 1.194649546394934703e+00 -1.662169169255260925e+00 2.360346258347618686e-01
3.841900000000000000e+04 1.280426239725620974e+00 -1.180133290103928756e+00 -6.994191503938766985e-01
3.543000000000000000e+04 1.280426239725620974e+00 -1.180133290103928756e+00 -6.994191503938766985e-01
7.240000000000000000e+02 7.168491534221317352e-01 -6.541910226544649376e-01 8.957902326856581610e-01
3.542900000000000000e+04 7.168491534221317352e-01 -6.541910226544649376e-01 8.957902326856581610e-01
