# star id 	 star_x_coords [pc] 	 star_y_coords [pc] 	 star_z_coords [pc] 
8.502000000000000000e+03 -1.891285325982252630e-01 1.036950714965332310e-01 -9.867734556740472840e-01
8.079000000000000000e+03 -1.171172921836820535e-01 8.816171399296912625e-01 -9.457961015759863699e-01
1.373300000000000000e+04 -4.530054332463890887e-01 2.696196475569205830e-01 -9.386816180008317190e-01
8.132000000000000000e+03 5.325709589701475011e-01 3.723968916813937824e-01 -8.039835117655051988e-01
7.915000000000000000e+03 -7.570905366094038413e-02 2.499936382719099015e-01 -8.082342624345848492e-01
7.991000000000000000e+03 1.092356637561913146e-01 8.305454650076526946e-02 -7.849465566280997564e-01
7.823000000000000000e+03 -3.569646226023230895e-01 -2.180782825580589446e-01 -7.214129491646090742e-01
9.052000000000000000e+03 -9.816271792814390551e-02 -1.862699660992905848e-01 -6.855608127667807139e-01
1.372100000000000000e+04 -3.173523812448273418e-01 9.484323006074326656e-01 -5.791684408138557671e-01
1.396400000000000000e+04 3.910822425029536475e-02 1.029155998005339967e-01 -5.359026926801639945e-01
1.363500000000000000e+04 -1.113973611128749042e-01 7.110526554906488883e-01 -5.256301060131214342e-01
1.201200000000000000e+04 -1.265593550064778583e-01 3.896599424474356255e-01 -4.781099517064433257e-01
1.201100000000000000e+04 -7.206447352112483884e-01 6.741108088760832118e-01 -4.667147371692088598e-01
8.336000000000000000e+03 -5.941654661452133723e-03 -8.031273663640767779e-01 -1.058191662285246082e-01
8.335000000000000000e+03 -5.428191042405536848e-01 -8.384974536359148800e-01 -1.389586442078503126e-01
1.379700000000000000e+04 -5.428191042405536848e-01 -8.384974536359148800e-01 -1.389586442078503126e-01
7.871000000000000000e+03 3.967811308175939189e-02 -5.599216227143788416e-01 -3.339743135954513775e-01
8.270000000000000000e+03 -2.144090409165215760e-01 -6.036170265227163156e-01 -1.126026711033745187e-02
1.364500000000000000e+04 5.537672704271301427e-02 -5.801215189353090551e-01 9.544721608744310970e-02
1.364400000000000000e+04 -6.117853132153427964e-02 -4.783369859733568319e-01 1.602176307397620292e-01
1.380000000000000000e+04 1.774225355292529116e-01 -7.570063427262603284e-01 1.838454104135998080e-01
1.396300000000000000e+04 -8.476604134627692133e-01 7.002475539233810053e-01 -2.656840972460337014e-01
8.925000000000000000e+03 -4.052448395153902538e-01 6.680745474185751931e-01 -3.178637403212469792e-01
8.924000000000000000e+03 -4.052448395153902538e-01 6.680745474185751931e-01 -3.178637403212469792e-01
8.923000000000000000e+03 4.362096306908718191e-01 -6.800377517417022233e-01 -1.710916913551763230e-01
8.922000000000000000e+03 -7.617284884660158184e-01 -6.019553306932881043e-01 7.917259534968934531e-02
8.921000000000000000e+03 -3.635554154374780467e-01 -7.823896054036207914e-01 -1.088833053556541586e-01
9.740000000000000000e+03 -4.810804801411769915e-01 -7.767057539038138003e-01 1.395483723193216008e-01
8.552000000000000000e+03 -6.961400878317540730e-01 -4.718153729182432699e-01 1.809342413323520304e-01
8.360000000000000000e+03 -6.363533238317771179e-01 -2.155285372878328332e-01 7.826668352359220648e-01
7.831000000000000000e+03 2.783378184318330284e-01 -7.707147209343023775e-01 2.877358652855583898e-01
7.832000000000000000e+03 -1.381401388002423403e-01 -1.531496262586617974e-01 5.814202770832999079e-01
8.984000000000000000e+03 -9.186425016013863853e-01 -4.116612642670336442e-01 8.093783736830815201e-01
8.985000000000000000e+03 -3.815387802835381592e-01 4.011830480117133391e-01 7.357727790354502417e-01
1.025900000000000000e+04 -3.815387802835381592e-01 4.011830480117133391e-01 7.357727790354502417e-01
1.024900000000000000e+04 6.473520087952380209e-01 -6.112385783974172426e-01 3.235171220775576728e-01
7.981000000000000000e+03 -3.244263023427933490e-01 -3.275835925289207751e-01 5.461041288085439760e-01
1.199500000000000000e+04 -8.279215969084248172e-01 -6.255528646136010451e-01 4.058664624544903177e-01
1.199600000000000000e+04 -8.279215969084248172e-01 -6.255528646136010451e-01 4.058664624544903177e-01
1.199700000000000000e+04 8.242875355454160058e-01 -1.638845045966288438e-01 7.358508680209041586e-02
9.738000000000000000e+03 2.395904677613742706e-01 8.989100863444932088e-02 5.219330258460885830e-01
9.739000000000000000e+03 2.150823328840125725e-01 -1.305414884013504917e-01 6.183419799936231698e-01
7.997000000000000000e+03 -6.064643259312418877e-02 1.880992860275405576e-01 7.388247451369132079e-01
1.368500000000000000e+04 -1.858095738829739219e-01 2.359267047088628999e-01 7.779193447953076657e-01
8.059000000000000000e+03 5.747520340485010593e-01 -1.075284505040681182e-01 5.458001152958118496e-01
8.049000000000000000e+03 6.684731040795419688e-01 -1.202598574093070027e-01 3.573368976793354079e-01
9.003000000000000000e+03 -4.401782588025326959e-02 4.135946194631241468e-01 7.044450836513576064e-01
9.002000000000000000e+03 8.781677736125779177e-01 3.039654411842462878e-02 1.539214894730811523e-01
1.007600000000000000e+04 -3.478185337092440932e-01 -3.182186362415944103e-01 9.287049004150738085e-01
8.988000000000000000e+03 -6.209232982674421919e-01 -1.655909054050468399e-01 8.428926116389270362e-01
1.397600000000000000e+04 -6.209232982674421919e-01 -1.655909054050468399e-01 8.428926116389270362e-01
8.043000000000000000e+03 -4.521100335414693916e-01 -6.293044002594783137e-02 1.024476992265679343e+00
1.399200000000000000e+04 -6.960188083364116096e-01 -1.813933707056616385e-01 8.802888075213637364e-01
8.314000000000000000e+03 4.926222253830658815e-02 -1.291309053209577229e-01 2.416404320967266983e-01
1.190400000000000000e+04 4.926222253830658815e-02 -1.291309053209577229e-01 2.416404320967266983e-01
8.286000000000000000e+03 1.940155142559802925e-01 6.499910871187708494e-02 2.916737176128307851e-01
9.487000000000000000e+03 1.940155142559802925e-01 6.499910871187708494e-02 2.916737176128307851e-01
8.227000000000000000e+03 2.165156813314794704e-01 4.687879506231062976e-02 2.731235122017032779e-01
8.226000000000000000e+03 2.165156813314794704e-01 4.687879506231062976e-02 2.731235122017032779e-01
1.389300000000000000e+04 -1.262880134521040532e-01 -3.390439736431627438e-01 4.597333643561505312e-01
1.207200000000000000e+04 -5.854033032369798661e-02 2.860219457454107328e-01 4.440621095744070601e-01
8.123000000000000000e+03 -5.854033032369798661e-02 2.860219457454107328e-01 4.440621095744070601e-01
8.017000000000000000e+03 7.422783895296092282e-02 -2.828924309387801372e-01 5.939971683969247351e-01
8.284000000000000000e+03 9.287162811910576465e-02 -3.689312094222909622e-01 4.430742338013295978e-01
9.292000000000000000e+03 -5.109383250210264293e-01 -2.366838945484150969e-01 3.514107092752567496e-01
9.308000000000000000e+03 -3.277627929821562702e-01 -3.052440985212019342e-01 4.166552224149278061e-01
9.307000000000000000e+03 1.084552850472064733e-01 1.916485930986162600e-01 2.873498379237595657e-01
8.070000000000000000e+03 5.258925762220556521e-02 3.979202479673915605e-02 1.710457818019612830e-01
1.201300000000000000e+04 5.166318240525278327e-01 -1.686962222079433360e-01 2.933725345408859653e-01
1.390500000000000000e+04 5.690400983630397036e-01 -1.462593665055269554e-01 3.228814852364294552e-01
1.368400000000000000e+04 5.919021896989171694e-01 4.176880853684927786e-02 4.863472525884446895e-01
1.372700000000000000e+04 4.350891597217128037e-01 2.138935867301423599e-01 4.682253264103444224e-01
7.968000000000000000e+03 -3.360214580647635785e-01 -6.472361979584029257e-02 1.427800159361893861e-01
1.383100000000000000e+04 -3.776298658980898892e-01 -5.514819614160693106e-02 1.565402432230733609e-01
1.383000000000000000e+04 -5.639210751121481735e-01 -2.464151551496129855e-02 2.179006602024529116e-01
8.216000000000000000e+03 -2.376024044905022947e-02 -4.994021821901473146e-01 1.405471056198130952e-01
8.215000000000000000e+03 -2.376024044905022947e-02 -4.994021821901473146e-01 1.405471056198130952e-01
1.366600000000000000e+04 -1.699461163514328632e-01 -2.866757410460287758e-01 -6.565095363772499582e-02
1.366500000000000000e+04 -1.699461163514328632e-01 -2.866757410460287758e-01 -6.565095363772499582e-02
1.375500000000000000e+04 2.046381266774019991e-01 -3.022337388952252013e-01 4.325791705740655857e-02
8.109000000000000000e+03 -3.951417259389700121e-02 -2.445819645948805743e-01 4.272063731929165442e-02
1.384600000000000000e+04 1.561340244250644105e-01 -1.524795064529218536e-01 -2.313088327979073711e-02
1.011200000000000000e+04 -5.517422671900362730e-03 -2.491062879318661771e-02 2.341191676914533559e-02
8.484000000000000000e+03 -5.517422671900362730e-03 -2.491062879318661771e-02 2.341191676914533559e-02
8.103000000000000000e+03 -5.517422671900362730e-03 -2.491062879318661771e-02 2.341191676914533559e-02
1.015100000000000000e+04 1.237595819555892263e-02 -3.541306877306027445e-04 -1.534636719615178890e-02
1.015000000000000000e+04 1.237595819555892263e-02 -3.541306877306027445e-04 -1.534636719615178890e-02
1.373200000000000000e+04 1.237595819555892263e-02 -3.541306877306027445e-04 -1.534636719615178890e-02
8.311000000000000000e+03 -1.046033638776862063e-01 2.932968931121671119e-02 3.829745041463183952e-02
8.333000000000000000e+03 -1.046033638776862063e-01 2.932968931121671119e-02 3.829745041463183952e-02
1.398800000000000000e+04 -1.046033638776862063e-01 2.932968931121671119e-02 3.829745041463183952e-02
8.300000000000000000e+03 -1.046033638776862063e-01 2.932968931121671119e-02 3.829745041463183952e-02
1.199400000000000000e+04 -1.046033638776862063e-01 2.932968931121671119e-02 3.829745041463183952e-02
8.062000000000000000e+03 -1.506696115079542153e-01 2.034946822160854651e-02 1.336972642210447759e-01
1.208300000000000000e+04 -1.506696115079542153e-01 2.034946822160854651e-02 1.336972642210447759e-01
8.373000000000000000e+03 -1.057531343310706973e-01 -4.607923464749497100e-02 1.012704609884025331e-01
1.372800000000000000e+04 -2.095983497342466251e-01 -1.474608943481872103e-01 1.822858957461690466e-01
1.368600000000000000e+04 -2.095983497342466251e-01 -1.474608943481872103e-01 1.822858957461690466e-01
8.341000000000000000e+03 6.018627128384679281e-01 -1.869750157876595154e-01 1.046979485839472090e-01
7.851000000000000000e+03 3.339324381432184907e-01 -2.269961102683524246e-01 1.975076849649433086e-01
8.993000000000000000e+03 -3.106010058829156151e-03 -6.342769296693973047e-03 9.145437856863125603e-02
8.994000000000000000e+03 6.698277186185919163e-02 -7.480864520772456672e-04 4.511130173581179292e-02
8.095000000000000000e+03 6.698277186185919163e-02 -7.480864520772456672e-04 4.511130173581179292e-02
1.374800000000000000e+04 8.647325133553351861e-02 2.005530886690110037e-02 3.879234733563308168e-02
8.327000000000000000e+03 8.647325133553351861e-02 2.005530886690110037e-02 3.879234733563308168e-02
1.402500000000000000e+04 8.647325133553351861e-02 2.005530886690110037e-02 3.879234733563308168e-02
1.361800000000000000e+04 3.791794457653452355e-02 -2.204449438905164982e-02 -7.018685672708357970e-03
1.361900000000000000e+04 3.791794457653452355e-02 -2.204449438905164982e-02 -7.018685672708357970e-03
8.296000000000000000e+03 1.387002391708662685e-01 -1.212492617079004020e-01 -7.467710873087796131e-02
8.309000000000000000e+03 1.387002391708662685e-01 -1.212492617079004020e-01 -7.467710873087796131e-02
1.020100000000000000e+04 5.702419589031748615e-02 -5.521791068596293428e-02 5.505914536091083278e-02
9.181000000000000000e+03 5.702419589031748615e-02 -5.521791068596293428e-02 5.505914536091083278e-02
9.182000000000000000e+03 4.557008343270751993e-02 4.212882461101052911e-02 -1.112990660857562375e-01
1.012400000000000000e+04 4.557008343270751993e-02 4.212882461101052911e-02 -1.112990660857562375e-01
1.410500000000000000e+04 7.583495286024799498e-02 2.257487097408628074e-02 -5.342594580898918366e-03
8.253000000000000000e+03 7.583495286024799498e-02 2.257487097408628074e-02 -5.342594580898918366e-03
1.369100000000000000e+04 4.172855868453950734e-02 -1.429468900232091499e-01 6.620288450863043295e-02
1.369200000000000000e+04 4.172855868453950734e-02 -1.429468900232091499e-01 6.620288450863043295e-02
8.310000000000000000e+03 3.100156620060801060e-01 -1.601433440569621780e-02 1.366429604645666984e-01
7.867000000000000000e+03 2.452597914058003425e-01 -4.906091081137908816e-02 -8.820940178790337427e-02
8.476000000000000000e+03 2.452597914058003425e-01 -4.906091081137908816e-02 -8.820940178790337427e-02
8.345000000000000000e+03 1.960639317074459598e-01 -6.924230715184442886e-02 1.575928057127775617e-01
1.203000000000000000e+04 8.592134736527867744e-03 5.681464080529252669e-02 3.316295065536678521e-02
1.203100000000000000e+04 1.824416027875983559e-01 -5.501083391148142709e-02 1.052736004068144382e-01
1.203200000000000000e+04 1.824416027875983559e-01 -5.501083391148142709e-02 1.052736004068144382e-01
1.203300000000000000e+04 5.485847206666960574e-02 -1.431006641372025712e-01 1.961774197511054751e-01
8.975000000000000000e+03 -1.660539671770067116e-02 -5.375900500638941537e-02 1.504958120602282179e-01
8.976000000000000000e+03 2.317577759465798692e-01 -1.022639456417930859e-01 8.589912361141216479e-02
8.977000000000000000e+03 2.317577759465798692e-01 -1.022639456417930859e-01 8.589912361141216479e-02
7.888000000000000000e+03 2.624909479277057756e-01 -2.006601504153646687e-01 -9.366660737865473152e-02
8.475000000000000000e+03 5.654953655928451894e-02 -2.236700782793210607e-01 1.625922176373748584e-01
1.379500000000000000e+04 6.773232585533861538e-02 -2.102174623599424308e-01 -1.411092678026086844e-01
9.708000000000000000e+03 6.773232585533861538e-02 -2.102174623599424308e-01 -1.411092678026086844e-01
8.025000000000000000e+03 2.419720925197310635e-01 2.824291123906164103e-02 2.495481224104558748e-01
8.008000000000000000e+03 2.419720925197310635e-01 2.824291123906164103e-02 2.495481224104558748e-01
8.378000000000000000e+03 2.419720925197310635e-01 2.824291123906164103e-02 2.495481224104558748e-01
7.922000000000000000e+03 2.419720925197310635e-01 2.824291123906164103e-02 2.495481224104558748e-01
1.406900000000000000e+04 2.419720925197310635e-01 2.824291123906164103e-02 2.495481224104558748e-01
8.467000000000000000e+03 1.871060631579268829e-03 -2.381187042640782181e-01 1.917936544198930449e-01
8.411000000000000000e+03 1.871060631579268829e-03 -2.381187042640782181e-01 1.917936544198930449e-01
9.707000000000000000e+03 -4.118079165906607386e-02 1.420507550731233692e-01 -1.439592217988661105e-02
1.376900000000000000e+04 -4.118079165906607386e-02 1.420507550731233692e-01 -1.439592217988661105e-02
8.370000000000000000e+03 -4.118079165906607386e-02 1.420507550731233692e-01 -1.439592217988661105e-02
1.385300000000000000e+04 -2.638668406941562239e-01 1.091693936631390471e-01 6.382245940122643901e-02
1.365200000000000000e+04 -2.638668406941562239e-01 1.091693936631390471e-01 6.382245940122643901e-02
7.836000000000000000e+03 3.944230178452912128e-02 2.725050537908302317e-01 1.425343403237064877e-01
8.426000000000000000e+03 3.944230178452912128e-02 2.725050537908302317e-01 1.425343403237064877e-01
1.374000000000000000e+04 -1.611956443615625290e-02 1.725432962897190947e-01 9.705257328747052270e-03
1.367400000000000000e+04 -1.611956443615625290e-02 1.725432962897190947e-01 9.705257328747052270e-03
8.000000000000000000e+03 -1.588893406424070065e-01 1.070708071931996130e-01 1.744284175504979828e-01
1.389600000000000000e+04 -1.338232824223730688e-01 1.611653443728009449e-01 1.982796438811718076e-01
1.021800000000000000e+04 -1.338232824223730688e-01 1.611653443728009449e-01 1.982796438811718076e-01
1.198800000000000000e+04 3.601418773509834637e-02 1.860796250603939939e-01 3.982733452711784139e-02
8.425000000000000000e+03 3.601418773509834637e-02 1.860796250603939939e-01 3.982733452711784139e-02
1.371900000000000000e+04 1.794615586431440590e-01 3.142385023134757205e-01 9.561994572866439057e-03
8.228000000000000000e+03 1.794615586431440590e-01 3.142385023134757205e-01 9.561994572866439057e-03
1.376300000000000000e+04 5.683458570426935808e-02 1.149549198361565772e-01 -4.525818291736882770e-02
8.318000000000000000e+03 5.683458570426935808e-02 1.149549198361565772e-01 -4.525818291736882770e-02
1.384700000000000000e+04 6.319064940076444259e-01 7.581783386673635050e-02 1.555838732488012965e-01
8.496000000000000000e+03 -3.421482456772224623e-01 1.275430947317168773e-01 -7.096062796626512181e-02
1.361100000000000000e+04 1.017036711781678093e-01 -4.253922373654397404e-01 -2.455955810666772265e-01
7.887000000000000000e+03 1.017036711781678093e-01 -4.253922373654397404e-01 -2.455955810666772265e-01
8.331000000000000000e+03 -3.260402773405246535e-02 -2.745889642462611135e-01 -2.709080805345500664e-01
8.404000000000000000e+03 -5.408848375576731371e-01 -4.364687035467333942e-01 -1.926511533722532477e-01
1.198700000000000000e+04 -5.408848375576731371e-01 -4.364687035467333942e-01 -1.926511533722532477e-01
1.399400000000000000e+04 -2.606763980872308650e-01 -5.001386995190859608e-01 -7.677308918560399320e-02
1.379000000000000000e+04 -1.771824361478167020e-01 -3.171278365484830886e-02 -1.957242108198542496e-01
1.365500000000000000e+04 -1.104037407615621191e-02 1.766888193598425971e-02 -2.318371993755228289e-01
1.365600000000000000e+04 -1.104037407615621191e-02 1.766888193598425971e-02 -2.318371993755228289e-01
1.397100000000000000e+04 -1.104037407615621191e-02 1.766888193598425971e-02 -2.318371993755228289e-01
1.397200000000000000e+04 -1.104037407615621191e-02 1.766888193598425971e-02 -2.318371993755228289e-01
9.617000000000000000e+03 -2.458180426618383763e-03 9.209156177433897028e-03 -2.396359067534277187e-01
8.374000000000000000e+03 -2.458180426618383763e-03 9.209156177433897028e-03 -2.396359067534277187e-01
8.420000000000000000e+03 2.097428042466376041e-02 6.051025633578177576e-03 -1.924227744205282420e-01
9.212000000000000000e+03 2.097428042466376041e-02 6.051025633578177576e-03 -1.924227744205282420e-01
1.384800000000000000e+04 -1.009051427888323360e-01 -4.943554011653716884e-02 1.899433577474241019e-03
1.368700000000000000e+04 -1.664466527185020084e-01 -1.703157433061690540e-01 -5.177504211538064283e-02
8.398000000000000000e+03 -1.664466527185020084e-01 -1.703157433061690540e-01 -5.177504211538064283e-02
8.399000000000000000e+03 -1.041064506097200137e-01 -3.858337681892543003e-02 -5.738043314870822087e-02
1.385600000000000000e+04 -1.041064506097200137e-01 -3.858337681892543003e-02 -5.738043314870822087e-02
8.402000000000000000e+03 -1.041064506097200137e-01 -3.858337681892543003e-02 -5.738043314870822087e-02
9.619000000000000000e+03 -1.041064506097200137e-01 -3.858337681892543003e-02 -5.738043314870822087e-02
9.620000000000000000e+03 5.648310060333017191e-02 1.224208547463287999e-01 -2.535345589360744611e-01
7.811000000000000000e+03 8.013616765644115958e-02 1.285059534352051003e-02 -3.882837126528144722e-01
1.373400000000000000e+04 8.013616765644115958e-02 1.285059534352051003e-02 -3.882837126528144722e-01
1.376800000000000000e+04 1.200900308976997621e-01 -3.920781819893015552e-02 -2.520536068564389609e-01
1.386400000000000000e+04 1.002097274552120609e-01 -1.017821326027164019e-01 -1.678575666295465396e-01
8.932000000000000000e+03 1.432439179739404267e-01 2.338216880725241253e-02 -2.469131903747552315e-01
1.361400000000000000e+04 1.309287965374075213e-01 -1.962943423314200686e-02 -2.769003935892762058e-01
7.806000000000000000e+03 1.309287965374075213e-01 -1.962943423314200686e-02 -2.769003935892762058e-01
7.807000000000000000e+03 7.306411576290017251e-02 -1.761123016011065801e-01 -2.280602877727098132e-01
1.202200000000000000e+04 5.655049820168400743e-02 1.011277413198978792e-01 -7.732383274086274128e-02
1.202300000000000000e+04 4.256040461551080512e-02 -3.419351660203240328e-02 -9.203617769235705737e-02
1.202400000000000000e+04 4.256040461551080512e-02 -3.419351660203240328e-02 -9.203617769235705737e-02
1.202500000000000000e+04 4.256040461551080512e-02 -3.419351660203240328e-02 -9.203617769235705737e-02
1.202600000000000000e+04 7.884869566661834028e-02 -1.281032412161557943e-01 -1.503481937572068716e-01
8.444000000000000000e+03 7.884869566661834028e-02 -1.281032412161557943e-01 -1.503481937572068716e-01
8.457000000000000000e+03 7.884869566661834028e-02 -1.281032412161557943e-01 -1.503481937572068716e-01
8.090000000000000000e+03 8.143634469104554796e-02 2.940394129897327957e-03 -1.231465053831541923e-01
8.091000000000000000e+03 8.143634469104554796e-02 2.940394129897327957e-03 -1.231465053831541923e-01
8.092000000000000000e+03 8.143634469104554796e-02 2.940394129897327957e-03 -1.231465053831541923e-01
1.362400000000000000e+04 8.143634469104554796e-02 2.940394129897327957e-03 -1.231465053831541923e-01
1.362500000000000000e+04 7.118310205244782196e-02 -9.935690286568465979e-02 -9.576043010878620976e-02
1.400800000000000000e+04 7.118310205244782196e-02 -9.935690286568465979e-02 -9.576043010878620976e-02
1.400900000000000000e+04 7.118310205244782196e-02 -9.935690286568465979e-02 -9.576043010878620976e-02
9.554000000000000000e+03 -7.713901398665967690e-02 9.420065521007714437e-03 -3.596815207370411827e-01
8.458000000000000000e+03 2.056249680400057400e-02 -2.605864039905725349e-02 -7.704307927965103886e-02
9.555000000000000000e+03 2.671573556899708990e-01 4.717476240355544803e-02 1.451866351054320603e-02
9.170000000000000000e+03 2.671573556899708990e-01 4.717476240355544803e-02 1.451866351054320603e-02
9.169000000000000000e+03 8.829510797904305264e-02 1.445971580663840683e-01 4.479038083121622549e-02
1.376700000000000000e+04 -5.851448923825586235e-02 1.852971366677564902e-01 -1.087226704461059512e-01
7.852000000000000000e+03 -8.131782732562342630e-02 1.969711643611873342e-01 -2.367941474997046214e-01
1.378100000000000000e+04 -5.798148130070401862e-02 1.357095140681696677e-01 -2.515947798982516304e-01
1.378200000000000000e+04 -1.811746043876780732e-01 4.261546599359302689e-01 -3.144370460875443030e-01
1.371000000000000000e+04 -1.717483261206353973e-03 3.058816517026450299e-01 -3.752240313405152961e-02
1.371100000000000000e+04 -2.024636782571853644e-01 2.573329218858670941e-01 -1.140781939516131160e-01
1.402100000000000000e+04 -1.340283436734459599e-01 2.898168589754916979e-01 -3.086637646457290884e-02
1.402200000000000000e+04 -4.480835879725830750e-02 1.086359143753181655e-01 -1.013266853436434189e-01
1.023100000000000000e+04 -4.480835879725830750e-02 1.086359143753181655e-01 -1.013266853436434189e-01
1.366800000000000000e+04 -9.490946577008685381e-02 1.781024134641544521e-01 -8.398049986472599926e-02
7.907000000000000000e+03 -5.003775204488292161e-02 1.108837750328426353e-01 7.390750823119773827e-02
8.448000000000000000e+03 -5.003775204488292161e-02 1.108837750328426353e-01 7.390750823119773827e-02
8.449000000000000000e+03 -1.084141682278207952e-01 3.021881929810010803e-01 -3.209713647364793587e-01
7.877000000000000000e+03 3.178247829927371981e-02 2.261632111984432925e-01 -2.312590779737142554e-01
8.003000000000000000e+03 1.984272149831838306e-01 1.703190923646342725e-01 -2.898706523715937067e-01
9.030000000000000000e+03 1.967630119656220700e-01 1.456471979948528173e-01 -2.387648437661624712e-01
8.241000000000000000e+03 1.604378068037206617e-01 1.163633613886130291e-01 -2.271222889291735214e-01
8.277000000000000000e+03 1.604378068037206617e-01 1.163633613886130291e-01 -2.271222889291735214e-01
1.366900000000000000e+04 1.688091995449525484e-01 1.342303694260298386e-01 -2.568774947482204141e-01
7.971000000000000000e+03 1.688091995449525484e-01 1.342303694260298386e-01 -2.568774947482204141e-01
9.029000000000000000e+03 1.808673889645149302e-01 2.380981396396943950e-01 -2.162940901005505623e-01
9.227000000000000000e+03 1.427130746239768655e-01 2.066039233698404587e-01 -3.009966097822989184e-01
9.214000000000000000e+03 1.427130746239768655e-01 2.066039233698404587e-01 -3.009966097822989184e-01
9.215000000000000000e+03 1.846860808137691379e-01 2.200052178371798561e-01 -1.973252012914130660e-01
9.207000000000000000e+03 2.132916830873838876e-01 2.886341788297173139e-01 -1.218279498057768251e-01
9.208000000000000000e+03 1.049461945585363765e-01 9.866826168545550502e-02 2.567661426698464311e-02
9.209000000000000000e+03 8.521430605707180916e-02 1.333315121458813479e-01 -1.953931428447468477e-01
9.210000000000000000e+03 8.521430605707180916e-02 1.333315121458813479e-01 -1.953931428447468477e-01
8.083000000000000000e+03 1.043564631709053003e-01 1.652136203151233218e-01 -1.477343865771203468e-01
1.381500000000000000e+04 1.638422394139382732e-01 8.629737844124285573e-02 -2.144408846834870985e-01
8.376000000000000000e+03 -3.262646450108519502e-02 2.002403029724657557e-01 -1.159209605396682718e-02
1.381600000000000000e+04 4.766998320474158390e-02 2.426331682358195962e-02 -6.683648467025804507e-02
1.386300000000000000e+04 -5.536764282537731674e-02 2.510160090884632211e-01 -2.036885910922663356e-01
8.015000000000000000e+03 1.924878265753626749e-01 1.181226124491061569e-01 -4.578495788584291404e-02
8.016000000000000000e+03 1.924878265753626749e-01 1.181226124491061569e-01 -4.578495788584291404e-02
9.821000000000000000e+03 -2.505554421049538405e-02 3.026869307066846204e-01 -1.962228473036731202e-02
1.404700000000000000e+04 -2.505554421049538405e-02 3.026869307066846204e-01 -1.962228473036731202e-02
8.930000000000000000e+03 1.931155825058468167e-01 1.954188832870240589e-01 -7.112019993565610321e-02
9.226000000000000000e+03 -1.860641593058183219e-01 4.550867015085255929e-01 -3.239268495278224691e-01
8.931000000000000000e+03 3.152661224217467861e-02 5.750605653844402809e-01 3.563117629987573309e-01
1.025000000000000000e+04 -1.967453182624403496e-01 5.507057516636155725e-01 3.349661100765146671e-01
8.380000000000000000e+03 -3.040794955486241236e-01 4.541495045369430272e-01 2.899834980917574967e-01
1.378500000000000000e+04 -4.572912329599887471e-02 3.269113860176897646e-01 2.586291270824325750e-01
1.364200000000000000e+04 -2.585857219015430530e-01 4.222476045976755188e-01 5.281720444551751825e-02
1.369600000000000000e+04 -2.585857219015430530e-01 4.222476045976755188e-01 5.281720444551751825e-02
8.379000000000000000e+03 -1.210153885725517853e-01 3.649789235929112863e-01 -3.432964248304415378e-02
8.347000000000000000e+03 3.354270893033550749e-01 -3.084868406937477658e-01 -2.020136636893283821e-01
8.348000000000000000e+03 3.429980293593608565e-01 -3.750376880696677517e-01 -1.828430449252955725e-01
7.863000000000000000e+03 3.429980293593608565e-01 -3.750376880696677517e-01 -1.828430449252955725e-01
1.369500000000000000e+04 3.393748273584158426e-01 1.794809570795070641e-01 -1.069362614293183356e-01
8.080000000000000000e+03 4.133582187191429114e-01 2.870892178225155078e-01 -2.951765828008952042e-01
8.477000000000000000e+03 5.027052158849123487e-01 2.919710450119890055e-01 -7.230703630921553327e-02
1.402600000000000000e+04 4.811069000010625984e-01 6.888755545987734763e-02 -4.783310466091705848e-02
1.402700000000000000e+04 4.811069000010625984e-01 6.888755545987734763e-02 -4.783310466091705848e-02
7.864000000000000000e+03 -5.215577672893196848e-01 4.966088179273064895e-01 -2.901469668497647092e-01
8.342000000000000000e+03 2.230098317134689978e-01 6.332596108407564373e-01 -1.527011218765252920e-01
9.641000000000000000e+03 3.772197379925295024e-01 5.537361081258094231e-01 1.664327694878338093e-01
7.829000000000000000e+03 2.508208461400549538e-01 4.508316082128089874e-01 -1.738607245837826554e-01
9.910000000000000000e+03 -1.047181501593072994e-01 -4.143604506328024684e-01 -3.852857846500299388e-01
9.911000000000000000e+03 -2.111672617589732681e-01 -4.359813339550449030e-01 -4.456772196725218294e-01
9.912000000000000000e+03 2.150644042789764399e-01 -8.289342714549263746e-02 -3.040631682512682232e-01
1.372400000000000000e+04 4.358695307237780980e-02 -5.323210934145450324e-03 -3.790265152181149233e-01
9.913000000000000000e+03 -2.028022601101433509e-01 2.455961414668745846e-01 -4.349044584438495065e-01
1.364100000000000000e+04 4.991578090389801048e-01 2.618357227886498606e-01 -4.153898157489450682e-01
