# star id 	 star_x_coords [pc] 	 star_y_coords [pc] 	 star_z_coords [pc] 
5.972000000000000000e+03 1.705706849398779923e+00 1.305955425026457561e+00 9.198236752620037038e-01
6.177000000000000000e+03 -6.610061677298424421e-01 -2.605933032526792203e+00 -8.730766938977865266e-01
5.913000000000000000e+03 6.500283705050347027e-02 4.684046958659493498e-02 1.015147060344768093e+00
6.173000000000000000e+03 -1.787472063336156269e-01 -7.842856254178975917e-01 9.688109963447519846e-01
6.059000000000000000e+03 5.145964699439076195e-02 -6.235440593634606898e-01 8.805192654587941092e-01
6.043000000000000000e+03 -8.809564482978299305e-02 -1.011216224683142428e+00 2.683791646941671161e-01
6.044000000000000000e+03 6.005774061588375901e-01 -2.413619468915939592e-01 3.616784459207291746e-01
6.086000000000000000e+03 -1.195224273428706629e-01 -3.190944370570605315e-01 5.310548531045427012e-01
6.022000000000000000e+03 -1.499780178522491236e-01 1.181455558919672910e-01 5.151260941252129300e-01
6.140000000000000000e+03 -9.144308624743274772e-02 1.350868865402787833e-01 5.652078003865685929e-01
6.126000000000000000e+03 -2.573953854996910429e-01 9.808629024085391279e-02 5.871253597582217765e-01
6.172000000000000000e+03 9.838244717866597711e-01 3.371733691841498626e-01 6.763866763389287939e-01
6.167000000000000000e+03 9.838244717866597711e-01 3.371733691841498626e-01 6.763866763389287939e-01
6.034000000000000000e+03 6.036343189306780932e-02 7.879658371515354531e-01 -1.649072172210264142e-01
6.003000000000000000e+03 8.718571079759138698e-01 1.737746336370271649e+00 -1.507976976959675142e-01
6.004000000000000000e+03 -1.250758779943331511e+00 -5.131770583295285348e-01 -1.400505147326303046e-01
6.005000000000000000e+03 7.521173691373093106e-01 1.593428084933243838e-01 7.030283646608737058e-03
6.085000000000000000e+03 2.665174560470648935e-01 -9.295249148152784358e-01 -2.441804691146920447e-01
5.980000000000000000e+03 -7.787235428589580621e-01 -2.521933706133197006e-01 1.280001240092722981e-01
5.993000000000000000e+03 -2.032737758643184400e-01 -6.530147731506374953e-01 -2.324407138862110145e-01
5.946000000000000000e+03 5.353492415313501063e-01 2.740759335997076107e-01 -2.664488379696710041e-01
6.033000000000000000e+03 -8.671135492983695903e-01 2.374920722419133767e-01 -2.598648989559126932e-01
5.947000000000000000e+03 -7.292166137111409929e-01 6.662172557993244482e-01 -2.709715099909875136e-01
6.049000000000000000e+03 1.326119425678496277e+00 1.721061215967672808e+00 3.206937704098145048e-01
5.963000000000000000e+03 -1.370758746719327625e+00 -1.423636700287751466e+00 -8.709100083055272279e-01
6.186000000000000000e+03 5.437758398151257833e-01 -7.512484904063292390e-01 -8.766635380470120253e-01
6.010000000000000000e+03 -3.455325724204472149e-01 -1.125225051849000124e+00 -5.281472707327452554e-01
6.011000000000000000e+03 -4.116686706240830218e-01 -1.990292406255385060e-01 -8.762511800861787492e-01
6.066000000000000000e+03 2.803197667442696162e-01 -1.075223976309310103e+00 -5.912521871567371079e-01
6.067000000000000000e+03 1.340711976260450244e-01 1.212286790038312745e-01 -6.115009471080199432e-01
6.025000000000000000e+03 8.005669350918609428e-02 1.084739901131079876e-01 -5.469022250236097449e-01
6.026000000000000000e+03 -3.168681702002885126e-01 3.019526921885429260e-01 -4.673431732247639303e-01
6.027000000000000000e+03 2.624920209693683004e-01 -4.261002441403078933e-01 -7.599243659215417779e-01
6.089000000000000000e+03 3.793734733760661948e-01 3.605115858695313591e-01 -4.234669084564703923e-01
5.967000000000000000e+03 -4.165617926471831822e-02 4.717405296814476401e-01 -5.786963847521739979e-01
6.000000000000000000e+03 1.168422708464824655e+00 -1.031890099917912806e+00 -1.382404245988729130e+00
6.077000000000000000e+03 3.716644309879078012e-01 -2.988170614166598682e-01 -9.507073667994223598e-01
6.078000000000000000e+03 1.851220501951028607e-01 5.692556792532244003e-02 -9.363857858303372694e-01
5.886000000000000000e+03 6.910021756207960220e-01 -1.477898872577181777e+00 1.016686158441528320e+00
5.887000000000000000e+03 -4.464742082390568134e-01 -1.863876433892031059e+00 -9.947303103256697199e-01
5.934000000000000000e+03 -4.464742082390568134e-01 -1.863876433892031059e+00 -9.947303103256697199e-01
5.935000000000000000e+03 -3.560619875380505728e-01 -2.466085664651274101e-02 3.693243870063387391e-01
5.962000000000000000e+03 -3.560619875380505728e-01 -2.466085664651274101e-02 3.693243870063387391e-01
5.999000000000000000e+03 -3.378002573613003712e-01 2.057304010525200511e-01 4.154074707800301525e-01
6.166000000000000000e+03 -2.180752305873923103e-02 1.900210185310200472e-01 1.797602921115402097e-01
5.893000000000000000e+03 6.133399232588099270e-02 1.982340852026993616e-01 2.843794165776749594e-01
6.017000000000000000e+03 6.133399232588099270e-02 1.982340852026993616e-01 2.843794165776749594e-01
5.989000000000000000e+03 2.189804969464426154e-02 2.949521562676693520e-03 2.879250384425464659e-01
5.988000000000000000e+03 2.006790513955031274e-01 1.994323671204547566e-01 4.019330254758060050e-01
6.106000000000000000e+03 -4.974882931912805173e-02 2.071520691867654307e-01 1.983537428739570174e-01
5.968000000000000000e+03 -1.552023380132622754e-01 1.123513328195500094e-01 4.395516883650607554e-01
6.057000000000000000e+03 -3.027554027425655159e-01 2.050736036589846378e-01 3.559356234555242082e-01
5.928000000000000000e+03 -1.437923851145985199e-01 1.013014390517135155e-01 1.912133351373341839e-01
5.955000000000000000e+03 -1.085066281672642519e-01 3.310540589140487100e-03 2.106628866469471006e-01
6.093000000000000000e+03 -8.835742098594318028e-02 3.694256363543075850e-01 3.498720988601107251e-01
5.896000000000000000e+03 4.322651515156561430e-02 -7.628828661324504878e-02 -4.925620899375005024e-02
5.974000000000000000e+03 6.821418031403658766e-02 -1.458320655075411310e-01 -2.513611316894426295e-02
5.903000000000000000e+03 6.582665782022856238e-02 -1.310339149079275956e-01 3.512583318508255559e-02
5.904000000000000000e+03 -2.136932801364727075e-02 -6.354589595352777565e-02 7.068927941847924501e-02
5.991000000000000000e+03 -2.136932801364727075e-02 -6.354589595352777565e-02 7.068927941847924501e-02
5.992000000000000000e+03 3.870950664816463771e-03 -2.589287131392659091e-01 1.116908993521299465e-01
6.038000000000000000e+03 -2.321676694917562678e-03 2.224588012070647380e-01 -5.021007988414005752e-02
6.039000000000000000e+03 4.656052402416288594e-03 3.121519236794725316e-01 1.162871171389401326e-01
6.079000000000000000e+03 8.947630677190332449e-02 2.241934216769365662e-01 1.684081677443494129e-02
6.020000000000000000e+03 -1.360091546420840736e-01 -5.778767395760553427e-02 -5.894553220212905842e-02
6.092000000000000000e+03 -1.659018005237803961e-01 -8.361706753492370581e-02 3.499424687313279492e-02
6.016000000000000000e+03 -1.436646813770552922e-01 -7.938565205826009219e-02 3.193835526603727715e-02
5.879000000000000000e+03 -9.375920207668575479e-02 -1.244210344393508194e-01 8.342339133020004738e-02
5.977000000000000000e+03 -1.876739069173006258e-01 2.410430550381867931e-01 1.653325865036983089e-01
5.910000000000000000e+03 -5.239560398864739899e-02 9.036013095071382395e-02 -1.069842346932325938e-02
5.911000000000000000e+03 -3.225899367821699615e-02 2.115264773811951216e-01 2.804822927835459723e-04
5.926000000000000000e+03 -3.225899367821699615e-02 2.115264773811951216e-01 2.804822927835459723e-04
6.041000000000000000e+03 -2.966558598170221384e-02 -2.000732635992363839e-02 -1.968973877139212902e-02
6.170000000000000000e+03 -2.966558598170221384e-02 -2.000732635992363839e-02 -1.968973877139212902e-02
6.028000000000000000e+03 -7.219088543643503719e-03 9.498045821435852076e-02 -2.494057748882561043e-02
6.068000000000000000e+03 -7.219088543643503719e-03 9.498045821435852076e-02 -2.494057748882561043e-02
6.069000000000000000e+03 6.402423724793493420e-03 -1.531260500926023838e-02 -1.242187731536503748e-02
5.944000000000000000e+03 6.201170218847085192e-02 2.149406265554603124e-01 -8.735912195814421466e-02
5.901000000000000000e+03 1.125055033414207317e-01 7.537838566010179875e-02 -6.625660713097936139e-02
6.109000000000000000e+03 1.457592784301056099e-01 -4.721967390153736233e-02 -4.922715110264519467e-02
6.087000000000000000e+03 1.001637139042438340e-01 6.814684081011890271e-02 -4.020780203699381161e-02
6.088000000000000000e+03 4.416157070559800779e-02 1.172200273852972430e-01 -4.767582745159337776e-02
6.073000000000000000e+03 9.508643537295469184e-02 -2.552867523460378152e-02 -4.379703607301088653e-02
5.983000000000000000e+03 2.148830809557744637e-02 5.725548310877215386e-02 -4.735627407412046352e-02
5.959000000000000000e+03 2.148830809557744637e-02 5.725548310877215386e-02 -4.735627407412046352e-02
5.994000000000000000e+03 1.472336205495149430e-01 1.872582195792631410e-01 -2.387297393588028172e-02
6.021000000000000000e+03 6.972188846719062916e-02 1.617325020760631560e-01 -3.161163182980253339e-02
6.029000000000000000e+03 6.972188846719062916e-02 1.617325020760631560e-01 -3.161163182980253339e-02
6.165000000000000000e+03 5.917475712060282778e-02 -3.587142430225753742e-02 -1.183079195625857949e-02
6.122000000000000000e+03 5.917475712060282778e-02 -3.587142430225753742e-02 -1.183079195625857949e-02
5.987000000000000000e+03 5.624532336289012058e-03 6.662788260845076138e-02 -9.289774959261976051e-03
5.907000000000000000e+03 5.624532336289012058e-03 6.662788260845076138e-02 -9.289774959261976051e-03
6.119000000000000000e+03 5.624532336289012058e-03 6.662788260845076138e-02 -9.289774959261976051e-03
6.081000000000000000e+03 6.835929729031264834e-02 1.107709853126159771e-01 5.885009668643803593e-03
5.978000000000000000e+03 4.376378749711984373e-02 1.378737491620682931e-01 2.117061042202905696e-02
5.932000000000000000e+03 4.376378749711984373e-02 1.378737491620682931e-01 2.117061042202905696e-02
6.035000000000000000e+03 -5.933251655718674300e-03 1.544246208282444854e-01 2.310570167928815977e-02
6.129000000000000000e+03 -5.933251655718674300e-03 1.544246208282444854e-01 2.310570167928815977e-02
5.916000000000000000e+03 1.556462042546349345e-01 -3.217976318335402652e-02 3.226118191066085217e-02
5.922000000000000000e+03 1.556462042546349345e-01 -3.217976318335402652e-02 3.226118191066085217e-02
5.878000000000000000e+03 -7.519368772628931552e-03 9.548821920704853028e-02 -4.028444321641089232e-02
6.083000000000000000e+03 -7.519368772628931552e-03 9.548821920704853028e-02 -4.028444321641089232e-02
5.975000000000000000e+03 -4.093616914235598259e-03 1.668233135748167228e-01 4.384181351723270836e-02
2.775800000000000000e+04 -4.093616914235598259e-03 1.668233135748167228e-01 4.384181351723270836e-02
2.775900000000000000e+04 3.330194739454683805e-02 -4.448463202539443273e-03 5.316829208051920830e-02
6.075000000000000000e+03 1.015841135227130154e-01 4.900851607594347570e-02 5.118013504918117462e-02
6.076000000000000000e+03 1.015841135227130154e-01 4.900851607594347570e-02 5.118013504918117462e-02
6.065000000000000000e+03 2.513121439798615686e-02 -4.700726135731869704e-02 4.704658158522079248e-02
6.014000000000000000e+03 5.327424000102631840e-02 1.196985784892028448e-01 6.625042258731816958e-02
6.169000000000000000e+03 5.327424000102631840e-02 1.196985784892028448e-01 6.625042258731816958e-02
6.104000000000000000e+03 7.561865019661329068e-02 8.411612166474924379e-02 7.146449763454576498e-02
6.042000000000000000e+03 4.539646710157030363e-02 1.324161288104654943e-01 7.046569001427371859e-02
6.082000000000000000e+03 -8.626245793444953236e-04 2.498225382419860807e-02 6.931000791172081676e-02
6.053000000000000000e+03 3.973369112936186998e-02 -3.977620784288049549e-02 7.667197701391437192e-02
6.161000000000000000e+03 -2.408166629331737196e-02 9.171065062746563967e-02 3.776393219961171610e-02
5.957000000000000000e+03 1.409335972203082932e-01 -3.501492715987808424e-02 9.085583663026319812e-02
5.979000000000000000e+03 -2.542685702665886671e-02 7.679197413960281438e-02 1.040990839946722701e-01
6.006000000000000000e+03 -2.542685702665886671e-02 7.679197413960281438e-02 1.040990839946722701e-01
6.008000000000000000e+03 -1.402566781393765893e-02 5.807957053039203288e-02 1.027570636551047301e-01
5.966000000000000000e+03 -1.402566781393765893e-02 5.807957053039203288e-02 1.027570636551047301e-01
5.956000000000000000e+03 -1.402566781393765893e-02 5.807957053039203288e-02 1.027570636551047301e-01
6.094000000000000000e+03 -2.702821066348432000e-02 -3.373627093619191442e-02 -6.675989108443403097e-02
6.162000000000000000e+03 -2.470317990906689687e-02 7.951688497929154664e-02 9.052630466438671419e-03
6.047000000000000000e+03 -3.316473277010789644e-03 6.522306498019858623e-02 1.226252947203008148e-01
5.950000000000000000e+03 -3.465398805493541401e-02 -7.021837971802113998e-03 -2.079198378326374552e-02
6.063000000000000000e+03 -3.465398805493541401e-02 -7.021837971802113998e-03 -2.079198378326374552e-02
5.915000000000000000e+03 -3.885509938836262389e-02 1.944642221463155352e-01 2.831782059688414677e-02
6.046000000000000000e+03 -1.941155599118782327e-02 -5.247480847821961447e-02 1.580822859429726890e-01
5.891000000000000000e+03 -1.941155599118782327e-02 -5.247480847821961447e-02 1.580822859429726890e-01
5.890000000000000000e+03 4.475097759083612736e-02 1.564866071666308756e-01 1.683236975666666524e-01
5.965000000000000000e+03 4.475097759083612736e-02 1.564866071666308756e-01 1.683236975666666524e-01
5.945000000000000000e+03 -2.865207067779070860e-01 -3.713587657838246514e-02 3.952367526997413449e-02
6.105000000000000000e+03 -8.657791010479826133e-02 -2.807712388175787055e-03 -7.069810233164730562e-02
5.883000000000000000e+03 -6.103870057876514821e-02 1.910625060644264295e-01 -6.072633283907435953e-02
5.921000000000000000e+03 -6.865025201491542495e-02 1.507063193426461112e-01 -5.266039531626276471e-02
5.943000000000000000e+03 -7.134214996827992206e-02 1.973950332870408886e-01 -3.039289781415988045e-02
1.789000000000000000e+03 -7.134214996827992206e-02 1.973950332870408886e-01 -3.039289781415988045e-02
6.009000000000000000e+03 -1.360925273743454067e-01 -2.422370031546705604e-02 -1.820115303931046924e-02
6.180000000000000000e+03 -1.842359707051496875e-01 1.145065206482911435e-01 -9.596712273047813824e-03
5.952000000000000000e+03 -1.341569532263738318e-01 1.499404413640768041e-01 -1.391092290680795429e-02
5.973000000000000000e+03 -6.257153593867903485e-02 1.082880393146368192e-01 3.258466520476588357e-02
6.176000000000000000e+03 -6.257153593867903485e-02 1.082880393146368192e-01 3.258466520476588357e-02
5.982000000000000000e+03 -9.610032995593076333e-02 1.134798599326103385e-01 3.450961370980998311e-02
6.036000000000000000e+03 -9.436252987974164119e-02 1.528043958120974821e-01 7.215325819648832351e-02
6.145000000000000000e+03 -1.486072305843425534e-01 2.511645700972309214e-02 5.692382605231927073e-02
5.941000000000000000e+03 -1.486072305843425534e-01 2.511645700972309214e-02 5.692382605231927073e-02
5.912000000000000000e+03 -9.213638091518489004e-02 9.833014294169828418e-03 7.227866033409746649e-02
5.885000000000000000e+03 -9.213638091518489004e-02 9.833014294169828418e-03 7.227866033409746649e-02
5.997000000000000000e+03 -1.706692625661808682e-01 8.856499764652880913e-02 9.038050199209379798e-02
5.998000000000000000e+03 -1.706692625661808682e-01 8.856499764652880913e-02 9.038050199209379798e-02
6.071000000000000000e+03 -1.800619025311965271e-01 -9.661346761074440792e-03 9.248097756087858556e-02
6.037000000000000000e+03 -2.238491245038814470e-01 7.301607001501508876e-03 1.061589186928273421e-01
6.055000000000000000e+03 -1.131602185912760627e-01 6.952020426287575106e-02 1.230674846816253165e-01
5.964000000000000000e+03 -1.131602185912760627e-01 6.952020426287575106e-02 1.230674846816253165e-01
6.054000000000000000e+03 -1.872594277688016673e-01 4.746883278272662210e-03 1.270199674350376284e-01
5.902000000000000000e+03 -6.490673119714479578e-02 2.303793953344523970e-02 1.271021379306418453e-01
6.064000000000000000e+03 -1.855101440038118277e-01 -9.514488614467353500e-03 1.418359586329458466e-01
5.936000000000000000e+03 -1.330375920802308598e-01 1.233922515247982687e-01 1.638750930989552046e-01
6.120000000000000000e+03 2.506425771281176607e-01 2.928375012716344372e-02 -8.910176859883911504e-02
5.931000000000000000e+03 2.530853265046840717e-01 1.154493311149771273e-01 9.775617526147684089e-02
5.969000000000000000e+03 4.172109580314997679e-02 2.533967491261250871e-01 -1.500393734895624220e-01
5.954000000000000000e+03 1.036641305960124271e-01 2.863671507906850877e-01 -1.451008401826285876e-01
6.096000000000000000e+03 9.705537913732575905e-02 2.506744354554122367e-01 -1.300325159394333241e-01
5.984000000000000000e+03 -1.937150990327586864e-01 -1.118617653042655036e-01 -1.527997958615330276e-01
6.024000000000000000e+03 -9.623388442499603013e-02 3.630879511321047914e-01 -2.527307347633431789e-01
6.108000000000000000e+03 -7.650307146637919109e-02 2.265308315280023521e-01 -1.081180125724952035e-01
6.056000000000000000e+03 -3.768280076358547781e-01 -2.276565620546833202e-02 -2.182206922297922347e-01
5.898000000000000000e+03 -4.748582353533520317e-02 4.033296651730111648e-02 -1.156745067901923107e-01
5.899000000000000000e+03 5.506592116121278302e-02 -5.296331244436913721e-02 -1.458907708273642356e-01
6.097000000000000000e+03 -4.574262260673067626e-02 2.750391731887447122e-02 -2.047013117311102803e-01
6.107000000000000000e+03 8.676531864136105554e-02 5.988994572847161635e-02 -1.129901794986540864e-01
5.894000000000000000e+03 6.576956718915738520e-02 1.917898766434227298e-01 -1.116491559048871096e-01
6.032000000000000000e+03 6.576956718915738520e-02 1.917898766434227298e-01 -1.116491559048871096e-01
5.960000000000000000e+03 -2.598730719360897723e-04 -1.065054186206992881e-02 -1.110064542115534181e-01
5.976000000000000000e+03 7.210193242458606822e-02 1.130366115526371118e-01 -1.023224621263967293e-01
