# star id 	 star_x_coords [pc] 	 star_y_coords [pc] 	 star_z_coords [pc] 
1.801600000000000000e+04 -6.465815812215520708e-01 -2.562435737815349057e+00 -1.020986953897011773e-01
1.778400000000000000e+04 -1.239486648476813446e+00 -2.509905446394860462e+00 7.611309001578785427e-01
1.765400000000000000e+04 -1.356898227349198738e+00 9.783422488824875529e-01 -2.841288176195392978e+00
1.766700000000000000e+04 -1.394734068390798942e+00 1.067200892682436120e+00 -2.147625827880613514e+00
1.766400000000000000e+04 7.167412532010306592e-01 1.351486827076559649e+00 -5.383808105229221042e+00
1.793400000000000000e+04 3.443852928625927845e-01 1.009099157058219731e+00 -4.921096904683274431e+00
1.779200000000000000e+04 4.457543391772533781e-01 1.874372805634223482e+00 -3.971448518364287139e+00
1.748300000000000000e+04 8.595719747823240553e-01 6.746219375110413807e-01 -3.713117805161450846e+00
1.759700000000000000e+04 2.340493389967027049e+00 -2.545280321657727995e-02 -6.023262274861274079e-02
1.763300000000000000e+04 2.247486851538798902e+00 9.482779249369563956e-01 3.429910187263569554e-01
1.789800000000000000e+04 3.541316101986913267e+00 1.149508999934447218e+00 1.071955510048681504e+00
1.788200000000000000e+04 2.410418489693507027e+00 1.434598299803308663e+00 6.080910310637666072e-01
1.779500000000000000e+04 -1.094694976582201384e+00 -1.335808286648429544e+00 -1.395103549673804011e+00
1.798700000000000000e+04 -1.179184373214635428e+00 -1.435928385097383853e+00 1.002748343638424799e+00
1.795800000000000000e+04 -1.008244207737255760e+00 -5.169336956151475704e-01 3.817430331458417925e-01
1.782600000000000000e+04 -1.368409301212051510e+00 -8.990108643388872167e-01 -1.141293105839386257e+00
1.763200000000000000e+04 -1.368409301212051510e+00 -8.990108643388872167e-01 -1.141293105839386257e+00
1.782700000000000000e+04 -1.368409301212051510e+00 -8.990108643388872167e-01 -1.141293105839386257e+00
1.751000000000000000e+04 -1.160139064702983891e+00 7.015827515717205642e-01 1.265687166198112834e-01
2.818000000000000000e+03 -9.814633406805577387e-01 -5.675734821759981230e-01 -1.189852196127244355e+00
2.819000000000000000e+03 -5.632572396427875105e-01 -6.624825966761704876e-02 -6.308385415268080720e-01
2.820000000000000000e+03 -4.513861163784556041e-01 -1.247103585780084956e+00 4.781832168630320012e-01
1.180100000000000000e+04 -6.644985836131351853e-01 -6.037255901919280632e-02 7.309512569092682099e-01
1.767700000000000000e+04 -5.235600196394338823e-01 -7.763002461751291605e-01 6.015453022242347458e-01
1.785700000000000000e+04 -4.840166120274469463e-01 -7.967181292991831754e-01 7.396359672381471739e-01
1.785500000000000000e+04 -5.416457437171429135e-01 -9.301559714737663853e-01 1.094764433416273164e-03
1.785600000000000000e+04 -7.440623877239000983e-01 2.266062536606270328e-01 1.275786755888361768e-01
1.784400000000000000e+04 -4.647313585618375598e-01 1.444704636452886604e+00 1.548382492813669131e+00
1.784500000000000000e+04 -5.989407312462828870e-01 1.977933743162196834e-02 1.112899113673291751e+00
1.791400000000000000e+04 -8.132593382893875678e-01 -6.064236237206976909e-01 -1.268548062358210160e-01
1.791500000000000000e+04 -7.505426170708351385e-01 7.237898109094409449e-01 1.236680234173821447e-01
1.774600000000000000e+04 -6.921068803947276749e-01 -8.143059332056488131e-01 1.225047129063529638e+00
1.766200000000000000e+04 -2.020412378404321530e-01 -9.215269348494814494e-04 -5.922490888367200057e-01
1.771200000000000000e+04 3.168854890151546755e-01 -1.222759778990649693e+00 -2.194924822275492460e-01
1.750400000000000000e+04 7.004239851449574061e-01 -9.266507467163656031e-01 7.047419887049564124e-01
1.784100000000000000e+04 -1.980376267374612809e-01 -6.803621336373559814e-01 -5.880399134221221402e-01
1.777000000000000000e+04 -2.526618849744002304e-01 -3.219820593694926458e-01 -5.256599854454471199e-01
1.760500000000000000e+04 4.559435831600477940e-01 -8.266132016851948094e-01 -4.742574974080078221e-01
1.768900000000000000e+04 7.850914249505542841e-01 -7.730322695874782823e-01 5.276652706206537147e-01
1.767200000000000000e+04 4.007300837147065309e-01 -8.561738813985968477e-01 8.476122539806514311e-01
1.797400000000000000e+04 2.895987913176067963e-02 -1.009935518035650404e+00 2.878566919118341616e-02
1.767100000000000000e+04 6.039870779994505057e-02 1.010969936059670005e+00 2.635681500837350200e-01
1.797700000000000000e+04 5.774285890252244258e-01 -5.943253162663353351e-02 4.593861557268219542e-02
1.789400000000000000e+04 -1.779017148114503399e-01 -5.754291825861201914e-01 -9.113981342822778942e-01
1.789300000000000000e+04 1.837799105932846899e-01 -9.055689179478605411e-01 3.375407234094751630e-02
1.763800000000000000e+04 1.916616896293987793e-01 -7.149843553890420367e-01 3.833684767670195725e-01
1.790200000000000000e+04 4.648789747347290557e-01 1.010164198580262962e+00 9.452469225767750061e-01
1.774200000000000000e+04 7.522575507533906247e-01 8.907892318804044862e-02 8.090580083068719119e-01
1.790700000000000000e+04 7.608731378101118992e-02 6.983247608837821474e-01 5.692009493479712745e-01
1.790100000000000000e+04 6.558926898959169804e-01 4.453075752248238928e-01 6.190445775691735264e-01
1.773500000000000000e+04 3.439835974139757724e-01 1.119863254546391573e+00 1.078316768393634106e+00
1.773600000000000000e+04 3.643813507763473680e-01 1.201841152126323919e+00 1.140737033018099922e+00
1.773700000000000000e+04 9.817074120924260683e-01 -6.252575778756082059e-01 9.942424331590533626e-01
1.778200000000000000e+04 9.817074120924260683e-01 -6.252575778756082059e-01 9.942424331590533626e-01
1.765200000000000000e+04 9.299418930822769269e-01 -4.561816153532305407e-02 -3.875286620268170168e-02
1.761400000000000000e+04 1.376169821236748803e+00 6.193811494431074038e-01 3.448901206746892711e-01
1.785900000000000000e+04 1.034609858305604035e+00 7.240779712001099711e-01 6.857027838777653983e-01
1.761300000000000000e+04 1.188965290491426963e+00 7.161708419353907118e-01 9.550359030545241268e-01
1.757800000000000000e+04 9.102325689428942823e-01 -3.040748052201216467e-01 -2.720322445279492740e-01
1.766500000000000000e+04 1.085022828489877078e+00 2.289184788984677255e-01 -6.757651603183791877e-01
1.768700000000000000e+04 2.045512362456245015e+00 1.262429289085531536e+00 -1.355009249285323847e-01
1.768600000000000000e+04 -1.428432979612790366e+00 1.281267689320966241e+00 -3.017701601788225219e-01
1.789500000000000000e+04 -4.707805286191248939e-01 -6.418042060827389150e-02 -9.760631702618223215e-01
1.787600000000000000e+04 1.020378806558159823e-01 1.084679747478030976e+00 -4.291327542414187235e-01
1.772500000000000000e+04 4.974000822348951800e-01 1.230397193028093028e+00 -4.930226342916341764e-01
1.792500000000000000e+04 4.358776907894803543e-01 6.679581087933783579e-02 -9.745290588179962299e-01
1.764900000000000000e+04 -5.670392037054643453e-01 8.653496527225179591e-01 -1.287811074114852516e+00
1.794800000000000000e+04 8.868850398200249785e-01 -4.738561665325491390e-02 -1.981792206545987867e+00
1.774800000000000000e+04 8.868850398200249785e-01 -4.738561665325491390e-02 -1.981792206545987867e+00
1.780100000000000000e+04 9.476769363792136858e-01 1.536590959684964730e+00 -1.556630254542561431e-01
1.777500000000000000e+04 -4.654139674612318700e-01 4.637098356702438195e-01 -1.751399588180888145e+00
1.791000000000000000e+04 -2.320924874813270478e-01 2.440293917690077308e-01 -3.179210230357989886e+00
1.763700000000000000e+04 -1.164789918372530764e-01 1.365299780934829954e+00 -2.286376055871874868e+00
1.760900000000000000e+04 -6.586545291175549544e-01 -2.211835681566114431e-01 6.505682099745975222e-01
1.760800000000000000e+04 -2.430643039070856659e-01 -5.414295646427014219e-01 4.164798766529944629e-01
1.757700000000000000e+04 -2.430643039070856659e-01 -5.414295646427014219e-01 4.164798766529944629e-01
1.797600000000000000e+04 3.753574116165294683e-01 -3.884569580485113249e-01 5.375595076629853253e-01
1.752800000000000000e+04 -1.778870971612924734e-01 1.092031764711620667e-01 4.079407046924536928e-01
1.777100000000000000e+04 -1.093706994150442924e-01 1.773840372467887505e-01 4.613553536642349684e-01
1.781100000000000000e+04 -5.440952801462435318e-01 2.807989584402790229e-01 6.096864464312385934e-01
1.769500000000000000e+04 2.368555731329378133e-01 -2.151948265178731390e-01 5.137994036909923068e-01
1.743300000000000000e+04 5.823100660137381368e-02 2.286190067391977720e-01 6.535911513959593577e-01
1.798600000000000000e+04 5.823100660137381368e-02 2.286190067391977720e-01 6.535911513959593577e-01
1.770100000000000000e+04 3.756353009327417780e-01 9.228057905074393830e-02 4.197356747219735951e-01
1.770000000000000000e+04 -4.841265754673846899e-01 -1.441348962302555492e-01 3.285273137852477987e-01
1.766000000000000000e+04 -1.865455132014250950e-01 -1.105100548353732393e-02 1.110729185697731936e-01
1.784700000000000000e+04 -8.553264206900657030e-02 -8.467460635793955248e-02 1.080365280761785840e-01
1.789000000000000000e+04 -1.011112786115671014e-01 -1.825167496663695488e-01 1.920366647538358507e-01
1.769600000000000000e+04 -1.379091362373667806e-01 -1.160557296712205755e-01 1.927326027541269582e-01
1.771600000000000000e+04 -1.379091362373667806e-01 -1.160557296712205755e-01 1.927326027541269582e-01
1.783500000000000000e+04 -8.376498042899171992e-02 -1.394569882418430495e-01 2.279319837439057750e-01
1.783600000000000000e+04 -1.495108167366447915e-01 -1.046155437277533906e-01 2.491237219652475687e-01
1.765600000000000000e+04 -1.262367606297738476e-01 -1.931261818220413318e-01 2.891262941514867180e-01
6.282000000000000000e+03 -1.262367606297738476e-01 -1.931261818220413318e-01 2.891262941514867180e-01
6.733000000000000000e+03 -1.157807161098167725e-01 -2.483728171608490243e-02 2.817475931970587766e-01
1.776600000000000000e+04 -1.343045615040798779e-01 -1.284627011851533496e-01 3.122335672518676830e-01
1.785100000000000000e+04 -1.237962029124677343e-01 -8.326624286825889953e-02 3.438084996855241826e-01
1.766900000000000000e+04 -1.237962029124677343e-01 -8.326624286825889953e-02 3.438084996855241826e-01
1.790400000000000000e+04 3.776164984082619469e-01 -8.261530183080978418e-02 2.051621274506967296e-01
1.790500000000000000e+04 3.683590272189283255e-01 -3.932438249563219301e-02 2.565000326336619452e-01
1.783000000000000000e+04 3.125414435403071067e-01 -1.171515238453118002e-01 3.333228482397601056e-01
1.778500000000000000e+04 1.033849367940993247e-01 -2.503932572598444040e-02 1.210263894589402867e-01
1.797000000000000000e+04 1.033849367940993247e-01 -2.503932572598444040e-02 1.210263894589402867e-01
1.769900000000000000e+04 3.037208913093980556e-02 -1.138331852910070552e-01 1.206686472225548812e-01
1.742500000000000000e+04 1.567899743481202535e-01 -2.167692827041278747e-02 1.227839089508631076e-01
1.764600000000000000e+04 4.015041615419256971e-02 -1.952636205371547362e-01 1.348856985269470954e-01
1.742600000000000000e+04 4.015041615419256971e-02 -1.952636205371547362e-01 1.348856985269470954e-01
1.759900000000000000e+04 3.692207666719582448e-02 -2.424566540838242190e-01 1.513164546093737073e-01
1.796900000000000000e+04 -4.175055209272748868e-02 -7.407906288374732640e-02 1.832881973731694814e-01
1.756400000000000000e+04 -4.175055209272748868e-02 -7.407906288374732640e-02 1.832881973731694814e-01
1.788900000000000000e+04 -4.536310463410586635e-02 -9.090899730193768846e-02 1.745681206374953831e-01
1.782900000000000000e+04 -4.536310463410586635e-02 -9.090899730193768846e-02 1.745681206374953831e-01
1.767000000000000000e+04 -4.536310463410586635e-02 -9.090899730193768846e-02 1.745681206374953831e-01
1.767500000000000000e+04 -2.851548015701244054e-02 -1.265382961398131556e-01 1.649296036370078156e-01
1.766100000000000000e+04 -2.851548015701244054e-02 -1.265382961398131556e-01 1.649296036370078156e-01
1.749900000000000000e+04 -2.851548015701244054e-02 -1.265382961398131556e-01 1.649296036370078156e-01
1.775800000000000000e+04 -3.711549557979143543e-02 -5.064566941991444082e-02 1.870347627510486888e-01
1.789900000000000000e+04 -3.711549557979143543e-02 -5.064566941991444082e-02 1.870347627510486888e-01
1.749700000000000000e+04 -3.711549557979143543e-02 -5.064566941991444082e-02 1.870347627510486888e-01
6.516000000000000000e+03 -3.711549557979143543e-02 -5.064566941991444082e-02 1.870347627510486888e-01
7.765000000000000000e+03 7.183196601339147946e-04 -6.961948672775619684e-02 1.997103320869904053e-01
1.570000000000000000e+02 7.183196601339147946e-04 -6.961948672775619684e-02 1.997103320869904053e-01
1.761800000000000000e+04 -9.935049140298524151e-03 -1.925769517215059068e-02 2.163040063850658612e-01
1.748400000000000000e+04 -9.935049140298524151e-03 -1.925769517215059068e-02 2.163040063850658612e-01
1.766300000000000000e+04 -1.219646109074989937e-02 -5.199239392315391228e-02 2.024063536216491599e-01
1.768200000000000000e+04 -1.219646109074989937e-02 -5.199239392315391228e-02 2.024063536216491599e-01
1.777900000000000000e+04 1.103125635269046612e-01 -4.069455311100966810e-02 2.319285770951058367e-01
1.775600000000000000e+04 1.103125635269046612e-01 -4.069455311100966810e-02 2.319285770951058367e-01
1.766800000000000000e+04 1.102021048495771538e-04 -5.657609699204613207e-02 2.581135476764497838e-01
1.756600000000000000e+04 9.829568309144676164e-02 -1.540975620652673683e-01 2.350681255118711732e-01
1.794500000000000000e+04 1.797104537947236125e-01 -1.041755665689159116e-01 3.182408056139074404e-01
1.741400000000000000e+04 1.797104537947236125e-01 -1.041755665689159116e-01 3.182408056139074404e-01
1.741600000000000000e+04 5.747761118693439641e-02 -1.623258623046019977e-01 3.240062060457198356e-01
1.741500000000000000e+04 5.104466568499077539e-02 -6.421184424285897308e-02 3.525141041648716111e-01
1.785400000000000000e+04 -1.904622933372515092e-01 2.944127988119049633e-03 3.367577080956607460e-01
2.357700000000000000e+04 -1.746435898698761591e-01 2.566992881747083288e-01 2.556481199015241401e-01
1.795000000000000000e+04 -2.324983465065395549e-01 1.652602400719942466e-01 2.816240595709693650e-01
1.772400000000000000e+04 -1.780265072796112236e-01 2.726276188766370012e-01 2.895423541678763257e-01
1.555200000000000000e+04 -1.780265072796112236e-01 2.726276188766370012e-01 2.895423541678763257e-01
1.555300000000000000e+04 -8.066362288700812400e-02 1.877419117946246274e-01 3.633008850881953578e-01
1.778600000000000000e+04 -8.066362288700812400e-02 1.877419117946246274e-01 3.633008850881953578e-01
1.776900000000000000e+04 -1.771956495166602252e-01 -4.294497379230861611e-01 2.430632854570777823e-01
1.771700000000000000e+04 -1.771956495166602252e-01 -4.294497379230861611e-01 2.430632854570777823e-01
1.748700000000000000e+04 5.112969993857952034e-02 2.693128742241768236e-02 1.175688136021655339e-01
1.774100000000000000e+04 5.112969993857952034e-02 2.693128742241768236e-02 1.175688136021655339e-01
1.771800000000000000e+04 -5.993272691305229216e-03 6.304171244424239262e-02 1.250400270233598121e-01
1.763900000000000000e+04 1.145640882512504177e-01 2.141709280643944169e-01 1.167152655464818167e-01
1.794300000000000000e+04 9.175706683816819975e-02 8.414619094374131691e-02 1.627211241818766752e-01
1.784300000000000000e+04 1.858071652757509185e-02 6.031090522117565911e-02 1.709759957866108238e-01
1.787800000000000000e+04 1.858071652757509185e-02 6.031090522117565911e-02 1.709759957866108238e-01
1.769100000000000000e+04 1.165500737255973362e-01 2.786706935332006196e-01 2.005590907156182823e-01
1.784000000000000000e+04 1.115758462531939443e-01 4.574908400940103093e-02 2.363435461950942340e-01
1.796000000000000000e+04 4.411689270141572194e-02 1.391350652032379287e-01 2.605121765549682777e-01
1.795500000000000000e+04 2.063791013051297085e-02 1.014650582519998068e-01 2.639082342535736814e-01
1.788800000000000000e+04 2.115189669886943236e-01 6.801523665610886837e-02 2.618301633532826855e-01
1.757300000000000000e+04 2.115189669886943236e-01 6.801523665610886837e-02 2.618301633532826855e-01
7.944000000000000000e+03 1.946649002626177349e-02 2.164999960384506039e-02 1.639575076211183813e-01
1.794400000000000000e+04 8.066749283478014121e-02 1.616729774879068771e-01 2.718292913332760463e-01
7.766000000000000000e+03 7.518407245603597744e-02 1.501896304286631789e-01 2.876866869842231722e-01
1.762800000000000000e+04 -5.006369634539264979e-02 3.917324883822459469e-03 1.736525299775202313e-01
1.795900000000000000e+04 1.937625813626597804e-01 2.432956330911935083e-01 3.694304579342713168e-01
1.754600000000000000e+04 2.415941006370987409e-01 1.220623739315271905e-01 1.635381895260632490e-01
1.756300000000000000e+04 2.415941006370987409e-01 1.220623739315271905e-01 1.635381895260632490e-01
1.763500000000000000e+04 3.105642562494628223e-01 1.462059868404281815e-01 1.432886476076191684e-01
1.763400000000000000e+04 -3.311768859688779543e-01 3.507386649623676078e-01 3.498429209811231289e-01
1.793000000000000000e+04 1.778850919414312060e-01 3.986824716928794032e-01 3.355374242382023198e-01
1.788300000000000000e+04 1.393592500523626043e-01 5.535528696913942781e-01 3.576520633728268450e-01
1.779700000000000000e+04 -8.551420904476891849e-02 3.824363389256610901e-01 5.832992661652944832e-01
1.788500000000000000e+04 2.877760849038280000e-01 3.204726137883895376e-01 6.912623637734593984e-01
1.761600000000000000e+04 -3.919590097202956258e-01 -1.138186596188717203e-01 2.098274188589144273e-02
1.791100000000000000e+04 -1.809387774301631779e-01 -4.057184728712925903e-02 -6.203985007777212957e-02
1.756200000000000000e+04 -1.278549365589025655e-01 -3.711135869773940499e-02 4.532135403604087287e-03
1.759400000000000000e+04 -2.301413228298505587e-01 -9.387444588904614307e-02 2.094185920237023879e-03
1.774300000000000000e+04 -1.998170418548479432e-01 -1.626727371376155418e-01 7.698229191980487940e-03
1.793900000000000000e+04 -1.511757817718333285e-01 -2.203854271478391524e-01 2.424956846260784005e-02
1.771900000000000000e+04 -8.069151336579505340e-02 -8.769678224793153731e-02 2.117734824435046903e-02
1.786700000000000000e+04 -1.518624325626127813e-01 -1.306672332977356632e-01 5.818775451296076540e-02
1.788100000000000000e+04 2.422417521748183589e-01 -1.659967827106001437e-02 2.341358575799645791e-03
1.757900000000000000e+04 2.095693191176595249e-01 -9.074743133461637967e-02 -1.371490845505860534e-01
1.777400000000000000e+04 -2.460951800779653809e-02 -1.913627248916505152e-01 -1.313775727218704503e-01
1.761100000000000000e+04 1.820900020154692101e-02 -2.177759243692101165e-01 -1.268254506785240210e-01
1.761200000000000000e+04 8.659471174500854573e-02 -2.696450630030966522e-02 -1.333096729518779000e-02
1.761500000000000000e+04 3.173788107825625815e-02 -1.236052306723181005e-01 -2.166547460962675586e-03
1.764100000000000000e+04 3.173788107825625815e-02 -1.236052306723181005e-01 -2.166547460962675586e-03
1.784900000000000000e+04 1.512005367294015912e-01 -1.997543672453474528e-01 1.568119519362909386e-02
1.799400000000000000e+04 3.290732422630515686e-02 -4.596782284539813190e-02 3.225968911885956913e-02
1.785000000000000000e+04 3.290732422630515686e-02 -4.596782284539813190e-02 3.225968911885956913e-02
1.774400000000000000e+04 -5.345351210685578280e-02 -2.139032656911297181e-01 5.001974872418557538e-02
1.774500000000000000e+04 5.182802643703077194e-03 -1.941953886345544333e-01 7.367574642817409369e-02
1.768500000000000000e+04 5.182802643703077194e-03 -1.941953886345544333e-01 7.367574642817409369e-02
1.774700000000000000e+04 -5.862220168647169771e-02 -1.427270706120573607e-01 7.888384030692563442e-02
1.787400000000000000e+04 5.193686328901492288e-03 -1.224529069589763708e-02 8.950148678560410076e-02
1.799100000000000000e+04 5.193686328901492288e-03 -1.224529069589763708e-02 8.950148678560410076e-02
1.799200000000000000e+04 3.893981055566797522e-02 -6.998477773188938045e-02 8.988045480750272986e-02
1.792400000000000000e+04 3.893981055566797522e-02 -6.998477773188938045e-02 8.988045480750272986e-02
1.786200000000000000e+04 3.893981055566797522e-02 -6.998477773188938045e-02 8.988045480750272986e-02
1.760600000000000000e+04 -2.164945475510613448e-01 -2.977937582006262573e-03 3.654262576630173953e-02
1.798800000000000000e+04 -1.342335850344218429e-01 8.142732486749082454e-02 -1.393657469076625688e-01
1.743500000000000000e+04 -1.350080716950934345e-01 2.780107017045807538e-02 3.847064766172714201e-02
1.743600000000000000e+04 -7.583243238062120639e-02 5.471384742320140049e-02 5.517438451891543139e-02
1.801200000000000000e+04 -1.106715785867189439e-01 -4.309830771852318776e-03 -5.577711390650108569e-02
1.773900000000000000e+04 -8.053801689894157789e-02 4.056925337750882932e-02 9.330465064000570408e-02
1.765300000000000000e+04 3.218017129181918179e-01 1.890986607597895386e-01 -1.184778683686751322e-01
1.750200000000000000e+04 2.508308984803475639e-01 6.793889318311130410e-02 -1.425859480534956703e-01
1.781000000000000000e+04 3.551266646358488543e-01 4.490405277587328214e-02 7.619844966072264469e-02
1.799500000000000000e+04 2.259456487760092003e-01 6.339436818169374988e-02 -3.860907398855140116e-02
1.783800000000000000e+04 6.652968659580160704e-02 7.754346000984213561e-02 -1.025425500739629570e-02
1.783900000000000000e+04 1.256335779106771966e-01 1.653169456657828107e-01 -6.034660368053224033e-03
1.774000000000000000e+04 1.182606424358034758e-01 6.259419594397641617e-02 4.788468441839555112e-03
1.779900000000000000e+04 1.182606424358034758e-01 6.259419594397641617e-02 4.788468441839555112e-03
1.764700000000000000e+04 7.652674278510929184e-02 1.503494333886621348e-01 2.993715348740977333e-02
1.782000000000000000e+04 7.652674278510929184e-02 1.503494333886621348e-01 2.993715348740977333e-02
1.780800000000000000e+04 1.705674615378383052e-01 4.164715953999831299e-02 6.237960178218138196e-02
1.770600000000000000e+04 1.540398560249061077e-01 1.547420969611259522e-01 9.072514812177168153e-02
1.772700000000000000e+04 -7.280458641685072507e-02 -3.224222079159524412e-01 -9.720325154487952091e-03
3.004000000000000000e+03 -7.157822144096925854e-02 -3.769355915021037617e-01 -5.698212855519635411e-02
3.003000000000000000e+03 2.196647132389557555e-01 -4.522341644492122725e-01 -1.901530487930536140e-01
3.002000000000000000e+03 -2.063637648165528304e-02 -3.932151928438685218e-01 -9.113896864669612796e-02
1.772300000000000000e+04 -2.063637648165528304e-02 -3.932151928438685218e-01 -9.113896864669612796e-02
1.754300000000000000e+04 2.400068692401813308e-02 -3.369724036197787598e-01 9.724197700943193468e-02
1.767400000000000000e+04 -2.801022573079485767e-01 5.072832460792469078e-01 -4.800586091352698759e-03
1.764500000000000000e+04 -2.711062959199299627e-01 5.601459043706640273e-01 8.046738222568983190e-02
2.027000000000000000e+04 -2.711062959199299627e-01 5.601459043706640273e-01 8.046738222568983190e-02
1.770500000000000000e+04 3.146112087108594579e-01 4.785652421621691133e-01 1.049924021218195946e-02
1.791800000000000000e+04 4.664603674527327826e-01 5.150138538072255301e-01 4.335654652482823224e-02
6.453000000000000000e+03 -4.438506103191590668e-01 -3.065793490773351948e-01 -4.750697921777771171e-01
1.781400000000000000e+04 -3.581258168688847832e-01 -1.599948367017240969e-01 -2.765433069533891342e-01
1.780000000000000000e+04 2.854708357134345675e-01 -2.307175670840777570e-02 -4.441442780025628423e-01
1.800000000000000000e+04 4.525744638819979571e-01 -1.692936780062019864e-01 -4.261562814312664926e-01
1.776000000000000000e+04 1.828279986118221956e-01 -1.614918778601612814e-01 -2.140183070683505662e-01
1.791900000000000000e+04 3.409232222914937438e-02 -5.251449498469895616e-03 -2.150159344124293881e-01
1.797900000000000000e+04 -5.159375606421354732e-01 -4.562353324216523731e-01 -3.422557898018521172e-01
1.762700000000000000e+04 -2.236366488019723153e+00 -4.406559260630302788e-01 -1.870168644701470484e+00
1.784200000000000000e+04 -2.236366488019723153e+00 -4.406559260630302788e-01 -1.870168644701470484e+00
1.781700000000000000e+04 -2.236366488019723153e+00 -4.406559260630302788e-01 -1.870168644701470484e+00
1.743100000000000000e+04 -2.046003859289817317e+00 -3.026182645178202790e+00 1.563249641642769916e+00
1.790300000000000000e+04 -1.656435005750545031e+00 9.488446303871320708e-01 8.266845398170161729e-01
1.773300000000000000e+04 3.925666188409389079e-01 1.525444205629728600e+00 2.724138225408335501e+00
1.795200000000000000e+04 3.033631345790359646e-01 8.447664165360215804e-01 2.127600352165281095e+00
9.660000000000000000e+03 1.685700422599940573e+00 9.631548357192798449e-01 1.863668293617497085e+00
