# star id 	 star_x_coords [pc] 	 star_y_coords [pc] 	 star_z_coords [pc] 
2.069500000000000000e+04 -1.796514873395960166e+00 1.040355178672783154e+00 6.171448000486329022e+00
2.064600000000000000e+04 -1.934995241391787246e+00 -3.401575863967778446e-01 5.991576821951156262e+00
2.065800000000000000e+04 -1.504092479313735353e+00 1.289438803703880865e+00 1.486741611157619047e+00
2.093400000000000000e+04 -1.242218267501215223e+00 9.276552206037393944e-01 4.986343064478447218e+00
2.091500000000000000e+04 -1.057424164036824266e+00 8.936984119167590279e-02 2.775949562356608169e+00
2.091800000000000000e+04 -8.168622626676977916e-01 -5.747062270807106188e-01 3.422368849681397762e+00
2.032600000000000000e+04 -1.272992760469966456e+00 -1.783683821905412969e-03 3.930266214394535496e+00
2.032100000000000000e+04 -6.938136573215274439e-01 -1.593226381763841459e-01 1.876840814500347676e+00
2.092900000000000000e+04 2.863467435109765091e+00 -2.330246456852904657e-01 1.211775042459464657e+00
2.093300000000000000e+04 1.823049412818050996e+00 2.389546082611850863e+00 1.429508935325429775e-02
2.094100000000000000e+04 8.587397530724327765e-01 1.877975226201975545e+00 5.998900914766380765e-02
2.090300000000000000e+04 8.507241607777462633e-01 1.193479439533007280e+00 -8.072515894444691753e-01
2.032900000000000000e+04 2.014685219674692718e+00 1.012842571663064462e+00 -9.546642992647420556e-01
2.065600000000000000e+04 -2.506988325794470285e+00 4.524515201881840198e-01 -1.815305224736043499e+00
2.068700000000000000e+04 8.182739864715316003e-01 -3.756327701304940092e-02 -1.748127784286772624e+00
2.092400000000000000e+04 8.786492432406589614e-01 4.593255980751393963e-01 -1.641777777836850305e+00
2.068400000000000000e+04 1.539168260101391184e-01 5.701872177778142259e-01 -2.800101881970476825e+00
2.032000000000000000e+04 7.833129364749442658e-01 -2.286173277171883456e-01 -1.376367094392698220e+00
2.064500000000000000e+04 4.820253154567275544e-01 -1.166386172128675014e+00 -2.660474764100783318e+00
2.092000000000000000e+04 4.820253154567275544e-01 -1.166386172128675014e+00 -2.660474764100783318e+00
2.092100000000000000e+04 9.312448118677245645e-01 6.110386221572952081e-01 -1.211870573698263343e+00
2.070900000000000000e+04 5.900641891849272014e-01 8.794579157767401512e-02 -1.193406790871264889e+00
2.062700000000000000e+04 1.647712800473399852e-02 -4.559616049395813775e-01 -1.441929621140111806e+00
2.062600000000000000e+04 -1.345788515729291035e+00 -1.362066826965296684e+00 -1.560377446340552865e+00
2.037100000000000000e+04 -6.755857087782093373e-01 -1.206960218191035494e+00 -1.447784754280341701e+00
2.032400000000000000e+04 -1.680815239532421401e+00 -8.900387149476571835e-01 -1.983427645081462742e+00
2.091100000000000000e+04 -1.377597085129934840e+00 -1.221329391526161601e+00 -1.094157148070955543e+00
2.115000000000000000e+04 2.176983640436201739e+00 3.121928199606358589e-01 -1.712552558475174180e+00
2.091000000000000000e+04 -2.741147421214201074e+00 5.084250602675268738e-01 -4.962758981795261093e-01
2.032700000000000000e+04 -2.766547755118894614e+00 -1.249945588219617321e+00 -9.213925976306001075e-01
2.032500000000000000e+04 1.182650971546697960e+00 1.154006068514377148e-01 -4.016164996559012934e-02
2.090100000000000000e+04 1.657547177074009781e+00 -7.560230501456359775e-01 -4.895111936617908555e-01
2.068000000000000000e+04 -1.748655174526565048e+00 -6.227658866456806663e-01 1.216659630126315506e-02
2.093500000000000000e+04 -8.221563716779094477e-01 3.597296854727645155e-01 6.904869555150270344e-01
2.090800000000000000e+04 2.960272073582022045e+00 -3.944122188435557064e-01 -9.606408109114283889e-03
2.070000000000000000e+04 2.518087857071918734e+00 -2.063233830159632021e-01 1.043066742752607468e+00
2.090500000000000000e+04 1.307119799005898031e+00 -9.175839491094919254e-01 -3.509732531828682056e+00
