# star id 	 star_x_coords [pc] 	 star_y_coords [pc] 	 star_z_coords [pc] 
5.120000000000000000e+02 -4.208188011835147790e-01 -3.783527230418002318e-01 3.426582139342500000e-01
5.130000000000000000e+02 7.238312752591582466e-01 -3.490131839553924920e-01 5.767266584306156574e-01
5.140000000000000000e+02 5.592633718445654267e-01 -2.190875851010360975e-01 7.751729776983395936e-01
3.960000000000000000e+02 -5.772191080794186746e-01 3.089783395924428078e-02 6.476760134813659420e-01
4.620000000000000000e+02 -5.772191080794186746e-01 3.089783395924428078e-02 6.476760134813659420e-01
4.630000000000000000e+02 -6.106605822749031631e-01 -4.440248887266307065e-02 5.184794413777495947e-01
5.930000000000000000e+02 -3.394283506122803828e-01 -2.578439682280162515e-01 -1.007319768106071933e-01
5.490000000000000000e+02 -6.126077645648706493e-01 -1.339407623091659616e-01 1.744651056915174081e-01
5.080000000000000000e+02 -6.126077645648706493e-01 -1.339407623091659616e-01 1.744651056915174081e-01
4.980000000000000000e+02 6.508824840822455826e-01 -5.649322162362722111e-01 1.018232124006743788e-01
4.390000000000000000e+02 -7.594686229773515151e-01 -7.314898551927484505e-01 7.256933868571024959e-02
5.880000000000000000e+02 -3.894819588606992511e-01 -2.088252019156300321e-01 -4.767797851897697115e-01
5.650000000000000000e+02 1.531004454183175767e-01 -3.784318524095340308e-01 -8.013280744358795005e-01
5.760000000000000000e+02 -2.038891611786652902e-02 7.062993954433238741e-01 -7.534954145423000682e-01
4.010000000000000000e+02 -3.781592323940685674e-01 -7.441157666269617721e-01 -6.872009562099137270e-01
5.710000000000000000e+02 -1.362644974019474375e+00 -3.163589299261815313e-01 -6.334153504909068033e-03
5.720000000000000000e+02 1.465343250808075481e-01 -1.584526513235459788e+00 -1.193785749975070587e+00
4.930000000000000000e+02 -1.830263715981175210e-01 3.101595576069371418e-03 -2.573963615191914300e-01
4.990000000000000000e+02 -1.830263715981175210e-01 3.101595576069371418e-03 -2.573963615191914300e-01
5.610000000000000000e+02 -1.117334119260249281e-02 1.197262264833227619e-01 -1.733358169385113001e-01
4.590000000000000000e+02 -3.097392506731466710e-03 5.586603154314673247e-02 -1.580113103706111133e-01
4.650000000000000000e+02 3.992112621887144996e-03 2.050820716267907073e-01 2.145470805075433418e-02
5.460000000000000000e+02 1.193561070488158293e-01 1.227737822744643381e-01 -2.392974054585934596e-01
4.350000000000000000e+02 1.193561070488158293e-01 1.227737822744643381e-01 -2.392974054585934596e-01
4.700000000000000000e+02 1.258305714255243402e-01 9.224881587461197796e-02 -2.273919090577223301e-01
4.940000000000000000e+02 9.749864755951875850e-02 1.465257366327392674e-01 -2.016473698859329033e-01
5.200000000000000000e+02 9.749864755951875850e-02 1.465257366327392674e-01 -2.016473698859329033e-01
4.540000000000000000e+02 2.158048344268763685e-01 8.425954351068298820e-02 -1.836582820297252283e-01
4.550000000000000000e+02 6.061953222311444733e-02 1.184921600352311088e-01 -1.568719097522546235e-01
5.070000000000000000e+02 8.115442099145298016e-02 1.330898377658087384e-01 -9.083802776196847617e-02
5.060000000000000000e+02 1.660613917861155642e-01 2.113448067597971658e-01 -7.260674116930232458e-02
4.720000000000000000e+02 1.660613917861155642e-01 2.113448067597971658e-01 -7.260674116930232458e-02
4.710000000000000000e+02 1.126718739492389432e-01 1.687739762725328774e-01 -1.972858630507090538e-02
5.370000000000000000e+02 1.126718739492389432e-01 1.687739762725328774e-01 -1.972858630507090538e-02
5.300000000000000000e+02 1.126718739492389432e-01 1.687739762725328774e-01 -1.972858630507090538e-02
5.290000000000000000e+02 1.115786194229428929e-01 1.988642118207906151e-01 -4.485507917195263872e-03
4.900000000000000000e+02 1.529741385596139480e-02 7.434164667897391610e-02 3.236396866034141340e-02
5.270000000000000000e+02 5.635608186796048358e-02 5.686557569582362248e-02 3.496451196684802198e-02
5.260000000000000000e+02 5.635608186796048358e-02 5.686557569582362248e-02 3.496451196684802198e-02
5.440000000000000000e+02 -1.784205829022766920e-02 2.569147599053991371e-01 -5.007876505509045728e-02
5.450000000000000000e+02 -2.914122626350490464e-03 2.259375704357893255e-01 5.227765596076494603e-02
5.570000000000000000e+02 -1.144226159101719986e-01 5.552236583346825682e-02 9.299344191088465550e-02
5.640000000000000000e+02 -1.144226159101719986e-01 5.552236583346825682e-02 9.299344191088465550e-02
5.960000000000000000e+02 5.911317901109214290e-03 1.908512358635050532e-02 1.917960902849245031e-01
4.330000000000000000e+02 5.911317901109214290e-03 1.908512358635050532e-02 1.917960902849245031e-01
4.320000000000000000e+02 1.555681136306930057e-02 1.970495954935529426e-01 2.050706857933874971e-01
5.100000000000000000e+02 2.162641935800024839e-02 1.542598898813452024e-01 8.409436679924198188e-02
5.030000000000000000e+02 2.162641935800024839e-02 1.542598898813452024e-01 8.409436679924198188e-02
4.150000000000000000e+02 1.498563327687634228e-01 7.958763916893474288e-02 7.032032195063919744e-02
4.140000000000000000e+02 1.323872896712430247e-01 1.093566167521942134e-02 1.014630614994800339e-01
4.130000000000000000e+02 1.323872896712430247e-01 1.093566167521942134e-02 1.014630614994800339e-01
4.030000000000000000e+02 4.187614077096668552e-02 1.315529889839268662e-01 8.948368471361334286e-02
5.230000000000000000e+02 4.187614077096668552e-02 1.315529889839268662e-01 8.948368471361334286e-02
4.020000000000000000e+02 1.636666855103499074e-01 -2.723011027495658709e-02 1.145341269174409149e-01
4.850000000000000000e+02 1.636666855103499074e-01 -2.723011027495658709e-02 1.145341269174409149e-01
5.830000000000000000e+02 -3.087268707844259552e-03 -7.997063769741430406e-02 7.563648819397883472e-02
5.180000000000000000e+02 -1.786207199999694240e-01 -1.030708507460929013e-01 1.602979894475566880e-01
4.430000000000000000e+02 -2.780406810202862289e-02 4.972474101356141318e-01 1.818711736955549441e-01
5.480000000000000000e+02 1.707596525908456897e-01 -3.458626373380297991e-01 7.522145896523113606e-02
5.380000000000000000e+02 1.200093332532787826e-01 4.072808457170395968e-01 8.932375974563910859e-02
5.160000000000000000e+02 2.244696022137304681e-01 3.454988662077624895e-01 2.786024394532020665e-01
5.390000000000000000e+02 2.244696022137304681e-01 3.454988662077624895e-01 2.786024394532020665e-01
4.240000000000000000e+02 4.257043572373220286e-01 1.522537053033374832e-01 3.458227822978443555e-02
4.250000000000000000e+02 3.895513874287814815e-01 -1.390971964134593009e-01 -7.505632184876276369e-02
4.600000000000000000e+02 3.712796886018452369e-01 2.232860877809912381e-01 4.706362150198373229e-02
5.740000000000000000e+02 3.602451118926524032e-01 -2.760578918091169953e-01 9.946862491167252074e-02
5.360000000000000000e+02 3.544207761254938305e-01 -4.996038130950353207e-02 2.851299819537018720e-01
6.080000000000000000e+02 -2.757711193276577433e-01 -2.755133720002334030e-02 -3.544098865029496892e-01
5.150000000000000000e+02 1.742053743287783618e-01 2.104150268793176792e-01 -3.427828869219311514e-01
