# star id 	 star_x_coords [pc] 	 star_y_coords [pc] 	 star_z_coords [pc] 
4.343200000000000000e+04 -4.811431458105630554e-01 -1.584481494802925994e+00 -8.212282064790059621e-01
4.315100000000000000e+04 -6.466361924016013063e-01 -2.295080563439872989e+00 -6.666584774102943811e-01
4.318200000000000000e+04 -1.706201722326227355e+00 -2.492836655051300809e+00 -4.663440268314218429e-01
4.298000000000000000e+04 -1.706201722326227355e+00 -2.492836655051300809e+00 -4.663440268314218429e-01
4.300300000000000000e+04 5.407168678233915671e-01 -1.613895163915081810e+00 -6.278369052141670181e-01
4.298100000000000000e+04 7.760785576459312551e-01 -2.332261152070566723e+00 -1.148992987471345373e+00
4.339200000000000000e+04 1.145432092123058965e+00 -1.508246863543517335e+00 -9.616096992953231393e-01
4.335400000000000000e+04 1.081373111528023401e-01 -2.555348484744625281e+00 8.158465990461678530e-01
4.318300000000000000e+04 -8.864461731263020283e-01 -1.603100899618778996e+00 5.958033875432846571e-01
4.299600000000000000e+04 1.597870567804619668e+00 -1.581505802874445976e+00 3.504201363654999568e-01
4.289600000000000000e+04 -2.746283377619022303e+00 -1.769022519537786664e+00 1.543108652342212395e+00
4.269100000000000000e+04 -4.227444755552767219e-02 -2.551355406461331299e+00 1.519070265370871198e+00
4.298600000000000000e+04 -7.395323151348378587e-01 -2.177652119287705190e+00 1.678698821689621923e+00
4.322100000000000000e+04 -1.457631214282884002e+00 -2.127660085164949422e+00 1.565392903983465089e+00
4.295500000000000000e+04 -2.348086848186312636e-01 -4.753179771796602893e-01 -1.210212249808236606e+00
4.339300000000000000e+04 -6.487931637512502903e-01 -6.815710152461260662e-01 -1.194662619615542098e+00
4.307400000000000000e+04 2.722955189374829388e-01 -9.476752940464514552e-01 -1.165180845866203185e+00
4.354700000000000000e+04 2.722955189374829388e-01 -9.476752940464514552e-01 -1.165180845866203185e+00
4.354600000000000000e+04 -7.641828290209815577e-01 -6.059850389381296054e-01 -1.283569286722908487e+00
4.349200000000000000e+04 -7.134297861706642152e-01 -8.502189753719555654e-01 -1.037938233814699629e+00
4.334100000000000000e+04 -5.077608095322716508e-02 2.332259000911527380e+00 -5.279831919228428205e-01
4.317500000000000000e+04 -7.784161463642078616e-01 1.882422300482827993e+00 -8.704881373923427645e-01
4.284000000000000000e+04 -3.353608455640497255e+00 -1.175189154928190760e+00 1.425211159562564944e+00
4.342300000000000000e+04 -2.573382619648853620e+00 -3.366978070000907763e-01 2.167805389229542357e+00
4.345800000000000000e+04 -1.590188742974007141e+00 -4.216805079406267254e-01 -1.255049747352089184e+00
4.313100000000000000e+04 -9.867087631049713536e-01 -3.366131159238250348e-01 -1.581131878357638243e+00
4.282900000000000000e+04 -9.867087631049713536e-01 -3.366131159238250348e-01 -1.581131878357638243e+00
4.317400000000000000e+04 -1.865743128982643384e+00 -8.613853722158939519e-01 -6.698928303252245087e-01
4.313300000000000000e+04 5.076749571665430949e-01 -8.652150534107363455e-01 -1.339807249924788835e+00
4.313200000000000000e+04 1.465061613523403139e+00 -3.914380891420954356e-01 -7.520925738495236601e-01
4.347900000000000000e+04 -1.579503952782332021e+00 1.868994669906166806e+00 -1.265409234147639950e+00
4.330600000000000000e+04 5.134849347550414222e-01 2.347540014347037740e+00 -1.365814516193211148e+00
4.299100000000000000e+04 5.955887723838060310e-01 1.691976149075625102e+00 -8.291457886321182968e-01
4.298900000000000000e+04 5.160641376030810079e-01 1.793338913034833837e+00 -8.952496167650281222e-01
4.308000000000000000e+04 -1.200351452162081500e+00 -1.021260956621967253e+00 1.697304010888743164e+00
4.336300000000000000e+04 -1.219148132754625635e+00 -9.051151952883760288e-01 1.316449986275571860e+00
4.349400000000000000e+04 -8.891287255547410950e-01 -5.820434454179022055e-01 9.264043191744377737e-01
4.338300000000000000e+04 -2.251636411342389010e+00 1.065425611550155693e+00 -1.330755345894274910e+00
4.332400000000000000e+04 -5.035678656704902778e-01 6.741139379371503537e-01 -1.621983051215849514e+00
4.338400000000000000e+04 -1.994090923221136791e-01 1.378517060219976997e-01 -1.040674746797037642e+00
4.318700000000000000e+04 2.938847642434424756e+00 -2.314829595075329038e+00 -9.514449138808487305e-01
4.352300000000000000e+04 2.285510566345507755e+00 -2.253858681188676272e+00 -7.151046989923912633e-01
4.311400000000000000e+04 2.064659997860545104e+00 -2.440965535926881813e+00 -4.818630022430312465e-01
4.332000000000000000e+04 1.868743584444345629e+00 3.309237803762290042e+00 -6.133240039564640256e-01
4.331900000000000000e+04 2.813256566668087544e-01 2.721543508704217018e+00 -7.304602667959159135e-01
4.355600000000000000e+04 -3.085813751614665534e-01 2.672901431888732304e+00 -6.120973696865661395e-01
4.295000000000000000e+04 -3.085813751614665534e-01 2.672901431888732304e+00 -6.120973696865661395e-01
4.313700000000000000e+04 2.120898017267279556e+00 4.821009852384676719e-01 1.471546780290992729e+00
4.313800000000000000e+04 -9.917034260678434521e-01 2.330464976165824709e-01 -1.062541059246441932e+00
4.340900000000000000e+04 1.230269709435674486e+00 1.096888822412029896e-01 -1.506457376244000557e+00
4.338200000000000000e+04 6.940257149392010660e-01 9.129000117351004917e-02 -1.554644270496694958e+00
4.338100000000000000e+04 1.364538478043044734e+00 -5.076924931278981035e-03 -6.333437132934278679e-01
4.314200000000000000e+04 1.364538478043044734e+00 -5.076924931278981035e-03 -6.333437132934278679e-01
4.307900000000000000e+04 1.364538478043044734e+00 -5.076924931278981035e-03 -6.333437132934278679e-01
4.331700000000000000e+04 9.496190231777319468e-01 6.451773177756781052e-01 -1.263088222509779257e+00
4.312000000000000000e+04 8.838057283835212274e-01 4.960473943049077405e-01 -1.248982188691513784e+00
4.299000000000000000e+04 1.183887956555835785e+00 -1.571253454435552754e-01 -6.860954639807204103e-01
4.328500000000000000e+04 1.183887956555835785e+00 -1.571253454435552754e-01 -6.860954639807204103e-01
4.329500000000000000e+04 -1.740425689901798023e+00 2.469803059786297439e-01 1.133747156769715048e+00
4.329400000000000000e+04 2.023100333235916537e+00 -6.930826564825895986e-01 -1.690554641191965857e-02
4.331800000000000000e+04 2.638791112497628433e+00 -2.969004262051271326e-01 7.855352145042076017e-01
4.329300000000000000e+04 1.791098131445792774e+00 -9.965606392361845423e-01 -3.215653934248479118e-01
4.347300000000000000e+04 1.117052848785249353e-01 1.520470593008550253e+00 1.391788207470199268e-01
4.300200000000000000e+04 1.159004965059153847e-01 1.255445086768178342e+00 3.393397299214910845e-01
4.350700000000000000e+04 -5.728906523027745834e-01 1.848538654417019700e+00 -1.869417976499647693e-01
4.343700000000000000e+04 4.353103543981262646e-02 1.158094773728498339e+00 5.956360777563816100e-01
4.327800000000000000e+04 1.733888698273489126e-01 1.304674939075178841e+00 6.624735524776070861e-01
4.327700000000000000e+04 -3.297576066600967692e+00 -4.801470513658703254e-01 2.459763261248312460e+00
4.335500000000000000e+04 -1.592282061891253875e+00 -8.806393564276913111e-01 5.055044832630102292e-01
4.330500000000000000e+04 -1.592282061891253875e+00 -8.806393564276913111e-01 5.055044832630102292e-01
4.328100000000000000e+04 1.551267446901789526e+00 -2.054430563115712260e-01 -2.303495687913681422e-01
4.328700000000000000e+04 1.551267446901789526e+00 -2.054430563115712260e-01 -2.303495687913681422e-01
4.317600000000000000e+04 1.382453131569661764e+00 -3.565838401877812203e-01 1.216397093279795172e-01
4.333900000000000000e+04 1.264623748837280459e+00 -9.827525857476739901e-01 -1.290939516636058215e-03
4.339500000000000000e+04 -9.944579883179045510e-01 1.416592213111478316e+00 7.907892904562601188e-01
4.284100000000000000e+04 4.568084926480935337e-01 2.287132885501947044e+00 7.964138918581795679e-01
4.316700000000000000e+04 1.038037387442258819e+00 1.117838490932788531e+00 8.727708591439409247e-02
4.345100000000000000e+04 6.707662038234047941e-01 1.877537475904093256e+00 5.298592530208168228e-02
4.340500000000000000e+04 6.707662038234047941e-01 1.877537475904093256e+00 5.298592530208168228e-02
4.317100000000000000e+04 -1.133996227292897174e+00 -2.935533991163961076e-01 2.853330964085955657e+00
4.319100000000000000e+04 -2.251203075931613284e+00 8.342534113727140266e-02 1.647675557191234930e-01
4.318900000000000000e+04 -2.291700861007228696e+00 1.022127644228410404e+00 8.345924509267206304e-01
4.286900000000000000e+04 -2.291700861007228696e+00 1.022127644228410404e+00 8.345924509267206304e-01
4.338800000000000000e+04 1.737094030820571788e+00 6.980669689920802057e-01 -1.663692385693025244e-01
4.344600000000000000e+04 1.947399157744158060e+00 2.581445291679997922e-01 3.925196659129426280e-01
4.301400000000000000e+04 1.909016183775676723e+00 5.142019027385504870e-01 7.510980460399849790e-01
4.334200000000000000e+04 2.014795724553067657e+00 6.431368638687811057e-01 8.721535899069863262e-01
4.300800000000000000e+04 -5.095533129668012862e-01 2.610014638667076170e+00 8.147194879191488326e-01
4.287300000000000000e+04 -1.542313004727958514e+00 1.610384123332728734e-01 -2.563452337195428754e-01
4.319000000000000000e+04 1.579975391208790825e+00 9.268947103772262608e-02 -1.319646103030862605e-01
4.333000000000000000e+04 1.490615295009419583e+00 4.740670542571354673e-01 1.745900506510622563e-01
4.302600000000000000e+04 1.262066126243411190e+00 1.007059580804643417e-01 2.231322205077361787e-01
4.303300000000000000e+04 1.213514848798141088e+00 7.657902259839097781e-01 7.633564235813281584e-01
4.292500000000000000e+04 1.202232025581338348e+00 -1.147584521762485821e-01 1.965835254994914294e-01
4.311000000000000000e+04 1.202232025581338348e+00 -1.147584521762485821e-01 1.965835254994914294e-01
4.287200000000000000e+04 1.144094059258733864e+00 1.872657079275974468e-01 1.193236434154982817e-01
4.287100000000000000e+04 1.143123722366382822e+00 8.020164726579981362e-01 3.125332055780916107e-01
4.320700000000000000e+04 1.403514603330705768e+00 2.700600371876124228e+00 4.368115926907449875e-01
4.321400000000000000e+04 -6.802404856840666980e-01 -1.231472455298563418e+00 2.070003456773491735e+00
4.298700000000000000e+04 -1.220839112990290687e-02 -6.375323135149812970e-01 2.105858364981159525e+00
4.301500000000000000e+04 9.046850796308660847e-01 -4.592017354731154910e-01 1.598386470062038711e+00
4.306300000000000000e+04 9.046850796308660847e-01 -4.592017354731154910e-01 1.598386470062038711e+00
4.309600000000000000e+04 1.115358468782673640e+00 -3.959525610933205542e-01 1.496181405038740309e+00
4.318000000000000000e+04 -1.154283641185500642e+00 1.507933231772330629e+00 1.290690628136047735e+00
4.334400000000000000e+04 -9.927318063298571360e-01 1.851741990675849436e+00 1.351981823651584591e+00
4.337500000000000000e+04 -1.398924064549007085e+00 1.300723914936474657e+00 1.508101005050349386e+00
4.328600000000000000e+04 -2.061524818194612862e+00 1.363004924275136531e+00 1.039202413525686097e+00
4.316100000000000000e+04 -2.061524818194612862e+00 1.363004924275136531e+00 1.039202413525686097e+00
4.357300000000000000e+04 8.153781700417397360e-01 1.233941896058343701e+00 1.454506427317866724e+00
4.303000000000000000e+04 -2.903165459438525886e-01 -7.991810355054518311e-02 1.616443196500611634e+00
4.304600000000000000e+04 -5.003330168305097914e-01 8.757368483170147044e-01 1.824502974922566523e+00
4.321700000000000000e+04 -5.889181008813864082e-01 -1.273165244452485467e-01 1.562935643096665217e+00
4.330400000000000000e+04 2.012486031127338038e+00 -1.755104855189548729e+00 1.465834088171362737e+00
4.321300000000000000e+04 2.062515522920762123e+00 -1.519019932904406289e+00 1.958618445579645595e+00
4.336700000000000000e+04 -3.527295290207632661e-02 2.538011023922768672e+00 1.109499008225157013e+00
4.339600000000000000e+04 1.344432018524344130e-01 3.041480703214496373e+00 1.169964809212785894e+00
4.336600000000000000e+04 1.344432018524344130e-01 3.041480703214496373e+00 1.169964809212785894e+00
4.338500000000000000e+04 1.408759708749798278e+00 -5.622714274143802982e-02 1.042393267801585921e+00
4.301700000000000000e+04 1.322478465307241891e+00 1.669844116463181649e-01 9.946257328897729622e-01
4.358200000000000000e+04 1.492525472709019141e+00 2.985475240291926013e-01 2.190294873896803551e+00
4.348500000000000000e+04 -1.805934964600126591e+00 2.934205252280534637e+00 2.156218496624930481e+00
4.348400000000000000e+04 -9.536749266737842845e-02 2.368890533474962368e+00 2.196807335645615922e+00
4.340800000000000000e+04 4.773908007137777076e-01 -6.787693897077957672e-01 2.234831193446225939e+00
4.308600000000000000e+04 1.511901889998128468e+00 -6.363047691474612577e-01 2.202191903607499057e+00
4.328200000000000000e+04 1.511901889998128468e+00 -6.363047691474612577e-01 2.202191903607499057e+00
4.328000000000000000e+04 -1.594832108253001479e+00 1.204469511522921366e+00 2.415973517203823917e+00
4.339700000000000000e+04 1.124314375883272987e-01 9.403759891340541799e-01 2.430727414597328107e+00
4.341800000000000000e+04 -1.618433532612186809e-01 2.532050277993569409e-01 2.502702932031056093e+00
4.337900000000000000e+04 -3.488843248059509961e-01 6.189502040205407951e-01 2.814494800872864744e+00
4.291400000000000000e+04 -1.119110798550863706e+00 2.867421736610401339e+00 2.518132810748497263e+00
4.321500000000000000e+04 -1.582931966537415747e+00 -6.777246950140938253e-01 3.509941178036285692e+00
4.294600000000000000e+04 3.045913450516621879e+00 6.278232961089198483e-01 1.638401081963323236e+00
4.342600000000000000e+04 -9.201691770425100003e-01 3.834507570363143714e-01 1.402558346034112446e+00
4.343100000000000000e+04 -9.201691770425100003e-01 3.834507570363143714e-01 1.402558346034112446e+00
4.353300000000000000e+04 -6.737885586520917514e-01 -8.435015201439597377e-01 4.997592124736343067e-01
4.289200000000000000e+04 -6.737885586520917514e-01 -8.435015201439597377e-01 4.997592124736343067e-01
4.333700000000000000e+04 -6.373321047670543749e-01 -1.132331574470471836e+00 4.764310238520579333e-01
4.353400000000000000e+04 -5.460811286647100360e-01 -8.637350191678851985e-01 5.441959096951620722e-01
4.348900000000000000e+04 -2.217254336209606436e-01 6.746081072138387924e-02 2.959667261324483434e-01
4.327900000000000000e+04 -3.018733413073704241e-01 -5.178367493592439530e-02 2.860293890827847463e-01
4.303900000000000000e+04 -3.047167712244061022e-01 -4.964434439209952643e-02 6.185146396786507239e-01
4.294700000000000000e+04 -2.048092251174438161e-01 -1.567091398854909556e-01 2.729689567496933478e-01
4.351000000000000000e+04 -2.686147648987713410e-01 8.209138507750779468e-02 6.810080011227057639e-01
4.347000000000000000e+04 -7.103089279600851569e-01 6.087670192764171873e-02 3.097240380715504671e-01
4.297000000000000000e+04 -2.662639388473735380e-01 2.771888787343890215e-02 8.444419725722269732e-01
4.237000000000000000e+04 -2.662639388473735380e-01 2.771888787343890215e-02 8.444419725722269732e-01
4.302700000000000000e+04 -2.662639388473735380e-01 2.771888787343890215e-02 8.444419725722269732e-01
4.288600000000000000e+04 -7.790810321914563019e-01 -4.827493706335026502e-01 5.128858021115121346e-01
4.315900000000000000e+04 -3.751734829940289728e-01 -4.498456812039677288e-01 3.905415705248600489e-01
4.304400000000000000e+04 -3.751734829940289728e-01 -4.498456812039677288e-01 3.905415705248600489e-01
4.291900000000000000e+04 -7.269080134264953585e-01 -7.575003751757094506e-01 6.912889922985243629e-01
4.292000000000000000e+04 -5.648279005613972004e-01 8.992007000942763284e-01 8.479832222489420701e-01
4.307300000000000000e+04 -6.193350669671104924e-01 -8.962033606325725543e-01 1.095559000198733202e+00
4.343400000000000000e+04 -5.271415414049869241e-01 -3.611116473223852097e-02 1.314146875127917724e+00
4.343300000000000000e+04 -3.373660622185212787e-01 3.905639532493232480e-01 9.819930999409791639e-01
4.301000000000000000e+04 -4.694609947180339304e-01 1.186914008519313057e-01 1.013286138385169011e+00
4.279100000000000000e+04 -4.694609947180339304e-01 1.186914008519313057e-01 1.013286138385169011e+00
4.307000000000000000e+04 -8.398266644549750026e-01 -4.625260678288256599e-01 1.211276985892311586e+00
4.331200000000000000e+04 -1.063324494439356727e+00 -1.521376503780711431e-01 4.527407344954212931e-01
4.331300000000000000e+04 -1.202031848845734885e+00 2.324288978842581344e-02 7.767803208942467563e-01
4.331400000000000000e+04 -1.060950551066682124e+00 5.170160370097161007e-01 5.441188044689653225e-01
4.290700000000000000e+04 -7.468086000255880208e-02 -2.739917565221468010e-01 9.175918513699627965e-01
4.346500000000000000e+04 -1.470283771361238223e-01 2.914435583340875269e-01 3.788979483011445382e-01
4.322300000000000000e+04 -1.470283771361238223e-01 2.914435583340875269e-01 3.788979483011445382e-01
4.322400000000000000e+04 -5.408409827612103982e-02 -1.004499375657808002e-01 4.599966792807208549e-01
4.356700000000000000e+04 7.229593418527713311e-02 1.991421495348131288e-01 4.672408354764741034e-01
4.289000000000000000e+04 2.615957340758967575e-01 2.278458721670197917e-01 3.142862156091297265e-01
4.333500000000000000e+04 2.804807996350149324e-01 1.675715604688932103e-01 3.701999282788364098e-01
4.312400000000000000e+04 2.135758238023726108e-01 -1.205773407866974622e-01 4.014283365668518400e-01
4.279200000000000000e+04 2.135758238023726108e-01 -1.205773407866974622e-01 4.014283365668518400e-01
4.341000000000000000e+04 2.135758238023726108e-01 -1.205773407866974622e-01 4.014283365668518400e-01
4.299200000000000000e+04 2.135758238023726108e-01 -1.205773407866974622e-01 4.014283365668518400e-01
4.345300000000000000e+04 -1.200994413557765483e-01 2.178754481995532899e-01 3.188743603840151764e-01
4.302800000000000000e+04 1.631368617498196727e-02 5.796646850045128474e-02 8.668085564898291295e-01
4.289100000000000000e+04 3.872483475655030816e-01 5.429513132935195330e-01 9.575346238675166433e-01
4.336100000000000000e+04 -1.716832356263466863e-01 -2.744616437138311937e-01 5.020107311846970788e-01
4.359500000000000000e+04 8.066363685883004564e-02 -7.284406531894944692e-01 3.336445280267952285e-01
4.291600000000000000e+04 2.107532518922710096e-01 -6.767202643257927974e-01 4.470056533129564968e-01
4.350100000000000000e+04 3.053545958503889324e-02 -4.318096327364990827e-01 4.644761253974252213e-01
4.315200000000000000e+04 3.053545958503889324e-02 -4.318096327364990827e-01 4.644761253974252213e-01
4.339400000000000000e+04 -3.030062610338291051e-02 -2.166497748685554114e-01 6.547494874966446332e-01
4.335900000000000000e+04 -3.030062610338291051e-02 -2.166497748685554114e-01 6.547494874966446332e-01
4.304700000000000000e+04 -3.030062610338291051e-02 -2.166497748685554114e-01 6.547494874966446332e-01
4.304800000000000000e+04 3.708154667244940583e-01 -5.631099983115444019e-01 7.963493362410645204e-01
4.352400000000000000e+04 3.221576339545606515e-02 -7.672327959902691674e-01 8.066604928852427747e-01
4.314500000000000000e+04 2.076961915854411700e-01 -8.265344423527576367e-01 3.641941312236411932e-01
4.294000000000000000e+04 1.779460111708033310e-01 7.164663429792259564e-01 3.449245178584163796e-01
4.293900000000000000e+04 1.779460111708033310e-01 7.164663429792259564e-01 3.449245178584163796e-01
4.347800000000000000e+04 2.178436734231326000e-01 7.525470275328505210e-01 4.500359958825725926e-01
4.347700000000000000e+04 1.176894836459041471e-01 6.186879164693728228e-01 4.598259298778231141e-01
4.340000000000000000e+04 1.176894836459041471e-01 6.186879164693728228e-01 4.598259298778231141e-01
4.349300000000000000e+04 1.575415033601359482e-01 9.577017442745923148e-01 5.142656297365846285e-01
4.318600000000000000e+04 2.478564969521812600e-01 7.595116974963360690e-01 6.529181143931168663e-01
4.296700000000000000e+04 1.004358724671305936e-03 -1.046540408080224083e+00 3.981364987239288666e-01
4.329200000000000000e+04 1.004358724671305936e-03 -1.046540408080224083e+00 3.981364987239288666e-01
4.352800000000000000e+04 -2.229742766173217206e-01 -1.067611997914747590e+00 -1.203085595962249954e-01
4.342200000000000000e+04 -8.154659820984306862e-01 -1.455096377986656364e+00 -1.878709219675158693e-01
4.290400000000000000e+04 -8.202389536350409571e-01 -8.624162624598294968e-01 -4.170321238431995425e-02
4.340100000000000000e+04 -7.036446957101674116e-01 3.876714063131618815e-01 -3.664654102874607133e-01
4.346000000000000000e+04 -3.068683036286472543e-01 -1.016257536432991770e-01 -2.838373816728676502e-01
4.341100000000000000e+04 -3.895743628956580551e-01 2.440271107137075290e-01 -1.605639993193364035e-01
4.341200000000000000e+04 -3.895743628956580551e-01 2.440271107137075290e-01 -1.605639993193364035e-01
4.348700000000000000e+04 -3.895743628956580551e-01 2.440271107137075290e-01 -1.605639993193364035e-01
4.349600000000000000e+04 -6.297931295383847328e-01 1.300119101655017317e-01 2.872720153129648679e-02
4.309700000000000000e+04 -7.651882789104149651e-01 2.101550341287232726e-01 -1.516872494079279932e-01
4.294500000000000000e+04 -1.726171376558767179e-01 2.118232755388529398e-01 -1.948077038106390546e-01
4.317800000000000000e+04 -1.726171376558767179e-01 2.118232755388529398e-01 -1.948077038106390546e-01
4.343500000000000000e+04 3.552235572672941544e-01 2.857149058432071342e-01 -3.554546572696324347e-01
4.343600000000000000e+04 3.552235572672941544e-01 2.857149058432071342e-01 -3.554546572696324347e-01
4.329600000000000000e+04 3.552235572672941544e-01 2.857149058432071342e-01 -3.554546572696324347e-01
4.317000000000000000e+04 2.730082927913883850e-01 2.375114084112617263e-02 -3.432957568853822750e-01
4.332500000000000000e+04 2.641171950165812632e-01 2.269763096515085010e-01 -2.874976909342450426e-01
4.348600000000000000e+04 2.641171950165812632e-01 2.269763096515085010e-01 -2.874976909342450426e-01
4.330200000000000000e+04 2.762210837863676716e-01 3.660399095710520356e-01 -2.565891948860752336e-01
4.330300000000000000e+04 2.762210837863676716e-01 3.660399095710520356e-01 -2.565891948860752336e-01
4.295300000000000000e+04 2.834791355017642900e-01 1.299894537770693859e-01 -8.307762044552191583e-02
4.359100000000000000e+04 2.834791355017642900e-01 1.299894537770693859e-01 -8.307762044552191583e-02
4.302400000000000000e+04 2.834791355017642900e-01 1.299894537770693859e-01 -8.307762044552191583e-02
4.297900000000000000e+04 2.834791355017642900e-01 1.299894537770693859e-01 -8.307762044552191583e-02
4.302100000000000000e+04 4.376245721633154062e-02 3.664720748992529309e-01 -2.210837464339476810e-01
4.318400000000000000e+04 2.629673687184208575e-01 -1.411846831494383281e-01 -5.162999133970913590e-02
4.349700000000000000e+04 3.040681475725790506e-01 -3.236979396492323247e-02 -1.853605570929062196e-03
4.349000000000000000e+04 3.040681475725790506e-01 -3.236979396492323247e-02 -1.853605570929062196e-03
4.342500000000000000e+04 3.040681475725790506e-01 -3.236979396492323247e-02 -1.853605570929062196e-03
4.299900000000000000e+04 4.781620976643807808e-04 1.747237327849475719e-01 -2.614113053827509248e-01
4.293600000000000000e+04 -2.348033976208796503e-02 2.695544183038638408e-01 -9.426003657060277874e-02
4.316000000000000000e+04 -2.348033976208796503e-02 2.695544183038638408e-01 -9.426003657060277874e-02
4.317700000000000000e+04 -7.723395344810057850e-02 3.935922685374002583e-01 -1.400690795611296835e-01
4.310200000000000000e+04 -7.723395344810057850e-02 3.935922685374002583e-01 -1.400690795611296835e-01
4.346200000000000000e+04 2.185321081767455098e-01 -2.322111111954683338e-03 1.482940237506085168e-01
4.346300000000000000e+04 3.117946366106139067e-02 -1.588914521040489802e-01 1.605517054940719390e-01
4.315500000000000000e+04 3.117946366106139067e-02 -1.588914521040489802e-01 1.605517054940719390e-01
4.315600000000000000e+04 3.117946366106139067e-02 -1.588914521040489802e-01 1.605517054940719390e-01
4.312600000000000000e+04 3.117946366106139067e-02 -1.588914521040489802e-01 1.605517054940719390e-01
4.291100000000000000e+04 9.349494704039784665e-03 -9.389269979519454523e-02 1.805196249261058483e-01
4.301100000000000000e+04 -1.496755127006537123e-01 3.913109793858815522e-02 -6.349600559654788867e-02
4.293500000000000000e+04 2.654306708741387411e-01 -9.875509082810474126e-02 2.150281374701279447e-01
4.341300000000000000e+04 2.654306708741387411e-01 -9.875509082810474126e-02 2.150281374701279447e-01
4.296200000000000000e+04 -4.454268555348050995e-02 2.805063660307958173e-01 2.231115359243034391e-01
4.296300000000000000e+04 -1.870287959627177088e-01 -4.162284670288052268e-02 -3.565408458628809285e-01
4.237700000000000000e+04 3.565899633568534455e-01 3.693610550822654659e-01 2.424264257447674709e-01
4.358000000000000000e+04 -8.948467418055940925e-01 1.888713146036771207e-01 -2.295799348750335866e-01
4.340200000000000000e+04 -8.948467418055940925e-01 1.888713146036771207e-01 -2.295799348750335866e-01
4.340300000000000000e+04 -2.478173290501644033e-01 -2.982324929406914293e-01 -2.135937875365954142e-01
4.288400000000000000e+04 -3.286324858721627606e-01 -2.240028139661642825e-01 -2.458272492745834370e-01
4.298200000000000000e+04 -5.222058066623134209e-01 -2.943409798092755381e-01 -2.340517383357223480e-01
4.340700000000000000e+04 -3.087459988378924436e-01 -2.342589565913950622e-01 1.162980809623377354e-01
4.311700000000000000e+04 -7.686829672351507270e-01 -7.473395292095883491e-01 1.228669254832794877e-01
4.294900000000000000e+04 -7.686829672351507270e-01 -7.473395292095883491e-01 1.228669254832794877e-01
4.312500000000000000e+04 -7.566793959900053324e-01 7.227207024838246952e-01 -2.676727521073019034e-01
4.344000000000000000e+04 -7.391659713851908009e-01 5.191378169159204248e-01 -2.808833298101092169e-01
4.301200000000000000e+04 -1.412772956078214293e-01 -2.927351281762717861e-01 -3.580296546731460694e-01
4.339800000000000000e+04 -1.674339648256761848e-02 -5.555879641835108629e-01 -2.224223554730144770e-01
4.327300000000000000e+04 -1.674339648256761848e-02 -5.555879641835108629e-01 -2.224223554730144770e-01
4.355700000000000000e+04 -1.674339648256761848e-02 -5.555879641835108629e-01 -2.224223554730144770e-01
4.294300000000000000e+04 1.042752578088368409e-02 -5.259222130568161901e-01 -1.688271844338231631e-01
4.294200000000000000e+04 1.042752578088368409e-02 -5.259222130568161901e-01 -1.688271844338231631e-01
4.299500000000000000e+04 3.128050345944330957e-01 -4.317054764513184040e-01 -1.937168673476037384e-01
4.330900000000000000e+04 3.146852734484042458e-01 -4.504930338261132761e-01 -1.743097405753673002e-01
4.330800000000000000e+04 3.146852734484042458e-01 -4.504930338261132761e-01 -1.743097405753673002e-01
4.330700000000000000e+04 4.866663279092620087e-02 -4.814451340101051358e-01 -2.322919819204969372e-01
4.286700000000000000e+04 4.309329996795270290e-01 -4.282765264498422653e-01 -3.697020609583034911e-02
4.286600000000000000e+04 2.975482635142157051e-02 -2.268799415402256159e-01 5.118175086380460925e-04
4.303800000000000000e+04 2.975482635142157051e-02 -2.268799415402256159e-01 5.118175086380460925e-04
4.337400000000000000e+04 4.257541099094908077e-02 -2.091990887276065081e-01 1.227486963784940599e-03
4.296600000000000000e+04 -7.872868961480605776e-02 -2.166174393523530028e-01 -2.258177565949779364e-01
4.296500000000000000e+04 -7.872868961480605776e-02 -2.166174393523530028e-01 -2.258177565949779364e-01
4.296400000000000000e+04 4.013783655219498314e-01 -2.837086882445376546e-01 2.436719241022871074e-01
4.351300000000000000e+04 -1.339216893050902968e+00 -3.118088195836392629e-01 -3.974580248136305727e-02
4.345200000000000000e+04 -1.258073777680067451e+00 -7.388559357622312973e-01 -2.481674420915425117e-01
4.357100000000000000e+04 -9.700578240147592624e-01 -3.488336676076997378e-01 -2.505812037381929258e-01
4.314800000000000000e+04 -9.700578240147592624e-01 -3.488336676076997378e-01 -2.505812037381929258e-01
4.319200000000000000e+04 -9.511590327527699174e-01 -2.534844374351870044e-01 -3.174493166794434273e-02
4.293000000000000000e+04 -1.531504941657004792e-01 7.290585826815458859e-01 7.661546684437325894e-02
4.334500000000000000e+04 3.866739328962438549e-01 5.140159034897564538e-01 -3.741617548608928701e-01
4.298800000000000000e+04 4.310903768388669732e-01 4.730072855455116354e-01 -2.333367247038893311e-01
4.225200000000000000e+04 -9.304448293596294661e-01 8.402286476310774077e-01 1.789127459768167228e-01
4.311600000000000000e+04 5.176257662458851883e-01 5.699700383509842538e-02 -1.424368031318721250e-01
4.311500000000000000e+04 6.873611980583547165e-01 1.625789650626874305e-01 1.262296706913872413e-01
4.315700000000000000e+04 6.873611980583547165e-01 1.625789650626874305e-01 1.262296706913872413e-01
4.306100000000000000e+04 4.499819660667299104e-01 -6.102186778448395188e-01 2.396555223131144885e-01
4.314900000000000000e+04 7.853671486743110108e-01 4.587671142173821437e-01 2.056787544752580743e-02
4.283700000000000000e+04 8.608117087953388591e-01 2.419969531127534879e-01 3.344853945149282026e-01
4.283800000000000000e+04 8.953629863098768737e-01 4.575414883284452117e-01 3.447619479128576359e-01
4.337700000000000000e+04 7.778967649910697446e-01 3.332490923847792885e-01 4.226960981251295379e-01
4.328400000000000000e+04 8.322934191556896621e-01 -8.884048998883820047e-02 5.060712345375577570e-01
4.293200000000000000e+04 6.386630612728794176e-01 4.421003376852166156e-01 7.894427998154469606e-01
4.310400000000000000e+04 6.386630612728794176e-01 4.421003376852166156e-01 7.894427998154469606e-01
4.357900000000000000e+04 6.386630612728794176e-01 4.421003376852166156e-01 7.894427998154469606e-01
4.349900000000000000e+04 7.406558974206376433e-01 7.996597709465973480e-01 2.619359790756874418e-01
4.308700000000000000e+04 7.282827571095964458e-01 7.276323289567656616e-01 5.439271165088825910e-01
4.230400000000000000e+04 7.282827571095964458e-01 7.276323289567656616e-01 5.439271165088825910e-01
4.347100000000000000e+04 8.344610483857195504e-01 7.054393164059487020e-01 6.079404536996264596e-01
4.308300000000000000e+04 8.336784576006266434e-01 5.710066313413300065e-01 9.909658402054617454e-01
4.332100000000000000e+04 4.903160537938191510e-01 7.668062231474319645e-01 1.462028891247612705e+00
4.292100000000000000e+04 4.903160537938191510e-01 7.668062231474319645e-01 1.462028891247612705e+00
4.307100000000000000e+04 -7.000263807818072337e-01 -2.783637263608138568e-01 -8.353588529077597968e-01
4.307200000000000000e+04 4.298636481929207775e-01 -4.443060921776353922e-01 -8.000882195618004289e-01
4.338000000000000000e+04 -1.111373033324980497e-02 -7.602155844196829548e-01 -5.882358921085000247e-01
4.295600000000000000e+04 -1.111373033324980497e-02 -7.602155844196829548e-01 -5.882358921085000247e-01
4.337000000000000000e+04 1.218288499391917412e-02 -2.748233957985437570e-01 -5.747799727641336176e-01
4.303600000000000000e+04 -1.060057296221827983e-01 -3.551161352430600715e-01 -4.408971642973256166e-01
4.347600000000000000e+04 -1.055022246059252211e+00 -3.551107633226902038e-01 -7.365339223291300641e-01
4.361500000000000000e+04 -3.552225449377601763e-01 2.559789100875455858e-01 -5.713691889484664443e-01
4.334000000000000000e+04 -7.308579393166212412e-01 7.664069918429028405e-02 -4.595725731788888879e-01
4.335700000000000000e+04 -3.522358825458127285e-01 -2.777196572724704993e-02 -4.507321484256578970e-01
4.292900000000000000e+04 6.610465090470256655e-01 2.846118074076233739e-01 -9.787088521492535165e-01
4.349500000000000000e+04 6.455799027207120844e-01 2.346306202179100353e-01 -9.257992527229959023e-01
4.300600000000000000e+04 6.003148258029398221e-01 1.445644382400530503e-01 -7.376065330953451848e-01
4.358500000000000000e+04 8.176230911461317419e-01 3.560358195054167396e-01 -5.758360163271447618e-01
4.335600000000000000e+04 5.431197837392431893e-01 2.580268527634199671e-01 -5.580539512208417818e-01
4.332900000000000000e+04 -4.451299647372763957e-02 3.831290373264906179e-03 -7.023324538216115798e-01
4.304300000000000000e+04 -4.451299647372763957e-02 3.831290373264906179e-03 -7.023324538216115798e-01
4.304200000000000000e+04 -6.855676498338425517e-02 -8.567751601873929701e-02 -8.319677449940172664e-01
4.344500000000000000e+04 3.040901921929304308e-01 1.115038312084060124e-01 -4.830469235394048155e-01
4.302500000000000000e+04 1.177950886333860581e-01 -1.516945245049061697e-01 -4.468086171700775822e-01
4.336200000000000000e+04 -8.770292234675451937e-01 -1.408787550946062339e-01 -7.336785721770127111e-01
4.359200000000000000e+04 -9.967046280280555948e-01 -2.111238405215587477e-02 -4.914453804796181657e-01
4.342900000000000000e+04 -7.037772426531034853e-01 5.831666705498541603e-01 -8.166757015840317990e-01
4.338600000000000000e+04 -7.037772426531034853e-01 5.831666705498541603e-01 -8.166757015840317990e-01
4.320900000000000000e+04 -7.988848211670642741e-01 8.474738957636525072e-01 -1.020289806987037196e+00
4.348200000000000000e+04 -8.105470489962698366e-01 7.888737540343360166e-01 -6.765866440541827842e-01
4.342100000000000000e+04 -7.979075386188441144e-01 8.468710318273036108e-01 -3.887921347542828698e-01
4.342000000000000000e+04 2.395072357779923777e-01 8.458640036939275575e-01 -5.674939057912098406e-01
4.341900000000000000e+04 -1.680315798064526689e-01 7.694750014827338447e-01 -6.635146404368867934e-01
4.357600000000000000e+04 3.108102115037780777e-01 8.191114813817925722e-01 -4.034045212842158890e-01
4.339900000000000000e+04 -1.143160388619605783e+00 5.147395197683017898e-01 -9.481151392735824857e-01
4.347400000000000000e+04 -1.143160388619605783e+00 5.147395197683017898e-01 -9.481151392735824857e-01
4.341500000000000000e+04 1.151658042671215298e-01 -1.051153154945970059e+00 -6.693067268525680902e-01
4.354500000000000000e+04 7.928754002934965683e-01 -3.448251828864137281e-01 -5.474444761161976203e-01
4.321000000000000000e+04 5.655160077451881762e-01 -2.451302822320453600e-01 -8.468410088445921247e-01
4.344100000000000000e+04 9.107141475938220765e-01 -8.439510518661048621e-01 2.287099624015240806e-01
4.319600000000000000e+04 5.354487202231723586e-01 -8.592847965624823559e-01 1.343214736897465400e+00
4.297500000000000000e+04 5.026335404928659045e-01 -1.245762227849025905e+00 1.363440809969588940e+00
4.299400000000000000e+04 -2.494510023796294718e-01 -1.691713527648103010e+00 -5.289400414899645853e+00
4.299300000000000000e+04 -1.377550395603748257e-01 -2.597098915209295811e+00 -4.943776730172089628e+00
4.306900000000000000e+04 -9.933100065604065776e-01 -8.030071202828583665e-01 -5.249271980682920002e+00
4.306400000000000000e+04 3.678644024345345542e-01 -3.978823822434270241e+00 -2.389161404529687616e+00
4.333200000000000000e+04 -8.437961838933887293e-01 -1.453591132416519827e+00 -1.701399941919007119e+00
4.335200000000000000e+04 1.389536823583199521e-01 -7.586661940051246944e-01 -2.644680739985034279e+00
4.335100000000000000e+04 8.224343769867914489e-02 2.309791145189244332e+00 -2.138426149031758428e+00
4.344200000000000000e+04 9.175461179295609782e-01 -3.121310652952868026e+00 -2.800960805184146807e+00
4.342800000000000000e+04 6.010168759536895777e-01 -5.546197684851925658e-01 -2.422116162518619831e+00
4.342700000000000000e+04 9.705413933693165518e-01 -1.363796108436083898e+00 -2.888481896143574090e+00
4.291700000000000000e+04 6.105809554572232400e-01 -1.252121126853623423e+00 -2.055279270694512661e+00
4.335000000000000000e+04 1.232119023003974689e+00 1.276495736242150514e+00 -2.463743310822152921e+00
4.303700000000000000e+04 3.207115537114049175e-01 -2.437542623287036747e+00 -1.991152984617542643e+00
4.299800000000000000e+04 -2.393483469412203135e+00 4.922509112353132821e-01 -2.458086163211021358e+00
4.348800000000000000e+04 2.655139880877186442e-01 1.254853920442720039e-01 -1.985571752613580543e+00
4.332200000000000000e+04 -1.569573429141897236e+00 -2.482671914119809031e+00 -2.568783176966974224e+00
4.304900000000000000e+04 -1.525779082912848139e+00 -2.182089532900189255e+00 -2.137506914361608779e+00
4.305000000000000000e+04 1.022915230225009964e+00 4.829948574905529313e-02 -2.653407746676862189e+00
4.306200000000000000e+04 1.969127149480655703e+00 1.742893570044333984e+00 -1.825031472334586624e+00
4.305200000000000000e+04 -1.169605541989184871e+00 -2.382295961683455587e+00 -4.008593890619479794e+00
4.320400000000000000e+04 -5.400823743465110738e-01 1.627891174157333865e+00 -3.009466587046858876e+00
4.356600000000000000e+04 1.281759812942652843e+00 -1.088926004935775183e+00 -4.130336833508110317e+00
4.216900000000000000e+04 2.983952929628088668e-01 4.623667462961726926e-01 -3.004678174507787958e+00
4.305100000000000000e+04 6.027859178894203751e-01 1.824171105242697877e-01 -4.065416698546044927e+00
