# star id 	 star_x_coords [pc] 	 star_y_coords [pc] 	 star_z_coords [pc] 
2.376100000000000000e+04 2.037490889563406071e+00 -1.376730328422574701e+00 1.811742280528576998e+00
2.304700000000000000e+04 8.859788160309491900e-01 -2.097190439975491927e+00 1.132204989431425446e+00
2.369500000000000000e+04 -2.033143814140391470e+00 1.268917424637933777e+00 -7.634695222828824512e-02
2.406600000000000000e+04 -5.223502724081718895e-01 1.563536199310519237e+00 -6.652524852693453283e-02
2.374900000000000000e+04 1.379922865458063086e-01 1.441076374869140864e+00 3.126481421641447156e-01
2.373800000000000000e+04 1.319125341262438411e+00 1.040271222262795447e+00 -1.738813664217246924e-01
2.379700000000000000e+04 7.970589742543214840e-01 4.681075529229161702e-01 -2.587207270279012761e-01
2.305000000000000000e+04 9.268419287816627161e-01 -5.227874253152791084e-01 3.457752646963694332e-01
2.369600000000000000e+04 2.130110298353789844e+00 -7.053039496120021568e-01 6.414970193864988346e-01
9.588000000000000000e+03 -2.182662431645933765e+00 -1.358719386525422124e-01 -2.018660107185956676e+00
2.400600000000000000e+04 -1.778609382850074638e+00 6.973400416466546403e-02 -7.923848748135426945e-01
2.377000000000000000e+04 -1.514083549549475549e+00 -1.151431735070779894e+00 -6.761741887398908801e-01
