# star id 	 star_x_coords [pc] 	 star_y_coords [pc] 	 star_z_coords [pc] 
5.177900000000000000e+04 -2.197364917452659938e-01 -1.294434230003560060e+00 -5.986151448178986811e-01
5.178200000000000000e+04 -5.940876161942583167e-01 -1.128633236006990614e-01 -7.630666577179567867e-02
5.188700000000000000e+04 2.366510555981164998e-01 -1.332014269799230988e+00 5.126058620592743864e-02
5.081200000000000000e+04 1.417280618293261796e-01 2.397887466823789282e-02 7.588761828776569018e-02
5.179400000000000000e+04 -1.844795636973856290e+00 -2.517024824780520476e-01 7.688050479299590734e-02
5.179900000000000000e+04 5.763268275190682743e-01 -9.068457965512521923e-01 7.182352118880430680e-02
5.178900000000000000e+04 1.251630550605909775e+00 -7.553862695588691167e-01 1.176982423195056526e-01
5.177700000000000000e+04 2.486602496070702273e-01 2.222920826563751007e+00 -3.536109556345650162e-01
5.165200000000000000e+04 -3.005365503008761152e-01 1.350015678966848043e+00 2.001811190723117306e-01
5.171500000000000000e+04 4.746512326397294146e-01 1.101167395467520294e+00 5.349084516685138624e-01
