# star id 	 star_x_coords [pc] 	 star_y_coords [pc] 	 star_z_coords [pc] 
2.041100000000000000e+04 -2.875524298450820027e-01 -5.801796639417204915e-01 6.020294692355179222e-01
1.783700000000000000e+04 -1.264051160927156303e+00 3.636257561057831822e-01 8.809936229915074080e-01
1.959100000000000000e+04 -2.131937246822964482e+00 5.217410392489227888e-01 1.294562113498059830e+00
2.007300000000000000e+04 4.352288688205625533e-01 -3.909939788805161243e-01 1.726173904499361811e-02
1.784400000000000000e+04 1.095345644897278703e+00 1.246265546656694312e+00 8.993287585745726176e-01
2.002900000000000000e+04 3.081605498814212751e-01 1.328348248682118538e-01 5.704123921808310627e-01
2.007000000000000000e+04 1.061123405511210649e-02 4.795662563709228721e-01 -6.213739216894609285e-01
1.995600000000000000e+04 1.117805104272274974e+00 -3.249826729875522346e-01 -1.032077272044869432e+00
1.995700000000000000e+04 3.581947171662562823e-01 -7.239385532289972502e-01 -1.305568452823244741e+00
2.039000000000000000e+04 3.581947171662562823e-01 -7.239385532289972502e-01 -1.305568452823244741e+00
