# star id 	 star_x_coords [pc] 	 star_y_coords [pc] 	 star_z_coords [pc] 
1.683800000000000000e+04 -1.348416030893071493e+00 -6.799026115799620129e-01 -1.006919439470128186e+00
1.681700000000000000e+04 -1.348416030893071493e+00 -6.799026115799620129e-01 -1.006919439470128186e+00
1.685700000000000000e+04 -1.946986165824622361e-01 5.888990173931389904e-01 -6.984049586159457590e-02
1.688000000000000000e+04 -2.790902741161680467e-01 -1.273476409323315295e-01 1.206616121586057133e-01
1.691100000000000000e+04 -2.790902741161680467e-01 -1.273476409323315295e-01 1.206616121586057133e-01
1.683900000000000000e+04 -2.790902741161680467e-01 -1.273476409323315295e-01 1.206616121586057133e-01
1.742900000000000000e+04 -3.885033674182132302e-01 1.792862805176476115e-01 1.510442256687296592e-01
1.456500000000000000e+04 -4.309178228992731619e-01 1.618368676271964901e+00 7.110032794828975433e-01
1.456600000000000000e+04 -3.826146442679583259e-01 2.002627751903300890e-01 5.049372265444542762e-01
1.688100000000000000e+04 -4.672429218713514132e-01 -1.552428015201563483e-01 5.607906644324587297e-01
1.691800000000000000e+04 -6.936233082829357244e-01 -2.942402327888355984e-01 -2.733094887661517980e-01
1.691700000000000000e+04 -6.936233082829357244e-01 -2.942402327888355984e-01 -2.733094887661517980e-01
1.667800000000000000e+04 -1.779303584055709209e+00 1.007889483271990017e+00 1.639402376595092470e+00
1.686400000000000000e+04 -1.787220509667317714e-01 2.682896544779360681e-01 1.573335649735842168e+00
1.687300000000000000e+04 -7.978849719294149878e-01 -3.336815769935750353e-01 1.573259073445624878e+00
1.689800000000000000e+04 -1.143569518391791107e+00 1.003408742749224203e+00 2.244475688520049417e+00
1.691000000000000000e+04 2.130108467383518445e+00 -6.588928626133192523e-01 1.533276870536188774e+00
1.687100000000000000e+04 -4.167823614872823157e-02 9.323378360889176264e-01 1.216090073023865514e+00
1.687200000000000000e+04 2.865934371824110372e+00 -1.711932241781433106e-01 -1.150419968050428121e+00
1.686000000000000000e+04 4.374554150752629766e-01 7.643219142253165899e-01 4.841741578720393235e-02
1.974600000000000000e+04 1.616266458713313980e+00 5.101427232228719078e-01 -8.997679583569255790e-01
1.691300000000000000e+04 1.616266458713313980e+00 5.101427232228719078e-01 -8.997679583569255790e-01
1.688500000000000000e+04 1.515487720455883647e-01 1.919036634296281463e+00 4.851030308423056603e-01
1.691500000000000000e+04 1.089386017478320312e+00 6.028750980662120895e-01 6.857227591698635827e-01
1.691600000000000000e+04 1.520220720564386951e+00 -3.418071707243743873e-01 9.253254684524208074e-01
1.982900000000000000e+04 2.217916844049607761e-01 -3.285358203970059066e-01 1.590450575200761385e+00
1.689700000000000000e+04 2.217916844049607761e-01 -3.285358203970059066e-01 1.590450575200761385e+00
1.685400000000000000e+04 7.651075912684817126e-01 1.342466315779955011e+00 1.613277168483273627e+00
1.739900000000000000e+04 6.985441944313723894e-01 2.692104196846276665e-01 1.693430981379461464e+00
1.693600000000000000e+04 -1.511174686196081751e+00 -2.823131870744415295e-01 -2.940823641625889273e+00
1.687000000000000000e+04 -6.831559607560997449e-01 -3.630103392687349384e-01 -2.509708736550001262e+00
1.685300000000000000e+04 -9.196326608644191936e-01 5.303998424713363136e-01 -2.423573100583249929e+00
8.042000000000000000e+03 -6.072886385256630604e-01 -1.596606323643410263e-01 -1.591379788020132580e+00
8.043000000000000000e+03 -1.756078339971576696e+00 -5.405400330065344150e-01 -1.470816111192208453e+00
1.660800000000000000e+04 2.721342731170574680e+00 5.131504949074727762e-01 -1.918385505656110102e+00
1.687500000000000000e+04 3.397500653057003106e+00 2.422015938003880819e-01 -1.402285200911130181e+00
1.686900000000000000e+04 -1.200063806342082984e+00 -1.172751733934402907e+00 -8.128918476273518934e-01
1.688900000000000000e+04 2.347545187184033821e+00 -1.411026162875282708e+00 -6.323420719147030411e-01
1.686600000000000000e+04 -5.792033546999615368e-01 -1.087073556129574570e+00 1.821222095105695438e+00
1.685800000000000000e+04 -5.792033546999615368e-01 -1.087073556129574570e+00 1.821222095105695438e+00
1.686500000000000000e+04 -1.357498925693255032e+00 -1.310322744657367977e+00 -1.697037578572831995e+00
1.681600000000000000e+04 -1.224194454870318083e+00 -1.059060763667600824e+00 -1.539633623165391096e+00
