# 		ID		CurrentAges[Myr]	 CurrentLums[erg s^-1 Angstrom-^1]		X[pc] Y[pc] Z[pc] 		mass[Msun]		t_sim[Myr], z, ctr(code), ctr(pc)
2.150000000000000000e+02 7.811999999999954980e+00 1.124604973966931463e+34 7.981188669987064088e+01 -9.107155973432431040e+01 -8.190183209065057923e+00 9.002643943908235968e+00 1.751034857799577760e+06
1.310000000000000000e+02 2.633999999999997499e+01 2.108628149933280325e+33 -8.463858148592616715e+01 9.097497660583212564e+01 2.226415808590941481e+01 9.002643943908237745e+00 0.000000000000000000e+00
1.340000000000000000e+02 2.633999999999997499e+01 2.108628149933280325e+33 -7.896640645033197359e+01 9.256830902977931430e+01 2.300359752660833834e+01 9.002643943908237745e+00 0.000000000000000000e+00
2.700000000000000000e+01 2.633999999999997499e+01 2.108628149933280325e+33 -7.532698619217087810e+01 8.854192651427820238e+01 1.431733889162129358e+01 9.002643943908237745e+00 0.000000000000000000e+00
1.220000000000000000e+02 2.633999999999997499e+01 2.108628149933280325e+33 -7.961137330382182142e+01 1.117671493287391229e+02 6.509129455058355163e+00 9.002643943908237745e+00 0.000000000000000000e+00
1.230000000000000000e+02 2.633999999999997499e+01 2.108628149933280325e+33 -7.961137330382182142e+01 1.117671493287391229e+02 6.509129455058355163e+00 9.002643943908237745e+00 0.000000000000000000e+00
7.600000000000000000e+01 2.633999999999997499e+01 2.108628149933280325e+33 -7.512089506900281322e+01 1.098769297217654639e+02 1.423404321773039349e+01 1.000293771545359789e+01 0.000000000000000000e+00
1.130000000000000000e+02 2.633999999999997499e+01 2.108628149933280325e+33 -8.066534373393577084e+01 1.046806960602907424e+02 9.159509233188181554e+00 1.000293771545359789e+01 0.000000000000000000e+00
4.100000000000000000e+01 2.633999999999997499e+01 2.108628149933280325e+33 -8.170022221093351789e+01 1.028834884908085741e+02 1.218821689693809596e+01 9.002643943908237745e+00 0.000000000000000000e+00
4.500000000000000000e+01 2.633999999999997499e+01 2.108628149933280325e+33 -8.885748656757888853e+01 9.719943612280164302e+01 1.236543282364036855e+01 9.002643943908237745e+00 0.000000000000000000e+00
1.520000000000000000e+02 2.633999999999997499e+01 2.108628149933280325e+33 -8.872024354947858171e+01 9.739107639361139945e+01 1.585829291923092832e+01 1.000293771545359789e+01 0.000000000000000000e+00
1.660000000000000000e+02 2.633999999999997499e+01 2.108628149933280325e+33 -9.082603016535524887e+01 9.773673175140919511e+01 2.664399797418261429e+01 9.002643943908237745e+00 0.000000000000000000e+00
4.200000000000000000e+01 2.633999999999997499e+01 2.108628149933280325e+33 -1.050196916868244159e+02 1.128440550048463393e+02 2.957970181070977134e+01 1.000293771545359789e+01 0.000000000000000000e+00
3.000000000000000000e+01 2.633999999999997499e+01 2.108628149933280325e+33 -9.431732814505099327e+01 9.575454999585022620e+01 2.140313506610146277e+01 9.002643943908237745e+00 0.000000000000000000e+00
1.650000000000000000e+02 2.633999999999997499e+01 2.108628149933280325e+33 -8.477214993833462131e+01 9.330497111339550997e+01 2.235929713611792380e+01 9.002643943908237745e+00 0.000000000000000000e+00
4.600000000000000000e+01 2.633999999999997499e+01 2.108628149933280325e+33 -9.370857943886703367e+01 1.267232057513682548e+02 3.141078278353142039e+01 1.000293771545359789e+01 0.000000000000000000e+00
4.700000000000000000e+01 2.633999999999997499e+01 2.108628149933280325e+33 -9.370857943886703367e+01 1.267232057513682548e+02 3.141078278353142039e+01 9.002643943908237745e+00 0.000000000000000000e+00
1.900000000000000000e+01 2.633999999999997499e+01 2.108628149933280325e+33 -7.923856435054149472e+01 1.102861064094130654e+02 2.863976803763902268e+01 1.000293771545359789e+01 0.000000000000000000e+00
4.800000000000000000e+01 2.633999999999997499e+01 2.108628149933280325e+33 -9.989566513088318800e+01 1.230600368292547984e+02 2.758170876410479977e+01 1.000293771545359789e+01 0.000000000000000000e+00
4.900000000000000000e+01 2.633999999999997499e+01 2.108628149933280325e+33 -9.989566513088318800e+01 1.230600368292547984e+02 2.758170876410479977e+01 9.002643943908237745e+00 0.000000000000000000e+00
1.550000000000000000e+02 2.633999999999997499e+01 2.108628149933280325e+33 -8.786143542396604289e+01 1.055274645403819846e+02 2.826911317765586418e+01 1.000293771545359789e+01 0.000000000000000000e+00
1.500000000000000000e+01 2.633999999999997499e+01 2.108628149933280325e+33 -8.129528811398861876e+01 1.140108767008564996e+02 2.286537180166338246e+01 1.000293771545359789e+01 0.000000000000000000e+00
2.460000000000000000e+02 7.811999999999954980e+00 1.124604973966931463e+34 4.605180071004309639e+01 -6.344047946160095819e+01 -9.948199078844526255e+00 1.000293771545359611e+01 0.000000000000000000e+00
2.960000000000000000e+02 7.811999999999954980e+00 1.124604973966931463e+34 4.918822294587723576e+01 -6.624179192586719012e+01 -1.018958296473171998e+01 1.000293771545359611e+01 0.000000000000000000e+00
