# star id 	 star_x_coords [pc] 	 star_y_coords [pc] 	 star_z_coords [pc] 
4.535300000000000000e+04 -9.000779509146568103e-01 -5.447779478077992010e-01 -9.522888595030778447e-01
4.622300000000000000e+04 1.541230713650492135e+00 -4.725774423519686351e-01 -5.028765524407319276e-01
4.609800000000000000e+04 7.321614007902681465e-01 -8.271224917977315627e-01 -2.764121742718899100e-01
4.566200000000000000e+04 -3.747812520037285822e-01 -5.487340664177482452e-01 7.652074087369484801e-01
4.531900000000000000e+04 -6.544772525802677876e-01 5.632765752214838884e-01 -1.447133294467889186e+00
4.434100000000000000e+04 -6.544772525802677876e-01 5.632765752214838884e-01 -1.447133294467889186e+00
4.604500000000000000e+04 -4.572305119681558949e-01 8.599580907191430867e-01 -2.265035669253663286e-01
4.629400000000000000e+04 -1.767437394266295314e+00 6.316576297164142595e-01 4.048684877498587298e-02
4.629300000000000000e+04 -1.274699714949285578e+00 -4.392715586311979337e-02 6.171572073256612612e-01
4.537700000000000000e+04 7.118252141101670816e-01 -2.725545700442406627e-01 6.039480033955832994e-01
4.649600000000000000e+04 1.972022427838027170e+00 2.434980127561967578e-01 1.456453575151943625e+00
4.419800000000000000e+04 1.125941568639856172e+00 -1.519732179488526569e-01 1.369094700390096619e+00
