# star id 	 star_x_coords [pc] 	 star_y_coords [pc] 	 star_z_coords [pc] 
3.075100000000000000e+04 1.778890474207970307e-01 -4.600306081501983613e-01 -1.722419869527413994e-02
3.094600000000000000e+04 1.153503519022254231e-01 -3.137172988700953624e-01 6.094756593397931965e-02
3.077500000000000000e+04 1.317948471715744141e-01 -4.752429690292103714e-02 2.172805894769425095e-02
3.067200000000000000e+04 -7.542626938815910620e-02 2.267917827356242810e-01 -8.833375242244301262e-02
3.067300000000000000e+04 -7.542626938815910620e-02 2.267917827356242810e-01 -8.833375242244301262e-02
3.067400000000000000e+04 -7.542626938815910620e-02 2.267917827356242810e-01 -8.833375242244301262e-02
3.075200000000000000e+04 -1.797965031677835057e-01 1.876248937660633942e-01 -5.304945146841077985e-02
3.075300000000000000e+04 -1.797965031677835057e-01 1.876248937660633942e-01 -5.304945146841077985e-02
3.072700000000000000e+04 4.963516743406071186e-02 4.180848389964353373e-02 -1.328214171981301206e-02
3.074000000000000000e+04 -1.448391383172875635e-03 1.057792818540406188e-01 1.161040829527593132e-01
3.008000000000000000e+04 1.100716805915697982e-01 -3.550806680091440626e-01 1.926652003490048060e-01
