# star id 	 star_x_coords [pc] 	 star_y_coords [pc] 	 star_z_coords [pc] 
3.125100000000000000e+04 -4.996685333148009889e-03 -2.958213726199403482e-01 -6.557733805004062333e-02
3.095200000000000000e+04 1.228130919936805121e-01 1.977351674810705617e-01 1.136465300181370708e-01
3.142600000000000000e+04 1.262846975681095607e-01 -1.811725907687247172e-01 -1.720717475444644151e-01
3.137500000000000000e+04 1.262846975681095607e-01 -1.811725907687247172e-01 -1.720717475444644151e-01
2.940200000000000000e+04 -5.008255736428290916e-02 8.180378804964760775e-02 5.345214881622695202e-02
2.940300000000000000e+04 -5.008255736428290916e-02 8.180378804964760775e-02 5.345214881622695202e-02
2.989200000000000000e+04 -5.008255736428290916e-02 8.180378804964760775e-02 5.345214881622695202e-02
2.989300000000000000e+04 -2.387915744271373875e-01 2.609804400664472723e-01 2.246577998617027561e-02
2.989400000000000000e+04 4.228366332164434915e-02 -7.300657624995210426e-02 1.179967002218020866e-01
