# star id 	 star_x_coords [pc] 	 star_y_coords [pc] 	 star_z_coords [pc] 
4.718000000000000000e+03 3.174661572268782095e-01 -2.167657712856438934e-01 7.352951445084130455e-01
4.600000000000000000e+03 1.519367160656805993e-01 -3.856038843966089757e-01 3.364972932472483080e-01
4.609000000000000000e+03 -5.954855641091327811e-03 7.366546667681319605e-01 2.101440322847096809e-01
4.578000000000000000e+03 -5.278710026925335086e-01 1.124000560842546292e-01 4.339486650668504808e-01
4.607000000000000000e+03 -4.131453725620115591e-01 -1.984078585692188312e-01 -3.630465621635465823e-01
4.672000000000000000e+03 -4.471283600732807173e-01 -3.571947381530691246e-01 -1.508157348316672142e-01
4.737000000000000000e+03 -5.386589204876326420e-01 -4.107400589447394168e-01 6.880392175850147396e-02
4.812000000000000000e+03 -4.291692454537479051e-01 5.129339707715558916e-01 -2.769732481513429434e-01
4.536000000000000000e+03 -2.818447735853553127e-01 -4.006978232753937164e-01 -1.852202591002694021e-01
4.623000000000000000e+03 -1.801216305280437524e-01 -5.838496356913651653e-01 -6.356835206671718197e-02
4.647000000000000000e+03 -2.892300091756485614e-01 5.739401930275960240e-01 -8.414084600696725147e-02
4.696000000000000000e+03 -4.918980643379811113e-01 -6.712678236812053001e-02 -2.399300308543033111e-01
4.648000000000000000e+03 2.852470955166239719e-01 4.535822998864986744e-01 -1.113339246185347520e-01
4.610000000000000000e+03 -8.686839882480690278e-02 -1.347795789313295245e-01 -5.531212745794320540e-01
4.591000000000000000e+03 -2.561562042356460012e-01 -2.386687996448486615e-01 -5.195894014053550336e-01
4.626000000000000000e+03 1.620157241169302154e-01 6.033271897697858321e-01 -7.347630291997617746e-01
4.766000000000000000e+03 2.437617280467812009e-01 3.512464931792393941e-01 -5.318111307595785320e-01
4.657000000000000000e+03 -2.959539279781289167e-01 3.718810127339438054e-01 -4.949106910862965947e-01
4.779000000000000000e+03 -1.591806930396941766e-01 3.651545754001972455e-02 -4.845868238376738191e-01
4.555000000000000000e+03 1.261274241095797777e-01 -2.021904405076142552e-01 4.894594840807400260e-01
4.593000000000000000e+03 -2.661426725986277830e-01 1.988023726634224886e-02 4.014856445671739493e-01
4.631000000000000000e+03 3.381837596977010918e-01 -1.667436890606950328e-01 1.035974692972985167e-01
4.682000000000000000e+03 3.266328454645694990e-01 -1.533379312173863696e-01 1.462188713722838429e-01
4.613000000000000000e+03 -1.406117197724210399e-01 -1.407690600060504948e-01 1.065205436583056553e-01
4.810000000000000000e+03 -1.391222775360034802e-01 -1.024725293463504272e-01 3.297871672610597216e-01
4.663000000000000000e+03 5.644069807116203208e-02 -1.065960913949268729e-01 8.387461279092178756e-02
4.705000000000000000e+03 1.027243982341499162e-01 -1.123056874528387539e-01 1.109284798222631707e-01
4.669000000000000000e+03 5.686264148040365285e-02 -8.590968415229127686e-02 1.178197007927082041e-01
4.624000000000000000e+03 -6.773388499899901660e-02 -1.574393655788597357e-01 1.480515753496334241e-01
4.704000000000000000e+03 1.083243080292000116e-01 -1.737792836516334205e-01 1.861771509425693694e-01
4.698000000000000000e+03 1.212135726602934227e-01 -1.864625432562263541e-01 1.965557773293440391e-01
4.544000000000000000e+03 2.286082121753700847e-01 3.039460674644800520e-02 2.382870039521023386e-01
4.583000000000000000e+03 4.050538964363550321e-01 1.394750727703808479e-02 2.422971934905717717e-01
4.706000000000000000e+03 2.066576617877871058e-01 -4.701580125741600114e-02 2.836370159136620828e-01
4.563000000000000000e+03 -1.060921951417483911e-01 -2.303996162767418809e-02 9.873398594198334877e-02
4.590000000000000000e+03 -1.919842456854006230e-01 -2.606322342052891372e-02 1.252546984810152253e-01
4.676000000000000000e+03 -1.405386309365770359e-01 -2.746880776285109960e-02 1.347631669426405665e-01
4.710000000000000000e+03 5.796374184988195566e-02 3.324330686336196550e-02 1.361842884238910756e-01
4.560000000000000000e+03 8.243691850027801138e-02 2.264391702217238844e-02 1.405375791828191723e-01
4.561000000000000000e+03 -4.088903729517667784e-02 4.801320415209175962e-02 1.493593554294037062e-01
4.612000000000000000e+03 7.928666782912685562e-02 -5.592544417953604352e-02 1.609550182950627573e-01
4.597000000000000000e+03 1.272680518405060468e-01 2.857571001978698177e-02 1.615950042742255732e-01
4.715000000000000000e+03 6.865115764274953847e-02 5.002180623178986707e-02 1.718277608402303258e-01
4.608000000000000000e+03 6.865115764274953847e-02 5.002180623178986707e-02 1.718277608402303258e-01
4.548000000000000000e+03 9.969075263221149896e-02 1.508621423722189547e-02 1.922443565355251849e-01
4.680000000000000000e+03 5.810580024230738161e-02 8.482578337156354564e-02 1.941012212106372203e-01
4.622000000000000000e+03 1.897069362803271986e-02 4.444885218195082643e-02 2.428406514072847244e-01
4.662000000000000000e+03 7.994853262642287461e-02 1.824120892114677872e-01 2.690222625480203078e-01
4.594000000000000000e+03 -9.597276554282707650e-02 -4.797632500034154646e-02 8.364413174967211262e-02
4.755000000000000000e+03 1.649812935034766781e-02 -6.894323047293937634e-02 3.469833508951012391e-01
4.754000000000000000e+03 -2.168739575733589220e-01 4.010031758060179641e-01 2.864668798845144693e-01
4.684000000000000000e+03 1.606767943519944453e-01 1.925263351185222405e-01 9.053468326257529952e-02
4.621000000000000000e+03 7.440078601725375052e-02 4.025632221704427138e-01 3.026158813589674423e-01
4.683000000000000000e+03 3.488036760030190919e-01 -3.393381174830381042e-01 -1.647003101109092427e-01
4.545000000000000000e+03 1.850471400842987890e-01 -1.131125813687106074e-02 -1.719065790444105346e-01
4.673000000000000000e+03 1.979214369886719282e-01 -5.628130889420646099e-02 -6.731952898038429112e-02
4.564000000000000000e+03 1.801631078666421359e-01 -7.072635128907478475e-02 -1.801507403564386323e-01
4.694000000000000000e+03 2.117830774987226050e-01 1.330713107132908135e-02 6.562021289357744536e-02
4.756000000000000000e+03 1.683520705553362973e-01 1.026631876237402707e-01 6.611068610792614209e-02
4.614000000000000000e+03 -2.307793843396144240e-01 -7.749052041737058971e-02 3.045258741310163941e-02
4.617000000000000000e+03 -2.128004505415752590e-01 -8.334460432663348683e-02 4.990605096975286870e-02
4.781000000000000000e+03 -3.339979065011533521e-02 1.692390071848919320e-01 -1.671662641797695414e-01
4.818000000000000000e+03 -3.339979065011533521e-02 1.692390071848919320e-01 -1.671662641797695414e-01
4.606000000000000000e+03 1.455773609439940941e-01 -1.832315865937772514e-02 -1.152470390805575562e-01
4.603000000000000000e+03 5.510133602081879189e-02 5.689711402227715098e-02 -7.621993065088616959e-02
4.595000000000000000e+03 1.091559708029876674e-02 -6.470601817648002907e-02 -5.607178195435125190e-02
4.661000000000000000e+03 1.216820209704163602e-01 7.292156279682160402e-02 -4.870639963760936553e-02
4.644000000000000000e+03 1.216820209704163602e-01 7.292156279682160402e-02 -4.870639963760936553e-02
4.713000000000000000e+03 -8.302595991618666460e-02 1.111313902661947850e-02 -3.927450741277027646e-02
4.628000000000000000e+03 1.353982893976475310e-01 -1.452974270792140032e-02 -2.955731129806338231e-02
4.568000000000000000e+03 -7.632338710337194243e-02 1.679063994613017030e-02 -1.549756635596821752e-02
4.569000000000000000e+03 -8.694443974442478407e-02 3.520650084709586736e-05 -1.756148342726930878e-01
4.711000000000000000e+03 6.020656935499246742e-03 -3.210763759281576313e-02 -2.149723712197015857e-02
4.703000000000000000e+03 -4.384960725132636128e-02 9.629391557116662170e-02 -4.525099026380985379e-03
4.587000000000000000e+03 -5.539236231513733344e-02 1.576667253332431073e-02 -6.377326028164986838e-03
4.688000000000000000e+03 1.158210657887757122e-01 2.269497572754630710e-02 1.672427551561384007e-03
4.577000000000000000e+03 1.158210657887757122e-01 2.269497572754630710e-02 1.672427551561384007e-03
4.616000000000000000e+03 4.987517715361633464e-02 -4.134225337269725742e-02 1.283146473397778209e-02
4.681000000000000000e+03 1.450094501573460093e-01 5.291202267098782386e-02 1.376213315926833047e-02
4.701000000000000000e+03 9.979001850224733516e-02 3.975722679003723670e-02 1.599854940028677674e-02
4.702000000000000000e+03 1.059648263292665149e-01 6.444788456195027493e-02 2.999710119463827596e-02
4.746000000000000000e+03 1.059648263292665149e-01 6.444788456195027493e-02 2.999710119463827596e-02
4.615000000000000000e+03 1.059648263292665149e-01 6.444788456195027493e-02 2.999710119463827596e-02
4.665000000000000000e+03 -4.112697843280344046e-02 1.438401676108824745e-01 4.859201083980480007e-02
4.559000000000000000e+03 -4.112697843280344046e-02 1.438401676108824745e-01 4.859201083980480007e-02
4.586000000000000000e+03 -1.529093679500093117e-02 9.077114246583306567e-02 6.931971116925694787e-02
4.650000000000000000e+03 -5.832914014847645490e-02 4.022587842611358155e-02 7.915165230646437067e-02
4.693000000000000000e+03 -1.420780861309367538e-01 -2.799593465087681921e-01 -1.734937819913113799e-01
4.602000000000000000e+03 -1.819021633557120765e-01 -1.676811436451828285e-01 -1.046841996301495215e-01
4.743000000000000000e+03 -1.422796042987002352e-01 -1.733977545728677683e-01 1.610918340226419332e-03
4.744000000000000000e+03 3.712140705536750573e-01 4.408409214126010056e-01 2.270377321146099803e-03
4.747000000000000000e+03 4.629168267970840134e-02 -1.685414505897213644e-01 -1.773041882276444881e-01
4.605000000000000000e+03 -7.348270788305910628e-03 -1.305666607264015511e-01 -8.553202954608707387e-02
4.620000000000000000e+03 -7.214482003409194988e-02 -9.592884867225137668e-02 -1.696366766902457357e-02
4.674000000000000000e+03 1.349343050503168939e-01 -1.548067347497692481e-01 -6.099363275303915088e-03
4.571000000000000000e+03 -1.232806903161254297e-02 -2.369024832084676291e-01 3.323513616569329088e-02
4.653000000000000000e+03 6.942695490534234182e-02 -1.245575416497857191e-01 4.637227180649006186e-02
4.579000000000000000e+03 -6.669341209808443693e-02 -1.181022657059500602e-01 5.747245172535286883e-02
4.778000000000000000e+03 1.037884726242417344e-01 1.840819913185214318e-01 -1.316782335826900407e-01
4.801000000000000000e+03 -2.917037915165110462e-02 2.605074339086286273e-01 -1.218716380084359230e-01
4.792000000000000000e+03 3.218097580234200450e-01 -1.571963621974248326e-01 -2.911790154708882028e-01
4.588000000000000000e+03 -3.221691366792640565e-01 -3.066014304556077263e-01 -3.375773409503963762e-01
4.716000000000000000e+03 5.456233260987986000e-02 -8.868790855758845737e-02 -3.559625354303932454e-01
4.630000000000000000e+03 -7.420739940403819901e-03 -9.792123220975668119e-02 -2.586273545620301206e-01
4.598000000000000000e+03 -1.910812467615379262e-01 1.246312977311703207e-02 -2.525860527451371240e-01
4.580000000000000000e+03 -2.111120728996080942e-01 3.250073808847986356e-02 -2.003027422912992961e-01
4.641000000000000000e+03 1.421674249551951874e-01 1.388744752610406863e-01 -3.001345973658402499e-01
