# star id 	 star_x_coords [pc] 	 star_y_coords [pc] 	 star_z_coords [pc] 
5.610000000000000000e+02 5.458782344618384741e-03 -2.147336055825249446e+00 1.078869527001707240e+00
5.930000000000000000e+02 7.264304749821945961e-01 -1.073314370829734798e+00 1.349791665399692420e+00
5.830000000000000000e+02 6.465681172605286520e-02 -4.165991042791574728e-01 6.334077711763228535e-01
4.590000000000000000e+02 4.648658864482513309e-02 -1.800322288763950951e+00 6.806973103668596536e-01
4.620000000000000000e+02 -4.453560765610973249e-01 9.914291920979678707e-02 1.722182730534782991e+00
5.650000000000000000e+02 5.861799674206906730e-01 -7.301218521725161281e-02 4.778045423033105976e-01
4.390000000000000000e+02 -1.230554851849490205e-01 -9.098172155244412806e-01 -1.015719908488890155e-01
4.630000000000000000e+02 -1.910400997085588415e-01 -1.086855315164498847e+00 -4.397290005277909586e-02
5.310000000000000000e+02 1.823227370754807453e-01 -1.319688658770417078e+00 -2.362112727420750957e-01
4.860000000000000000e+02 -3.753532468056590687e-01 1.378934278749284204e-01 -1.424367101221903908e-01
5.710000000000000000e+02 -8.978572611014214999e-01 7.911388948217421557e-01 3.663214015767977116e-01
5.200000000000000000e+02 -4.905730065427604814e-01 3.444484202894102509e-01 1.847546583576686885e-01
5.670000000000000000e+02 2.906496145990331570e-01 -2.550091657524262700e-01 -6.031406351122257092e-01
3.980000000000000000e+02 1.040409292401207608e+00 6.018503180960550480e-01 -8.194873816308287928e-01
4.770000000000000000e+02 -8.400164358830721767e-01 1.118070225443560162e+00 -3.618684585628244577e-01
4.930000000000000000e+02 3.718844702458312668e-01 1.272836627511125585e+00 1.584976724494424616e-03
5.190000000000000000e+02 -6.193634143574087147e-01 1.334832045633589814e+00 -1.067969665441808047e-01
5.110000000000000000e+02 -3.590923760711461910e-03 1.187551843197098833e+00 -9.032840844824363558e-01
4.440000000000000000e+02 1.370430228129890793e-01 -5.565193397194008185e-01 -9.588851559242499434e-01
4.400000000000000000e+02 -8.400006766502485789e-01 -4.173109175844444962e-01 -1.265446983266180325e+00
5.160000000000000000e+02 -1.405438717530330450e+00 -8.997856214918016349e-01 -1.765204902450776103e+00
4.950000000000000000e+02 1.911812203829583723e-01 1.727024102545868800e+00 1.655087834998283824e+00
5.180000000000000000e+02 3.739384528315241596e-01 1.651424507705911537e+00 3.625949598910835903e-01
4.670000000000000000e+02 9.846984578730655358e-02 -9.911481301124069887e-02 2.967819499524750881e-01
5.960000000000000000e+02 -3.195613980298617207e-02 -5.139014175465206336e-02 2.828146963109574585e-01
4.940000000000000000e+02 -3.195613980298617207e-02 -5.139014175465206336e-02 2.828146963109574585e-01
5.120000000000000000e+02 -2.785569053395420269e-02 -9.103816130102870829e-02 3.639611169074186137e-02
3.960000000000000000e+02 -2.785569053395420269e-02 -9.103816130102870829e-02 3.639611169074186137e-02
5.920000000000000000e+02 1.107426943658964547e-01 5.040251922707739141e-04 2.168147361100380976e-02
5.400000000000000000e+02 1.107426943658964547e-01 5.040251922707739141e-04 2.168147361100380976e-02
4.790000000000000000e+02 9.005585184688413847e-02 -9.103857088163636035e-03 2.841278187892726237e-02
5.820000000000000000e+02 1.156791955601335076e-01 -8.670848829628141630e-02 1.212987823173676816e-01
5.250000000000000000e+02 1.553821072025272088e-01 -2.991123750526298863e-01 1.986176956572194285e-02
5.460000000000000000e+02 -1.003151058736477808e-01 2.784110569977968908e-01 5.239971645047916127e-01
4.280000000000000000e+02 -1.056979332166037011e-01 4.554247981020864700e-02 3.974760839085291764e-01
3.672600000000000000e+04 -2.385549182096298182e-01 2.257923834325197276e-01 4.338608067436808824e-01
5.330000000000000000e+02 1.768234535892077020e-02 3.524117050911002025e-02 5.042751245859804499e-01
5.640000000000000000e+02 -7.723171701037756520e-02 1.523060171167855970e-02 7.482536977982334747e-02
5.720000000000000000e+02 1.693908986318461984e-01 4.353428928698122036e-02 1.801412956137937726e-02
5.880000000000000000e+02 -2.287422781755310552e-02 5.882213252503731837e-02 7.893099830461380861e-03
5.220000000000000000e+02 -2.287422781755310552e-02 5.882213252503731837e-02 7.893099830461380861e-03
4.600000000000000000e+02 1.389522967049572344e-01 6.060844361779516021e-02 1.429000432916751606e-01
5.740000000000000000e+02 6.688024813027482196e-02 8.178240007337933548e-02 3.888481517630992812e-02
5.490000000000000000e+02 6.688024813027482196e-02 8.178240007337933548e-02 3.888481517630992812e-02
5.370000000000000000e+02 -2.563662632056207258e-03 1.051115360125152165e-01 6.250792980557662304e-02
5.140000000000000000e+02 1.173843391653974777e-01 6.873521502356538804e-02 7.043438710084615195e-02
5.130000000000000000e+02 1.173843391653974777e-01 6.873521502356538804e-02 7.043438710084615195e-02
5.480000000000000000e+02 1.388729542002380413e-01 5.050027751457264458e-02 2.180854360401625058e-01
5.390000000000000000e+02 1.174445843732314643e-01 2.823054369024191601e-02 1.260859773489784175e-01
5.380000000000000000e+02 1.174445843732314643e-01 2.823054369024191601e-02 1.260859773489784175e-01
4.470000000000000000e+02 1.249669217411764066e-01 1.759654990485159942e-02 3.651891956520358917e-02
4.540000000000000000e+02 -9.344629239986090852e-02 7.860003025459150194e-02 2.890253800067910106e-02
4.550000000000000000e+02 2.365440758845238634e-01 1.474095985509649154e-01 8.175405397445700828e-02
5.100000000000000000e+02 -1.167644371462017716e-01 -1.808942922053802249e-02 -1.819331934633794390e-02
4.350000000000000000e+02 -1.454758142575940383e-02 -8.870600722313781716e-02 -2.379160054376541211e-01
5.290000000000000000e+02 4.694419044254516393e-02 -1.302607654359206890e-01 -2.292014156734936137e-01
5.080000000000000000e+02 4.694419044254516393e-02 -1.302607654359206890e-01 -2.292014156734936137e-01
5.230000000000000000e+02 -5.123515565443881314e-03 2.580716309211084081e-03 -1.632742338892327894e-01
4.850000000000000000e+02 5.118537550886514964e-02 -7.557338471812613534e-03 -1.391638621975488377e-01
5.760000000000000000e+02 5.118537550886514964e-02 -7.557338471812613534e-03 -1.391638621975488377e-01
5.150000000000000000e+02 -4.706349383909014250e-03 -4.188646329731682272e-02 -1.294125701288990626e-01
4.410000000000000000e+02 -4.570264337442608849e-02 -1.283354219486341208e-01 -1.063819644356769345e-01
6.080000000000000000e+02 1.647805094189322972e-01 -1.002159073255910471e-01 -7.127953554312682627e-02
4.890000000000000000e+02 1.647805094189322972e-01 -1.002159073255910471e-01 -7.127953554312682627e-02
5.340000000000000000e+02 1.149517597681892767e-03 -4.478637939095619913e-02 -5.996290150103789074e-02
5.070000000000000000e+02 6.824152599348565218e-02 -4.610741375492466432e-02 -5.147409327035745719e-02
5.300000000000000000e+02 -3.452760055021997232e-02 -5.885644150681912379e-02 -3.589174731687450048e-02
4.140000000000000000e+02 -3.452760055021997232e-02 -5.885644150681912379e-02 -3.589174731687450048e-02
4.430000000000000000e+02 6.200890202725872768e-02 -2.571980780482618911e-01 -7.725736369951619054e-02
4.150000000000000000e+02 -3.688181242411303629e-02 3.150874015631188740e-03 -9.876826938096883168e-03
5.450000000000000000e+02 -3.688181242411303629e-02 3.150874015631188740e-03 -9.876826938096883168e-03
4.130000000000000000e+02 -1.108361664418850978e-01 1.943571128850862806e-01 -1.334147470894819776e-01
5.440000000000000000e+02 -1.108361664418850978e-01 1.943571128850862806e-01 -1.334147470894819776e-01
5.060000000000000000e+02 -1.576123257948154333e-01 1.729030522720620411e-02 -7.284161588889048744e-02
5.260000000000000000e+02 3.343966368390738353e-02 2.094715953747083859e-02 -4.871644529263363665e-02
5.270000000000000000e+02 7.663809654250997028e-02 4.290696255240789014e-02 -1.048240116546068634e-01
4.650000000000000000e+02 7.663809654250997028e-02 4.290696255240789014e-02 -1.048240116546068634e-01
4.030000000000000000e+02 7.663809654250997028e-02 4.290696255240789014e-02 -1.048240116546068634e-01
4.020000000000000000e+02 -4.894107184182416859e-02 8.689166313995144719e-02 -2.719295262325260865e-01
5.010000000000000000e+02 1.363951485422347787e-01 1.434690423966173967e-01 -1.960483212891261928e-01
4.010000000000000000e+02 1.363542053166355572e-01 1.589297041930706200e-01 -6.806187545662822913e-02
4.250000000000000000e+02 6.379594267301058608e-03 6.988382686195393489e-02 -6.838190458954329642e-02
5.360000000000000000e+02 1.030598564961593411e-01 4.912579000796313267e-02 -2.897663622321289267e-02
4.640000000000000000e+02 7.643595770574052040e-02 1.850247058372644915e-02 -1.450134580612498780e-01
4.240000000000000000e+02 7.643595770574052040e-02 1.850247058372644915e-02 -1.450134580612498780e-01
5.570000000000000000e+02 1.316633755313745269e-01 7.189147771353532335e-02 -9.641250005159918146e-03
4.900000000000000000e+02 3.218596163523415044e-01 1.407623105405093611e-01 -1.196139459842200381e-01
4.330000000000000000e+02 7.776693367297582427e-02 -3.463178272962466053e-01 -1.370890753212421487e-01
4.720000000000000000e+02 -2.508122738002498409e-01 5.366776660594041459e-02 -2.807189136145851194e-01
4.320000000000000000e+02 3.133384011471775921e-01 -3.848709628561408636e-01 -2.995004951517472591e-01
5.030000000000000000e+02 5.350071896891961387e-02 2.894410143794345913e-02 -3.818699011639097307e-01
4.990000000000000000e+02 -9.277786033300117197e-02 1.608645183534207490e-01 -2.833808204054264479e-01
4.980000000000000000e+02 -2.507685864868847148e-02 -3.784421323372697543e-01 -3.428006525244526870e-01
5.500000000000000000e+02 -6.646523768363010731e-02 3.572799677858853329e-01 -1.003111367987798985e-01
4.710000000000000000e+02 -2.734571635491391817e-01 2.937768448268656130e-01 3.326614106460112907e-02
