# star id 	 star_x_coords [pc] 	 star_y_coords [pc] 	 star_z_coords [pc] 
2.082600000000000000e+04 1.367023686971442942e+00 4.851672836300480185e-02 1.551973677330899193e+00
1.892500000000000000e+04 -9.947771178175059958e-01 1.572208592539105609e+00 2.417241635869160632e-01
1.889100000000000000e+04 -9.947771178175059958e-01 1.572208592539105609e+00 2.417241635869160632e-01
1.893900000000000000e+04 -1.463232067830524841e+00 7.704604527384404378e-01 8.656447079921267829e-01
1.887100000000000000e+04 -1.463232067830524841e+00 7.704604527384404378e-01 8.656447079921267829e-01
1.883400000000000000e+04 -1.566718991263222449e+00 3.557287222184157827e-02 1.390565441681360426e+00
1.888600000000000000e+04 -3.184952672205909607e-02 -2.034169985703968564e-01 -2.975827482186783612e-01
1.892800000000000000e+04 8.640802803202518589e-02 -2.134139666649730316e-01 -2.223243179410872017e-01
1.895700000000000000e+04 8.640802803202518589e-02 -2.134139666649730316e-01 -2.223243179410872017e-01
1.894900000000000000e+04 -5.722287011076332419e-02 1.669649757337339224e-01 -2.028414079645326495e-01
1.895500000000000000e+04 -5.722287011076332419e-02 1.669649757337339224e-01 -2.028414079645326495e-01
1.887200000000000000e+04 1.796343347907445320e-01 -1.527170700831561589e-01 -1.929785703325439528e-01
1.894600000000000000e+04 1.796343347907445320e-01 -1.527170700831561589e-01 -1.929785703325439528e-01
1.889300000000000000e+04 4.372538429608496813e-02 -1.147510667496831616e-01 -1.855532212444144236e-01
1.889400000000000000e+04 4.372538429608496813e-02 -1.147510667496831616e-01 -1.855532212444144236e-01
1.888000000000000000e+04 -8.040255140907248688e-01 5.100008155825008771e-02 2.098382372057070455e-01
1.894700000000000000e+04 1.955332510870633200e-02 -1.717405073660813741e-01 -9.125302844578087047e-02
1.885600000000000000e+04 1.955332510870633200e-02 -1.717405073660813741e-01 -9.125302844578087047e-02
1.891400000000000000e+04 -1.746281161008411686e-01 9.354027788621266382e-02 -1.498960093878709543e-01
1.893700000000000000e+04 -1.746281161008411686e-01 9.354027788621266382e-02 -1.498960093878709543e-01
1.890100000000000000e+04 -1.746281161008411686e-01 9.354027788621266382e-02 -1.498960093878709543e-01
1.887600000000000000e+04 -3.235563279136499659e-02 -4.673485911952468541e-02 4.471998343291616607e-02
1.890600000000000000e+04 -9.874437875337704895e-02 -6.214875544386444517e-02 -4.178645101809230766e-02
1.888700000000000000e+04 4.509538873186968999e-02 -1.686600885490605606e-01 -1.602370656082126033e-01
1.895800000000000000e+04 -1.043168709257642490e-01 -1.816268368739955008e-01 -7.521453401184707843e-02
1.895100000000000000e+04 1.034322845380160061e-01 -2.134436842586566740e-01 8.361834699538839288e-02
1.895600000000000000e+04 8.415496868185101675e-02 -2.571851065629289224e-01 5.548365436382596272e-02
1.892000000000000000e+04 1.919526971315477226e-01 7.170118016319477761e-01 1.388051265714667082e-01
2.012700000000000000e+04 9.744155396299483129e-01 2.442694379306757924e-01 -3.577016174810871973e-01
2.012800000000000000e+04 3.236344057873701274e-01 -1.715010580838978171e-01 -2.956978182887590734e-01
2.266000000000000000e+03 2.769897765210131979e-01 -1.796355354569740825e-01 4.922730100458938551e-02
2.267000000000000000e+03 -5.182530038894128666e-04 1.549768051100159028e+00 4.047079649608935625e-01
1.356500000000000000e+04 2.950607513191592091e-01 2.996254019231514576e-02 5.337775156254096487e-01
1.888100000000000000e+04 6.876322531423895157e-02 -5.080978411770757930e-01 -4.490903992313395321e-01
1.893500000000000000e+04 -8.871708815846091056e-03 -2.889338752929759835e-01 -3.756053958989795660e-01
1.892400000000000000e+04 1.667196324608148927e-01 -4.093900251397499801e-01 -3.142763745323025049e-01
1.892300000000000000e+04 8.322216137695548355e-02 -3.796208466442294593e-01 -2.961252877356495006e-01
1.894400000000000000e+04 -2.680501014549463434e-02 -4.557570141211186865e-01 -1.405340198741180657e-01
1.888800000000000000e+04 3.830847786019369039e-01 -6.539552047081471642e-01 -4.352196862807584665e-01
1.889500000000000000e+04 3.830847786019369039e-01 -6.539552047081471642e-01 -4.352196862807584665e-01
1.889600000000000000e+04 4.295266947326545903e-01 -6.219082068607590941e-01 -2.559196132179666350e-01
1.890800000000000000e+04 6.239898301769777333e-01 -4.145864126017428930e-01 -1.445411929013769026e-01
1.896300000000000000e+04 4.113616447016816835e-01 -3.112744995022396211e-01 -1.408287472099001292e-02
1.896400000000000000e+04 7.105334522108854856e-01 -3.313443041881498630e-01 2.420999335675126929e-01
1.890300000000000000e+04 -7.073171060874976490e-01 -9.032763486331774061e-01 7.201386247887793246e-01
1.890400000000000000e+04 9.449009596973532155e-01 -2.989807186405712969e-01 8.926594765397961595e-01
1.890500000000000000e+04 4.271877452551002818e-01 1.811282366290001278e-01 -6.653818935308208893e-01
1.894300000000000000e+04 -1.690510574112735753e-02 8.635600084800287846e-01 -1.538547261158456081e+00
