# star id 	 star_x_coords [pc] 	 star_y_coords [pc] 	 star_z_coords [pc] 
1.617000000000000000e+03 -5.807916120114953173e-02 2.097014647412365207e-01 -4.208528630993448871e-01
1.456000000000000000e+03 -5.807916120114953173e-02 2.097014647412365207e-01 -4.208528630993448871e-01
1.615000000000000000e+03 -3.191512083282361800e-01 -1.761066501928070238e-01 3.434820908648461568e-01
1.616000000000000000e+03 -3.191512083282361800e-01 -1.761066501928070238e-01 3.434820908648461568e-01
1.472000000000000000e+03 -4.002501882323059590e-01 9.283344633114154476e-02 3.321800692674834465e-01
1.473000000000000000e+03 -2.394863101080701995e-01 -1.155176334297181029e-02 3.187426139288547233e-01
1.457000000000000000e+03 -2.394863101080701995e-01 -1.155176334297181029e-02 3.187426139288547233e-01
1.397000000000000000e+03 -1.134404974689786627e-01 -3.192175417734191001e-01 1.505661578318076010e-01
1.430000000000000000e+03 -1.134404974689786627e-01 -3.192175417734191001e-01 1.505661578318076010e-01
1.425000000000000000e+03 -1.042029245538742543e-01 -7.220168610994193159e-02 -9.778903727594823181e-02
1.687000000000000000e+03 -1.042029245538742543e-01 -7.220168610994193159e-02 -9.778903727594823181e-02
1.429000000000000000e+03 -1.181385305569904176e-02 -4.788255125835405579e-02 -4.658201588902421975e-02
1.758000000000000000e+03 -1.181385305569904176e-02 -4.788255125835405579e-02 -4.658201588902421975e-02
1.595000000000000000e+03 -1.806092535746017802e-02 -3.205572895790709254e-02 -3.226049815073039895e-02
1.594000000000000000e+03 -1.806092535746017802e-02 -3.205572895790709254e-02 -3.226049815073039895e-02
1.767000000000000000e+03 -1.806092535746017802e-02 -3.205572895790709254e-02 -3.226049815073039895e-02
1.754000000000000000e+03 -7.805078396296494248e-02 -1.542247620536087993e-01 6.955109002824144682e-03
1.768000000000000000e+03 -7.805078396296494248e-02 -1.542247620536087993e-01 6.955109002824144682e-03
1.424000000000000000e+03 -7.805078396296494248e-02 -1.542247620536087993e-01 6.955109002824144682e-03
1.755000000000000000e+03 6.726583385528073222e-02 -2.315030320269784170e-02 3.094870681687567071e-03
1.501000000000000000e+03 6.726583385528073222e-02 -2.315030320269784170e-02 3.094870681687567071e-03
1.540000000000000000e+03 6.726583385528073222e-02 -2.315030320269784170e-02 3.094870681687567071e-03
1.555000000000000000e+03 6.726583385528073222e-02 -2.315030320269784170e-02 3.094870681687567071e-03
1.486000000000000000e+03 5.597885810572478249e-02 -7.124771474900626345e-02 4.974250969748972295e-02
1.396000000000000000e+03 5.597885810572478249e-02 -7.124771474900626345e-02 4.974250969748972295e-02
1.556000000000000000e+03 -7.569809285324424764e-02 -1.481816286925337067e-01 1.007930889090786764e-01
1.593000000000000000e+03 -7.569809285324424764e-02 -1.481816286925337067e-01 1.007930889090786764e-01
1.591000000000000000e+03 6.502761930886435948e-02 -7.395475956275276985e-02 9.930674032808184393e-02
1.590000000000000000e+03 6.502761930886435948e-02 -7.395475956275276985e-02 9.930674032808184393e-02
1.592000000000000000e+03 3.508624178124364335e-03 -9.748660327863944985e-02 1.001046093340232090e-01
1.496000000000000000e+03 3.508624178124364335e-03 -9.748660327863944985e-02 1.001046093340232090e-01
1.541000000000000000e+03 1.490974430344067514e-01 -1.978931277240647546e-01 3.726732712370584011e-02
1.497000000000000000e+03 1.490974430344067514e-01 -1.978931277240647546e-01 3.726732712370584011e-02
1.502000000000000000e+03 1.392793673562948698e-01 -1.758648867193031151e-01 4.670739281852043234e-02
1.500000000000000000e+03 1.392793673562948698e-01 -1.758648867193031151e-01 4.670739281852043234e-02
1.568000000000000000e+03 1.392793673562948698e-01 -1.758648867193031151e-01 4.670739281852043234e-02
1.569000000000000000e+03 -7.827211587623139621e-02 -1.389874349151654087e-02 4.329756408307616766e-02
1.676000000000000000e+03 -7.827211587623139621e-02 -1.389874349151654087e-02 4.329756408307616766e-02
1.675000000000000000e+03 3.349962905087977560e-02 7.577004633894546259e-03 -2.010052093350367386e-02
1.582000000000000000e+03 3.349962905087977560e-02 7.577004633894546259e-03 -2.010052093350367386e-02
1.581000000000000000e+03 7.465941158231004238e-02 3.588259439272434292e-02 -1.077575378900110792e-01
1.651000000000000000e+03 7.465941158231004238e-02 3.588259439272434292e-02 -1.077575378900110792e-01
1.498000000000000000e+03 7.153332000974899074e-03 1.097521647089010344e-01 2.926638982969365088e-02
1.583000000000000000e+03 1.516130802414750178e-03 1.587726731790297663e-01 9.751553523945233337e-02
1.638000000000000000e+03 1.516130802414750178e-03 1.587726731790297663e-01 9.751553523945233337e-02
1.585000000000000000e+03 1.125840262618993393e-02 8.694743423620110434e-02 1.459378661650596598e-01
1.517000000000000000e+03 -2.596095185837157260e-01 5.711600607895661597e-02 1.175290283326013707e-02
1.625000000000000000e+03 -2.596095185837157260e-01 5.711600607895661597e-02 1.175290283326013707e-02
1.584000000000000000e+03 8.642528793841819379e-02 6.045990994413585895e-02 8.641521185807121697e-02
1.626000000000000000e+03 8.642528793841819379e-02 6.045990994413585895e-02 8.641521185807121697e-02
1.637000000000000000e+03 1.248921372729157042e-01 1.687416177361455993e-03 6.266888652301538798e-02
1.678000000000000000e+03 1.248921372729157042e-01 1.687416177361455993e-03 6.266888652301538798e-02
1.518000000000000000e+03 9.709114497154303081e-02 1.309098511723618685e-01 3.047083544707085423e-02
1.566000000000000000e+03 9.709114497154303081e-02 1.309098511723618685e-01 3.047083544707085423e-02
1.515000000000000000e+03 9.709114497154303081e-02 1.309098511723618685e-01 3.047083544707085423e-02
1.514000000000000000e+03 2.357819994893759485e-01 7.275873428649504149e-02 -7.199185139817032564e-02
1.516000000000000000e+03 2.357819994893759485e-01 7.275873428649504149e-02 -7.199185139817032564e-02
1.557000000000000000e+03 1.500013285619488101e-01 6.461831036726550792e-02 -3.007453895412304234e-02
1.558000000000000000e+03 1.500013285619488101e-01 6.461831036726550792e-02 -3.007453895412304234e-02
1.485000000000000000e+03 1.636368400453633853e-01 1.548251705902146114e-01 5.086776920343005770e-02
1.565000000000000000e+03 1.636368400453633853e-01 1.548251705902146114e-01 5.086776920343005770e-02
1.762000000000000000e+03 1.636368400453633853e-01 1.548251705902146114e-01 5.086776920343005770e-02
1.624000000000000000e+03 1.382173897652094752e-01 2.038511170105223869e-01 8.978236867207556315e-02
1.628000000000000000e+03 1.382173897652094752e-01 2.038511170105223869e-01 8.978236867207556315e-02
1.598000000000000000e+03 1.398815509866722095e-01 -2.648164534477359666e-03 1.778910974309688697e-02
1.597000000000000000e+03 1.398815509866722095e-01 -2.648164534477359666e-03 1.778910974309688697e-02
1.549000000000000000e+03 3.563735733881046031e-01 3.014762914615261025e-01 -3.728857991987233333e-02
1.761000000000000000e+03 7.819169606051445953e-02 -6.644080488063508483e-02 -1.479443328684588721e-01
1.550000000000000000e+03 7.819169606051445953e-02 -6.644080488063508483e-02 -1.479443328684588721e-01
1.589000000000000000e+03 -1.034380024492094208e-01 -8.746706830353190298e-02 -1.461077405949264829e-01
1.588000000000000000e+03 -1.034380024492094208e-01 -8.746706830353190298e-02 -1.461077405949264829e-01
1.587000000000000000e+03 -3.165339613132260865e-01 -8.336632901293228315e-02 -1.459563052708379161e-01
1.650000000000000000e+03 -3.165339613132260865e-01 -8.336632901293228315e-02 -1.459563052708379161e-01
1.460000000000000000e+03 3.464385608526754368e-02 1.071026017697036536e-01 -1.939687408380219580e-01
1.392000000000000000e+03 3.464385608526754368e-02 1.071026017697036536e-01 -1.939687408380219580e-01
1.391000000000000000e+03 -3.264669024841992950e-02 1.856567311548218413e-02 -1.938961339342242240e-01
1.483000000000000000e+03 -3.264669024841992950e-02 1.856567311548218413e-02 -1.938961339342242240e-01
1.539000000000000000e+03 -3.264669024841992950e-02 1.856567311548218413e-02 -1.938961339342242240e-01
1.538000000000000000e+03 -1.468466552040439410e-01 2.183868271357951585e-01 -1.897370478218363132e-01
1.627000000000000000e+03 -1.468466552040439410e-01 2.183868271357951585e-01 -1.897370478218363132e-01
1.461000000000000000e+03 -1.468466552040439410e-01 2.183868271357951585e-01 -1.897370478218363132e-01
