# star id 	 star_x_coords [pc] 	 star_y_coords [pc] 	 star_z_coords [pc] 
8.621000000000000000e+03 5.592632760426017313e-01 -1.224194377570437808e-01 1.149543082403538641e+00
8.629000000000000000e+03 2.721642581614061029e-01 -2.382762786382688347e-01 9.494582949380978576e-01
8.773000000000000000e+03 2.502582438929410458e-01 1.551486924838378911e-01 8.259362235934233354e-01
8.596000000000000000e+03 -5.861061321244021016e-01 -3.961587208960910544e-01 3.418895446675751515e-01
8.713000000000000000e+03 -2.845899330474708222e-01 -3.146874700684900716e-01 6.673162126511709147e-01
8.591000000000000000e+03 4.530212970442093479e-01 -4.806159638472973228e-01 3.007990701737934813e-01
8.603000000000000000e+03 5.972769369592674238e-01 -4.621264511340434922e-01 6.317252244993305510e-01
8.685000000000000000e+03 2.522611031476582610e-01 -4.286577458643456850e-01 5.715436798958188902e-01
8.702000000000000000e+03 -7.803312273038578439e-01 -4.184793200633851740e-01 3.254948326767532762e-01
8.718000000000000000e+03 -4.604569822803243895e-01 1.840208053721070769e-01 3.711384921832729944e-01
8.617000000000000000e+03 -1.785849185350354418e-01 -1.484560758982116369e-01 5.284838090791854626e-01
8.691000000000000000e+03 -1.935809728387987150e-01 -2.141101311584776568e-01 5.379487493185663993e-01
8.618000000000000000e+03 -2.789664722455951207e-01 -1.735514179497350540e-01 5.872240470990321981e-01
8.743000000000000000e+03 4.875078923633111572e-01 1.054534416704662192e-01 2.378126054146854074e-01
8.706000000000000000e+03 2.796505672013251953e-01 1.613677330656404507e-01 6.462004359096722439e-01
8.681000000000000000e+03 -7.920281856707482859e-01 -1.263257885343431752e-01 5.048841888555628543e-01
8.699000000000000000e+03 -9.563103811902671225e-01 -2.842760092232055058e-04 5.832505971251542576e-01
8.721000000000000000e+03 -9.239654213995907028e-01 2.238078091857857999e-01 6.686951464576171844e-01
8.610000000000000000e+03 -3.584356610594188197e-01 6.482621845801812555e-01 2.298698886715140333e-01
8.650000000000000000e+03 -3.799237777205171085e-01 -2.716529795535613800e-01 1.955812689921989644e-01
8.602000000000000000e+03 1.067453985687869533e-01 -5.204848193086579755e-01 -2.283122756504951667e-02
8.752000000000000000e+03 -3.864271702758594884e-01 -1.425598926524287435e-01 -7.138261231421960673e-02
8.652000000000000000e+03 4.042812553807815235e-01 1.890549432816079900e-01 -2.845587780442659920e-02
8.682000000000000000e+03 3.967247566804612546e-01 -7.041444109277961161e-02 -3.004992331017142249e-02
8.613000000000000000e+03 -8.001907166401451832e-01 -1.168495652056211753e-01 1.355635178441794153e-01
8.723000000000000000e+03 -4.890423719836602956e-01 3.383804191076276169e-01 -2.793652615953856611e-02
8.724000000000000000e+03 5.190929377323962868e-01 3.257879641934078307e-01 -1.407255944959784344e-01
8.642000000000000000e+03 5.282658387202401329e-01 2.567478224466359649e-01 -1.337488998070179846e-01
8.745000000000000000e+03 -7.248692262242459883e-01 3.666511452274647809e-01 -2.059772743420813512e-01
8.690000000000000000e+03 -8.684691067572369860e-02 7.227541073668550808e-01 1.565774073287373724e-01
8.607000000000000000e+03 -1.086613630506167993e-01 -5.699805820460799310e-01 -5.973370957033692363e-01
8.606000000000000000e+03 1.250619929153629073e-02 -3.683785289899219606e-01 -6.308929950591908309e-01
8.593000000000000000e+03 -1.589307932357035824e-01 1.083667870447548864e-01 -6.840621843887331188e-01
8.754000000000000000e+03 4.303297556647152078e-01 -4.634598616993024223e-02 -4.444495363110956276e-01
8.749000000000000000e+03 6.826273221514354006e-01 1.998411551915530993e-01 -3.441139511930897399e-01
8.747000000000000000e+03 4.121322988526898712e-02 1.951269090260314698e-01 -5.721246387999237015e-01
8.648000000000000000e+03 5.444786600890836326e-01 3.968055756517792076e-01 -3.928880704550632430e-01
8.675000000000000000e+03 7.970652488140927971e-02 3.681874251385810481e-01 -6.006353405286244396e-01
8.688000000000000000e+03 -2.222160795719840820e-02 3.150344330762084866e-01 -7.338210222108609848e-01
8.700000000000000000e+03 2.941394849798735223e-01 3.173139284006296634e-01 -5.000175061966860568e-01
8.753000000000000000e+03 7.723063938306840015e-02 -1.933584845806350927e-01 2.506073697406927536e-01
8.680000000000000000e+03 -2.272351046152731868e-02 -5.531194527888416701e-03 4.109069396900091320e-01
8.813000000000000000e+03 -2.268836840696559776e-01 1.166399868676553098e-01 2.864782730861277216e-01
8.671000000000000000e+03 3.548350757554841195e-01 -5.811209799226446648e-03 2.537067041910230358e-01
8.654000000000000000e+03 1.912152138991762840e-01 5.070645616982361048e-02 2.351241917555411121e-01
8.633000000000000000e+03 1.330004149107244515e-01 -1.035982405803448358e-01 -4.824695449857863139e-03
8.728000000000000000e+03 6.011218003018736766e-02 -5.216341567006033131e-02 -9.916687085512521094e-03
8.736000000000000000e+03 6.011218003018736766e-02 -5.216341567006033131e-02 -9.916687085512521094e-03
8.742000000000000000e+03 -1.033901867537867503e-02 -8.645190461718854635e-02 2.837008400149443332e-03
8.716000000000000000e+03 8.010878083340156053e-02 -7.456533363867379194e-02 -1.023919414943108563e-02
8.663000000000000000e+03 -8.608999836102526615e-02 -3.990397057318162410e-02 -7.709503790927385580e-03
8.643000000000000000e+03 1.162315814361534194e-01 -4.557014045354890186e-02 1.968612901876376498e-02
8.647000000000000000e+03 1.225437499929666885e-01 -1.818018962931322591e-01 2.911230581229773406e-02
8.634000000000000000e+03 -5.786403249254945536e-03 -3.072647592676602812e-02 3.449913662229420197e-02
8.599000000000000000e+03 7.890473581331836073e-02 -5.044244611576331749e-02 5.032794030623399806e-02
8.687000000000000000e+03 -7.260148813207401020e-02 -4.789996203495761051e-02 1.188783978239538186e-01
8.731000000000000000e+03 1.240677636185365529e-01 -2.356344074408998068e-01 2.249828810478708974e-01
8.670000000000000000e+03 -3.393611278951436105e-01 -1.946286958653633548e-01 1.434503261038599931e-02
8.705000000000000000e+03 -1.985908207079543075e-01 -4.848133302935941913e-02 -1.299761872651927774e-02
8.746000000000000000e+03 -1.678014283339823720e-01 -7.386041013374189390e-02 7.936850454765753682e-02
8.740000000000000000e+03 2.745640216882607731e-01 -1.575156868125304754e-02 -1.306876273188528614e-02
8.741000000000000000e+03 2.220597833704740509e-01 -2.017732024070895136e-02 4.401484850969961116e-02
8.653000000000000000e+03 2.576332662570743892e-01 -1.058503161809447590e-01 1.633523712085391821e-01
8.626000000000000000e+03 1.361152271503947020e-01 -4.513968421641934015e-02 8.721540135976724173e-02
8.708000000000000000e+03 9.296163623210329519e-02 4.156219436122654542e-03 1.085334917956579659e-01
8.659000000000000000e+03 7.014797431032615549e-02 8.397698451724622259e-02 5.867258594552993145e-02
8.660000000000000000e+03 1.375142734276098011e-01 1.660174245788237357e-01 1.030301071210715236e-03
8.658000000000000000e+03 2.494893686815311540e-01 3.027911918227843557e-02 3.038487275579448976e-02
8.751000000000000000e+03 2.432139534504909051e-01 3.526884894565718298e-02 1.384740623940627913e-01
8.686000000000000000e+03 3.132841582164784811e-01 1.444078856656396681e-01 2.107333300719158586e-01
8.712000000000000000e+03 -7.133186424058646224e-02 -9.553204728655018130e-02 -1.731811431230427800e-01
8.605000000000000000e+03 -7.133186424058646224e-02 -9.553204728655018130e-02 -1.731811431230427800e-01
8.635000000000000000e+03 8.045484084867382535e-03 -4.404994939204698312e-02 -1.018371957254764482e-01
8.756000000000000000e+03 -7.569387867467280984e-02 -3.187247472881971078e-02 -9.503867863898385338e-02
8.594000000000000000e+03 -7.569387867467280984e-02 -3.187247472881971078e-02 -9.503867863898385338e-02
8.697000000000000000e+03 9.138171453596122262e-02 -2.658809219716573580e-02 -9.224108309226419777e-02
8.698000000000000000e+03 -3.857371027107170391e-02 -7.466224856450232039e-02 -7.445342348075101313e-02
8.662000000000000000e+03 1.265826122674109655e-01 -2.300305183347362004e-02 -7.494340907003316232e-02
8.668000000000000000e+03 -9.144766665190839916e-02 -4.677292548582911991e-02 -6.970426303068588680e-02
8.717000000000000000e+03 4.204990776766415195e-02 -3.112599935065141210e-02 -6.907073079527314974e-02
8.644000000000000000e+03 -3.167036287562829955e-02 -5.193514555073974748e-02 -6.235750180977728263e-02
8.788000000000000000e+03 -3.167036287562829955e-02 -5.193514555073974748e-02 -6.235750180977728263e-02
8.689000000000000000e+03 6.549903292941650079e-02 -1.889238941332571642e-02 -5.106481244515848061e-02
8.719000000000000000e+03 -3.717270439339337429e-03 -1.777430846980720958e-02 -5.081178796082941318e-02
8.677000000000000000e+03 -7.960695855319599445e-02 -4.348539213469670983e-02 -4.805947353568029712e-02
8.624000000000000000e+03 -9.367968793502257085e-02 -4.323137859375236758e-02 -3.769891773759859177e-02
8.664000000000000000e+03 -6.515073959942085935e-02 -2.941058140629237982e-02 -2.612216919445753405e-02
8.674000000000000000e+03 9.943519525157107353e-02 -2.322662911808315300e-02 -1.979594174333509926e-02
8.673000000000000000e+03 9.943519525157107353e-02 -2.322662911808315300e-02 -1.979594174333509926e-02
8.655000000000000000e+03 -1.068381972155352244e-01 -2.519286149660793228e-02 -2.077892758737931445e-01
8.665000000000000000e+03 -1.068381972155352244e-01 -2.519286149660793228e-02 -2.077892758737931445e-01
8.666000000000000000e+03 -1.367492723785499464e-01 -8.272995294205820471e-02 -2.053455644682751213e-01
8.711000000000000000e+03 -1.266360285190266666e-01 -6.010081454342675045e-02 -3.489319515685451734e-02
8.695000000000000000e+03 3.336001025900854344e-01 -1.118060819733539546e-01 -1.229605242793772035e-01
8.769000000000000000e+03 1.584905048295004448e-01 -4.828317008190374793e-02 -1.100702878150050523e-01
8.693000000000000000e+03 2.534936360636903530e-01 -2.277567389767742867e-01 -7.218083149200360538e-02
8.808000000000000000e+03 2.455200615655792618e-01 -1.685057426993310514e-01 -5.597897877905033681e-02
8.760000000000000000e+03 2.480988908936332393e-03 -1.160425278767540647e-02 -1.108550873337925680e-01
8.701000000000000000e+03 7.689700994023951353e-02 4.030064066320093730e-02 -1.830406639826378523e-01
8.709000000000000000e+03 -4.789536848429953864e-02 7.967654020982983809e-02 -1.701360643335201317e-01
8.592000000000000000e+03 -4.586398526958124222e-02 2.864274236898189940e-02 -1.803759813710392734e-01
8.748000000000000000e+03 -1.004483379009926125e-01 2.775748418049595045e-02 -1.543231878871633711e-01
8.732000000000000000e+03 -2.194253984795224710e-03 4.917736224638602494e-02 -1.058580144787111266e-01
8.649000000000000000e+03 -8.420930901126144619e-02 1.990467647033256071e-02 -1.012292777573025049e-01
8.619000000000000000e+03 6.481984743649960024e-02 3.679948167709490292e-02 -8.608728373218532681e-02
8.630000000000000000e+03 -1.935184350984808788e-02 5.735560050233345919e-03 -7.194836193927578449e-02
8.786000000000000000e+03 -6.713664920069373210e-02 1.554342231153427178e-02 -6.836551832712700616e-02
8.620000000000000000e+03 -9.893272629784100047e-02 1.139629586295960451e-01 -5.917415524967495344e-02
8.692000000000000000e+03 -9.893272629784100047e-02 1.139629586295960451e-01 -5.917415524967495344e-02
8.656000000000000000e+03 8.606249773688023907e-02 1.111546092731785507e-02 -5.252338153791580311e-02
8.623000000000000000e+03 -1.155766535374791459e-02 -8.937798529542462234e-03 -6.186644579436428870e-02
8.776000000000000000e+03 1.078913890310273516e-01 2.325862064546058150e-02 -3.447387640045462831e-02
8.714000000000000000e+03 1.078913890310273516e-01 2.325862064546058150e-02 -3.447387640045462831e-02
8.750000000000000000e+03 5.013894313013178561e-02 1.682151471853465807e-02 -2.921249552090277035e-02
8.667000000000000000e+03 -1.068814679916307853e-01 -7.362323305560636300e-03 -1.809531619480457820e-01
8.622000000000000000e+03 -1.194946353922787807e-01 -3.109081843195582451e-04 -1.778041571556663314e-01
8.725000000000000000e+03 -3.359566399517168733e-01 1.622037160388423160e-01 -2.378039179769517730e-01
8.679000000000000000e+03 -2.146219601755170459e-01 1.807515857971697670e-01 -2.448354476055483175e-01
8.657000000000000000e+03 -1.911440268239568141e-01 -8.185808281684359144e-03 -1.403779539437088886e-01
8.638000000000000000e+03 3.552328358726457580e-01 1.422806991994836068e-01 -1.891027840155778961e-01
8.611000000000000000e+03 3.552328358726457580e-01 1.422806991994836068e-01 -1.891027840155778961e-01
8.715000000000000000e+03 1.398313051185242628e-01 1.130496655998101119e-01 -3.631295369509679460e-02
8.785000000000000000e+03 -9.981285076858270600e-02 2.771761597608115579e-01 2.359427395630033786e-01
8.615000000000000000e+03 2.134971330187402927e-01 2.606796328665517137e-01 -1.382947218928247679e-01
8.595000000000000000e+03 -8.388998121889024162e-02 -2.009857226927422857e-01 -3.335475627507822338e-01
8.735000000000000000e+03 -1.135035234483101618e-01 -7.380164195847882525e-02 -3.299376194832692732e-01
8.684000000000000000e+03 -3.002497545904336818e-02 5.104369021460719580e-02 -3.291340858166842409e-01
8.651000000000000000e+03 -2.360729836071566723e-01 2.272970846160937697e-01 -4.581051308402459554e-01
8.628000000000000000e+03 2.066095316390201830e-01 1.242101896821772300e-01 -3.931331556638362201e-01
8.627000000000000000e+03 -1.443777889612851695e-01 4.532590600060206754e-01 -3.734107967281019569e-01
8.669000000000000000e+03 -3.373986624068061602e-01 2.554969658367927110e-01 -2.772919068499160034e-01
