# star id 	 star_x_coords [pc] 	 star_y_coords [pc] 	 star_z_coords [pc] 
6.994000000000000000e+03 -3.413962349510857308e-03 -6.495967112749703176e-01 1.877998744299011147e+00
6.917000000000000000e+03 1.215841049138490781e-01 -6.843593065840636314e-01 1.957624383251223676e+00
6.987000000000000000e+03 9.248210687636149174e-03 -4.749955593900736517e-01 1.977935339966496509e+00
6.884000000000000000e+03 -8.554768703932369434e-02 -2.857708991369065643e-01 1.962754136202893296e+00
6.883000000000000000e+03 9.411911169154363321e-02 -7.137409988862444266e-01 2.111142287042151455e+00
6.918000000000000000e+03 -6.251410946117674783e-02 -3.131587461686606844e-01 9.136849919185154878e-01
6.969000000000000000e+03 -2.056407061246234846e-02 -6.783865746839872202e-01 9.892573812937037747e-01
6.332000000000000000e+03 -2.798943358792516101e-01 -2.896266008839560868e-01 1.040606196371157477e+00
6.509000000000000000e+03 4.437747946858570103e-01 -1.187892793778964062e-01 1.161912417778850015e+00
6.970000000000000000e+03 -1.384911886610389331e-01 -1.983716026993498360e-01 1.303320345963301596e+00
6.963000000000000000e+03 -2.720496533999097188e-01 -2.025779441753563503e-01 1.325122890213761728e+00
6.923000000000000000e+03 -2.720496533999097188e-01 -2.025779441753563503e-01 1.325122890213761728e+00
6.964000000000000000e+03 -2.681285562573183512e-01 -8.351591141981913324e-01 1.477310013821522938e+00
6.902000000000000000e+03 1.193720946713590081e-01 -3.659011719945546304e-01 1.465722925038591251e+00
6.982000000000000000e+03 -2.596596036926115403e-01 -4.087974206599405136e-01 1.561218615933745113e+00
6.943000000000000000e+03 -8.979792815832743358e-02 -5.924985362423527135e-01 1.613797588658633098e+00
6.313000000000000000e+03 7.202181391886419703e-02 -3.542555618497154057e-01 1.634964440211589487e+00
6.314000000000000000e+03 -1.660461887400912495e-01 -5.919552180065821290e-01 1.646025489947467779e+00
6.941000000000000000e+03 -9.612132120039618144e-02 -3.119665414275161197e-01 1.629531537575690692e+00
6.053000000000000000e+03 3.968027293631664065e-01 -5.685304665086938769e-01 1.669430721101233139e+00
6.980000000000000000e+03 3.968027293631664065e-01 -5.685304665086938769e-01 1.669430721101233139e+00
6.975000000000000000e+03 3.968027293631664065e-01 -5.685304665086938769e-01 1.669430721101233139e+00
6.486000000000000000e+03 -1.787363612306891447e-01 -4.250258807539566419e-01 1.712383136145960272e+00
6.517000000000000000e+03 -1.787363612306891447e-01 -4.250258807539566419e-01 1.712383136145960272e+00
7.007000000000000000e+03 -5.401318476233685217e-02 -2.283145262517187746e-01 1.719600646736187066e+00
6.942000000000000000e+03 -1.209352446381743995e-01 -3.421965445227286295e-01 1.744848752503826095e+00
6.921000000000000000e+03 -1.054755979958827972e-01 -6.340442666437375863e-01 1.794569319605211266e+00
6.057000000000000000e+03 -3.604513415861041459e-01 -2.662123327550638408e-01 1.618714264825114491e+00
6.153000000000000000e+03 -2.361247224987930160e-01 -8.897032953079389017e-01 1.807687448643363837e+00
6.507000000000000000e+03 2.454539344697623804e-01 -2.841545200656163672e-01 1.855194467370458788e+00
6.108000000000000000e+03 -8.347729536860715172e-02 9.278224306785354258e-01 1.134209991914117976e+00
6.532000000000000000e+03 -5.268380688107743293e-01 -2.357643601098651231e-01 1.136784825674595600e+00
6.138000000000000000e+03 -5.708784233663051211e-01 -3.570618986463358624e-01 1.110382535917596059e+00
6.962000000000000000e+03 -4.057322873445938782e-01 -2.982922796944649235e-01 1.117730841806914288e+00
6.239000000000000000e+03 -6.142452181955668777e-01 -6.180045077508822260e-02 1.167844287756078847e+00
6.148000000000000000e+03 -4.130422855475157640e-01 -5.093263176596636299e-01 1.262841098539827511e+00
6.142000000000000000e+03 -4.436735054992357874e-01 -5.618104529734928576e-01 1.273053789472401665e+00
6.141000000000000000e+03 -4.089964502886975772e-01 -2.966013449585283013e-01 1.448355270076657986e+00
6.541000000000000000e+03 -3.660138782586335182e-01 -5.337735950153863485e-01 1.591350789203221483e+00
6.154000000000000000e+03 -4.418494448248742046e-01 -9.987054468629210646e-01 1.600590476306597232e+00
6.164000000000000000e+03 3.299918285865324208e-01 -4.310943625940311108e-02 1.044881188248764747e+00
6.230000000000000000e+03 4.834394568395370406e-01 2.545568574651682070e-01 9.242838621250855091e-01
6.176000000000000000e+03 3.419651241422996257e-01 5.270936296587294123e-01 9.555448900226912734e-01
6.219000000000000000e+03 -2.436164481338605192e-01 8.123072209515846964e-01 9.482136879606386515e-01
6.548000000000000000e+03 -8.404457117924613030e-02 5.445768221211295668e-01 9.432791781206477655e-01
6.218000000000000000e+03 1.300494416065833825e-01 5.377540925320012377e-01 1.033080432808001436e+00
6.200000000000000000e+03 -2.587226510671816193e-01 4.649022600289356433e-01 1.054122502967868913e+00
6.600000000000000000e+03 -7.141020893548022386e-02 8.733293442154703712e-01 1.089389355989262009e+00
7.018000000000000000e+03 1.333684228107001601e-01 1.823794856134597353e-01 1.007229524757905725e+00
7.019000000000000000e+03 3.481332019366032426e-01 1.283361818873736127e-01 1.011794753135271563e+00
6.940000000000000000e+03 -2.685067403564778132e-01 1.050766686610451472e-01 1.311655016962129938e+00
6.062000000000000000e+03 3.788336017552786927e-01 1.393890863317999163e-01 1.327519298431417027e+00
6.993000000000000000e+03 9.005563592729215472e-02 1.026062599397370434e-01 1.044928167987165146e+00
6.978000000000000000e+03 1.290211355462922427e-02 -1.047502932023917310e+00 1.075313996185673027e+00
6.977000000000000000e+03 -1.813470002831834016e-01 -1.253587371175342469e+00 1.109538347020256666e+00
6.151000000000000000e+03 -2.937569436995173255e-01 -1.197612329209071902e+00 1.631503483401589349e+00
6.593000000000000000e+03 -5.224149625495020377e-01 6.292664708367716742e-01 9.019842783822533683e-01
6.591000000000000000e+03 -4.489377086162242847e-01 2.299043583000930369e-01 1.203385688287788469e+00
6.606000000000000000e+03 -3.713586565812780904e-01 2.433615311222219191e-01 1.233078303204314441e+00
6.289000000000000000e+03 -5.612828264490308250e-01 5.087355047135844188e-02 1.191215793837403503e+00
6.196000000000000000e+03 -4.553353214764581658e-01 -3.626593512896647553e-02 1.375097337419100452e+00
6.267000000000000000e+03 -4.444293212413650274e-01 -1.363581533216308372e+00 1.121218261065566990e+00
6.904000000000000000e+03 -4.444293212413650274e-01 -1.363581533216308372e+00 1.121218261065566990e+00
7.015000000000000000e+03 3.435553592555939950e-01 -3.582369756677827866e-01 -6.773308653844445359e-02
6.973000000000000000e+03 2.735027668199991879e-01 -4.450514303967771923e-01 2.069717259849390700e-03
6.203000000000000000e+03 1.694113052497363547e-01 -2.759823737438651392e-01 2.028415457523147225e-02
6.175000000000000000e+03 1.382950950306800486e-01 -2.081844638890011367e-01 7.350508252018128630e-02
6.577000000000000000e+03 -3.770287144283956948e-02 -5.022616424628552068e-01 1.417223810055463495e-01
6.127000000000000000e+03 -3.770287144283956948e-02 -5.022616424628552068e-01 1.417223810055463495e-01
6.067000000000000000e+03 4.468724122619316397e-01 -5.061083245906026207e-01 2.805669239626960021e-01
7.021000000000000000e+03 4.468724122619316397e-01 -5.061083245906026207e-01 2.805669239626960021e-01
6.862000000000000000e+03 -2.990718749622680583e-01 -2.237325898500550636e-01 3.830319358006626373e-01
6.638000000000000000e+03 -2.330584373707362822e-01 -8.745798442911478787e-01 4.849653545022309942e-01
6.571000000000000000e+03 3.700895255570313402e-01 -7.103659040464620489e-01 4.431688367147152974e-01
6.165000000000000000e+03 2.346330611744358308e-01 -1.940405596219640927e-01 5.735649096852573070e-01
6.187000000000000000e+03 -2.605305259697909825e-01 -2.355398866335747243e-01 7.445782487824970097e-01
6.186000000000000000e+03 3.308168893363108154e-01 -6.783491621706971841e-02 7.827477363802586297e-01
6.104000000000000000e+03 3.832550127807259344e-01 -7.184094734590935616e-01 8.131151189433816207e-01
6.491000000000000000e+03 -6.172865086818706271e-01 -1.851051370328136159e-01 9.874434425536948723e-02
6.052000000000000000e+03 -4.083491280615585417e-01 -3.003730569104376968e-01 3.024906501884965238e-01
7.040000000000000000e+03 -5.463117931588583609e-01 -4.923268178349431423e-01 4.834685746452165311e-01
6.120000000000000000e+03 -5.463117931588583609e-01 -4.923268178349431423e-01 4.834685746452165311e-01
6.503000000000000000e+03 -5.463117931588583609e-01 -4.923268178349431423e-01 4.834685746452165311e-01
6.863000000000000000e+03 -3.905008283251043544e-01 -2.628032957823300819e-01 5.738637310070953124e-01
6.981000000000000000e+03 -1.527124271024948854e-01 4.038779640655576486e-03 4.245059943091280541e-01
6.103000000000000000e+03 -1.527124271024948854e-01 4.038779640655576486e-03 4.245059943091280541e-01
6.578000000000000000e+03 -1.447366919168930899e-01 3.454670677639875009e-01 4.553033200982479212e-01
6.979000000000000000e+03 2.951916437164676665e-01 4.220101873553225857e-01 4.789121463472385543e-01
6.960000000000000000e+03 2.622846761714874297e-01 4.828512330161949251e-01 4.885679540018390554e-01
6.485000000000000000e+03 -3.436749772613612031e-01 7.081532639863290512e-01 6.860317574415879527e-01
6.533000000000000000e+03 -7.043412749027977426e-02 -3.174313205108703073e-02 4.853818690532192281e-01
6.536000000000000000e+03 -2.936598085575736761e-01 1.777715416209950661e-01 8.049055194278571523e-01
6.537000000000000000e+03 2.765888680174009018e-01 9.138116001740215211e-02 8.156409725375974862e-01
6.199000000000000000e+03 -2.859260602279136698e-01 1.370559297272215815e-01 8.312080012458900047e-01
6.483000000000000000e+03 -4.981078711576936158e-02 1.346993583117495064e-01 8.511285549105247483e-01
6.599000000000000000e+03 -1.726438788727184814e-01 3.409209456703514718e-01 8.906251144053485280e-01
6.522000000000000000e+03 -4.634774875267249072e-01 4.942501191834836050e-02 6.345960629368607719e-01
6.470000000000000000e+03 -4.634774875267249072e-01 4.942501191834836050e-02 6.345960629368607719e-01
6.471000000000000000e+03 -4.485464296599337430e-01 3.577098242209970635e-01 6.464658116131132282e-01
6.114000000000000000e+03 -4.044427083117621002e-01 1.039764528386299958e-02 8.670275917571264035e-01
6.472000000000000000e+03 9.154708448429951240e-01 7.267711397037928123e-01 2.434949101914485325e-02
6.466000000000000000e+03 7.296045745609176514e-01 4.779080073965360498e-01 2.863034000354307551e-01
6.538000000000000000e+03 6.199764051664713449e-01 -1.161984491819367804e-01 5.925129108796145516e-02
6.891000000000000000e+03 1.357114316633722950e-01 -1.983933955186770959e+00 -5.531574829031260521e-02
6.892000000000000000e+03 5.160467084487994072e-01 -1.809047867316099456e+00 -1.535252199656200744e-02
7.009000000000000000e+03 6.035022187885807909e-02 -1.741373176830087743e+00 -5.540920084178813099e-02
6.879000000000000000e+03 2.849915364330937173e-01 -1.169313249306476621e+00 -1.847460001562550858e-02
6.925000000000000000e+03 2.849915364330937173e-01 -1.169313249306476621e+00 -1.847460001562550858e-02
6.561000000000000000e+03 -2.660202042421024871e-01 -1.495342789221229651e+00 -1.110015287311494347e-02
6.544000000000000000e+03 2.973700107068339982e-01 -1.307059256232864897e+00 1.072545419234733899e-01
6.933000000000000000e+03 -2.172295022784092033e-01 -1.129739753018000670e+00 -2.505240871281388948e-02
6.995000000000000000e+03 1.029207632465478639e-01 -1.231064388439556012e+00 3.683466304350746512e-02
6.996000000000000000e+03 5.058947757509351106e-01 -1.150240795009374040e+00 8.419148784356300652e-02
6.473000000000000000e+03 -3.195410358812384999e-01 -1.368693635744932635e+00 7.553268249796296629e-03
6.212000000000000000e+03 -2.008827933434513824e-01 -1.877163617546607099e+00 9.948421067068435875e-02
6.594000000000000000e+03 1.529138636809683760e-01 -1.104742610223343746e+00 5.803711640886173306e-01
6.570000000000000000e+03 -8.657182248086137122e-02 -1.355245796975555805e+00 5.471585377030183661e-01
6.098000000000000000e+03 -8.657182248086137122e-02 -1.355245796975555805e+00 5.471585377030183661e-01
6.998000000000000000e+03 1.318587430678332950e-01 -1.951684777685304795e+00 7.996718173645689376e-02
7.000000000000000000e+03 -3.692601570761455676e-02 -1.100827987930411922e+00 7.900919323200978894e-01
7.036000000000000000e+03 -3.587714422245529278e-01 -1.656205658468696384e+00 3.644472313470450420e-01
6.539000000000000000e+03 1.517079169583652742e-01 -2.729920887250372630e+00 5.376648867542410670e-02
6.524000000000000000e+03 1.580240020711807247e-01 -2.103368436989903500e+00 2.510645742992023699e-02
6.895000000000000000e+03 4.274663316776066146e-01 -2.582920246023626021e+00 6.879242846460797978e-03
6.999000000000000000e+03 -1.964495497026783610e-01 -2.172555835472113728e+00 2.499014666036027954e-01
6.089000000000000000e+03 -6.598505939447152358e-02 -2.503274201580225622e+00 2.738028757697081872e-01
6.054000000000000000e+03 5.698475839851142588e-01 -2.284250788554313516e+00 4.405048517171143985e-01
6.939000000000000000e+03 3.285482418532059690e-01 -2.036951405920866875e+00 4.214193025628816258e-01
6.936000000000000000e+03 3.285482418532059690e-01 -2.036951405920866875e+00 4.214193025628816258e-01
6.905000000000000000e+03 3.285482418532059690e-01 -2.036951405920866875e+00 4.214193025628816258e-01
6.886000000000000000e+03 -1.246280351465931524e-01 -2.225884485612148467e+00 4.075841588703013052e-01
6.064000000000000000e+03 1.561342266090197661e-01 -2.143575020122753472e+00 4.457053927670402427e-01
6.518000000000000000e+03 -2.710279978127192457e-01 -2.348692865379351957e+00 5.292497704982708218e-01
6.091000000000000000e+03 5.932183327213556012e-01 -2.077589756669922849e+00 5.085244601449008250e-01
6.560000000000000000e+03 5.932183327213556012e-01 -2.077589756669922849e+00 5.085244601449008250e-01
6.500000000000000000e+03 -1.355359339024030163e+00 9.377914426749462962e-01 -7.285565107885876301e-01
6.012000000000000000e+03 -1.457790944767602959e-01 1.656574586003671357e+00 -9.202250345924887220e-01
6.125000000000000000e+03 3.715257705510559560e-01 1.599932699888336529e+00 -9.019099048672742924e-01
6.510000000000000000e+03 -2.222431596750018556e-02 1.469897911402380686e+00 -5.791320362107574837e-01
6.521000000000000000e+03 5.466035652277492218e-01 1.482933829053937558e+00 -5.231492539974134104e-01
6.011000000000000000e+03 -1.175139986315771878e-01 1.570330134429218205e+00 -3.183082201719726889e-01
6.543000000000000000e+03 -3.519866964215587757e-01 1.468474937077738574e+00 -2.674456332604266962e-01
6.587000000000000000e+03 -1.972478921744382774e-01 1.440876078829351314e+00 -8.435176256649525861e-01
6.066000000000000000e+03 -4.511606363487308258e-01 1.799196474117588096e+00 -8.706888122717928447e-01
6.514000000000000000e+03 -8.638260138593802928e-01 1.697199053670670921e+00 -8.439652562796493562e-01
6.056000000000000000e+03 -5.162392565320870208e-01 1.713907348901246408e+00 -7.438776194053127178e-01
6.580000000000000000e+03 -1.061696791556070663e+00 1.052248574827409300e+00 -6.457535853893405786e-01
6.169000000000000000e+03 -3.796096123225587426e-01 1.612054871455457672e+00 -3.643240755672869646e-01
6.598000000000000000e+03 -3.650757749645574535e-01 1.427208154000963347e+00 -1.974803275504881661e-01
6.574000000000000000e+03 -5.048588158917477475e-01 1.410438360997220641e+00 -1.442903139359588138e-01
6.261000000000000000e+03 6.237829029247383694e-01 -3.220011843970439713e+00 -2.271552646630548011e-02
6.085000000000000000e+03 1.523810128107712103e-01 -4.438880780239031765e-01 -1.013466677859621523e+00
6.100000000000000000e+03 5.198534496394144888e-01 -3.484610366287448358e-01 -9.088714138857127978e-01
6.271000000000000000e+03 5.198534496394144888e-01 -3.484610366287448358e-01 -9.088714138857127978e-01
6.231000000000000000e+03 5.458673730630896337e-01 -6.330245901798292607e-02 -8.453616766431086837e-01
6.540000000000000000e+03 3.320495040726596514e-01 -6.297728597582583632e-01 -6.518444306647697140e-01
6.551000000000000000e+03 3.320495040726596514e-01 -6.297728597582583632e-01 -6.518444306647697140e-01
6.121000000000000000e+03 2.825141506702069094e-01 -8.698758031252218359e-01 -6.673328978938872780e-01
6.928000000000000000e+03 2.825141506702069094e-01 -8.698758031252218359e-01 -6.673328978938872780e-01
6.046000000000000000e+03 1.375654151321357155e-01 -3.152959985624192996e-01 -4.251599908914198700e-01
6.910000000000000000e+03 3.793455016655071788e-01 -9.033001962693347764e-01 -5.163200432474162049e-01
6.055000000000000000e+03 1.235158877832978064e-01 -5.693712412673512802e-01 -4.729062806259713980e-01
6.937000000000000000e+03 -2.726290692719142150e-01 -9.400014536657188557e-01 -6.464495652348798416e-01
6.931000000000000000e+03 4.862238425749607629e-01 -9.437400606214758625e-01 -5.701662454361668964e-01
6.859000000000000000e+03 7.016291649767181227e-02 -7.066123048136603302e-01 -3.325001540921106447e-01
6.858000000000000000e+03 3.609407149048462493e-01 -9.560246669309435674e-01 -5.921692361647483693e-01
6.860000000000000000e+03 -1.392937449918267845e-01 -7.303345899213447012e-01 -2.434616482354035050e-01
6.857000000000000000e+03 2.797517376344131890e-01 -2.899292420650603219e-01 -2.212119156056790992e-01
6.061000000000000000e+03 2.797517376344131890e-01 -2.899292420650603219e-01 -2.212119156056790992e-01
6.051000000000000000e+03 -1.548903892738819899e-01 -9.820857312542514705e-01 -4.339797371335065712e-01
6.063000000000000000e+03 2.037153540319209810e-01 -9.198263173243255153e-01 -9.465753868235227131e-02
7.034000000000000000e+03 1.220342419801312417e-01 -2.246413633671327403e+00 -7.459092575477961340e-01
6.911000000000000000e+03 5.124522817394820962e-01 -2.081751180820482716e+00 -6.169241015624495894e-01
6.013000000000000000e+03 1.603051809106101899e-01 -2.594768609393490522e+00 -3.621171183492251089e-01
6.530000000000000000e+03 2.125992667869924801e-01 -2.210453893522217328e+00 -3.271201319496528370e-01
7.022000000000000000e+03 -2.716273142791898465e-01 -2.357569678024265869e+00 -1.871170867837652629e-01
6.166000000000000000e+03 -2.716273142791898465e-01 -2.357569678024265869e+00 -1.871170867837652629e-01
6.201000000000000000e+03 1.360927576176260700e-01 -2.324128499092740441e+00 -1.371023763188334854e-01
6.278000000000000000e+03 -5.544061779471780582e-01 -2.392432466030680160e+00 -3.150208781857135598e-01
6.277000000000000000e+03 8.218619759895773313e-01 -6.183646095599826253e-02 -6.127197057420237236e-01
6.255000000000000000e+03 9.771271932228864365e-01 -6.570289019228781058e-01 -4.443390705856398171e-01
6.022000000000000000e+03 9.771271932228864365e-01 -6.570289019228781058e-01 -4.443390705856398171e-01
6.021000000000000000e+03 9.833958845369088486e-01 -3.723013271450277273e-01 -3.742792051578418544e-01
6.020000000000000000e+03 9.757733906507883859e-01 -3.479221702747423706e-01 -3.169555141724433867e-01
6.302000000000000000e+03 6.406636602818065462e-01 -2.945087593469196463e+00 -8.707214456229994681e-02
6.215000000000000000e+03 6.548127683660860399e-01 9.392812209217460406e-01 -9.858925032005414479e-01
6.198000000000000000e+03 6.548127683660860399e-01 9.392812209217460406e-01 -9.858925032005414479e-01
6.158000000000000000e+03 6.548127683660860399e-01 9.392812209217460406e-01 -9.858925032005414479e-01
6.253000000000000000e+03 4.513585345929431725e-01 -1.908452027751582847e+00 -4.760751145609152246e-01
6.298000000000000000e+03 4.083183008777990786e-01 -1.290564595653275859e+00 -5.789236624032967349e-01
6.070000000000000000e+03 4.083183008777990786e-01 -1.290564595653275859e+00 -5.789236624032967349e-01
6.488000000000000000e+03 5.478416891987785142e-01 -1.217053379301017202e+00 -5.080912869584897074e-01
6.077000000000000000e+03 4.901826259386687923e-02 -1.346996336765414526e+00 -4.807914781370667967e-01
6.287000000000000000e+03 2.281358159620867632e-01 -1.054077740642814121e+00 -3.326921054574807357e-01
6.468000000000000000e+03 2.281358159620867632e-01 -1.054077740642814121e+00 -3.326921054574807357e-01
6.467000000000000000e+03 4.346476887323187377e-01 -1.938136297446572343e+00 -4.104069859807180087e-01
6.914000000000000000e+03 2.771563593107480017e-01 -1.819091936943674881e+00 -2.719758260878770706e-01
6.913000000000000000e+03 5.142959366892712048e-01 -1.348274493636907323e+00 -2.697636821829956233e-01
6.502000000000000000e+03 3.604526458945058742e-01 -1.064176616133384101e+00 -2.710230061813501123e-01
6.221000000000000000e+03 -2.402272520245078979e-01 -1.695763635719572449e+00 -1.872419301619432375e-01
6.476000000000000000e+03 1.078976607441703983e-01 -1.427140646653541012e+00 -1.635149673213680543e-01
6.330000000000000000e+03 -4.168754979773958702e-01 -1.319526700521869600e+00 -6.798673250729048156e-01
6.260000000000000000e+03 6.695781488814902538e-01 8.583974834727321479e-01 -8.594221002943323029e-01
6.569000000000000000e+03 8.601044051602757534e-01 8.537583368628318681e-01 -7.317973069320671264e-01
6.149000000000000000e+03 9.481143049854505733e-01 5.494169672145403638e-01 -4.263541160433126365e-01
6.243000000000000000e+03 6.119346265594005629e-01 4.737633672301839738e-01 -4.051398413895217487e-01
6.137000000000000000e+03 8.513390142059393817e-01 8.662309452986249880e-01 -1.606947145342396688e-01
6.256000000000000000e+03 -3.106746624268557078e-01 1.416320633211302749e+00 -1.341538342216056723e+00
6.614000000000000000e+03 -3.106746624268557078e-01 1.416320633211302749e+00 -1.341538342216056723e+00
6.508000000000000000e+03 -1.826116516181581773e-01 1.432864204759255244e+00 -1.274387883066513183e+00
6.234000000000000000e+03 2.014742682748411617e-01 1.818204330710889494e+00 -1.242053890353924217e+00
6.156000000000000000e+03 9.049753754199407751e-02 1.458797164161719451e+00 -1.245793205968292572e+00
6.080000000000000000e+03 1.941708280942995302e-01 1.829670201229028237e+00 -1.220233841739825298e+00
6.195000000000000000e+03 1.941708280942995302e-01 1.829670201229028237e+00 -1.220233841739825298e+00
6.102000000000000000e+03 4.087161216276471443e-01 1.340570874744603458e+00 -1.180184005822987547e+00
6.073000000000000000e+03 -1.660528743390545792e-01 1.682411451162879601e+00 -1.046872610041127860e+00
6.116000000000000000e+03 -7.603014295919867660e-01 1.736254148827418575e+00 -1.559004934599470538e+00
6.229000000000000000e+03 -3.682579744624194795e-01 1.129592647702438057e+00 -1.593438897816286559e+00
6.245000000000000000e+03 -7.275097103588590297e-01 1.564850503376279178e+00 -1.547943087622652314e+00
6.283000000000000000e+03 -5.447247296535007166e-01 1.810994119033901839e+00 -1.534935777780016775e+00
6.276000000000000000e+03 -8.289229781459963586e-01 1.624068030861446132e+00 -1.485416074823550314e+00
6.333000000000000000e+03 -7.679273937414710094e-01 1.651169762838337718e+00 -1.433506551875452395e+00
6.190000000000000000e+03 -4.896439028337262744e-01 1.551769940908261702e+00 -1.407988712697583189e+00
6.118000000000000000e+03 -5.916344138591602686e-01 1.494216623344401640e+00 -1.212521567749682116e+00
6.248000000000000000e+03 -8.272483856096362054e-01 1.286687793456700035e+00 -1.174530564298826629e+00
6.101000000000000000e+03 -3.875313206286796763e-01 1.317481864690563498e+00 -1.056016569176773334e+00
6.238000000000000000e+03 9.892100439291628966e-01 1.555416783560955807e+00 -1.170509423899332102e+00
6.237000000000000000e+03 7.155269571476994273e-01 1.395984960674477193e+00 -1.054036274973733089e+00
6.211000000000000000e+03 5.979114491844539359e-01 4.693359475999159258e-02 -1.293159452276424926e+00
6.188000000000000000e+03 1.011002675036856147e-01 1.992574916774181304e+00 -1.210162733765773879e+00
6.194000000000000000e+03 6.862095604763007728e-02 2.388774538366385869e+00 -1.137490889731365140e+00
6.213000000000000000e+03 -6.722738876835763211e-01 2.167990195464614800e+00 -1.862322070306285937e+00
6.310000000000000000e+03 -6.016637925699219736e-01 2.137996159458932510e+00 -1.858307606489741914e+00
6.206000000000000000e+03 -9.597239999261826249e-01 2.372439953714771121e+00 -1.679407929806576050e+00
6.631000000000000000e+03 -4.666042462088832998e-01 1.928817611087451311e+00 -1.646806432442144086e+00
6.167000000000000000e+03 2.470330336801276339e-01 -2.213333530837537921e-01 -1.323743886559421767e+00
7.004000000000000000e+03 6.081683435630669265e-02 -2.602504173656576825e-01 -1.216731422540516583e+00
6.520000000000000000e+03 1.105014749003023766e-01 -9.258851496681650417e-01 -1.183427687315994348e+00
6.495000000000000000e+03 7.266347048349874882e-02 -5.659664059820279647e-01 -1.069652108261436307e+00
6.504000000000000000e+03 -1.443583099162504269e-01 -8.850626533923033890e-01 -1.063010155365895493e+00
6.992000000000000000e+03 -1.443583099162504269e-01 -8.850626533923033890e-01 -1.063010155365895493e+00
6.181000000000000000e+03 6.708189632307681727e-01 -7.513642133584497174e-02 -1.607759227423683601e+00
6.583000000000000000e+03 7.290067723338129468e-01 -2.597171425174558124e-01 -1.122314506153657021e+00
6.558000000000000000e+03 -6.543853113889099848e-01 -1.298078479943239216e+00 -1.096678188001113607e+00
6.170000000000000000e+03 -4.146838587398447018e-01 -1.312736656684297287e+00 -1.081862414284826546e+00
6.171000000000000000e+03 -9.667452217726353325e-01 2.251581747003923439e+00 -2.111586035613301604e+00
6.557000000000000000e+03 -1.095947615207721437e+00 2.338633314983088241e+00 -2.078680551427842360e+00
6.179000000000000000e+03 -9.949627921852373102e-01 1.943463989248632728e+00 -2.065884546047660031e+00
6.596000000000000000e+03 2.891451819819357283e-02 1.281294450605987123e+00 -5.129219926297245991e-02
6.605000000000000000e+03 -1.470676526715313237e-01 3.826224263421273974e-01 4.138088236409476206e-01
6.575000000000000000e+03 -2.247471054482925723e-01 1.694359277726178448e-01 2.157147231366129958e-01
6.875000000000000000e+03 -2.994373820964946198e-01 1.312004607670793632e-01 1.964890658181679406e-01
6.572000000000000000e+03 -2.834469158917110043e-01 2.106603110201454854e-01 1.066364505117469719e-01
6.499000000000000000e+03 -3.235459388923067614e-01 1.800335235657648525e-01 1.198178345439808723e-01
6.907000000000000000e+03 1.245001616286169899e-01 1.187379868590475951e+00 -5.472255504900047640e-02
6.908000000000000000e+03 2.671520913229050720e-01 2.930229335691763026e-01 4.130053778804876341e-01
6.601000000000000000e+03 2.671520913229050720e-01 2.930229335691763026e-01 4.130053778804876341e-01
6.309000000000000000e+03 3.086232775550623586e-01 3.469099142826550519e-01 1.193466527511959363e-01
6.531000000000000000e+03 -5.445423701988514331e-01 3.136158064736704887e-02 3.627023454661362223e-01
6.565000000000000000e+03 -4.290694297943642432e-01 2.698017392992575481e-01 3.398676985489421654e-01
6.566000000000000000e+03 -6.509876172366013680e-01 1.030348455795930818e-01 2.439075815594669017e-01
6.584000000000000000e+03 -3.799596241228098137e-02 8.687470259856588939e-01 3.479675208946400033e-01
6.585000000000000000e+03 5.001442630619346019e-02 5.615351372497379145e-01 2.951648881632253918e-01
6.586000000000000000e+03 -2.690361396715381659e-01 5.183099857862849547e-01 2.752490198950927613e-01
6.592000000000000000e+03 -2.614690259684340212e-01 5.161510879741655344e-01 2.421610452973972372e-01
6.492000000000000000e+03 1.038779748529563562e-01 8.364239394930734761e-01 2.215104222424613134e-01
6.465000000000000000e+03 1.011027901840937382e-01 7.523206744495993803e-01 1.435308067865435078e-01
6.526000000000000000e+03 -1.355263221826530362e-01 5.449893346893937007e-01 3.723689127125995313e-02
6.498000000000000000e+03 1.022307186422981573e-01 5.891797632589899081e-01 5.122702135253520694e-02
6.240000000000000000e+03 -9.525737055518934682e-02 4.541173419168416103e-01 2.342501420065321582e-01
6.172000000000000000e+03 2.444658292697630131e-01 6.448585056822331296e-01 2.253643336347490589e-01
6.150000000000000000e+03 1.889742232102040731e-01 6.860851945496584392e-01 1.810297405967355999e-01
6.288000000000000000e+03 2.005219401918179045e-01 7.012436820179672736e-01 6.946854660246470914e-02
6.189000000000000000e+03 2.569496948738567710e-01 7.151243527438708725e-01 1.279001768692746843e-01
6.220000000000000000e+03 -5.190728694725261771e-01 5.382212407860187398e-01 3.674952351565516917e-01
6.123000000000000000e+03 -5.190728694725261771e-01 5.382212407860187398e-01 3.674952351565516917e-01
6.269000000000000000e+03 -3.928609777452947149e-01 5.362726978247955856e-01 -5.667121476759051646e-02
6.268000000000000000e+03 -3.711534933760098909e-01 7.719662620355194349e-01 1.949451007651337164e-02
6.177000000000000000e+03 -4.659765450798110109e-01 4.560051642852087639e-01 2.909927245889050162e-01
6.295000000000000000e+03 -4.659765450798110109e-01 4.560051642852087639e-01 2.909927245889050162e-01
6.178000000000000000e+03 1.992492580687557080e-01 1.377206152282409946e+00 -9.207991366518921694e-01
6.350000000000000000e+03 3.934433841455127201e-01 1.151533151375836894e+00 -1.000104703539868911e+00
6.355000000000000000e+03 4.136106080339883029e-01 1.092635540203279021e+00 -1.037494468535704595e+00
6.145000000000000000e+03 3.613963089129343942e-01 1.151794001533961165e+00 -7.324069751337449752e-01
6.074000000000000000e+03 3.613963089129343942e-01 1.151794001533961165e+00 -7.324069751337449752e-01
6.090000000000000000e+03 5.878667872048310983e-01 9.600422193589643882e-01 -8.715704807347433025e-01
6.111000000000000000e+03 1.284528450199897698e-01 1.197055044443978034e+00 -6.315223213669445279e-01
6.105000000000000000e+03 5.756617735810110048e-01 1.174322080345636010e+00 -6.095753915303530057e-01
6.065000000000000000e+03 5.994853283487526774e-01 1.055757645815631918e+00 -6.071643386029497158e-01
7.003000000000000000e+03 5.994853283487526774e-01 1.055757645815631918e+00 -6.071643386029497158e-01
6.161000000000000000e+03 2.448469050296591121e-01 1.384740948763486301e+00 -6.020928669618466067e-01
6.957000000000000000e+03 -8.404991325338875274e-01 1.310925710427753188e+00 -8.193689958474190682e-01
6.284000000000000000e+03 -6.360608647413685812e-01 1.077950508140808950e+00 -9.855361110299534211e-01
6.159000000000000000e+03 -1.073633732072476477e-03 6.822392591731762934e-01 -7.195558208312764492e-01
6.233000000000000000e+03 -1.073633732072476477e-03 6.822392591731762934e-01 -7.195558208312764492e-01
6.272000000000000000e+03 1.300530858424098213e-02 7.350720939699932899e-01 -6.727330890825951037e-01
7.005000000000000000e+03 1.300530858424098213e-02 7.350720939699932899e-01 -6.727330890825951037e-01
6.155000000000000000e+03 1.300530858424098213e-02 7.350720939699932899e-01 -6.727330890825951037e-01
6.129000000000000000e+03 1.742632216495842989e-01 8.751933927102335531e-01 -6.529650795941615016e-01
6.559000000000000000e+03 3.315276347061706375e-01 7.654508486555826607e-01 -6.164776272514065347e-01
6.144000000000000000e+03 -7.631258849681266110e-01 8.528137805829274498e-01 -7.973136414683361650e-01
6.168000000000000000e+03 -2.761241093154676030e-01 1.278209835022110497e+00 -3.619710515020888586e-01
6.132000000000000000e+03 -3.553861266071507430e-01 1.231810947392101951e+00 -1.230467018524028511e-01
6.131000000000000000e+03 -3.553861266071507430e-01 1.231810947392101951e+00 -1.230467018524028511e-01
6.319000000000000000e+03 2.817677018892763563e-01 1.354607024584305819e+00 -5.126695962181666566e-01
6.318000000000000000e+03 4.020633269765978568e-01 1.040591133870442775e+00 -5.537357741349939744e-01
6.317000000000000000e+03 3.216170473749295766e-01 1.171078634170562793e+00 -4.403466371712081440e-01
6.110000000000000000e+03 4.847741817537456477e-01 1.163042106489402983e+00 -4.504930518437797460e-01
7.017000000000000000e+03 -4.765798126212712482e-01 1.286491098316144388e+00 -3.087601426014709993e-01
6.241000000000000000e+03 -4.117859958883021143e-01 1.363022776361713539e+00 -2.197962415466792052e-01
7.012000000000000000e+03 -4.058544768593752572e-01 1.315245638339035850e+00 -1.203110562318978616e-01
6.590000000000000000e+03 3.917847950320441086e-01 2.365012846679803715e-02 -2.731545255179050891e-01
6.868000000000000000e+03 -1.624457046225091794e-01 4.550465761590309910e-01 -2.737042025221705366e-01
6.552000000000000000e+03 -1.660228287014766657e-01 5.956259275740727333e-01 -5.415478248933833783e-01
7.016000000000000000e+03 -3.122070461045867162e-02 7.931257448011379552e-01 -5.200364067977538696e-01
6.865000000000000000e+03 -1.038888619971936045e-01 5.407591589324916015e-01 -4.626896573593723971e-01
6.866000000000000000e+03 -1.038888619971936045e-01 5.407591589324916015e-01 -4.626896573593723971e-01
6.126000000000000000e+03 -2.102334118917048578e-01 6.820776865870605832e-01 -4.400773849906660651e-01
7.014000000000000000e+03 -1.507626712621372711e-01 7.012915698942663312e-01 -3.942809288595832129e-01
6.106000000000000000e+03 7.967207735010672920e-02 5.654719635030254210e-01 -3.740610936056518732e-01
6.157000000000000000e+03 -2.424978938496651359e-01 6.722988863163301687e-01 -3.616738715453986508e-01
6.554000000000000000e+03 -9.857631344125072914e-02 5.667061673116506881e-01 -3.584680940468105703e-01
6.589000000000000000e+03 1.181275037396791738e-01 6.614407581795163082e-01 -2.187733043332560356e-01
6.613000000000000000e+03 -1.655988425806014241e-01 6.912529441352788240e-01 -2.003976284750357273e-01
6.628000000000000000e+03 2.544225706980234314e-01 4.482564162402908892e-01 -2.342045212328813797e-01
6.223000000000000000e+03 3.651580302209525009e-01 6.580746365265675024e-01 -5.312866508022584533e-01
6.946000000000000000e+03 3.933989899742109664e-01 7.642312798644965710e-01 -4.335462116201855842e-01
6.117000000000000000e+03 2.041047357936980333e-01 5.698614262867742752e-01 -4.264037703819392178e-01
6.214000000000000000e+03 2.125982017704690641e-01 6.740111258907433012e-01 -3.188119416569028530e-01
6.173000000000000000e+03 3.337550636831156936e-01 8.451871909475485722e-01 -2.215419843996140337e-01
6.122000000000000000e+03 3.032643454445715925e-01 4.958335364962600522e-01 -1.842636181035244292e-01
6.947000000000000000e+03 5.600178995915978675e-01 7.135111225150829739e-01 -1.305425185033226576e-01
6.115000000000000000e+03 -3.718908269679017664e-01 8.798714830862373049e-01 -4.793705258787168688e-01
