# star id 	 star_x_coords [pc] 	 star_y_coords [pc] 	 star_z_coords [pc] 
1.571000000000000000e+04 8.072016503147518840e-01 -1.684892060837110961e-01 -5.078182012914158605e-01
1.568500000000000000e+04 1.322219195748552956e-02 -2.162125104396643849e-01 -4.295496804665859258e-01
1.568600000000000000e+04 -4.012613087087935071e-01 3.732936950596617010e-01 -5.506263406606670685e-01
1.546200000000000000e+04 1.011335152363843637e+00 -1.535004188224498023e-02 -2.644963129250488265e-01
1.536400000000000000e+04 2.174867026956082139e-01 1.236648105838110467e+00 -6.623608113697567745e-01
1.536500000000000000e+04 -3.106134487363796381e-01 1.135041582353670364e+00 -1.149914220344392390e+00
1.538900000000000000e+04 2.374611726368791587e-02 -5.268831293907183522e-02 -1.503794410834036199e-01
1.547300000000000000e+04 2.374611726368791587e-02 -5.268831293907183522e-02 -1.503794410834036199e-01
1.543800000000000000e+04 -1.208943016833003981e-01 -1.234396164475626279e-02 -2.928450796634241016e-01
1.569100000000000000e+04 -8.452554339237594583e-02 -1.863906589612440712e-03 -1.548769237453804237e-01
1.549600000000000000e+04 7.284817219451644732e-02 -1.684169029435249598e-01 -3.166621733682948303e-01
1.534600000000000000e+04 1.800466112172374178e-01 -1.755351106925857607e-01 -2.261671010329724396e-01
6.790000000000000000e+02 -5.905968648933446197e-02 -2.071266867907208820e-01 -1.833947442645431636e-01
3.587100000000000000e+04 -5.714323661921008046e-01 1.827166644060918443e+00 9.128881975823421868e-01
1.575500000000000000e+04 4.827887795173237961e-01 1.164687931893588768e+00 7.935086453219764024e-01
1.575600000000000000e+04 1.065015246295188955e+00 -5.401334612539319124e-01 1.654037817108982011e-01
1.545800000000000000e+04 1.549723499255268200e+00 -3.810600855331820469e-01 9.565187438167299661e-01
1.545900000000000000e+04 -6.262596125235675437e-02 -1.377108507522795122e-01 1.348399548745131682e-01
1.542200000000000000e+04 -6.262596125235675437e-02 -1.377108507522795122e-01 1.348399548745131682e-01
1.548400000000000000e+04 7.735990347983445758e-04 -2.235218926859356969e-01 1.622184352479205671e-01
1.548500000000000000e+04 -8.917302982512476106e-03 3.340860924873467752e-02 2.128254948799064294e-01
1.528100000000000000e+04 -2.773694413489868893e-02 -1.245897542639884392e-01 3.761446342268790488e-01
1.528200000000000000e+04 -2.194560652373793719e-01 1.231488645041345364e-02 1.558087213813195149e-01
1.528300000000000000e+04 -2.914759635284340789e-01 1.290028579883504278e-01 1.839968840605727962e-01
1.525500000000000000e+04 1.791618684579887599e-01 2.544849933135449049e-01 2.270808963523496260e-01
1.525600000000000000e+04 -7.824886800131225506e-02 -1.172248592569324899e-01 7.953790977229324710e-02
1.525700000000000000e+04 -7.824886800131225506e-02 -1.172248592569324899e-01 7.953790977229324710e-02
1.573800000000000000e+04 -7.824886800131225506e-02 -1.172248592569324899e-01 7.953790977229324710e-02
1.551600000000000000e+04 -1.496522705671932130e-02 -5.075912025967355135e-03 -1.364611856399200462e-01
1.551500000000000000e+04 1.149703389929372932e-01 4.227838019158269844e-03 -1.850547343092934227e-02
1.551400000000000000e+04 -2.107441200345938626e-02 1.556234963845604113e-02 3.305006993104697699e-02
1.542700000000000000e+04 1.867906968832877546e-02 -2.873374037292286687e-02 4.299149284262604453e-02
1.571100000000000000e+04 1.867906968832877546e-02 -2.873374037292286687e-02 4.299149284262604453e-02
1.570500000000000000e+04 -6.694743216700271837e-02 1.105816436009909864e-02 8.617120050669058173e-03
1.568800000000000000e+04 -6.694743216700271837e-02 1.105816436009909864e-02 8.617120050669058173e-03
1.552500000000000000e+04 -6.694743216700271837e-02 1.105816436009909864e-02 8.617120050669058173e-03
1.551800000000000000e+04 -5.742004145239953949e-02 -7.671209945507051486e-02 3.992101568902661768e-02
1.544900000000000000e+04 1.370560771274944578e-01 3.789751412351982651e-02 6.266230198225919423e-02
1.547400000000000000e+04 -2.620332329344998712e-03 1.567630426845667557e-02 8.682979025079085034e-02
1.536100000000000000e+04 -2.620332329344998712e-03 1.567630426845667557e-02 8.682979025079085034e-02
1.557800000000000000e+04 8.992854400393524017e-02 -3.638044434780773884e-02 8.959988242809657777e-02
1.557900000000000000e+04 1.608731846280422317e-01 -3.064695887944601793e-02 1.100133081448131378e-01
1.558000000000000000e+04 1.608731846280422317e-01 -3.064695887944601793e-02 1.100133081448131378e-01
1.544000000000000000e+04 1.608731846280422317e-01 -3.064695887944601793e-02 1.100133081448131378e-01
1.526300000000000000e+04 -9.187941721573622544e-02 -5.180681450644719632e-02 -6.431801702234452023e-03
3.255000000000000000e+03 -9.187941721573622544e-02 -5.180681450644719632e-02 -6.431801702234452023e-03
1.536200000000000000e+04 -2.399168900350661104e-01 6.324204716268155835e-02 1.301303581919555086e-02
1.544800000000000000e+04 -2.399168900350661104e-01 6.324204716268155835e-02 1.301303581919555086e-02
1.545200000000000000e+04 -2.399168900350661104e-01 6.324204716268155835e-02 1.301303581919555086e-02
1.545300000000000000e+04 -2.726880162507310246e-01 -1.065582291310409602e-01 2.722749719019645909e-02
1.545400000000000000e+04 -2.726880162507310246e-01 -1.065582291310409602e-01 2.722749719019645909e-02
1.537500000000000000e+04 -2.684998972077434765e-01 -3.201463534953319368e-03 4.822678832303495255e-02
1.554800000000000000e+04 -1.239082691432715766e-01 -2.285435807770319627e-02 7.466868412781835218e-02
1.549400000000000000e+04 -1.239082691432715766e-01 -2.285435807770319627e-02 7.466868412781835218e-02
1.549500000000000000e+04 -9.167042963699700842e-02 -7.621924891449083361e-02 1.171878418186800275e-01
1.547500000000000000e+04 -3.674260792813162091e-01 -1.912193144951874757e-01 1.541617810052997584e-02
1.533900000000000000e+04 -6.623440549379888687e-02 -1.839523893541752386e-01 -1.005372822106735953e-01
1.534000000000000000e+04 -2.870223073848920947e-02 -1.956583258745254739e-01 -4.826430094287914585e-02
1.534100000000000000e+04 -2.870223073848920947e-02 -1.956583258745254739e-01 -4.826430094287914585e-02
1.545700000000000000e+04 -5.320372821151453380e-02 -1.879639448227745646e-01 -2.464282758717040167e-02
1.544700000000000000e+04 -5.320372821151453380e-02 -1.879639448227745646e-01 -2.464282758717040167e-02
1.542600000000000000e+04 -7.056182520824139104e-02 -2.339152200498517686e-01 -3.303187066383550530e-02
1.544500000000000000e+04 -1.416598196127645259e-01 -1.395454945520508971e-01 -1.193349312327534051e-01
1.550400000000000000e+04 -1.416598196127645259e-01 -1.395454945520508971e-01 -1.193349312327534051e-01
1.542000000000000000e+04 -2.090498534925626650e-01 -2.156585158993564733e-01 -9.143836672508953711e-02
1.549900000000000000e+04 -2.090498534925626650e-01 -2.156585158993564733e-01 -9.143836672508953711e-02
1.541000000000000000e+04 -2.090498534925626650e-01 -2.156585158993564733e-01 -9.143836672508953711e-02
1.548000000000000000e+04 -1.544582370513496450e-01 -2.471740530922428292e-01 3.951687290968664001e-02
1.547900000000000000e+04 -1.544582370513496450e-01 -2.471740530922428292e-01 3.951687290968664001e-02
1.536600000000000000e+04 -1.544582370513496450e-01 -2.471740530922428292e-01 3.951687290968664001e-02
1.548200000000000000e+04 3.646363375785486305e-01 2.424827228001529278e-01 -3.799885012885440005e-02
