# star id 	 star_x_coords [pc] 	 star_y_coords [pc] 	 star_z_coords [pc] 
6.005700000000000000e+04 -1.830336419814933890e+00 3.419210123531897239e-01 1.282104588248021315e+00
6.116800000000000000e+04 7.164183501838792267e-01 1.596014650909189925e-01 -8.879992207106717217e-01
6.047600000000000000e+04 1.875014274896436461e+00 -5.300468234005712986e-01 -9.854571111424021979e-01
6.056000000000000000e+04 -3.598703390250719281e-01 2.538303235142365111e-01 1.228942283454884432e+00
6.500000000000000000e+04 -1.867269924289495009e+00 -5.236822322713159394e-01 5.999786445808616975e-01
6.383200000000000000e+04 -7.337262872205272402e-01 5.472911117056966646e-02 5.176315940181694941e-01
6.508500000000000000e+04 4.368508995782462989e-01 3.771871658675216565e-01 -8.498961590450520021e-01
6.005800000000000000e+04 1.446310137377786020e+00 -3.914281907303873709e-01 -9.788198761170932016e-01
5.999800000000000000e+04 -3.360489618724358252e-01 2.452618821404470850e-01 2.851798902813271752e-01
6.006700000000000000e+04 3.236078168214291395e-01 8.680902204442020320e-02 -1.299607793084831542e-01
