# star id 	 star_x_coords [pc] 	 star_y_coords [pc] 	 star_z_coords [pc] 
6.879000000000000000e+03 -1.163522227007103282e-01 -8.429904312257079368e-01 -1.533945120557355324e+00
6.939000000000000000e+03 1.679540212757597573e-01 -3.327578088464377970e-01 -1.395772757928014585e+00
7.054000000000000000e+03 1.109528423196696423e+00 2.120627631218852116e-01 -7.679570902361412266e-01
6.904000000000000000e+03 2.785152901991576613e-01 5.134864365045288537e-01 -5.384556771852970769e-01
6.966000000000000000e+03 3.024752140856019622e-01 7.209997463976876020e-01 1.627995012791885188e-01
6.965000000000000000e+03 1.001137366905084036e+00 1.919355321764726341e-01 1.421321992008159896e-01
6.967000000000000000e+03 2.373118547789410115e-01 -5.921614664258285643e-01 -5.109356535576736746e-02
6.960000000000000000e+03 -7.718979729062205308e-01 4.967959597593107901e-02 1.037598419856564647e+00
6.975000000000000000e+03 -7.718979729062205308e-01 4.967959597593107901e-02 1.037598419856564647e+00
6.998000000000000000e+03 -7.718979729062205308e-01 4.967959597593107901e-02 1.037598419856564647e+00
1.497000000000000000e+03 -5.791095864137201232e-01 -2.513351624966020381e-02 7.542085359915446929e-01
