# star id 	 star_x_coords [pc] 	 star_y_coords [pc] 	 star_z_coords [pc] 
2.001500000000000000e+04 3.016941923144056403e-01 2.294421196406908336e+00 -4.634260080907566248e-01
1.997500000000000000e+04 -9.035411981949730276e-01 1.327434734462123345e+00 8.441697336082221170e-01
2.038200000000000000e+04 -1.140341398680809526e+00 2.093070651647153113e+00 1.173431680149910505e+00
2.001200000000000000e+04 -3.726190312357875456e-01 1.248911601713039943e+00 6.835796358596759603e-01
2.001700000000000000e+04 -1.246517028825488538e+00 3.365572086831313925e+00 1.127741294176814790e+00
2.037800000000000000e+04 8.892521521318590416e-01 1.061352257214636552e+00 -9.469021302359905690e-01
2.039600000000000000e+04 -5.213717494476721726e-01 7.063971235574015850e-01 -4.273818525581383199e-01
1.999200000000000000e+04 1.049179858176252367e-01 8.020267736024067062e-01 -7.906941952633843584e-01
2.033600000000000000e+04 5.440918540497001743e-01 6.921151154314415521e-01 1.638146347196069996e+00
1.996300000000000000e+04 -5.437169912479360434e-01 5.632558640292586460e-01 4.747768714302296189e-01
2.002100000000000000e+04 2.229367015224744009e+00 5.682467085332163492e-01 -4.675045252504297366e-01
2.033800000000000000e+04 1.258620132131700764e+00 5.307969003201691294e-01 -4.959544868087206737e-02
2.033700000000000000e+04 4.588339432723529399e-01 -2.787961598993049961e+00 -7.379782704949278127e-01
2.034400000000000000e+04 4.588339432723529399e-01 -2.787961598993049961e+00 -7.379782704949278127e-01
2.068200000000000000e+04 2.220235308782640971e-01 -2.520739599141727183e+00 2.749885687013176039e-03
2.034700000000000000e+04 -1.035660563442240445e+00 -1.872611348448124602e+00 -9.053567228127050726e-01
2.069800000000000000e+04 -4.808842601902840741e-01 -1.453903157855080508e+00 -3.329398883038052759e-01
2.038000000000000000e+04 -4.808842601902840741e-01 -1.453903157855080508e+00 -3.329398883038052759e-01
2.000000000000000000e+04 -4.808842601902840741e-01 -1.453903157855080508e+00 -3.329398883038052759e-01
1.999300000000000000e+04 -9.680823895717249883e-01 -7.840691248360940335e-01 6.281602106512913508e-01
1.997900000000000000e+04 1.091902255993873361e+00 -3.125621039537662682e-01 6.227863953807855069e-02
