# star id 	 star_x_coords [pc] 	 star_y_coords [pc] 	 star_z_coords [pc] 
2.215000000000000000e+03 -6.438566220459485123e-01 -1.850544306651896953e+00 -1.930224493535561692e-01
2.181000000000000000e+03 -1.735563824518035148e+00 1.864606080354603179e+00 -8.277156957060682885e-02
2.353000000000000000e+03 -2.020735140135982988e+00 -2.087262848004634908e+00 -1.047780749295458946e+00
2.352000000000000000e+03 -1.229028454286247296e+00 -1.964348795500405309e+00 -6.300826395098546584e-01
2.374000000000000000e+03 7.527049916761008319e-01 -9.244645864250569112e-01 2.146188588623161309e-01
2.375000000000000000e+03 8.707787494145726725e-01 -5.596082281941827663e-02 2.097746290714077588e-01
2.376000000000000000e+03 6.686860523396092049e-01 1.527365991672886003e-01 5.678230633698255758e-01
2.182000000000000000e+03 4.771623909780515760e-01 2.795746223490052085e-01 9.308390730293396587e-01
2.216000000000000000e+03 7.208458600600380350e-01 7.755873074219881147e-01 6.187931351716606798e-01
2.089000000000000000e+03 7.969728642450562006e-01 -8.023759433680375253e-01 1.301963818300656328e+00
2.135000000000000000e+03 5.385699423135434927e-01 -1.144921824229750751e+00 1.348063806433010825e+00
2.432000000000000000e+03 4.838713828022207508e-01 -3.557129628756023898e-01 1.438361832670594254e+00
2.433000000000000000e+03 4.856632732291146226e-01 -1.015987728088032505e+00 -9.601234448427220514e-02
2.434000000000000000e+03 6.751100131955141137e-01 -1.973520452612360643e-01 -4.351427255345790002e-01
2.351000000000000000e+03 7.251069655587940588e-01 -7.493689047195186692e-01 -8.275304230107352055e-01
2.399000000000000000e+03 5.106320409984022035e-01 2.320163692849371295e-01 -6.374306396379516571e-01
2.400000000000000000e+03 5.106320409984022035e-01 2.320163692849371295e-01 -6.374306396379516571e-01
2.203000000000000000e+03 2.423234100834932292e-01 -6.473533243056328601e-01 -4.274129797697234778e-01
2.204000000000000000e+03 3.597781666401438372e-01 -4.056387344406974238e-01 9.897918899115261127e-01
2.205000000000000000e+03 -1.251174626976094828e-01 -6.971430563947900172e-01 -9.622206132222856922e-01
2.209000000000000000e+03 -2.064650055949854845e-01 -7.214960754209736038e-01 1.435648425116141880e+00
2.134000000000000000e+03 -1.478059516496514902e-01 2.700370816487310255e-01 -7.010924886917067056e-01
2.246000000000000000e+03 -2.303423939914281959e-01 -5.074064400750768478e-01 -9.697023217569551434e-01
2.550000000000000000e+03 -5.136671858452075412e-01 -4.192916919849749569e-01 -6.446014046086716576e-01
2.467000000000000000e+03 -7.702336705153101093e-02 -2.907625391432148154e-01 -5.895691917115399860e-01
2.240000000000000000e+03 -2.491898587502276996e-01 -1.381584405238470703e+00 -7.211397199644906664e-01
2.239000000000000000e+03 -2.491898587502276996e-01 -1.381584405238470703e+00 -7.211397199644906664e-01
2.189000000000000000e+03 -6.822234549064525311e-01 1.351495172753707674e+00 -1.757511889631899749e-01
2.502000000000000000e+03 -8.416392367000504748e-01 4.226382130003458748e-02 -1.029779928652985177e-02
2.188000000000000000e+03 -9.601541913962918784e-01 -5.707933367082640430e-01 -1.807553081424906338e-01
2.210000000000000000e+03 -9.601541913962918784e-01 -5.707933367082640430e-01 -1.807553081424906338e-01
2.448000000000000000e+03 -3.593284183241216567e-01 -4.805139370066772164e-01 -2.126701216855941823e-01
2.512000000000000000e+03 -3.593284183241216567e-01 -4.805139370066772164e-01 -2.126701216855941823e-01
2.513000000000000000e+03 -3.105753211973301120e-01 1.133607054496500455e+00 4.989349812670766937e-01
2.490000000000000000e+03 -3.105753211973301120e-01 1.133607054496500455e+00 4.989349812670766937e-01
2.245000000000000000e+03 -4.144152890239958253e-01 -5.501322819895204663e-02 2.404342701439112773e-01
2.491000000000000000e+03 -3.997998063208285657e-01 6.992766514126574906e-02 3.872110315218151300e-01
2.288000000000000000e+03 -3.997998063208285657e-01 6.992766514126574906e-02 3.872110315218151300e-01
2.289000000000000000e+03 -7.982870200675549199e-01 -3.899064718311506805e-01 4.602751880376843019e-02
2.549000000000000000e+03 -4.243282784400257412e-01 -2.426403400191909920e-01 2.778667187556287388e-01
2.493000000000000000e+03 -4.291169936476606495e-01 6.135063996875764758e-01 -1.135718076894676187e-02
2.471000000000000000e+03 -4.291169936476606495e-01 6.135063996875764758e-01 -1.135718076894676187e-02
2.257000000000000000e+03 -1.096695557235246810e+00 1.267283053383300384e+00 6.735035540717717595e-01
2.339000000000000000e+03 -5.336525089751376072e-01 2.798383725231349262e-01 5.944701338012876590e-01
2.340000000000000000e+03 -5.336525089751376072e-01 2.798383725231349262e-01 5.944701338012876590e-01
2.341000000000000000e+03 -3.389276124172049265e-01 5.334263824974727619e-02 6.426789357730768870e-01
2.466000000000000000e+03 -2.475379702257427539e-01 -1.573545723759698367e-01 5.583242453819359241e-01
2.287000000000000000e+03 -1.461548893238671099e-01 3.440775607655386370e-01 9.407250929416619556e-01
2.393000000000000000e+03 -6.466423703062069706e-01 -6.442794568016507739e-01 5.878037368384134709e-01
2.522000000000000000e+03 -1.378561255512057215e+00 1.077123446569808962e+00 -7.494133495814025991e-01
2.177000000000000000e+03 -1.468188934165564064e+00 -5.233827713719703123e-01 2.532822199910071959e-01
2.526000000000000000e+03 -1.468188934165564064e+00 -5.233827713719703123e-01 2.532822199910071959e-01
2.482000000000000000e+03 -1.955915451403846816e-01 -1.641267333309328169e+00 -1.416684290057744988e+00
2.483000000000000000e+03 -1.696381361671512877e-01 -1.271839678218932512e+00 -1.169338310994323393e+00
2.497000000000000000e+03 5.887171861377638038e-02 -6.959094038557223083e-02 3.455420363329366751e-01
2.173000000000000000e+03 7.588765865012447875e-02 -3.675245253508255816e-01 4.616545123593986943e-01
2.265000000000000000e+03 -2.113570528896886458e-01 2.854598656862831207e-01 3.596836124875721907e-01
2.372000000000000000e+03 1.260860111984065668e-01 4.484554129519791044e-02 -1.443622834552016343e-02
2.373000000000000000e+03 1.260860111984065668e-01 4.484554129519791044e-02 -1.443622834552016343e-02
2.450000000000000000e+03 1.260860111984065668e-01 4.484554129519791044e-02 -1.443622834552016343e-02
2.279000000000000000e+03 7.640029940980852530e-02 -2.316255111312071069e-02 -9.075369435070257396e-03
2.170000000000000000e+03 7.531777726871879963e-02 1.386238116584082025e-02 1.977288297007717688e-02
2.171000000000000000e+03 7.531777726871879963e-02 1.386238116584082025e-02 1.977288297007717688e-02
2.546000000000000000e+03 7.379477769914899454e-02 -5.045659458015749887e-02 7.291237152172769242e-02
2.347000000000000000e+03 6.141504202118497346e-02 -1.608726223582309656e-01 8.765941260653065115e-02
2.142000000000000000e+03 1.242079952449373081e-01 4.651953191942737043e-02 6.994649726492241371e-02
2.151000000000000000e+03 1.432868624313101691e-01 7.981977891123959168e-02 1.129843309786053851e-01
2.545000000000000000e+03 1.432868624313101691e-01 7.981977891123959168e-02 1.129843309786053851e-01
2.544000000000000000e+03 1.156349647051513330e-02 2.193356325627409120e-01 6.528746026805620772e-02
2.463000000000000000e+03 1.156349647051513330e-02 2.193356325627409120e-01 6.528746026805620772e-02
2.146000000000000000e+03 6.521309213844261876e-02 2.302620568313897831e-01 3.716078955276103102e-02
2.145000000000000000e+03 6.521309213844261876e-02 2.302620568313897831e-01 3.716078955276103102e-02
2.473000000000000000e+03 1.609785603443398827e-01 1.994144759826017577e-01 8.321254010930800860e-02
2.172000000000000000e+03 -4.954664119166451997e-02 2.566119479686775895e-01 1.187617398495639520e-01
2.394000000000000000e+03 4.461176655855325635e-02 7.925251460046667251e-02 1.160852208316995871e-01
2.367000000000000000e+03 8.113175271076400463e-02 2.279887900606449302e-01 2.285149850095358204e-01
2.243000000000000000e+03 5.840833221456165347e-02 -1.489368550857382845e-01 2.006239901043294083e-01
2.178000000000000000e+03 2.128361234410292013e-01 1.447570945375825091e-01 7.592037565213871630e-03
2.494000000000000000e+03 2.128361234410292013e-01 1.447570945375825091e-01 7.592037565213871630e-03
2.495000000000000000e+03 3.225516494619284913e-01 2.319701251551012922e-01 1.955133213848512241e-01
2.479000000000000000e+03 3.006201691695338241e-01 -2.251049411877875661e-01 2.122792649966953604e-01
2.224000000000000000e+03 3.006201691695338241e-01 -2.251049411877875661e-01 2.122792649966953604e-01
2.424000000000000000e+03 -3.876558462720396392e-01 -7.714481543195028657e-02 1.566761766863749017e-01
2.505000000000000000e+03 -2.384221529528929295e-01 -9.861524920206277134e-02 2.230441237480427219e-01
2.506000000000000000e+03 4.807062700026776270e-02 5.795558622781699087e-02 -1.676186274150843758e-01
2.429000000000000000e+03 1.774232046508359417e-01 3.117743364746961010e-03 -2.098156592351863026e-01
2.225000000000000000e+03 -7.961322047147945113e-03 7.902912656943333891e-02 -1.771548486929113153e-01
2.244000000000000000e+03 -7.961322047147945113e-03 7.902912656943333891e-02 -1.771548486929113153e-01
2.080000000000000000e+03 4.229485853863579337e-02 -6.018053079665919292e-02 -1.682536211811012095e-01
2.082000000000000000e+03 4.229485853863579337e-02 -6.018053079665919292e-02 -1.682536211811012095e-01
2.533000000000000000e+03 4.086792591063925784e-03 -1.098285251435238141e-03 -1.741687003957963498e-01
2.534000000000000000e+03 4.086792591063925784e-03 -1.098285251435238141e-03 -1.741687003957963498e-01
2.166000000000000000e+03 4.086792591063925784e-03 -1.098285251435238141e-03 -1.741687003957963498e-01
2.167000000000000000e+03 1.125640255986084526e-01 -1.556863026208954448e-02 -1.223127840694573365e-01
2.470000000000000000e+03 1.125640255986084526e-01 -1.556863026208954448e-02 -1.223127840694573365e-01
2.194000000000000000e+03 1.175146916545948272e-01 9.277530511401499425e-02 -1.187953794861229539e-01
2.195000000000000000e+03 -7.588341859585057136e-02 1.782775499189687141e-02 -1.421393789418914366e-01
2.521000000000000000e+03 -7.359677888420179670e-03 2.276282162368870043e-02 -1.074219408617906879e-01
2.242000000000000000e+03 -7.359677888420179670e-03 2.276282162368870043e-02 -1.074219408617906879e-01
2.081000000000000000e+03 -7.359677888420179670e-03 2.276282162368870043e-02 -1.074219408617906879e-01
2.159000000000000000e+03 4.227961998002882638e-02 7.018151218507201472e-02 -1.084190163929186212e-01
2.236000000000000000e+03 4.227961998002882638e-02 7.018151218507201472e-02 -1.084190163929186212e-01
2.442000000000000000e+03 -9.102696386362651992e-02 6.818450066348180627e-05 -1.460737347193301616e-01
2.462000000000000000e+03 -9.102696386362651992e-02 6.818450066348180627e-05 -1.460737347193301616e-01
2.447000000000000000e+03 1.227784569265253367e-01 8.302749965733952076e-02 -1.150111467286940581e-01
2.417000000000000000e+03 1.227784569265253367e-01 8.302749965733952076e-02 -1.150111467286940581e-01
2.509000000000000000e+03 1.227784569265253367e-01 8.302749965733952076e-02 -1.150111467286940581e-01
2.222000000000000000e+03 9.837873773426508706e-02 5.071500269592316146e-02 -4.715474679987252671e-02
2.255000000000000000e+03 9.837873773426508706e-02 5.071500269592316146e-02 -4.715474679987252671e-02
2.256000000000000000e+03 9.220059753754838994e-02 -6.840497127955980083e-03 -4.720024130790534400e-02
2.456000000000000000e+03 9.220059753754838994e-02 -6.840497127955980083e-03 -4.720024130790534400e-02
2.148000000000000000e+03 9.220059753754838994e-02 -6.840497127955980083e-03 -4.720024130790534400e-02
2.168000000000000000e+03 -8.860967478085157722e-02 7.829517367329807964e-02 -1.343879680304702617e-01
2.169000000000000000e+03 -8.860967478085157722e-02 7.829517367329807964e-02 -1.343879680304702617e-01
2.129000000000000000e+03 2.806613811552338689e-02 1.540331122897053984e-02 -1.154294471931152088e-01
2.130000000000000000e+03 2.806613811552338689e-02 1.540331122897053984e-02 -1.154294471931152088e-01
2.564000000000000000e+03 7.901564155752183183e-02 7.038842321573401950e-02 -7.303788557947399340e-02
2.565000000000000000e+03 7.901564155752183183e-02 7.038842321573401950e-02 -7.303788557947399340e-02
2.416000000000000000e+03 7.901564155752183183e-02 7.038842321573401950e-02 -7.303788557947399340e-02
2.488000000000000000e+03 1.016617166926963023e-01 6.312226006311172366e-02 -6.035269858946534782e-02
2.278000000000000000e+03 1.016617166926963023e-01 6.312226006311172366e-02 -6.035269858946534782e-02
2.248000000000000000e+03 1.905781230319192332e-02 9.498361094136742455e-02 -3.930443180562903649e-02
2.241000000000000000e+03 1.905781230319192332e-02 9.498361094136742455e-02 -3.930443180562903649e-02
2.469000000000000000e+03 1.905781230319192332e-02 9.498361094136742455e-02 -3.930443180562903649e-02
2.554000000000000000e+03 2.782192379788277492e-01 2.341160094443539563e-02 -1.047175407570470895e-01
2.438000000000000000e+03 2.782192379788277492e-01 2.341160094443539563e-02 -1.047175407570470895e-01
2.575000000000000000e+03 8.892350227843692778e-02 1.326281085757413103e-01 -9.280030387127879976e-02
2.487000000000000000e+03 8.892350227843692778e-02 1.326281085757413103e-01 -9.280030387127879976e-02
2.451000000000000000e+03 -5.328017955144304096e-02 1.071258571844364016e-01 -6.859997845135978878e-02
2.504000000000000000e+03 -5.328017955144304096e-02 1.071258571844364016e-01 -6.859997845135978878e-02
2.199000000000000000e+03 1.896836526003902179e-01 1.801833631526003621e-01 -8.891853636301760844e-02
2.468000000000000000e+03 1.896836526003902179e-01 1.801833631526003621e-01 -8.891853636301760844e-02
2.436000000000000000e+03 1.556706094666751028e-01 3.502488149128937245e-01 -2.232655146760365028e-02
2.277000000000000000e+03 4.477171980180827404e-02 2.718073049718238154e-01 -5.357038059061736135e-02
2.261000000000000000e+03 7.196904737707754407e-02 2.227159647382666585e-01 2.253038487408431934e-02
2.104000000000000000e+03 3.537723625102984215e-02 -1.869506417661189746e-01 -6.541152181123521814e-02
2.459000000000000000e+03 3.537723625102984215e-02 -1.869506417661189746e-01 -6.541152181123521814e-02
2.247000000000000000e+03 3.460657096964325774e-02 -2.262938303566919274e-01 -3.718366365140468588e-02
2.516000000000000000e+03 3.290652818686936598e-01 3.056666841989896244e-01 -1.688009069943632312e-01
2.421000000000000000e+03 4.042631349675716024e-01 2.928348030236783694e-01 -1.018744071834021270e-02
2.415000000000000000e+03 4.042631349675716024e-01 2.928348030236783694e-01 -1.018744071834021270e-02
2.223000000000000000e+03 4.042631349675716024e-01 2.928348030236783694e-01 -1.018744071834021270e-02
2.529000000000000000e+03 1.929537443759130610e-01 1.272221223838628235e-01 -7.956500912069230935e-03
2.530000000000000000e+03 1.929537443759130610e-01 1.272221223838628235e-01 -7.956500912069230935e-03
2.276000000000000000e+03 -2.401144036204740928e-01 1.026317090934353304e-01 -2.478360503674430504e-01
2.263000000000000000e+03 -2.401144036204740928e-01 1.026317090934353304e-01 -2.478360503674430504e-01
2.264000000000000000e+03 -1.267696663372639421e-01 3.973424908588873983e-03 -1.981108559691584503e-01
2.486000000000000000e+03 -2.231531982084220544e-01 2.059126585839865520e-02 -1.565649707480538666e-01
2.102000000000000000e+03 -2.231531982084220544e-01 2.059126585839865520e-02 -1.565649707480538666e-01
2.184000000000000000e+03 -1.267489237833281379e-01 1.335633696667379300e-01 -1.521899185762300988e-01
2.185000000000000000e+03 -1.267489237833281379e-01 1.335633696667379300e-01 -1.521899185762300988e-01
2.237000000000000000e+03 -1.117393582441152944e-01 -1.126311262089197962e-01 -6.900255912150399240e-02
2.238000000000000000e+03 -1.117393582441152944e-01 -1.126311262089197962e-01 -6.900255912150399240e-02
2.231000000000000000e+03 -1.117393582441152944e-01 -1.126311262089197962e-01 -6.900255912150399240e-02
2.232000000000000000e+03 -1.139907342967205750e-01 1.359524309870126513e-01 -2.104072939827261735e-02
2.498000000000000000e+03 -3.182847872948180168e-01 2.310854801722715401e-01 -4.962409814436341549e-02
2.422000000000000000e+03 -1.343630391619115017e-01 -2.453367971665509906e-01 -1.270333744599554393e-01
2.528000000000000000e+03 1.200346182499281156e-01 -1.242995204614447680e-01 -4.197567003666549112e-01
2.249000000000000000e+03 1.200346182499281156e-01 -1.242995204614447680e-01 -4.197567003666549112e-01
2.144000000000000000e+03 6.584333006300724378e-02 -9.932702806999149647e-02 -2.921691094513647613e-01
2.453000000000000000e+03 -1.322952290761136851e-02 1.411634550806121213e-01 -2.679719415441681463e-01
2.461000000000000000e+03 3.181520643019055683e-01 -4.340357454571963647e-02 -3.505639004264544667e-01
2.220000000000000000e+03 1.436111629150715885e-01 -2.476999970239573967e-01 -5.393583233660841358e-01
2.517000000000000000e+03 1.436111629150715885e-01 -2.476999970239573967e-01 -5.393583233660841358e-01
2.175000000000000000e+03 -3.492880480043467628e-01 2.137954880444145611e-01 -2.676964078241894640e-01
2.342000000000000000e+03 -2.202128355583568009e-01 -3.603795291188673922e-01 -3.699068121064854608e-01
2.252000000000000000e+03 2.821286769049464738e-01 6.199075335320552993e-01 7.338996269901087999e-04
2.165000000000000000e+03 2.821286769049464738e-01 6.199075335320552993e-01 7.338996269901087999e-04
2.343000000000000000e+03 3.602744759689642251e-01 5.621771902945135180e-01 8.708251086036966626e-02
2.547000000000000000e+03 3.073355577337935074e-01 4.299865119615720599e-01 1.601335907298846450e-01
2.452000000000000000e+03 2.867851797691010063e-01 4.006437225057847273e-01 -2.526193738762287921e-01
2.476000000000000000e+03 1.025422610073317031e+00 -8.226923194496587044e-01 4.837842448656068939e-01
2.477000000000000000e+03 9.617289798931416556e-01 1.316600248500577663e+00 1.017814502649450503e+00
2.206000000000000000e+03 9.617289798931416556e-01 1.316600248500577663e+00 1.017814502649450503e+00
2.536000000000000000e+03 1.780320539990444928e+00 9.910941062101967791e-01 7.040672663064668768e-01
2.208000000000000000e+03 1.656037451035810903e+00 1.344106668093517420e+00 1.081143621888642770e+00
2.221000000000000000e+03 1.656037451035810903e+00 1.344106668093517420e+00 1.081143621888642770e+00
