# star id 	 star_x_coords [pc] 	 star_y_coords [pc] 	 star_z_coords [pc] 
1.200300000000000000e+04 1.199812081489948667e+00 -6.572003143006313053e-01 -8.466125564528681480e-02
1.196300000000000000e+04 6.541434207974425874e-01 9.576175360074223875e-01 -1.613001511132196697e+00
1.200400000000000000e+04 -4.200950414241546582e-01 8.976422263707171112e-01 -9.205995632254655447e-01
1.202100000000000000e+04 1.269710910504073809e-02 1.964759871473589214e-01 -4.318733757414321417e-01
1.204400000000000000e+04 -8.658876308261476140e-01 4.965682230069106140e-01 -6.142645380035816061e-01
1.185500000000000000e+04 -2.313466968301653992e-01 6.869311072624135761e-01 -2.594163212573477040e-01
1.192200000000000000e+04 6.071579945925833499e-01 3.095553457030639777e-01 -3.687298015917406246e-02
1.204200000000000000e+04 -1.376875517484563716e-01 1.068987436165887317e+00 5.176116693621679588e-02
1.197700000000000000e+04 7.871302569924409909e-03 2.173180156991278977e-01 8.717772068141016462e-02
1.202700000000000000e+04 4.434409805451906550e-01 -3.946866890418547769e-01 -1.459658778150696889e+00
1.205300000000000000e+04 5.559339031457319891e-01 3.106750183627937645e-02 1.563709958731038796e-01
1.192300000000000000e+04 5.559339031457319891e-01 3.106750183627937645e-02 1.563709958731038796e-01
1.196200000000000000e+04 5.559339031457319891e-01 3.106750183627937645e-02 1.563709958731038796e-01
1.196100000000000000e+04 -7.460748368242171580e-01 4.559819975227092925e-01 1.946601669296086357e-01
1.196500000000000000e+04 -9.125613423355360965e-02 -1.374013527736650531e-02 2.539267045917199539e-01
1.203500000000000000e+04 1.400612109236050173e-01 1.336995368894672964e+00 4.372839927321336972e-01
1.198500000000000000e+04 1.942150972551814903e-02 5.102730611652077641e-01 5.904646114770173426e-01
1.196000000000000000e+04 -2.210199565075257055e-01 5.023790913832009153e-01 5.691419537575370668e-01
1.205900000000000000e+04 -5.014094912944742077e-01 8.316190672447270060e-01 9.279486718523344280e-01
1.196700000000000000e+04 -4.999347553037871705e-01 3.475987839208443120e-01 4.962620344740145129e-01
1.193800000000000000e+04 -5.347643117179288197e-01 1.856788506432422992e-01 7.691560948596674052e-01
1.193600000000000000e+04 5.744581119476457332e-01 8.842130859810346521e-01 1.178875152640571855e+00
1.192800000000000000e+04 -4.268170408995359821e-01 -2.975425323271387867e-01 4.194132412099378371e-01
1.197800000000000000e+04 -1.216296559891148377e+00 -9.658666774882043171e-01 -5.496765260615035231e-01
1.188900000000000000e+04 2.582315282442451121e-01 -4.313843729024000595e-01 -6.327021567958439618e-01
1.188800000000000000e+04 2.582315282442451121e-01 -4.313843729024000595e-01 -6.327021567958439618e-01
1.188700000000000000e+04 6.896092014447745555e-01 -1.150730499716956956e+00 -4.365631414237753916e-01
1.202900000000000000e+04 -5.848450846059094488e-02 -4.878721674387556106e-01 -2.115420125672642371e-01
1.194500000000000000e+04 1.348547575111922470e-01 -6.156105531128091002e-01 3.632163465318143381e-01
1.201900000000000000e+04 1.187448664612702487e-01 -1.503243130727859977e+00 3.929816254047011626e-01
1.195400000000000000e+04 -4.063720566822510705e-01 -7.497614375908909778e-01 4.054517405213715620e-01
1.193400000000000000e+04 -4.290907417346723207e-01 -2.280014820984419543e+00 2.767001157956769930e-01
