# star id 	 star_x_coords [pc] 	 star_y_coords [pc] 	 star_z_coords [pc] 
1.374100000000000000e+04 -1.883576054631781460e-01 3.270558959229319385e-01 -9.011030896576244231e-01
1.373800000000000000e+04 -1.883576054631781460e-01 3.270558959229319385e-01 -9.011030896576244231e-01
1.373900000000000000e+04 -1.106800754738387127e+00 -1.046515100078522664e+00 -2.399068057276778632e-01
1.374200000000000000e+04 -1.106800754738387127e+00 -1.046515100078522664e+00 -2.399068057276778632e-01
1.378900000000000000e+04 5.084865720006490619e-01 3.050443450742434948e-01 -1.571201674923230485e-01
1.377400000000000000e+04 5.084865720006490619e-01 3.050443450742434948e-01 -1.571201674923230485e-01
1.377500000000000000e+04 -8.210534090449890243e-01 -2.349132687196231473e-02 1.024706462434750165e-01
1.378800000000000000e+04 -8.210534090449890243e-01 -2.349132687196231473e-02 1.024706462434750165e-01
1.382100000000000000e+04 1.040077762903056424e+00 3.340199098848017911e-02 7.654389728031176787e-01
1.373000000000000000e+04 1.040077762903056424e+00 3.340199098848017911e-02 7.654389728031176787e-01
1.372900000000000000e+04 1.135294869449275268e+00 8.090083961254990186e-01 8.604408892900892170e-01
