# star id 	 star_x_coords [pc] 	 star_y_coords [pc] 	 star_z_coords [pc] 
1.443600000000000000e+04 2.732729415143353435e-01 2.045517062547475007e-02 -2.374997684143274057e-01
1.442300000000000000e+04 1.910888112576714093e-01 -4.731880627733175970e-02 2.860868108335523630e-02
1.439500000000000000e+04 1.138059767439969505e-01 -5.658971027674652987e-03 2.763857707653372131e-02
1.442800000000000000e+04 5.737531234947113035e-02 3.232491129744374803e-02 8.939185783620473558e-02
1.438700000000000000e+04 2.456302887038290805e-01 1.431654252549741102e-01 9.547779597688865749e-02
1.441800000000000000e+04 2.456302887038290805e-01 1.431654252549741102e-01 9.547779597688865749e-02
1.438000000000000000e+04 3.665014010125560162e-01 1.002675850870957674e-01 -7.050941362535922963e-03
1.438100000000000000e+04 6.528007763449750200e-02 -5.891336206465425107e-02 1.215856006421986990e-01
1.442600000000000000e+04 2.895858614494635219e-01 -2.454859239636704160e-01 4.363727879904182316e-01
1.439000000000000000e+04 3.272133644221852933e-02 5.788058167012621880e-02 9.602255390165836957e-02
1.441100000000000000e+04 2.780392983396140494e-02 2.602442412951688766e-01 8.888864162195275753e-02
1.440300000000000000e+04 -2.662995928091049791e-04 -4.247172749869498887e-01 3.580190414843897884e-01
1.440600000000000000e+04 6.966269706840222398e-03 3.248674901694954542e-01 7.118850136900789494e-02
1.441400000000000000e+04 1.578270308759499585e-02 -1.009522142672913958e-01 -1.479361785249118100e-01
1.442700000000000000e+04 5.550393908542261556e-01 4.349276211755608301e-01 -3.948496346159018344e-01
1.438400000000000000e+04 -3.422815392638511867e-02 -5.906604309354790416e-02 -9.244596207918576170e-02
1.439700000000000000e+04 -3.532005398447068956e-02 3.224516999619453372e-02 -2.186790510900138429e-02
1.443800000000000000e+04 -7.469945907905639615e-02 2.044030222280959208e-01 5.694079555840758644e-02
1.442400000000000000e+04 -8.460182605857724525e-02 -1.244890100953242040e-01 -5.702970229315695860e-02
1.444200000000000000e+04 -1.000345647469380594e-01 3.825496737530897917e-02 -1.696325503835076631e-01
1.437900000000000000e+04 -1.046712822218118788e-01 -9.708406344672582122e-02 -7.326168193473137080e-02
1.444000000000000000e+04 -1.252412088879246710e-01 -2.435236673651566264e-01 2.273425565880895505e-01
1.444400000000000000e+04 -1.436023276126832116e-01 5.936005622747941857e-02 -3.410528774011822861e-03
1.439300000000000000e+04 -3.634546708995429753e-01 -1.890532233248869431e-01 -2.388287882016726371e-01
1.444100000000000000e+04 -2.570224293304264052e-01 -2.853238702207754329e-01 -1.112998623649019692e-01
1.439100000000000000e+04 -2.348928003682644317e-01 1.650273121609302507e-02 -6.804693544876982969e-02
1.439600000000000000e+04 -2.672057483760710284e-01 -2.923675096384776850e-01 2.081270394639123111e-01
1.439900000000000000e+04 -3.204558780974977594e-01 -3.567097444544096163e-01 2.783235594121116208e-01
1.438300000000000000e+04 -2.829538512547102869e-01 6.918039365459449641e-02 -2.035723076784812235e-01
1.441200000000000000e+04 -3.861809446058970252e-01 3.376733177170301303e-01 -2.428216470420352380e-02
1.440000000000000000e+04 2.856879956663398445e-01 3.277744230173169626e-01 -5.499892193126783013e-01
