# star id 	 star_x_coords [pc] 	 star_y_coords [pc] 	 star_z_coords [pc] 
2.795100000000000000e+04 -1.218675371858484624e+00 -6.084361011033325717e-01 7.493716930207181548e-01
3.290900000000000000e+04 -3.976060860105405936e-01 -2.799226084582651097e-01 3.483926024340320282e-01
5.376400000000000000e+04 -3.875498981916543073e-01 -7.482512478262304256e-01 -4.693820293069705940e-01
9.599000000000000000e+03 1.491637244099546677e+00 -7.253350402819793707e-01 -1.117598133504955626e-01
2.296100000000000000e+04 7.512463132377895647e-01 -7.974786126694728416e-01 -7.515721713317198294e-01
3.280300000000000000e+04 -6.104454354342081501e-01 -1.069766248819436161e+00 -5.420730178733474958e-01
2.830600000000000000e+04 -7.155175873167713974e-01 1.772772562377095795e+00 1.001562126635485939e+00
3.350800000000000000e+04 1.910026933470589938e-01 1.558436321710227723e+00 1.509277679564373642e-01
1.509100000000000000e+04 2.816418435310161783e-01 8.434217020795700126e-01 5.668071346728265070e-01
1.006100000000000000e+04 6.142662842359776221e-01 5.455928286140032668e-02 -9.422742913696726674e-01
