# star id 	 star_x_coords [pc] 	 star_y_coords [pc] 	 star_z_coords [pc] 
7.516000000000000000e+03 1.089624347945900240e+00 -2.046089341158747743e-01 -9.187512124023768934e-01
7.547000000000000000e+03 -1.694663226936981459e+00 -2.031299878284613669e-01 -7.434606810819346379e-01
7.557000000000000000e+03 -4.101555195432311507e-01 -1.786135545775522360e-01 -2.655684372252089531e-01
7.584000000000000000e+03 -4.101555195432311507e-01 -1.786135545775522360e-01 -2.655684372252089531e-01
7.535000000000000000e+03 -6.271877992546848191e-02 -4.670516064640892751e-01 6.784850497316519125e-02
7.536000000000000000e+03 7.586195878823076555e-02 -1.161002433190624572e+00 -2.169012275360469033e-01
7.552000000000000000e+03 1.212048052075708426e+00 4.826066596155911270e-01 3.431145226871699094e-01
7.517000000000000000e+03 4.442232364494884678e-01 7.779242196746309901e-01 -3.696601753400567958e-01
4.413800000000000000e+04 -2.511312478300880002e-01 4.012947688328480922e-01 4.075059475267330811e-01
7.548000000000000000e+03 -2.511312478300880002e-01 4.012947688328480922e-01 4.075059475267330811e-01
7.655000000000000000e+03 2.581979442035802208e-01 3.298996548452279853e-01 1.553935253788923276e+00
