# star id 	 star_x_coords [pc] 	 star_y_coords [pc] 	 star_z_coords [pc] 
2.849100000000000000e+04 3.610164704026068705e-01 2.143591111934739502e-03 6.534854837924465587e-02
2.266700000000000000e+04 -1.203770397749632792e-01 -5.960520194062013388e-02 7.958362555942196659e-01
6.008000000000000000e+03 3.598783405924290690e-01 5.176919994861801655e-01 6.287430053384084339e-01
2.848900000000000000e+04 3.598783405924290690e-01 5.176919994861801655e-01 6.287430053384084339e-01
2.849000000000000000e+04 3.598783405924290690e-01 5.176919994861801655e-01 6.287430053384084339e-01
3.340000000000000000e+04 2.510506566565027242e-01 1.156568273797176971e+00 1.709524388405192497e+00
9.016000000000000000e+03 1.449643146008323669e-01 4.267073149792164344e-01 -7.460409357180293188e-01
9.015000000000000000e+03 2.358833542480187617e-01 -1.988044535951889458e-01 -6.669528337384030836e-01
3.620500000000000000e+04 -1.175709434604344850e+00 -5.461264387171560486e-01 -6.490183265054474959e-03
3.607400000000000000e+04 -1.175709434604344850e+00 -5.461264387171560486e-01 -6.490183265054474959e-03
5.937000000000000000e+03 4.257202030535971460e-01 -7.032538111504429423e-01 -1.956077195346449527e+00
1.618000000000000000e+04 -2.647411640162466995e-02 -1.084578837392896844e+00 -1.074886873409753196e+00
