# star id 	 star_x_coords [pc] 	 star_y_coords [pc] 	 star_z_coords [pc] 
4.375100000000000000e+04 -1.012427486315459646e+00 -9.425834457659245658e-01 -6.832289183932953591e-01
2.652500000000000000e+04 -4.013835997383026211e-01 -5.707052624155242171e-01 -5.378809957386305740e-01
4.067000000000000000e+03 -1.925240868581354903e-01 5.089838776796398179e-01 1.464801871485164497e+00
4.842300000000000000e+04 -1.426474640936927329e+00 -1.481426355070669665e+00 4.307610218128701263e-01
2.708600000000000000e+04 -7.382867291272461330e-01 -4.816884385464828000e-01 -1.163502505143512167e-01
1.911300000000000000e+04 -7.382867291272461330e-01 -4.816884385464828000e-01 -1.163502505143512167e-01
4.834600000000000000e+04 7.338920265066306570e-02 -1.761456976898634785e+00 -8.011928427101135952e-01
1.989600000000000000e+04 -3.752768241399060400e-01 -1.038355713991191642e+00 7.470078113529865504e-02
2.680200000000000000e+04 6.593360170919062568e-01 -2.357634040660499863e+00 -1.815334694304219454e+00
4.805700000000000000e+04 -4.179761886400363835e-01 5.482029626914020071e-02 6.365602591918175790e-01
7.255000000000000000e+03 -7.734997879403238130e-03 8.696072579921931833e-01 7.814142833499957419e-01
2.673900000000000000e+04 2.436711924506980154e-01 1.176362159322573930e+00 1.074682943557245807e-01
4.834100000000000000e+04 1.172766200739857823e+00 1.631253994608677260e+00 -2.446359433677827155e-01
2.652400000000000000e+04 1.427221026776617663e+00 1.806183592992839593e+00 5.854834153927583884e-01
2.656900000000000000e+04 1.536221765749566259e+00 2.643858532570934727e+00 1.996587435047167958e-01
