# star id 	 star_x_coords [pc] 	 star_y_coords [pc] 	 star_z_coords [pc] 
4.389400000000000000e+04 -1.028838093833144285e-01 -1.403506710230782550e+00 1.206030547053051905e-01
4.454300000000000000e+04 -5.816933613521086954e-01 7.218706007737343278e-01 -1.529030936066806845e+00
4.389300000000000000e+04 -4.279271017971737479e-01 -9.342098844884205722e-02 -6.766828757689147267e-01
4.378100000000000000e+04 8.458096728736563819e-01 5.251825529832589989e-01 -6.952314195386710693e-01
7.838000000000000000e+03 -7.893371229701315883e-01 -5.710506546563572927e-01 -1.142177728557338678e-01
4.455400000000000000e+04 -8.796090869001318424e-01 -5.421112394512576094e-01 -7.037215606215396768e-02
4.455300000000000000e+04 -8.796090869001318424e-01 -5.421112394512576094e-01 -7.037215606215396768e-02
4.364900000000000000e+04 7.058117952779241477e-01 -1.551398582574991192e+00 8.737780933340388856e-01
4.380700000000000000e+04 6.184611506660857572e-01 1.124538018824599472e+00 6.084622958523211445e-01
4.380300000000000000e+04 1.279803647493650942e+00 1.797080379587255194e+00 1.188037418482501550e+00
4.378300000000000000e+04 2.111732984314969030e-01 5.349278576142946218e-01 3.650264515291032907e-01
