# star id 	 star_x_coords [pc] 	 star_y_coords [pc] 	 star_z_coords [pc] 
2.241200000000000000e+04 1.269460941213659044e+00 -1.087149704020619723e+00 -4.087449347884586359e-02
2.242700000000000000e+04 1.029286867173951681e+00 -1.292125187073645876e+00 -1.408965520825077533e+00
2.242900000000000000e+04 -5.667112242694994917e-01 5.135386967689576920e-01 -1.108662171158616871e+00
2.241300000000000000e+04 -5.629360127945393089e-02 1.646732682684159954e-01 -9.209957582554650912e-02
2.242800000000000000e+04 -3.925209514100421737e-01 -9.979886902708710039e-01 4.640399067843574699e-01
6.560000000000000000e+02 -3.925209514100421737e-01 -9.979886902708710039e-01 4.640399067843574699e-01
2.241800000000000000e+04 -3.925209514100421737e-01 -9.979886902708710039e-01 4.640399067843574699e-01
3.321000000000000000e+03 7.273100804811625242e-01 -1.517328907372888835e+00 1.843267394190242214e-01
1.086100000000000000e+04 6.300379577536392439e-01 -4.667229167831319359e-01 4.849086155852742053e-01
1.086000000000000000e+04 6.300379577536392439e-01 -4.667229167831319359e-01 4.849086155852742053e-01
2.242300000000000000e+04 -7.842429156842050109e-01 -6.648809010810250442e-01 5.450993060682147728e-01
1.964800000000000000e+04 1.542998333930702959e-01 -3.055325131564146091e-02 8.011477834345814841e-01
2.242600000000000000e+04 -8.166464049450670171e-01 -1.815567148489654059e+00 1.060505615995010587e+00
2.702500000000000000e+04 6.489673514567346757e-01 3.050035138237171317e+00 -1.807760867271747784e+00
1.813000000000000000e+04 -6.132789347336095043e-01 2.812296293361569610e+00 -1.846153279571431938e+00
1.779600000000000000e+04 -3.513322195356259336e-01 2.185291534804121305e+00 -7.153173720179211159e-01
1.086200000000000000e+04 -1.100191978408571192e-02 1.403680404110559721e+00 3.246256336428281486e-01
1.777100000000000000e+04 -8.533821331917260666e-01 3.262960685596141275e-01 1.746732857233489256e+00
