# star id 	 star_x_coords [pc] 	 star_y_coords [pc] 	 star_z_coords [pc] 
1.042100000000000000e+04 -1.313310660642041050e+00 2.496958392600230781e+00 -1.008132825082418194e+00
1.082200000000000000e+04 -2.222186949370922093e+00 2.461178864450708659e+00 5.791900945707517678e-01
1.080000000000000000e+04 -3.471323417889490059e+00 2.601110692567385030e+00 7.023782277991585943e-02
1.079900000000000000e+04 -3.231741941241027760e+00 2.650812094262857244e+00 4.156719400353843241e-01
1.081600000000000000e+04 -6.275777131067146186e-01 2.649088829589111072e+00 3.878280993009219912e-01
1.083600000000000000e+04 -1.288265559624838907e+00 2.576543211143608403e+00 6.096054945810180925e-01
1.070900000000000000e+04 -6.722247249680100012e-01 2.218055946939315959e+00 1.383435826229764132e-01
1.045500000000000000e+04 -1.627959844744562901e+00 2.334800085267509928e+00 -1.694049683745159740e+00
1.045400000000000000e+04 -1.342467167777023462e+00 3.536295342945447118e+00 1.356639398035802913e+00
1.076300000000000000e+04 -8.847601422488819978e-01 -4.275767584680274069e+00 1.465588191273994312e-01
1.079100000000000000e+04 -1.899577630933372063e+00 -1.195152119164621496e+00 -6.743677809042907256e-01
1.076800000000000000e+04 -6.186290611200728762e-01 -1.406972871692126148e+00 -3.670085384788634997e-01
1.085000000000000000e+04 -6.186290611200728762e-01 -1.406972871692126148e+00 -3.670085384788634997e-01
1.084900000000000000e+04 -1.865061023483766789e+00 -1.120202115957376066e-01 -7.740489389641549423e-01
1.091000000000000000e+04 -1.907628844844150962e+00 -4.446500711743723855e-01 -2.680128953413287718e-01
1.069000000000000000e+04 -2.496034402731982738e+00 -1.145493644701176095e+00 2.517815374396583650e-01
1.033100000000000000e+04 -2.290165452076156072e+00 -1.197162637895161197e+00 5.252087127052931237e-01
1.089700000000000000e+04 -2.290165452076156072e+00 -1.197162637895161197e+00 5.252087127052931237e-01
1.076700000000000000e+04 -1.626820315560131291e+00 -1.068671940135232035e+00 5.548293885872652709e-01
1.086400000000000000e+04 -2.101154049015837799e+00 -4.359326322315091318e-01 6.790030660046824096e-01
1.042200000000000000e+04 -1.835786923266805815e+00 9.934272271167898793e-01 -8.467681790826784294e-01
1.051400000000000000e+04 -2.385457758064401190e+00 8.187395990614803054e-01 -6.529636233787687871e-01
1.074700000000000000e+04 -2.664947360751446226e+00 7.723015532601564814e-01 -5.350566312236271216e-01
1.074600000000000000e+04 -1.302271586302359729e+00 -3.327393159509377085e+00 -1.198244860952932811e-01
1.035800000000000000e+04 -1.697927532875594281e+00 -2.258186280189732997e+00 -3.774704366085650520e-01
1.085800000000000000e+04 -1.684350010028243361e+00 1.258159274496879476e+00 -4.294066551006139321e-01
1.038000000000000000e+04 -1.122948437569940339e+00 -2.502473322869192884e+00 -7.527160513123636321e-01
1.076400000000000000e+04 -7.492011612086999506e-01 1.902301412471260278e+00 -2.899959746028741847e-01
1.063500000000000000e+04 -7.492011612086999506e-01 1.902301412471260278e+00 -2.899959746028741847e-01
1.087400000000000000e+04 -1.718439660183275208e+00 -2.595705681903254458e+00 6.361507958033740806e-01
1.045200000000000000e+04 -9.824291062840844191e-01 2.120951515456997782e+00 2.654516350382749579e-01
1.093300000000000000e+04 -1.876416462295406262e+00 9.156246723618579608e-01 1.461348611108917339e+00
1.088300000000000000e+04 -2.575635283841547718e+00 -2.252999487893319497e+00 1.056587025808486402e+00
1.095500000000000000e+04 -2.499656927304814147e+00 1.869013256658508482e+00 1.670331911319124174e+00
1.070600000000000000e+04 -1.300849340664418818e+00 1.479875279910309871e+00 1.520018597518358661e+00
1.069100000000000000e+04 -2.400532735860945621e+00 7.489197694321703125e-01 2.421889179132040937e+00
1.044200000000000000e+04 -2.594051041776776145e+00 1.777345749658511664e+00 2.749820067552739999e+00
1.036700000000000000e+04 -2.553995022120513880e+00 -1.537335409518675533e+00 -1.246770536146856401e+00
1.076200000000000000e+04 -8.915481820037225447e-01 -1.828424157221256507e+00 -1.285421769486640997e+00
1.068000000000000000e+04 -1.990925366018753806e+00 -2.808368740053523993e-01 -1.816209087890802820e+00
1.074500000000000000e+04 -1.507370667525002261e+00 -2.130589701450126938e+00 -1.357978382572371245e+00
1.048700000000000000e+04 -1.342273828611242337e+00 5.552952222063005649e-01 -1.054298291715463520e+00
1.088400000000000000e+04 -1.296413816136014141e+00 1.746450553975904540e-01 -7.012235165399633985e-01
1.032300000000000000e+04 -7.065850752290723236e-01 -6.036237752918971466e-01 -1.033536927081671664e+00
1.088900000000000000e+04 -6.420252092872562599e-01 2.138582024039834550e-01 -6.821220664304128434e-01
1.044500000000000000e+04 -7.198914022859064232e-01 5.076289392860360294e-01 -5.968620936185722314e-01
1.088800000000000000e+04 -1.096822143818537931e+00 2.257990775596603328e-01 -5.872661472084121925e-01
1.051500000000000000e+04 -1.358239966132006593e+00 -2.128865495895659876e-01 -9.729140479506401817e-01
1.062500000000000000e+04 -1.325762258276098393e+00 -1.363140920161679759e+00 1.702471770741809109e-02
1.071000000000000000e+04 -1.128179146556279377e+00 -1.859712654057901204e-01 7.765143506148319830e-03
1.039500000000000000e+04 -1.370920884608967327e+00 -9.054874919460331739e-02 1.420199435475595351e-01
1.073200000000000000e+04 -1.147705153175301973e+00 -6.788218600325990337e-02 2.738065186427220965e-01
1.087300000000000000e+04 -1.581873809460173419e+00 7.895732702071533993e-01 -6.723860637117891059e-01
1.042300000000000000e+04 -7.326821914388785828e-01 -9.331715468513479550e-01 -8.740382116339393548e-01
1.083000000000000000e+04 -8.992987779650807312e-01 -1.264537624397767956e-01 -9.085712750918304437e-01
1.077000000000000000e+04 -6.749776892382417515e-01 -9.675702621360926514e-01 3.577011976946700145e-01
1.094000000000000000e+04 -6.581046041437721428e-01 -6.015677129156316028e-02 1.492623855122658938e-01
1.045100000000000000e+04 -7.262373588445001360e-01 -4.778832709856466465e-01 -1.317564210139110514e-01
1.047500000000000000e+04 -1.054862742318223745e+00 2.498665650284053186e-01 -5.207804297461890997e-01
1.040100000000000000e+04 -1.255678003786907304e+00 9.140995753342551211e-02 -4.595437656573189145e-01
1.068600000000000000e+04 -6.658084968322963704e-01 1.281454446275631653e-01 -5.378889671214910351e-01
1.084500000000000000e+04 -6.241990758119220217e-01 -7.987217748368635739e-03 -4.136417009824810975e-01
1.046000000000000000e+04 -8.072761107614274678e-01 -1.518730763389761762e-01 -3.683080870373665050e-01
1.077100000000000000e+04 -8.072761107614274678e-01 -1.518730763389761762e-01 -3.683080870373665050e-01
1.041500000000000000e+04 -7.198259764725447596e-01 -7.881746600634897959e-03 -2.930248540576982919e-01
1.094100000000000000e+04 -7.348387505243305640e-01 -6.537635472919589574e-02 -1.094771178368887377e-01
1.085600000000000000e+04 -9.592158148099443338e-01 -1.181038336890818385e+00 6.363290265060186357e-01
1.085500000000000000e+04 -7.954500528546093463e-01 6.677246917669670268e-01 -1.686875348278711328e-01
1.043700000000000000e+04 -8.451984327785044826e-01 1.070636350316089391e+00 -4.114315210187271532e-01
1.043600000000000000e+04 -1.083395276327826728e+00 1.083455370313007649e+00 -1.127708664759978774e-01
1.090600000000000000e+04 -1.083395276327826728e+00 1.083455370313007649e+00 -1.127708664759978774e-01
1.060300000000000000e+04 -8.741996609552913355e-01 2.733559080899539140e-01 2.074743785673227592e-01
1.042900000000000000e+04 -6.308839369896395155e-01 2.987476647983378086e-01 2.383395531248702071e-01
1.063700000000000000e+04 -1.139638474625210840e+00 1.114301321628975217e+00 -3.250907901623634189e-03
1.063900000000000000e+04 -9.182197196121890670e-01 5.686844219759876751e-01 8.448676103006604876e-01
1.094900000000000000e+04 -1.348623048087616461e+00 6.628869256085572204e-01 6.255630320356715401e-01
1.116500000000000000e+04 -7.026067946756651139e-01 8.265183030803662234e-01 5.320501757812934329e-01
1.116400000000000000e+04 -7.282366567115801104e-01 1.532854725527073469e+00 4.641248665907262705e-01
1.116300000000000000e+04 -1.269860638905221606e+00 1.964449581003009371e-01 -1.163419395080687480e+00
1.116200000000000000e+04 -8.808705034590902372e-01 -6.878557804169069811e-01 -1.185409829822239303e+00
1.051000000000000000e+04 -6.739768389566140883e-01 -8.455657456565077723e-01 -1.288253393032148253e+00
1.050900000000000000e+04 -8.025024794867583466e-01 2.996989127098181882e-01 -1.473827139855597324e+00
1.089900000000000000e+04 -1.311983348257985682e+00 8.088815447282300397e-01 -1.073916399378603614e+00
1.089400000000000000e+04 -7.804342062756619569e-01 -1.329070832224747534e+00 -1.461489635412720034e+00
1.089300000000000000e+04 -8.028277256691715991e-01 -7.110255687094770849e-01 -1.697205428329018773e+00
1.042800000000000000e+04 4.463266382827133505e+00 -7.372953066235048425e-01 -1.785077797818317435e-01
1.042700000000000000e+04 4.463266382827133505e+00 -7.372953066235048425e-01 -1.785077797818317435e-01
1.042600000000000000e+04 5.386803187845831786e+00 -1.048805855498439854e+00 1.938010359672297511e-01
1.039200000000000000e+04 3.532412511559609225e+00 -1.522320459710599039e+00 4.308851842542793520e-02
1.039100000000000000e+04 4.298982564651863569e+00 -3.165821452208810172e-01 9.269172860023928706e-01
1.060500000000000000e+04 1.843318969896502679e+00 2.304748650967329837e+00 4.109998519301264253e+00
1.036600000000000000e+04 6.689612682535281962e-01 1.631523136877643054e+00 4.379290945173647032e+00
1.079700000000000000e+04 1.989457617011516355e+00 1.539909185062825259e+00 4.076986689314853862e+00
1.061600000000000000e+04 5.696268841136419070e+00 -1.366736626889952788e+00 1.136373389902779252e+00
1.077200000000000000e+04 7.036884118956461265e-01 2.348634771853951975e+00 -2.305189488736658632e-01
1.082100000000000000e+04 2.772145260615150431e+00 -1.234639431768535189e+00 -7.541641508975605035e-01
1.039400000000000000e+04 -3.530756456747452532e-01 2.522485719373875668e+00 1.054160285545613363e-01
1.080900000000000000e+04 -7.001750120256655663e-02 3.003968377167520742e+00 4.589346372300333599e-01
1.076600000000000000e+04 3.959227316022966292e-01 -1.407457821921610730e+00 8.695704604104115276e-01
1.098200000000000000e+04 1.613985494324969849e+00 2.561899804687826077e+00 4.812967006054975627e-01
1.089000000000000000e+04 2.296683224332806361e+00 -1.389360269299135808e+00 4.393085596770092138e-01
1.080200000000000000e+04 1.709174214199834729e+00 -1.054475051519940365e+00 5.955678902934522512e-01
1.075800000000000000e+04 1.963279517423124787e+00 -9.983948605588217617e-01 8.042538175557147895e-01
1.036300000000000000e+04 1.165786458324056696e+00 2.283711826223139951e+00 5.661897524721801744e-01
1.039600000000000000e+04 4.956608183684521052e-01 -1.514848717685907786e+00 3.040610330852047127e-01
1.088000000000000000e+04 1.549368592656790611e+00 1.127703166166433846e-01 2.546734326354069822e-01
1.087900000000000000e+04 1.549368592656790611e+00 1.127703166166433846e-01 2.546734326354069822e-01
1.061900000000000000e+04 3.129920151681145235e+00 -7.765978208844970254e-01 1.181382405352593423e-01
1.087800000000000000e+04 3.244911150730222182e+00 -3.335902891841776352e+00 -3.334275998759501647e-01
1.039900000000000000e+04 1.992888359942829979e+00 -5.913926242794431687e-02 3.394549671430375781e+00
1.045900000000000000e+04 1.992888359942829979e+00 -5.913926242794431687e-02 3.394549671430375781e+00
1.070200000000000000e+04 1.156098578327526383e+00 -2.200407811352874887e+00 -8.452697401699182933e-01
1.040500000000000000e+04 1.156098578327526383e+00 -2.200407811352874887e+00 -8.452697401699182933e-01
1.074900000000000000e+04 1.350820934109334459e+00 1.959227432750626718e+00 -5.885563221941207956e-01
1.076100000000000000e+04 2.846522778185249347e+00 -2.474742714148767675e+00 -2.689164266336661058e-01
1.085300000000000000e+04 1.491589951106737644e+00 7.431742320277159308e-01 2.576797763153493293e-02
1.044600000000000000e+04 1.519863530940998686e+00 3.467609887298195304e-01 2.743601278151786005e-02
1.039300000000000000e+04 -3.787973371435686687e-01 -2.509742831834564925e+00 2.228443299600186833e-01
1.039000000000000000e+04 -3.787973371435686687e-01 -2.509742831834564925e+00 2.228443299600186833e-01
1.038900000000000000e+04 4.130942674897246647e-01 1.971184219497747137e+00 2.273240177790825101e-02
1.082400000000000000e+04 -5.228989045344878406e-02 1.951054449108447386e+00 5.744843061386646355e-01
1.090500000000000000e+04 -4.382274118771443128e-01 1.832588273015190339e+00 4.505946743258277820e-01
1.090400000000000000e+04 1.923966411758252448e+00 -2.156211036040694751e+00 4.407360225434686640e-01
1.038400000000000000e+04 2.278371390293060905e+00 -2.502939279424708729e+00 5.453360369215154435e-01
1.041300000000000000e+04 2.085109820513800116e+00 -2.518112393910783453e+00 9.840963810418870139e-01
1.037000000000000000e+04 1.066238592808543828e+00 -2.457794418309738660e+00 1.662989067399429644e-01
1.046500000000000000e+04 9.405591413035061521e-01 -2.071266683815750298e+00 8.309630171519870601e-01
1.054100000000000000e+04 5.810930220701449045e-01 -2.320062432447834055e+00 9.943829356220454940e-01
1.063200000000000000e+04 1.562474427880430561e+00 6.923588815727832468e-01 3.221597143799925789e+00
1.054200000000000000e+04 1.848975121413403144e+00 1.785962969798124078e+00 3.989285536102322283e+00
1.084000000000000000e+04 2.146859212274102369e+00 1.220121770216056944e+00 3.148233528660345115e+00
1.066100000000000000e+04 8.771884329546351111e-01 1.807359476856262859e-02 1.974662290772727147e+00
1.035300000000000000e+04 1.381731746516676296e+00 -7.270544496978814664e-02 2.243191671413715227e+00
1.061800000000000000e+04 1.718683666653228137e+00 -1.297760626402403972e+00 -2.817456875509689596e+00
1.079000000000000000e+04 2.922169484296011532e+00 -1.022359767377320594e+00 1.888180099526586275e+00
1.084100000000000000e+04 2.922169484296011532e+00 -1.022359767377320594e+00 1.888180099526586275e+00
1.074300000000000000e+04 3.094957780070355824e+00 -1.868267246827549855e+00 1.534576816713343561e+00
1.052200000000000000e+04 1.959619014579950580e+00 -6.890104706189745798e-01 1.326453659039383837e+00
1.073100000000000000e+04 1.766348100371754271e+00 -4.658600087684732216e-01 -2.536422634204710036e+00
1.070000000000000000e+04 -1.630522517343955258e-01 -1.506556409290979559e+00 -1.466463544958207521e+00
1.067000000000000000e+04 -3.976862000018126508e-01 8.621242962717943215e-01 1.561953352152720242e+00
1.088100000000000000e+04 4.519358580051990870e-01 8.469402227392244242e-01 1.754890643469018130e+00
1.096100000000000000e+04 4.177357777076178280e-01 -2.472156369381117713e+00 1.136495097285433076e+00
1.076500000000000000e+04 -1.158778894930723169e-02 1.773524159868269834e+00 1.006370597898872177e+00
1.087600000000000000e+04 4.896879500255604256e-01 1.599032638928690631e+00 2.018241130277132811e+00
1.064300000000000000e+04 1.552870024256845838e+00 5.249749694900671670e-01 -1.352374991473281440e+00
1.072200000000000000e+04 1.719224219304539503e+00 2.977721789904670402e-01 -1.582522338688431063e+00
1.227300000000000000e+04 2.379592290563672385e+00 9.919923258775469321e-01 -1.114529154172180014e+00
1.261100000000000000e+04 1.238195241335274588e+00 -1.477945328998274022e+00 -3.487635047987684089e+00
1.261000000000000000e+04 -2.253464712156771910e-01 -4.329118624137606730e-01 -6.731896208181815666e-01
1.044300000000000000e+04 -1.143885312306087698e-01 -5.873113229675475111e-01 -5.585911840546806673e-01
1.037500000000000000e+04 5.258294472919491369e-01 -4.081716398437151838e-01 -6.229400971901313255e-01
1.063800000000000000e+04 -1.745233319450010256e-01 -8.339202052897256578e-01 3.886282585200220296e-01
1.034600000000000000e+04 2.690494690422484680e-01 -7.617262192076417193e-01 1.165066782080828034e-01
1.097400000000000000e+04 4.019077636841501544e-01 -4.393672792454985654e-01 3.003559824203385631e-01
1.092300000000000000e+04 2.274739585739391501e-01 -4.833995993449526907e-01 1.679422102201257871e-01
1.071900000000000000e+04 5.943005172847506401e-01 -1.276162102748401139e+00 -9.147457401068308513e-01
1.059600000000000000e+04 -2.851873243410851799e-01 -2.219391479267969203e-01 -1.015768758830695617e+00
1.061500000000000000e+04 -3.073465326030575540e-01 -6.380973543063461761e-02 -9.429346957300968057e-01
1.034700000000000000e+04 -5.857078236247543757e-01 -1.166369698386802156e-01 -9.674980795750833806e-01
1.057200000000000000e+04 -1.840038567295563254e-01 -1.206538022147565670e+00 1.060218782607087462e-01
1.066300000000000000e+04 -1.409519104842180681e-01 -9.681686170928109902e-01 1.796177202681441543e-01
1.086800000000000000e+04 -1.600193055168288581e-01 -9.107084297727325861e-01 2.695713724775679054e-01
1.066700000000000000e+04 5.192542759549878539e-01 -9.541250853743292737e-01 1.766239776297595654e-02
1.094700000000000000e+04 5.223490339085223866e-01 -9.098406446178053386e-01 4.306003293103799479e-02
1.059400000000000000e+04 1.693441108296820374e-01 -1.241614652257325702e+00 2.383574527097067630e-01
1.059900000000000000e+04 -1.827273258475132778e-01 -3.932338904457850504e-01 -4.098200951870047959e-01
1.089500000000000000e+04 -2.993610763156411281e-01 -3.811985906204498065e-01 -2.833139606846231118e-01
1.227600000000000000e+04 -2.716065794251329990e-01 -4.185296998373218003e-01 -1.058155180379749538e-01
1.227500000000000000e+04 6.191618242277430184e-01 -6.890907791500033852e-01 -3.791789786169807996e-01
1.097100000000000000e+04 -6.835060839629747420e-02 -6.413271316135897848e-01 -3.854130093797394352e-01
1.056700000000000000e+04 -6.835060839629747420e-02 -6.413271316135897848e-01 -3.854130093797394352e-01
1.081300000000000000e+04 2.163734950842437499e-01 -7.684519505864919608e-01 -3.105796252403045798e-01
1.040800000000000000e+04 1.723859210802789477e-01 -3.840464597173607331e-01 -4.303747813674476674e-01
1.098900000000000000e+04 4.069627588506117277e-01 -4.386486662158972649e-01 -1.542311277930181745e-01
1.077800000000000000e+04 3.441894434722305718e-01 -4.488772925987341011e-01 -1.025394317718024695e-01
1.077700000000000000e+04 4.053785240003966450e-01 -8.683816787692038019e-01 8.820254439875547803e-01
1.064900000000000000e+04 2.409688889194772088e-01 -3.939685794190843637e-01 5.887758869737957923e-01
1.064800000000000000e+04 2.629858992771207937e-01 -6.796954736367126770e-01 8.275273436530632409e-01
1.092600000000000000e+04 -5.943295880564036793e-01 -1.079716790453318254e+00 -1.204113256444685476e-01
1.051100000000000000e+04 6.481349381360166362e-01 -1.345018680779610065e+00 7.043532681090169945e-01
1.058500000000000000e+04 -4.331741844529455321e-01 -2.787834101264792253e-01 5.685004441110805828e-01
1.049900000000000000e+04 8.046696845903866802e-03 -1.231950356570315819e+00 -3.430263572351890389e-01
1.072100000000000000e+04 1.289227331962550238e-02 -9.851218752710337867e-01 -1.471018753209776264e-01
1.072000000000000000e+04 3.157748646928855152e-01 -1.208602495477482108e+00 -1.256718361376449877e-01
1.081500000000000000e+04 3.157748646928855152e-01 -1.208602495477482108e+00 -1.256718361376449877e-01
1.066400000000000000e+04 1.610876130708707166e-01 -1.105224300358422340e+00 -6.019867260525302299e-02
1.065900000000000000e+04 1.147558462088883680e+00 -2.860282564595486576e-01 -3.392501862380328248e-01
1.062100000000000000e+04 -4.379973061117325983e-02 -1.224244163511727379e-01 6.687349083660372173e-01
1.093600000000000000e+04 3.684276160118820087e-01 -1.581744951090087170e-01 8.873876999922032383e-01
1.049500000000000000e+04 2.718025802261951895e-01 -1.018180036432596580e-01 5.479960248763227071e-01
1.059300000000000000e+04 1.426787271142488933e-01 -3.030010128349367449e-01 9.155454145931081200e-01
1.041000000000000000e+04 -2.609033066002490742e-01 3.938972095935682205e-01 -9.266500296864048636e-01
1.047400000000000000e+04 -5.414091542151968639e-01 5.273504123336607563e-01 -8.398519887635167436e-01
1.073000000000000000e+04 -5.057108058069799128e-01 1.639330212598366643e-01 -8.770903873040722942e-01
1.079600000000000000e+04 4.834237649241641677e-01 2.776112129667822614e-01 -6.437062017620309717e-01
1.091700000000000000e+04 9.733627185904172308e-01 2.040676978025359745e-01 -7.227161724986466140e-01
1.066800000000000000e+04 1.210241549752178791e+00 4.907890151253582189e-01 -6.164979288700056514e-01
1.123100000000000000e+04 4.914369924425399105e-01 -3.229076167521363061e-01 1.991165032508845911e-02
1.065100000000000000e+04 7.067795337944522416e-01 5.139348896035045300e-02 2.103693546511777868e-01
1.084300000000000000e+04 5.487323260912244649e-01 -4.379007603474249777e-02 2.591974398306255978e-01
1.223300000000000000e+04 6.597669153808389808e-01 -2.275915578859155630e-02 2.930850102899178466e-01
1.092700000000000000e+04 8.103902469810702058e-01 -2.869575057740938462e-01 3.482076210001068262e-01
1.036800000000000000e+04 8.450022907744534351e-01 -2.083699079074889937e-01 3.916173057250844636e-01
1.041800000000000000e+04 8.450022907744534351e-01 -2.083699079074889937e-01 3.916173057250844636e-01
1.261900000000000000e+04 7.398373054912177338e-01 -6.644965497195443049e-02 4.005781489223565472e-01
1.113000000000000000e+04 -5.361449907065205522e-01 7.827998245980012371e-01 -5.708251587608224042e-01
1.112900000000000000e+04 6.299339778465764539e-01 8.264160637954844901e-01 -6.700417398207871855e-01
1.084600000000000000e+04 1.144791705845735308e+00 -1.698577067800783880e-01 3.149279986048085789e-01
1.095900000000000000e+04 4.690348897048055576e-01 1.497573918952177507e-01 -3.337178292340787777e-01
1.094200000000000000e+04 7.860698206772447350e-01 -2.749307138893541946e-02 9.490999665372470417e-01
1.080600000000000000e+04 -1.500155935209761537e-01 7.610633081162987423e-01 -3.286088763627468268e-01
1.034500000000000000e+04 2.097528452331758331e-01 6.930397286999969708e-01 -1.736710116811508442e-01
1.032200000000000000e+04 3.831443371892007121e-01 7.310295710661343094e-01 -8.171761441362690448e-02
1.086500000000000000e+04 3.831443371892007121e-01 7.310295710661343094e-01 -8.171761441362690448e-02
1.042400000000000000e+04 4.766503181205923312e-01 4.568741555031969881e-01 2.622493078180490045e-01
1.046600000000000000e+04 5.640064496091197199e-01 5.303913040749321794e-01 3.674325555510549179e-01
1.065000000000000000e+04 5.900736224149385478e-01 1.560058500625736144e-01 3.965812490263473933e-01
1.092800000000000000e+04 -4.626955547855393647e-01 1.052693423781590809e+00 3.481730723886400369e-01
1.067400000000000000e+04 1.588802767327113230e-02 7.341786218789145835e-01 8.822300528214910287e-02
1.097700000000000000e+04 4.267702626081426587e-02 1.026834933427750229e+00 6.987810419006024176e-02
1.065700000000000000e+04 4.267702626081426587e-02 1.026834933427750229e+00 6.987810419006024176e-02
1.047100000000000000e+04 4.267702626081426587e-02 1.026834933427750229e+00 6.987810419006024176e-02
1.082600000000000000e+04 6.300689886335764101e-02 7.611144770883022659e-01 6.444970309205899639e-02
1.066500000000000000e+04 -3.424020112494741142e-02 7.579050065171450967e-01 4.428794009603898019e-01
1.093000000000000000e+04 4.596627700423718821e-01 2.451697237610126479e-01 5.455293113497070578e-01
1.044700000000000000e+04 5.952018056943710889e-01 2.371545347653736258e-01 5.192280584132653587e-01
1.078200000000000000e+04 -1.385307326156137719e-02 3.964802833213774136e-01 7.043227989211473528e-01
1.078100000000000000e+04 -3.381391102857556064e-01 9.809125898825428180e-01 6.519088741207497151e-01
1.064400000000000000e+04 -3.594184575631826917e-01 8.607638991579733556e-01 8.850977485088513674e-01
1.098400000000000000e+04 4.417754397187154680e-01 9.692730373843509994e-01 6.839690682479186989e-01
1.037900000000000000e+04 8.324351493944170954e-02 8.586046741260773274e-01 8.749333050254577415e-01
1.088700000000000000e+04 7.912531212049174201e-01 -6.471563176264183426e-01 1.042267483829544261e+00
1.068700000000000000e+04 6.989449108323224635e-01 -1.149123589730486117e+00 1.291513200743906964e+00
1.088600000000000000e+04 4.719723983841728199e-01 5.296268843044842356e-01 1.449439148494381158e+00
1.089200000000000000e+04 6.344790668015898305e-01 3.391852745550529846e-01 1.416205190703891503e+00
1.064000000000000000e+04 6.344790668015898305e-01 3.391852745550529846e-01 1.416205190703891503e+00
1.078500000000000000e+04 -3.286802692489034783e-01 8.376474192833143206e-01 9.965898192242477194e-01
1.085400000000000000e+04 8.132990740422121334e-01 8.099903362190765677e-01 1.370682971081233603e+00
1.062200000000000000e+04 1.338045866584351984e-01 8.953122664861830060e-01 1.029132560645841465e+00
1.075400000000000000e+04 -3.843395765434287625e-01 1.194157194065720518e+00 -4.403934487017338029e-01
1.082700000000000000e+04 1.282202326675030868e+00 1.570932943539947502e+00 1.377666386727604220e+00
1.040200000000000000e+04 3.387729612569971849e-01 -7.324359505988411456e-01 -1.319614479015635666e+00
1.078400000000000000e+04 -4.428943118905070975e-01 -1.366976921829049729e+00 -1.152546378388210613e+00
1.051900000000000000e+04 -2.902898842470147400e-02 -1.086819747281420945e+00 -1.442633488447208734e+00
1.120600000000000000e+04 1.691323476495476541e-03 -1.363268772598654976e+00 -1.323117416540991798e+00
1.033000000000000000e+04 2.660098995244126741e-01 -6.332789284427065013e-02 -1.402587695657707911e+00
1.078900000000000000e+04 4.581359368889463823e-01 -5.510384418406850671e-01 -1.185972359093147688e+00
1.037400000000000000e+04 -5.357478838900231466e-01 1.651404243417786688e-01 -1.446478677118900436e+00
1.089100000000000000e+04 -2.843961973294133472e-01 1.488398266403798686e-01 -1.443668905495494315e+00
1.041200000000000000e+04 -4.909447173214598337e-01 1.151398185646318240e+00 -1.297092528607883821e+00
1.070100000000000000e+04 -3.497431619804967085e-01 4.838976231246618909e-01 -1.676084041722576856e+00
1.035700000000000000e+04 7.887238410686094880e-01 -1.938172585339366094e-01 -2.018556262621963526e+00
1.037800000000000000e+04 -9.267405395613259600e-02 1.311317496905317626e+00 -1.589743951632707208e+00
1.063400000000000000e+04 6.887272300678670689e-02 -3.375138463936941946e-01 3.115133115509287620e-01
1.030600000000000000e+04 1.420704422236909181e-01 9.398862910522964853e-02 2.646394781046552680e-01
1.058600000000000000e+04 9.947245763535228491e-03 3.332612268698298408e-02 4.725931128788047886e-01
1.057600000000000000e+04 -2.198926060292523132e-01 7.997780626812556193e-03 3.095045947230765648e-01
1.079500000000000000e+04 -2.239333738828337417e-01 3.511814202388308104e-02 3.912698421279117156e-01
1.079400000000000000e+04 -3.059185659300531768e-01 -4.691335396568518945e-03 4.168714561202229163e-01
1.067600000000000000e+04 -3.891474198418833907e-01 -2.210842192746902413e-01 -2.721849636056816735e-03
1.095600000000000000e+04 1.140484622791868574e-01 -1.471255324013185373e-01 6.941486525917639483e-04
1.083900000000000000e+04 -2.703455495433892963e-02 -1.611641736847175821e-01 1.949703163263194483e-02
1.035100000000000000e+04 2.254590450422000458e-02 -1.361230116272693635e-01 4.618275035619490154e-02
1.075900000000000000e+04 1.061711977903998516e-01 -2.867570750952275205e-01 8.676002250151526596e-02
1.046700000000000000e+04 -9.692206044625262251e-02 -1.492969469716527442e-01 2.632917591263606027e-03
1.116000000000000000e+04 -1.604932092682398448e-01 -3.482141697167193684e-01 1.550645002245190085e-01
1.034100000000000000e+04 -1.314696091186879912e-01 -3.529391928568230696e-01 2.609158076917594826e-02
1.062400000000000000e+04 -2.190347868796598263e-01 -1.201262928819986087e-01 2.057857344091509333e-01
1.096900000000000000e+04 -1.334688673310093776e-01 -1.209141564981202066e-01 2.099437905286158923e-01
1.070500000000000000e+04 -1.592803484014986282e-01 -8.823116216645487953e-02 1.010384331790135093e-01
1.050100000000000000e+04 -1.592815275333654412e-01 -5.350538637463486680e-02 6.055551475477827239e-02
1.056600000000000000e+04 -1.592815275333654412e-01 -5.350538637463486680e-02 6.055551475477827239e-02
1.035200000000000000e+04 -1.788706802948816232e-01 3.803335397897456005e-02 -1.700317708829146568e-02
1.087200000000000000e+04 -9.876200685917702060e-02 5.405313554979684909e-02 -1.199033660271098256e-02
1.057700000000000000e+04 -1.462186580020929938e-01 1.436368372860385989e-01 1.062510157129992194e-02
1.037600000000000000e+04 -1.383090435909997140e-01 6.716080062556528674e-02 3.568961813177295994e-02
1.094400000000000000e+04 -1.001580172908544952e-01 -1.709407176264221562e-03 3.237554308435619532e-02
1.094300000000000000e+04 -1.588956000144960967e-01 1.410217258574277821e-01 1.202599987476453691e-01
1.048600000000000000e+04 -1.588956000144960967e-01 1.410217258574277821e-01 1.202599987476453691e-01
1.068900000000000000e+04 -2.884843729250095024e-01 -1.436804612860242969e-02 1.407481571424220590e-01
1.044000000000000000e+04 -1.206357897220637909e-01 -8.320197914253313343e-02 7.528264626184011377e-02
1.033300000000000000e+04 -1.206357897220637909e-01 -8.320197914253313343e-02 7.528264626184011377e-02
1.090100000000000000e+04 -1.206357897220637909e-01 -8.320197914253313343e-02 7.528264626184011377e-02
1.097200000000000000e+04 -2.034148736254097756e-01 4.958509961344148564e-02 2.102803419005709884e-01
1.064600000000000000e+04 -8.168673122675151888e-02 1.019181449498347547e-01 9.590585371567783568e-02
1.081700000000000000e+04 1.500024754288311613e-01 -2.063626574339139097e-02 -2.982184019237976713e-02
1.080100000000000000e+04 1.106945158050178790e-01 8.210660511128509143e-03 2.714301173050159832e-04
1.082500000000000000e+04 1.203607690965391441e-02 3.269152710279144003e-02 -2.631187063607853815e-02
1.078000000000000000e+04 1.203607690965391441e-02 3.269152710279144003e-02 -2.631187063607853815e-02
1.077900000000000000e+04 -4.428141386184769601e-02 1.349963259476822941e-01 -1.350823429676495380e-02
1.069400000000000000e+04 -1.193061795625549593e-02 6.507374080496930446e-02 1.108524129923083024e-02
1.084200000000000000e+04 -1.193061795625549593e-02 6.507374080496930446e-02 1.108524129923083024e-02
1.056900000000000000e+04 2.065603681089012156e-02 5.921309017427134336e-02 1.091430802775406050e-02
1.068800000000000000e+04 9.718191377006313303e-02 2.146970380679036339e-02 3.637397040523637770e-02
1.092400000000000000e+04 9.718191377006313303e-02 2.146970380679036339e-02 3.637397040523637770e-02
1.046300000000000000e+04 1.113679082647234253e-02 4.688590576295226242e-02 2.875797201200924746e-02
1.048800000000000000e+04 1.113679082647234253e-02 4.688590576295226242e-02 2.875797201200924746e-02
1.036000000000000000e+04 -6.539816396699205114e-02 8.536489244653466812e-02 -1.265670042645439253e-02
1.061200000000000000e+04 -6.539816396699205114e-02 8.536489244653466812e-02 -1.265670042645439253e-02
1.088500000000000000e+04 -3.958010785081800265e-02 1.382392218973222953e-01 5.427143084759578073e-02
1.069900000000000000e+04 6.512115993747347176e-02 -3.129476643442075101e-02 7.376649146610958496e-02
1.060400000000000000e+04 6.512115993747347176e-02 -3.129476643442075101e-02 7.376649146610958496e-02
1.057500000000000000e+04 6.512115993747347176e-02 -3.129476643442075101e-02 7.376649146610958496e-02
1.057400000000000000e+04 6.491558512861939079e-02 5.707466645225522939e-02 9.386103361870468120e-02
1.057300000000000000e+04 -8.255837249926401000e-03 2.622004412160094944e-02 1.554931148969060928e-01
1.036900000000000000e+04 -8.255837249926401000e-03 2.622004412160094944e-02 1.554931148969060928e-01
1.086700000000000000e+04 1.341375035972447449e-02 1.372828145672713163e-01 1.674392906516466439e-01
1.040000000000000000e+04 3.858332957613797021e-02 1.319888466851502073e-01 1.705268288113401809e-01
1.093500000000000000e+04 6.065751636287419757e-02 -8.852543105453847261e-02 1.688802273697831424e-02
1.226900000000000000e+04 1.314754676891372043e-02 7.962173886641110698e-02 1.908956954193747890e-01
1.090200000000000000e+04 -6.332096122059027721e-02 -3.912831035711761274e-02 2.097887896314993839e-01
1.037700000000000000e+04 -6.332096122059027721e-02 -3.912831035711761274e-02 2.097887896314993839e-01
1.041100000000000000e+04 -3.869303782221411581e-02 1.024317591201224786e-01 2.220127971378822451e-01
1.076000000000000000e+04 4.077051611522835017e-01 3.209272829943188299e-02 3.534661903935187865e-02
1.097900000000000000e+04 4.071492496873112543e-01 -6.895111323387581592e-02 1.420397668659703072e-01
1.059800000000000000e+04 3.522933370579979240e-01 -8.358115914140640257e-02 1.692478596393947043e-01
1.283000000000000000e+04 3.305127493283599449e-01 2.442613186717323970e-02 1.986273505001463491e-01
1.038800000000000000e+04 -1.409776619501998951e-01 3.458521733214148242e-01 -1.118114326510522005e-02
1.061700000000000000e+04 -3.185459655322180339e-01 2.963128019262804003e-01 3.060610283272779952e-02
1.123400000000000000e+04 -2.067623984174797869e-01 2.560012080656584033e-01 2.259446922135310842e-03
1.034900000000000000e+04 -1.940622829761897705e-01 2.535462247033812844e-01 6.790520898699270447e-02
1.045600000000000000e+04 -2.766681467706693098e-01 3.906885758333764613e-01 6.263218478965981717e-02
1.123200000000000000e+04 -2.145811793034351211e-01 2.191873810842750459e-01 -2.265575346590509298e-02
1.072400000000000000e+04 -1.638619646448953304e-01 2.020717510014655716e-01 1.487682105347758466e-01
1.223500000000000000e+04 -1.729696240926044126e-01 1.690510985478574923e-01 1.670242899835301387e-01
1.223400000000000000e+04 -3.724847892415672490e-01 1.887124394535426575e-01 2.437576210526906095e-01
1.081400000000000000e+04 3.857485444640484928e-02 2.363888904750837128e-01 4.190619374630593086e-01
1.123000000000000000e+04 -9.509765774327494370e-02 2.566131904041561995e-01 2.520761634594563816e-01
1.052500000000000000e+04 -3.384427907292062443e-01 1.747995522492793441e-01 4.322704555793386305e-01
1.063000000000000000e+04 1.466936663422879761e-01 2.022720677326219629e-01 8.318111195247013256e-02
1.062900000000000000e+04 -3.757066194872482612e-02 2.862772433368974134e-01 -3.809818078575943900e-03
1.047000000000000000e+04 1.012734920306321840e-01 3.231315774155980591e-01 1.650168863738699088e-02
1.061400000000000000e+04 5.427420860467258024e-02 2.188378726392947726e-01 6.524706903950061587e-02
1.092500000000000000e+04 2.955405325369753200e-02 3.747026400770252508e-01 1.092509392382936539e-01
1.091800000000000000e+04 -4.190427852447875523e-02 3.514388217513122470e-01 1.626746244579777567e-01
1.058400000000000000e+04 1.101120688564813932e-01 1.648109231559615750e-01 1.032757981521719159e-01
1.039700000000000000e+04 1.101120688564813932e-01 1.648109231559615750e-01 1.032757981521719159e-01
1.081000000000000000e+04 -1.389263633956083765e-03 1.495507511855578286e-01 5.288623613196463680e-02
1.057900000000000000e+04 1.706101355894613647e-01 1.491319627713139084e-01 2.728731435610605160e-01
1.078600000000000000e+04 -3.946033399092474525e-01 -1.216783885056749170e-01 -1.458017985897548385e-01
1.093900000000000000e+04 3.619935474839763856e-02 -1.355986703669351812e-01 -1.274601754651456531e-01
1.035900000000000000e+04 1.076256954081706851e-01 -1.600067413321859533e-01 -7.886912684580948962e-02
1.058800000000000000e+04 -2.692764309666184630e-02 -3.472121340922420529e-01 -2.230164918493713344e-01
1.033900000000000000e+04 -1.784490728094958456e-01 -1.352168829482245371e-01 -2.724490438349747023e-01
1.049800000000000000e+04 -2.668876483070841132e-01 -2.091629020372032244e-01 -2.815077289388092652e-01
1.089800000000000000e+04 -1.079757743196019248e-01 -2.519412067967152780e-01 -2.637157066781732340e-01
1.087500000000000000e+04 -1.535312494741507550e-01 -1.471823318713170181e-01 -2.513953892288967040e-01
1.073900000000000000e+04 -1.619293075556562655e-01 -1.867910009371591684e-01 -2.358247427126478613e-01
1.086000000000000000e+04 -1.776053884314885423e-01 -2.630652782454561134e-01 -2.492979202729799226e-01
1.064500000000000000e+04 -2.819751820902665074e-01 -2.225929388031318013e-01 -2.151169272919304376e-01
1.039800000000000000e+04 -9.861497632971349958e-02 -1.291546358843014275e-01 -9.185354397542866423e-02
1.067500000000000000e+04 -2.516187427343599126e-01 -1.903642305836648063e-01 -9.274969494381579693e-02
1.065300000000000000e+04 -9.048623569312752579e-02 -1.969051356701534417e-01 -7.678597445227097751e-02
1.055500000000000000e+04 2.134821734491918477e-01 -2.431266113057439782e-01 -1.440677717099987376e-01
1.055400000000000000e+04 -5.094871626559598354e-01 5.032586914235892550e-02 -2.747980541540471222e-01
1.050600000000000000e+04 -5.336104228708871133e-01 -4.366314242968627468e-03 -6.759200068863435718e-02
1.043300000000000000e+04 -7.940375038113600681e-02 1.429598569755832216e-01 -1.887376388065717947e-01
1.057800000000000000e+04 1.242833498140143433e-01 3.279406260394424066e-02 -2.491860575425448587e-01
1.063600000000000000e+04 1.098371930565633647e-01 1.435308580318448435e-01 -2.597087760392433609e-01
1.085700000000000000e+04 2.353223827748607277e-02 9.685223588596514332e-02 -2.399687806359587228e-01
1.080500000000000000e+04 2.353223827748607277e-02 9.685223588596514332e-02 -2.399687806359587228e-01
1.074400000000000000e+04 2.353223827748607277e-02 9.685223588596514332e-02 -2.399687806359587228e-01
1.047900000000000000e+04 -5.429405319501512395e-02 7.377754472176434319e-02 -2.326235420697884138e-01
1.081100000000000000e+04 2.479913114204723712e-02 1.192892122726973980e-02 -2.094511585404639220e-01
1.035500000000000000e+04 1.334344321782383602e-01 -1.707179955971227514e-02 -1.982662516750295367e-01
1.033700000000000000e+04 -2.099161832468698918e-02 8.403694104753967054e-02 -2.019560068305210621e-01
1.051700000000000000e+04 -3.218149827910110616e-02 3.067823970565086711e-02 -1.668941046415390872e-01
1.080700000000000000e+04 -3.218149827910110616e-02 3.067823970565086711e-02 -1.668941046415390872e-01
1.046400000000000000e+04 -2.794145021242844251e-02 7.871485173038195171e-02 -1.709347824358182777e-01
1.083800000000000000e+04 -2.794145021242844251e-02 7.871485173038195171e-02 -1.709347824358182777e-01
1.075200000000000000e+04 -2.794145021242844251e-02 7.871485173038195171e-02 -1.709347824358182777e-01
1.066000000000000000e+04 -3.996279610143105288e-02 2.068727313151796920e-02 -1.782898572932687387e-01
1.057100000000000000e+04 -9.887172637216501414e-03 -6.279000948378055114e-02 -1.962517868182125369e-01
1.070700000000000000e+04 6.256626282692590024e-02 7.396190136800839809e-02 -1.205699657018044491e-01
1.066600000000000000e+04 6.256626282692590024e-02 7.396190136800839809e-02 -1.205699657018044491e-01
1.047300000000000000e+04 3.090669685601454830e-03 1.049681651688239015e-01 -1.199560765905047788e-01
1.095700000000000000e+04 3.090669685601454830e-03 1.049681651688239015e-01 -1.199560765905047788e-01
1.263400000000000000e+04 3.090669685601454830e-03 1.049681651688239015e-01 -1.199560765905047788e-01
1.033400000000000000e+04 -9.274688164361499787e-03 9.353505152324004257e-02 -1.003832692339408084e-01
1.090300000000000000e+04 -9.274688164361499787e-03 9.353505152324004257e-02 -1.003832692339408084e-01
1.068200000000000000e+04 6.370032443231377073e-02 7.363976736751354224e-02 -9.705047714033199213e-02
1.063300000000000000e+04 8.543209237608362372e-02 -7.173132390672165570e-02 -2.224316584487802118e-01
1.065200000000000000e+04 8.543209237608362372e-02 -7.173132390672165570e-02 -2.224316584487802118e-01
1.041400000000000000e+04 1.215620526847516203e-02 -6.901050507401862433e-02 -2.800665713252570299e-01
1.058000000000000000e+04 1.215620526847516203e-02 -6.901050507401862433e-02 -2.800665713252570299e-01
1.048900000000000000e+04 1.215620526847516203e-02 -6.901050507401862433e-02 -2.800665713252570299e-01
1.062800000000000000e+04 1.215620526847516203e-02 -6.901050507401862433e-02 -2.800665713252570299e-01
1.033800000000000000e+04 -4.488137459741725621e-02 7.853137823861899847e-02 -8.301601513408130018e-02
1.032800000000000000e+04 -2.642390439464037399e-02 1.425684592499436576e-01 -7.780692539673950137e-02
1.036500000000000000e+04 -8.322983788101812053e-02 8.741256529730989655e-02 -2.394959755124759226e-01
1.069200000000000000e+04 8.407190165811506688e-02 -5.155684516562075714e-02 -5.461325729502775062e-02
1.067300000000000000e+04 5.352651263157426342e-02 1.158605126007188346e-01 -5.549683985480768911e-02
1.033500000000000000e+04 -3.922094036655732197e-02 -9.918029449642062900e-02 -2.722975514284833309e-01
1.078700000000000000e+04 -8.514749209388927653e-02 -2.060355725606655142e-02 -2.427856287227534438e-01
1.043000000000000000e+04 -8.514749209388927653e-02 -2.060355725606655142e-02 -2.427856287227534438e-01
1.077500000000000000e+04 9.804431060485896410e-03 7.882685181916926354e-02 -3.465862573160194415e-02
1.071800000000000000e+04 9.804431060485896410e-03 7.882685181916926354e-02 -3.465862573160194415e-02
1.060600000000000000e+04 -9.127737823226489411e-02 -1.040593489031209629e-01 -9.086063682866551972e-02
1.095200000000000000e+04 -2.509148194040831115e-01 -8.826079955992227610e-02 -2.602369982104981716e-01
1.058300000000000000e+04 -9.465837665740028939e-02 -3.865351374070513657e-03 -2.031662361501282987e-01
1.043100000000000000e+04 -2.624191575354206662e-01 1.254988176987730242e-01 -2.057790686245226652e-01
1.087100000000000000e+04 -1.795201628966589524e-01 1.391302086694601314e-01 -1.747896970343383316e-01
1.087000000000000000e+04 -1.806620066290358650e-01 1.075809171392805297e-01 -1.858257557012699124e-01
1.041900000000000000e+04 -1.675469664847692997e-01 -4.022767763174073252e-02 -1.793257093494808885e-01
1.083300000000000000e+04 -1.675469664847692997e-01 -4.022767763174073252e-02 -1.793257093494808885e-01
1.032400000000000000e+04 -9.241153061360662946e-02 2.918835236553363188e-02 -1.746582438974755291e-01
1.032500000000000000e+04 -9.599447854265097391e-02 1.309009716463087614e-01 -1.592303026753647544e-01
1.070300000000000000e+04 -9.599447854265097391e-02 1.309009716463087614e-01 -1.592303026753647544e-01
1.075000000000000000e+04 -1.555434322712594408e-01 2.259121061996083313e-02 -1.565491519790498387e-01
1.035600000000000000e+04 -2.008961182443238513e-01 2.593967565980648260e-02 -1.466571538888459258e-01
1.049000000000000000e+04 -9.900191910596412015e-02 5.759276328248574828e-02 -1.184688356083327676e-01
1.041700000000000000e+04 -1.031124769463414026e-01 1.363882581501840718e-01 -1.141322468367320653e-01
1.086900000000000000e+04 -2.187702530886355134e-01 8.476238592322360432e-02 -1.086581125741830078e-01
1.035400000000000000e+04 -1.096303165795502466e-01 9.837728983069382593e-02 -1.054110041425104782e-01
1.071600000000000000e+04 -2.728019451377985405e-01 1.411988321326660412e-01 -9.520628050168511436e-02
1.071500000000000000e+04 -1.044763283240994767e-01 -2.155801290310321860e-02 -7.440867309045984257e-02
1.071400000000000000e+04 -1.266416448522456051e-01 1.320926563940361120e-01 -6.607660196104347960e-02
1.051300000000000000e+04 -2.320091032733140324e-01 1.670653063868243748e-02 -4.373026074193830937e-02
1.033200000000000000e+04 -2.823385847505521795e-01 1.711282711948634017e-01 -8.673422042911482777e-02
1.059000000000000000e+04 -2.898704859110843302e-01 1.471572983926741074e-01 -3.553940809208100404e-02
1.095100000000000000e+04 -2.898704859110843302e-01 1.471572983926741074e-01 -3.553940809208100404e-02
1.044800000000000000e+04 -1.621973448207398860e-01 1.468079660052694635e-01 -2.047871332582360537e-01
1.062600000000000000e+04 3.536304415397735212e-01 3.261511537684356199e-01 1.006699774035801909e-01
1.062300000000000000e+04 2.516029672956010543e-01 1.974323276749778699e-01 4.147412422000584797e-02
1.092900000000000000e+04 2.990817087669395136e-01 -5.409882270794952319e-02 -1.768238698285529154e-01
1.066200000000000000e+04 3.058066040514750838e-01 1.649382920077968606e-02 -1.244462064385452038e-01
1.081900000000000000e+04 1.794323782379114718e-01 -6.227201513482327755e-02 -1.046380863094569236e-01
1.080400000000000000e+04 2.853506933366158904e-01 -9.530763949360476772e-03 -8.979654795640357179e-02
1.082800000000000000e+04 2.562325856246259193e-01 7.928293577302625295e-02 -7.903973117389639924e-02
1.064100000000000000e+04 2.591746684565432446e-01 -1.601706634393451623e-02 -3.231379588410021597e-02
1.038700000000000000e+04 4.647557801884083517e-03 2.103735710441867468e-01 -2.764799187817494897e-01
1.090900000000000000e+04 -3.368878808626796229e-02 3.558684331818469104e-01 -2.828347570508000786e-01
1.032700000000000000e+04 1.154424713399615499e-01 2.398392288293891284e-01 -1.257017699862714721e-01
1.037100000000000000e+04 -2.370815516008573098e-02 1.838527043198290301e-01 -1.856036286138440516e-01
1.038300000000000000e+04 1.638384751611123846e-01 1.804823746970214415e-01 -1.597096771113122315e-01
1.044400000000000000e+04 -1.684873015049870304e-02 1.726367504059105329e-01 -1.632874443611029847e-01
1.058900000000000000e+04 -1.944560540658635261e-02 1.687751303309958928e-01 -1.365127697413441865e-01
1.059200000000000000e+04 -3.832340219826058103e-02 1.641889093578861036e-01 -1.323290870922804174e-01
1.080300000000000000e+04 5.764144319460484667e-03 1.642113661345057096e-01 -2.524361594307471535e-01
1.085900000000000000e+04 -3.714441796204326351e-02 1.617832283273408223e-01 -4.747756211909148760e-02
1.036100000000000000e+04 -3.714441796204326351e-02 1.617832283273408223e-01 -4.747756211909148760e-02
1.086200000000000000e+04 6.151860368569739279e-02 2.272877184025965391e-01 -4.428683176588066317e-02
1.086100000000000000e+04 4.099943429510988224e-01 2.880413667453431970e-01 -2.848075502503633061e-01
1.093800000000000000e+04 3.008920201752367518e-01 2.772313583592413977e-01 -2.289897975890333726e-01
1.090700000000000000e+04 -5.155318338229868402e-01 -3.608247303794058780e-01 -3.828139268346646418e-01
1.040400000000000000e+04 -4.990011295889127396e-01 -3.416822375944086332e-01 -4.913869744382033389e-01
1.075100000000000000e+04 2.152713385483817632e-02 -3.036136860262210746e-01 -3.293670055984598832e-01
1.042000000000000000e+04 1.860287153712647523e-02 -2.326308604339288877e-01 -3.082181568770714364e-01
1.074800000000000000e+04 -6.384766193907864817e-02 -1.690566548511327483e-01 -2.991604270707135527e-01
1.034400000000000000e+04 -2.223684606944429376e-01 -3.462185864972333604e-01 -4.515511359195727437e-01
1.049600000000000000e+04 -2.223684606944429376e-01 -3.462185864972333604e-01 -4.515511359195727437e-01
1.062700000000000000e+04 -2.699247398802580022e-01 -3.217387540347971253e-01 -4.956057857093050245e-01
1.075300000000000000e+04 -3.230348252335542014e-01 -2.727642152309606161e-01 -3.694334234013787466e-01
1.077400000000000000e+04 -2.306882295321273091e-01 -3.119891535560199713e-01 -3.478918896079932210e-01
1.087700000000000000e+04 -1.063761744447395685e-01 -1.423863073631999043e-01 -2.894696467824502406e-01
1.049100000000000000e+04 -1.063761744447395685e-01 -1.423863073631999043e-01 -2.894696467824502406e-01
1.068500000000000000e+04 2.199514484247409030e-01 -2.326871608750664677e-01 -4.705968553265407195e-01
1.069300000000000000e+04 -5.249820310779389487e-01 -2.697970279148975692e-02 -5.176551242508047324e-01
1.038100000000000000e+04 -4.896621295333227764e-01 1.325076441624126744e-01 -3.601708827374849875e-01
1.075600000000000000e+04 -4.888425870203008117e-01 -8.064669384534184360e-02 -5.401637924642859190e-01
1.061000000000000000e+04 -4.888425870203008117e-01 -8.064669384534184360e-02 -5.401637924642859190e-01
1.072900000000000000e+04 -5.157583444334585820e-01 -4.117935768454117351e-02 -3.527851311018928016e-01
1.253800000000000000e+04 -5.382994074794558159e-01 1.302115958793237382e-01 -3.050414227426756497e-01
1.035000000000000000e+04 -4.819315325207895739e-02 -1.096823015036605398e-01 -3.225538913751506698e-01
1.045000000000000000e+04 -7.641003729203532657e-02 1.654506959912893649e-02 -4.529949289024024495e-01
1.051600000000000000e+04 7.949924309031342062e-02 1.121809284131138895e-01 -3.814332334119328038e-01
1.094800000000000000e+04 3.807143457574824197e-04 1.075645084300447252e-01 -3.720737550177553032e-01
1.096500000000000000e+04 1.526648335915776755e-01 4.865019256811464743e-02 -3.507566143662721458e-01
1.036200000000000000e+04 1.132207720959144126e-02 -7.428420937435120663e-02 -3.320490788651291325e-01
1.034000000000000000e+04 6.612733327327013910e-02 -5.137908936454493869e-02 -3.052708766440161980e-01
1.046100000000000000e+04 1.249953043767781935e-02 -8.099074307221698632e-02 -2.938138836670631804e-01
1.045700000000000000e+04 1.810919128858490268e-02 -1.080710256911459055e-01 -3.725318563477522105e-01
1.081800000000000000e+04 -7.017502184905932694e-02 -1.627853572985671349e-02 -2.895830541374095901e-01
1.069700000000000000e+04 -1.369028440362454191e-01 -9.834582531105695580e-02 -3.198863656717740866e-01
1.069600000000000000e+04 -1.273366716612542859e-01 -1.989014640528452560e-02 -4.542376361861890643e-01
1.069500000000000000e+04 -1.768527076640920015e-01 7.065486719024960394e-02 -3.873309980303361044e-01
1.056300000000000000e+04 -1.646129557851256919e-01 5.133561260087660116e-02 -3.526743794213587080e-01
1.034300000000000000e+04 -1.998726344118528786e-01 2.711648748411477072e-02 -2.890380130929379732e-01
1.034200000000000000e+04 -2.584545327909992807e-01 1.945431980403355965e-01 -3.735007131221337318e-01
1.050500000000000000e+04 -1.251952427773890264e-01 3.324961330522171465e-01 -3.703939519597447827e-01
1.050400000000000000e+04 -7.059820214729128907e-02 3.646772429001678972e-01 -5.421502524615036123e-01
1.060800000000000000e+04 -7.059820214729128907e-02 3.646772429001678972e-01 -5.421502524615036123e-01
1.060700000000000000e+04 -3.473626734777646163e-02 2.082569899277935122e-01 -3.508405083086039156e-01
1.041600000000000000e+04 3.480557244146185170e-01 3.045421349808350442e-01 -4.253530123501327864e-01
1.043500000000000000e+04 1.751958537115614334e-01 2.861960886784196134e-01 -3.679904684239367896e-01
1.043400000000000000e+04 -5.098396160639966368e-01 3.793038928314764746e-01 -4.267457892467731995e-01
1.069800000000000000e+04 1.323583402854033864e-02 4.616018132959283093e-01 -4.488059955810470569e-01
1.037300000000000000e+04 -5.064084042032144239e-01 4.995390961457708556e-01 1.318340277288818640e-01
1.076900000000000000e+04 -3.733555895914761891e-01 6.440579204144292191e-01 5.746674681979158095e-02
1.038500000000000000e+04 -3.313742765269189761e-03 5.660394779856083858e-01 -7.613145419046674078e-03
1.038600000000000000e+04 -5.395630310269705632e-02 4.621658205426975030e-01 2.938523289911287861e-02
1.043200000000000000e+04 7.403482496034285987e-02 4.187185027348903077e-01 -2.820359565320629258e-02
1.049200000000000000e+04 3.073855416470019364e-01 4.803967930347425863e-01 6.115598837449098824e-02
1.049300000000000000e+04 1.642526490513960269e-01 5.563198352438654126e-01 -1.565188261216370336e-01
1.077300000000000000e+04 5.573033732300736176e-02 4.153710682410043376e-01 -4.000501314394355745e-02
1.095300000000000000e+04 2.986751414238391078e-01 4.929670537126185081e-01 -2.173827596042876564e-01
1.086600000000000000e+04 3.166799926864793946e-01 4.450407284999826629e-01 -3.747613868783048474e-01
1.040700000000000000e+04 -3.600018447594957038e-01 6.002549870898867823e-01 -3.735651001951367789e-02
1.033600000000000000e+04 -3.600018447594957038e-01 6.002549870898867823e-01 -3.735651001951367789e-02
1.037200000000000000e+04 2.458899768928253238e-01 -1.861167472497022857e-01 -5.903484915502286157e-01
1.049400000000000000e+04 -2.534855480799054206e-01 -6.456387649647155058e-02 -7.298068659731207219e-01
