# star id 	 star_x_coords [pc] 	 star_y_coords [pc] 	 star_z_coords [pc] 
2.575800000000000000e+04 3.669705638051397045e-01 -2.457783108981068665e-01 7.164903613825437390e-01
2.549200000000000000e+04 6.366074659638911726e-01 -4.213943248048153123e-01 6.871911816918512272e-01
2.543700000000000000e+04 1.145355677088275570e-01 -7.219098589871251193e-01 -6.170966141680445105e-01
2.593300000000000000e+04 -1.412198143214595802e-01 -7.749460149524836083e-01 -4.223991394082169393e-01
2.533200000000000000e+04 -1.879602930325035004e-01 -9.407718371448350325e-01 -2.110869776190966718e-01
2.577700000000000000e+04 2.879831466705695675e-02 -9.749008837595809496e-01 -1.655329252867971945e-01
2.575200000000000000e+04 6.984808092113325984e-02 -7.886062952907266776e-01 -1.775909278802494384e-01
2.536100000000000000e+04 4.870020618361508014e-01 -7.039400577894809885e-01 -1.678536084871318224e-01
2.587800000000000000e+04 -7.161899978178212223e-01 -1.794026475798453646e-01 -2.823398201926394790e-01
2.565000000000000000e+04 5.647690126164945923e-01 -2.160002390726987187e-01 -3.030722738766407076e-01
2.528500000000000000e+04 -7.780776573437719890e-02 -7.521056078676444656e-01 -8.741829739974313895e-01
2.573800000000000000e+04 -3.507298887333831772e-02 -9.853219867989135849e-01 -8.103047118721704578e-01
2.571200000000000000e+04 1.084252275700336554e+00 -9.065233089849016324e-01 4.135794049943797290e-03
2.563800000000000000e+04 -1.777846277207544290e-01 -8.945106219186058638e-01 1.882577135298788562e-01
2.584000000000000000e+04 -2.586817497234505936e-02 -9.697049982111796140e-01 1.608863971444733920e-01
2.599700000000000000e+04 9.752822607549660461e-02 -6.024322882733059714e-01 3.211695519999580029e-02
2.604300000000000000e+04 9.752822607549660461e-02 -6.024322882733059714e-01 3.211695519999580029e-02
2.600500000000000000e+04 6.628032995662209714e-01 -9.332201268630448965e-01 7.573114287984594739e-02
2.548600000000000000e+04 3.745307704882776534e-01 -9.443429911639515950e-01 2.046970362332665161e-01
2.560000000000000000e+04 3.310311705196227194e-01 -8.524130391046931265e-01 1.075801933959645851e-01
2.552700000000000000e+04 3.767461336443318487e-01 -6.615699151019640567e-01 2.843792219197815996e-01
2.603600000000000000e+04 -7.859665088449503401e-01 -1.965903716186581107e-01 3.720880483080470924e-01
2.510200000000000000e+04 6.264193960614932166e-01 -2.008513665336870702e-01 3.807115265372331692e-01
2.585600000000000000e+04 8.220756113380360830e-01 -2.112150564638426431e-01 4.214934384419635194e-01
2.544300000000000000e+04 5.836093701935425315e-01 -5.690852469879033038e-01 2.965021910884892975e-01
2.584700000000000000e+04 4.985501009141444229e-01 -4.073720768584934149e-01 4.560613814831313562e-01
2.559500000000000000e+04 5.957588370904431940e-03 -2.247559609211151610e-01 2.977445632027411193e-01
2.547100000000000000e+04 -1.720359699508549056e-01 -4.714248671479523978e-01 2.192225256759989804e-01
2.597700000000000000e+04 -1.720359699508549056e-01 -4.714248671479523978e-01 2.192225256759989804e-01
2.554700000000000000e+04 -2.988985327822035742e-01 -5.045454228724466361e-01 2.684094230119882241e-01
2.577100000000000000e+04 1.703104489010485167e-01 -3.834450761106680261e-01 -1.937048673522667741e-02
2.577200000000000000e+04 -7.832334331996548826e-02 -2.450114260902900298e-01 -6.202235283844004243e-03
2.599300000000000000e+04 -7.832334331996548826e-02 -2.450114260902900298e-01 -6.202235283844004243e-03
2.577900000000000000e+04 -5.895682315438932619e-02 -3.204589408408331508e-01 -3.053247425198080123e-02
2.519100000000000000e+04 -2.133811700238794629e-01 -3.196868152543181907e-01 1.532973995972461978e-01
2.596800000000000000e+04 -1.369644293165492854e-01 -1.902228113589607972e-01 6.334664091070152381e-02
2.567200000000000000e+04 2.269770478812063175e-01 -1.838562314745963988e-01 4.037099860585868782e-02
2.567300000000000000e+04 1.073523573577830348e-01 -2.403764683213651665e-01 1.481495737949352076e-01
2.565300000000000000e+04 1.073523573577830348e-01 -2.403764683213651665e-01 1.481495737949352076e-01
2.567400000000000000e+04 -1.361258445564317299e-02 -1.966943183054752353e-01 2.114535126360443940e-01
2.599200000000000000e+04 1.315653547939632517e-02 -2.964258726338648842e-01 2.565863535700181330e-01
2.546400000000000000e+04 2.256124685842024746e-01 -4.786233602608547244e-01 2.878329566485859914e-01
2.510400000000000000e+04 2.230962988195557273e-01 -3.781622685715326782e-01 -5.220176517599384169e-02
2.558500000000000000e+04 2.230962988195557273e-01 -3.781622685715326782e-01 -5.220176517599384169e-02
2.602500000000000000e+04 1.911930408968061101e-01 -4.852823668327062023e-01 3.216918650693330051e-01
2.547000000000000000e+04 -3.405955566986023086e-01 -3.562208873002035148e-01 -1.012824061884565197e-01
2.510300000000000000e+04 -3.797788289246426530e-01 -4.839354237530315572e-01 -9.529676299622025226e-02
2.506000000000000000e+04 -7.662971428473497326e-02 -4.610976890576452547e-01 -1.170534157625340299e-01
2.569300000000000000e+04 2.237114403843492028e-01 -4.118571012654150820e-01 -2.139909799832757642e-01
2.532300000000000000e+04 -4.099398101182032406e-01 -5.658717777094608437e-01 -3.200341219344622345e-01
2.591200000000000000e+04 -4.141996330201749288e-01 -3.295713251771736907e-01 -1.894488329559820272e-01
2.555300000000000000e+04 -4.903439397634770103e-01 -3.145661784354949475e-01 -8.983931913266474112e-02
2.607500000000000000e+04 -1.618161888584097596e-01 -2.745178407639343732e-01 -4.201545634385794870e-02
2.593000000000000000e+04 -6.577070351433178530e-02 -2.245536502788816335e-01 -4.333731790034178744e-02
2.591600000000000000e+04 1.279197957076689818e-01 -1.957353331802593743e-01 -1.112390473305246985e-01
2.560800000000000000e+04 1.279197957076689818e-01 -1.957353331802593743e-01 -1.112390473305246985e-01
2.542000000000000000e+04 4.405633961784332087e-01 -2.894730829344247525e-01 -1.713909518985765601e-01
2.594900000000000000e+04 4.036559866665925256e-01 -4.067386038002887005e-01 -1.188861868204114103e-01
2.545000000000000000e+04 2.489149960361913827e-01 -4.342842894375706919e-01 -3.939797765531594109e-01
2.544900000000000000e+04 2.489149960361913827e-01 -4.342842894375706919e-01 -3.939797765531594109e-01
2.547600000000000000e+04 2.489149960361913827e-01 -4.342842894375706919e-01 -3.939797765531594109e-01
2.567500000000000000e+04 -9.116085358627401547e-03 -3.945427132880858778e-01 -4.844891511637960946e-01
2.570400000000000000e+04 -6.259663470116691997e-01 -5.118437195810372486e-01 -3.559989370318703550e-01
2.551200000000000000e+04 -3.387345405697459455e-01 4.700180125575208478e-01 6.320319995055569962e-01
2.543600000000000000e+04 -3.817148572172470722e-01 2.150475681078880541e-01 5.801070888588277796e-01
2.552400000000000000e+04 -3.817148572172470722e-01 2.150475681078880541e-01 5.801070888588277796e-01
2.529700000000000000e+04 -8.901225661253420185e-02 3.916517154872991568e-01 7.601800182724254284e-01
2.529600000000000000e+04 -8.901225661253420185e-02 3.916517154872991568e-01 7.601800182724254284e-01
2.529500000000000000e+04 2.585133886177715112e-01 4.860144030715822794e-01 8.288455480027963063e-01
2.560200000000000000e+04 -3.615396782706028489e-01 2.080850204151971639e-01 6.254989163907076488e-01
2.605700000000000000e+04 5.959535809552107821e-03 2.905089268120200074e-01 6.426200023628538816e-01
2.603900000000000000e+04 2.320321468169339596e-01 5.108264963778132994e-01 6.557516263261504719e-01
2.603800000000000000e+04 -2.780357390988541511e-01 6.650191795851618792e-01 6.567562678218763494e-01
2.544100000000000000e+04 -8.494954772440053148e-01 5.662259293475813138e-02 2.855662634251068255e-01
2.544000000000000000e+04 6.076072613687131252e-01 1.564036155881147749e-01 1.963843093762562830e-02
2.545100000000000000e+04 4.914571097765616514e-01 7.821977787694578410e-02 2.104199672486117834e-02
2.553400000000000000e+04 -4.547595510764779192e-02 6.270899166811325642e-01 1.217275868777001335e-01
2.554200000000000000e+04 -1.589563630110575332e-01 8.443656852655152534e-01 1.874772548916894266e-01
2.527300000000000000e+04 -4.066488409909254642e-01 6.581865328722571462e-01 1.029197611217149699e-01
2.568000000000000000e+04 1.068132460230373226e+00 6.280739905402192846e-01 -6.109356090212969548e-02
2.554600000000000000e+04 1.110904974469761441e+00 7.261630159910055227e-01 -3.078267303854538284e-01
2.544600000000000000e+04 -1.045074118623560366e+00 4.578033715003826387e-01 -1.772829455343476468e-01
2.566400000000000000e+04 -8.814989101125405568e-01 5.023310881700098207e-01 -3.553754332953467099e-01
2.598000000000000000e+04 7.511490587530857965e-01 5.043429353906994095e-01 -2.260116639725602283e-01
2.603300000000000000e+04 5.250714429781453418e-01 3.092564255115490823e-01 -2.709592888485232720e-01
2.519000000000000000e+04 4.967687367451816272e-01 4.772588423541606062e-01 -7.801925626749905973e-02
2.518900000000000000e+04 -9.877798664370800452e-01 7.439457441028451967e-01 -3.313065293885735230e-01
2.518800000000000000e+04 -1.095791418741640655e+00 7.548722546163411096e-01 -7.526728973361329622e-02
2.575000000000000000e+04 4.530328757377333204e-02 5.432502573362043563e-01 -5.394173377853128670e-01
2.549900000000000000e+04 -8.580427735150379931e-01 6.420146413066767366e-01 -2.774877628266736451e-02
2.593500000000000000e+04 1.800898010199603050e-01 2.613593890053991231e-01 -8.503826255400923628e-01
2.593400000000000000e+04 -9.337099037237805987e-02 4.497497378902046705e-01 -8.282329021688852322e-01
2.595900000000000000e+04 4.140227039736004144e-01 5.097431727906709398e-02 -7.873224213190930243e-01
2.538900000000000000e+04 7.256237375378873367e-01 6.492469972386061272e-03 -7.328058331482836252e-01
2.606400000000000000e+04 6.967374123431255839e-01 6.497225829578212597e-02 -9.957834239452161285e-01
2.527400000000000000e+04 -1.220985338670743658e-01 1.188933509578973258e-01 2.626636653226732676e-01
2.554300000000000000e+04 -1.191686240793501383e-01 8.755682042112766794e-02 4.643250220285821683e-01
2.549700000000000000e+04 -4.863843627009600823e-01 1.075125087224755305e-01 5.486569382288344343e-01
2.553300000000000000e+04 -1.154293757651743135e-01 2.587649215022906901e-01 4.212612797388111119e-01
2.546700000000000000e+04 -2.588029418642179280e-02 8.847441179785775489e-02 2.646075637966873728e-01
2.551300000000000000e+04 -8.261845945662571467e-02 8.891464469634158263e-02 2.650416451519497230e-01
2.548900000000000000e+04 -8.261845945662571467e-02 8.891464469634158263e-02 2.650416451519497230e-01
2.597200000000000000e+04 -1.523733442636228119e-01 3.607202782572933586e-01 4.084006828246629084e-01
2.579900000000000000e+04 -1.685201387753210156e-01 1.637185720213736317e-01 1.417007232112865722e-02
2.582200000000000000e+04 -2.647230818274124431e-01 1.069797222911006429e-01 4.249703402422255749e-03
2.557900000000000000e+04 -8.381321639103589405e-02 9.399323492268507607e-02 1.335338426746908169e-01
2.598700000000000000e+04 -8.381321639103589405e-02 9.399323492268507607e-02 1.335338426746908169e-01
2.576900000000000000e+04 -8.381321639103589405e-02 9.399323492268507607e-02 1.335338426746908169e-01
2.598600000000000000e+04 -2.027768693626512686e-01 5.117306861803427864e-02 1.820605283592371393e-01
2.540700000000000000e+04 -8.806685585638263092e-02 4.983459895282038588e-03 1.371178672054078618e-01
2.541900000000000000e+04 -8.806685585638263092e-02 4.983459895282038588e-03 1.371178672054078618e-01
2.526600000000000000e+04 -9.735600311347525349e-02 2.089664757395155448e-01 2.402500914716370062e-01
2.541800000000000000e+04 -5.426687478789915531e-02 1.107546485021018157e-01 1.255128385071060393e-01
2.551400000000000000e+04 -2.076545358935959484e-01 1.388825242769193835e-01 1.932970604547961102e-01
2.572200000000000000e+04 -2.777638750559958680e-01 5.772653577448849660e-02 3.249938200716684378e-02
2.543300000000000000e+04 -1.885589604216875159e-02 3.176461536956693976e-01 2.149210548349955729e-02
2.595800000000000000e+04 -3.856761288025722934e-02 1.368165040390003639e-01 2.216673812470943972e-01
2.542100000000000000e+04 -4.649575456498666881e-02 3.875382888307790097e-01 1.088438695929738742e-02
2.598200000000000000e+04 1.078602372636652262e-01 9.852949787684650573e-02 8.159100655137763169e-02
2.511700000000000000e+04 9.670860012536763861e-02 4.608195593413455526e-02 3.617588851863118293e-02
2.573400000000000000e+04 9.670860012536763861e-02 4.608195593413455526e-02 3.617588851863118293e-02
2.546800000000000000e+04 6.947375919716591852e-02 4.530464677223733361e-04 5.882905362132362370e-02
2.579700000000000000e+04 1.174514959853496521e-01 1.147728509002732267e-01 -1.475688534055663581e-02
2.579800000000000000e+04 1.174514959853496521e-01 1.147728509002732267e-01 -1.475688534055663581e-02
2.546300000000000000e+04 4.524259055389734385e-02 1.078605674808379433e-01 2.522730971476150330e-02
2.562200000000000000e+04 6.492377098832946558e-02 1.369957571408413344e-01 -4.774292413984326799e-02
2.555700000000000000e+04 1.039548983918336944e-01 5.438423852111640144e-02 1.135711756677082462e-02
2.580300000000000000e+04 4.204271202318921041e-02 2.412800480570176376e-01 1.108762185975642467e-01
2.540600000000000000e+04 4.204271202318921041e-02 2.412800480570176376e-01 1.108762185975642467e-01
2.586900000000000000e+04 4.502804269179705443e-04 9.667240657733344733e-02 3.226607181366603072e-02
2.543400000000000000e+04 4.502804269179705443e-04 9.667240657733344733e-02 3.226607181366603072e-02
2.590400000000000000e+04 1.388557214297208020e-01 1.069246462746953341e-01 3.440401970771844731e-02
2.591100000000000000e+04 1.388557214297208020e-01 1.069246462746953341e-01 3.440401970771844731e-02
2.542900000000000000e+04 -4.595502861873512757e-02 7.139115749759028517e-02 8.754735801449697874e-02
2.606800000000000000e+04 8.179189655086815947e-02 7.750370785016613695e-02 2.061562626567692291e-01
2.530300000000000000e+04 8.179189655086815947e-02 7.750370785016613695e-02 2.061562626567692291e-01
2.530200000000000000e+04 6.927199240671200187e-02 8.172289606653748706e-02 1.287214727463492636e-01
2.530100000000000000e+04 6.927199240671200187e-02 8.172289606653748706e-02 1.287214727463492636e-01
2.583300000000000000e+04 1.356901172089663987e-01 3.901624419089699813e-02 2.562216653163851277e-01
2.532400000000000000e+04 -1.659241567517852900e-01 1.911192430906929474e-01 1.606156801546276824e-01
2.544800000000000000e+04 4.014510972899643093e-02 1.210490906535923727e-01 1.016206925290852325e-01
2.511300000000000000e+04 4.014510972899643093e-02 1.210490906535923727e-01 1.016206925290852325e-01
2.592000000000000000e+04 -7.461179095564318686e-02 7.745380438831972469e-02 -1.827103325204859630e-03
2.569600000000000000e+04 -5.604485465129016575e-02 1.431279288667965943e-01 4.051670623123726500e-02
2.578500000000000000e+04 -5.604485465129016575e-02 1.431279288667965943e-01 4.051670623123726500e-02
2.597500000000000000e+04 -5.604485465129016575e-02 1.431279288667965943e-01 4.051670623123726500e-02
2.561300000000000000e+04 9.146610750585182359e-02 -2.423852945120685831e-02 9.155057828075996440e-02
2.606000000000000000e+04 9.146610750585182359e-02 -2.423852945120685831e-02 9.155057828075996440e-02
2.605900000000000000e+04 8.564803028760081816e-02 6.172090271068242373e-02 1.658546564576397486e-01
2.529300000000000000e+04 3.124029206695411176e-02 2.322788211207083009e-02 2.408036202600136733e-01
2.529200000000000000e+04 4.290521767683230792e-02 1.178059244612086331e-01 1.868303513847422437e-01
2.530400000000000000e+04 -3.428762753912906192e-03 9.214927760197610951e-02 -3.556244313109147015e-02
2.594000000000000000e+04 1.047363537680610079e-01 1.491922405929209106e-01 2.402448526342766399e-01
2.540200000000000000e+04 -2.113144228938068636e-01 4.424025657965273695e-01 1.254268583422941674e-01
2.550900000000000000e+04 -2.095181373290557758e-01 3.158316888938195177e-01 2.116274675510751990e-01
2.550800000000000000e+04 -3.497554694092741556e-01 4.633308111121259287e-01 1.287346194825111922e-01
2.550700000000000000e+04 -5.207056455267036199e-01 6.025633744003577874e-01 2.779113535940282986e-01
2.554100000000000000e+04 4.555362335208315017e-01 1.152535773214005133e-01 1.062994219073409852e-01
2.546600000000000000e+04 4.298230421621980213e-01 1.616843442323379065e-01 8.741085815190885455e-02
2.576700000000000000e+04 4.054092699462472638e-01 3.314458348090845163e-01 5.176754487332857479e-02
2.566000000000000000e+04 2.697018129884725113e-01 6.852466568446402562e-03 1.800543664834819424e-01
2.550300000000000000e+04 4.136027427964847902e-01 1.576693561340576366e-01 5.039906458523866206e-01
2.551700000000000000e+04 -2.381752405093209290e-01 -5.429474748695639619e-02 -1.129374847809039295e-01
2.565100000000000000e+04 -3.227320201445138537e-01 1.125982211606881833e-01 -1.113934460456391662e-01
2.541600000000000000e+04 -8.065713831238952025e-02 1.813899694313292343e-01 -9.693184379462849165e-02
2.581400000000000000e+04 -3.491242366543190201e-01 2.976682196420554760e-02 -9.609491082251153671e-02
2.586800000000000000e+04 -1.088748516892223961e-01 9.999347308870554230e-02 -3.117612990163109998e-02
2.561600000000000000e+04 -1.304221670042977621e-01 -3.014254135150551406e-02 -3.015942647374743046e-01
2.575100000000000000e+04 -9.645112777336350973e-02 1.221732037104885649e-01 -6.530386084435946259e-02
2.587400000000000000e+04 -1.643908699744685009e-01 4.078509200364521803e-02 -3.293772931558791583e-02
2.593600000000000000e+04 -1.643908699744685009e-01 4.078509200364521803e-02 -3.293772931558791583e-02
2.546500000000000000e+04 -2.121718674938222193e-02 1.750668530383379107e-01 -6.297843246100498504e-02
2.599500000000000000e+04 -2.121718674938222193e-02 1.750668530383379107e-01 -6.297843246100498504e-02
2.598300000000000000e+04 -7.066916842371995244e-02 2.297646301016058601e-01 -1.752315521636127471e-01
2.555200000000000000e+04 6.947821872627457651e-02 1.465397210033323461e-01 -2.225336178768060336e-01
2.560600000000000000e+04 4.695102311799814743e-02 2.459222736381079244e-01 -3.410223165777459542e-01
2.544700000000000000e+04 -7.003637705223297871e-02 -4.411351192384316278e-02 -7.894458054534680969e-02
2.557500000000000000e+04 -7.003637705223297871e-02 -4.411351192384316278e-02 -7.894458054534680969e-02
2.511400000000000000e+04 -7.003637705223297871e-02 -4.411351192384316278e-02 -7.894458054534680969e-02
2.550400000000000000e+04 7.314768594869747176e-02 1.145607928034806378e-01 -6.491258181645420677e-02
2.578700000000000000e+04 7.314768594869747176e-02 1.145607928034806378e-01 -6.491258181645420677e-02
2.566600000000000000e+04 9.601008699843305294e-02 1.579415726682995569e-01 2.558327609459354335e-02
2.603500000000000000e+04 6.811804265959153781e-02 1.115415435054245563e-01 -1.676137088401823405e-01
2.569800000000000000e+04 1.586199777883763318e-01 1.152651429770052971e-01 -7.537756906268455737e-02
2.533700000000000000e+04 1.586199777883763318e-01 1.152651429770052971e-01 -7.537756906268455737e-02
2.568400000000000000e+04 -2.791008380106063669e-02 1.625194983848246011e-01 -1.160625674682869146e-01
2.568300000000000000e+04 4.914422119415462475e-02 1.256017545798968627e-01 -6.709305929401665480e-03
2.527000000000000000e+04 4.914422119415462475e-02 1.256017545798968627e-01 -6.709305929401665480e-03
2.526900000000000000e+04 4.914422119415462475e-02 1.256017545798968627e-01 -6.709305929401665480e-03
2.594500000000000000e+04 9.257258184941008494e-02 3.232873728676288749e-01 -1.020254935290374476e-01
2.548200000000000000e+04 -1.365016569501165122e-02 -7.739907909978072098e-02 -4.785617621098481322e-02
2.574800000000000000e+04 5.541485103735510620e-02 1.744861946885833959e-03 -1.253642579829872261e-01
2.553500000000000000e+04 5.792294456151125814e-02 2.625695152298419544e-01 -3.428896567672978790e-03
2.588100000000000000e+04 5.792294456151125814e-02 2.625695152298419544e-01 -3.428896567672978790e-03
2.541500000000000000e+04 2.128336166562405651e-02 2.769604644513208314e-01 -3.763647665470060133e-02
2.560900000000000000e+04 2.128336166562405651e-02 2.769604644513208314e-01 -3.763647665470060133e-02
2.559900000000000000e+04 -6.802241784943703351e-01 1.389550287875636059e-01 -2.296732657282731793e-01
2.575600000000000000e+04 -5.736213062914856664e-01 2.043893373739287256e-01 -2.193710923396672285e-01
2.559600000000000000e+04 2.366657728284735640e-01 2.086562835971008667e-01 -2.201781090267260765e-01
2.559200000000000000e+04 4.512897939208500020e-01 2.016827850980646986e-01 -2.087084170526374294e-01
2.575900000000000000e+04 2.957095934070110843e-01 6.453531180400773337e-02 -3.076280162092253079e-01
2.543200000000000000e+04 2.514704748303984161e-01 -2.224218658215804112e-02 -7.014247071958834567e-02
2.552800000000000000e+04 2.277410864112141553e-01 4.630333291823198749e-01 -7.968178812993187421e-02
2.595500000000000000e+04 -1.178213909084178113e-01 5.012836082935159254e-01 -1.234597800267600576e-01
2.546000000000000000e+04 8.018071084123334913e-02 3.125784662969088856e-01 -4.607322153211157456e-02
2.529800000000000000e+04 1.534920958987697759e-01 4.144514202170661576e-01 6.155648886247533369e-02
2.566200000000000000e+04 4.519229716058248414e-02 5.080817421893151220e-01 -4.461582190700497108e-02
2.574600000000000000e+04 -4.379689231314500830e-01 3.008259522629366245e-01 -3.052514527241783071e-01
2.574700000000000000e+04 -5.066042495361813280e-01 4.892357208993765028e-01 -2.570793120832277623e-01
2.556700000000000000e+04 -5.791932746341075244e-01 5.535506960012703814e-01 -1.070679185829064295e-01
2.547700000000000000e+04 2.598530719279636969e-01 4.503492356043992118e-01 -1.592236700420954776e-01
2.547800000000000000e+04 4.672359345830159327e-01 4.995333540547157725e-01 -1.462536435499401932e-01
2.547900000000000000e+04 4.153868184589839530e-01 5.519688555461890189e-01 7.899968427622638956e-04
2.586200000000000000e+04 -1.476370664372410602e-01 2.339074588979528357e-02 -4.083475534180145416e-01
2.556400000000000000e+04 3.588667854526335077e-01 1.927452595079337527e-01 -4.669708606476561386e-01
2.586300000000000000e+04 1.661508272915881435e-01 1.675020182070952046e-01 -3.486449746950022188e-01
2.533600000000000000e+04 -2.362518242657074552e-02 3.610305960319628582e-01 -6.557269610842624274e-01
2.604200000000000000e+04 -4.199265630784054792e-02 4.481491574288760660e-01 -3.382547092439409653e-01
2.553800000000000000e+04 -6.160472621489105904e-01 1.398428236874842412e-01 -5.550106789434501309e-01
2.530000000000000000e+04 -1.298519382778380304e-01 4.264969843851318387e-01 -5.034691017084078624e-01
2.594300000000000000e+04 -2.987608256851501665e-01 5.229619330919703657e-01 -4.129083845503203065e-01
2.601700000000000000e+04 -3.526648853311797893e-01 3.628029443531879394e-01 -2.759007324696263197e-01
2.542700000000000000e+04 -1.917227749941048387e-01 5.377492901089908628e-02 -1.872401388482103357e-01
2.529900000000000000e+04 4.790578278392843004e-02 3.722390484202975358e-03 -1.308902673838119313e-01
2.572400000000000000e+04 -2.510026608011060034e-01 -6.338878729518881983e-02 7.969674252532854553e-02
2.577800000000000000e+04 -6.569151264850603411e-01 -5.897112146841010372e-02 9.017554312275635198e-01
2.547300000000000000e+04 -3.744914412287414507e-02 -6.714394123136457893e-03 1.960515404658096372e-01
2.507100000000000000e+04 2.973428329730154474e-02 -7.664632473146681946e-02 6.463003829515585608e-01
2.561500000000000000e+04 -1.810862026510164924e-01 6.153241688599564441e-02 1.095410339205535877e-01
2.550000000000000000e+04 2.163477616543190152e-01 5.295684115457532926e-02 -1.739554867539290228e-01
2.600200000000000000e+04 -1.014046024163661741e-01 -4.702386634365041118e-02 2.388896910418303321e-01
2.554900000000000000e+04 -1.014046024163661741e-01 -4.702386634365041118e-02 2.388896910418303321e-01
2.576200000000000000e+04 -3.269667393365836006e-01 -9.851477162460753334e-02 1.088064490826567976e-01
2.600300000000000000e+04 5.865809431597313051e-03 -1.596039765484746908e-02 -3.029196537038245651e-01
2.560300000000000000e+04 5.865809431597313051e-03 -1.596039765484746908e-02 -3.029196537038245651e-01
2.542600000000000000e+04 9.277336798720625666e-02 7.555045410356342472e-03 1.712521246467879621e-01
2.545400000000000000e+04 -6.698856139166764478e-04 -7.619943384625571525e-03 -3.700465428786614552e-02
2.582400000000000000e+04 -6.176882543193755737e-01 -3.559958613157832019e-02 7.994983315847292715e-01
2.507000000000000000e+04 7.956502292866218795e-02 -1.168853652030676926e-02 5.822632940454397499e-02
2.545300000000000000e+04 7.956502292866218795e-02 -1.168853652030676926e-02 5.822632940454397499e-02
2.578100000000000000e+04 -4.581762215036491170e-01 5.648223150679143600e-03 -5.970891237769713200e-01
2.552600000000000000e+04 1.429499568577341506e-01 -9.251450822119977602e-02 7.418046976304282225e-02
2.557300000000000000e+04 -2.971884220706613178e-01 -1.043207418314793244e-01 -4.806296773702811720e-02
2.557400000000000000e+04 -1.321316190478256658e-01 -1.872158027153858484e-02 2.267231172187962329e-01
2.572900000000000000e+04 -1.321316190478256658e-01 -1.872158027153858484e-02 2.267231172187962329e-01
2.572000000000000000e+04 -1.321316190478256658e-01 -1.872158027153858484e-02 2.267231172187962329e-01
2.528300000000000000e+04 -2.021247006716322403e-01 2.269723919440025384e-02 -6.641197062592496536e-02
2.528200000000000000e+04 1.561890449336971187e-01 -2.964499657072039440e-02 2.653512859385642741e-03
2.597600000000000000e+04 5.448696669027697226e-02 -9.981060203479330539e-03 4.639680557073333489e-02
2.581700000000000000e+04 -1.367315473265904302e-01 -1.060674184311594104e-02 -2.013719599068863886e-02
2.570800000000000000e+04 1.435794102384022608e-01 -9.363292983181281670e-02 -1.119701132313011271e-02
2.527200000000000000e+04 2.646361207297900364e-01 -7.113474584542700541e-02 -4.678671749676297509e-01
2.570700000000000000e+04 9.104123944737807506e-03 -9.876083085746145684e-02 -6.105777456775740575e-02
2.578200000000000000e+04 9.104123944737807506e-03 -9.876083085746145684e-02 -6.105777456775740575e-02
2.587200000000000000e+04 7.287333422077324485e-02 -6.924354108962305077e-02 -9.232332774704588019e-03
2.555600000000000000e+04 7.287333422077324485e-02 -6.924354108962305077e-02 -9.232332774704588019e-03
2.587300000000000000e+04 1.657019041353748889e-01 -9.119593057542019210e-02 -8.108925933313670953e-02
2.524600000000000000e+04 1.657019041353748889e-01 -9.119593057542019210e-02 -8.108925933313670953e-02
2.573000000000000000e+04 6.275120683162072055e-02 -6.298711906208254163e-02 -2.755265973913800792e-01
2.578300000000000000e+04 -7.172631721254276727e-01 -1.017805094683943423e-01 3.436499809454858223e-01
2.571700000000000000e+04 1.158090150865120904e-01 -9.337663808740970239e-02 -7.689068910355700837e-03
2.571800000000000000e+04 1.158090150865120904e-01 -9.337663808740970239e-02 -7.689068910355700837e-03
2.505500000000000000e+04 1.158090150865120904e-01 -9.337663808740970239e-02 -7.689068910355700837e-03
2.558600000000000000e+04 -5.538705890964621403e-01 -1.009396261522148563e-01 1.831442016962654407e-01
2.583400000000000000e+04 4.400687708915995699e-01 -7.879103568998857554e-02 4.487954471445867455e-01
2.516000000000000000e+04 -1.144081230782063585e-01 -8.414398651894572367e-02 -7.724925921866088174e-02
2.515900000000000000e+04 6.296995755008083506e-02 -7.516563571482848261e-02 -4.817842687153408576e-01
2.565200000000000000e+04 1.966101579153871626e-01 -9.940763064153301798e-02 -3.920217775917045344e-01
2.549000000000000000e+04 5.540123893617163731e-01 -9.582248984186847451e-02 -3.354617375063675411e-01
2.575700000000000000e+04 1.537801494464474672e-03 -1.284932377150056482e-01 -2.294614999414115175e-01
2.545600000000000000e+04 1.537801494464474672e-03 -1.284932377150056482e-01 -2.294614999414115175e-01
2.559700000000000000e+04 1.537801494464474672e-03 -1.284932377150056482e-01 -2.294614999414115175e-01
2.588700000000000000e+04 -1.547120727487794056e-01 -1.131863674988693447e-01 -7.643212234027885188e-02
2.508900000000000000e+04 -1.547120727487794056e-01 -1.131863674988693447e-01 -7.643212234027885188e-02
2.596400000000000000e+04 4.482236036290032644e-02 -1.048661194992170920e-01 -2.487750842762750381e-01
2.548000000000000000e+04 4.482236036290032644e-02 -1.048661194992170920e-01 -2.487750842762750381e-01
2.527600000000000000e+04 8.054583933595722556e-01 -8.954126723038058344e-02 -5.482866342441958807e-01
2.557000000000000000e+04 -6.324140864556682118e-02 -1.342430089805120019e-01 5.214125758731995575e-01
2.553000000000000000e+04 -3.730372215015336224e-01 -1.232784305066552122e-01 -2.754492004334174737e-01
2.572700000000000000e+04 -1.821956538966560402e-01 -1.248455997211266322e-01 5.005652339726651689e-02
2.595700000000000000e+04 -1.821956538966560402e-01 -1.248455997211266322e-01 5.005652339726651689e-02
2.559100000000000000e+04 2.460897914434951872e-01 -1.330857780960279513e-01 -7.044715695209546880e-02
2.579500000000000000e+04 8.733483828294197338e-03 -1.462948755614412732e-01 3.153950174659563288e-01
2.539600000000000000e+04 -2.297416551584774425e-03 -1.455590565876896392e-01 -5.807806670507176250e-02
2.554500000000000000e+04 -2.297416551584774425e-03 -1.455590565876896392e-01 -5.807806670507176250e-02
2.597400000000000000e+04 -2.297416551584774425e-03 -1.455590565876896392e-01 -5.807806670507176250e-02
2.548800000000000000e+04 -2.856595187544002101e-01 -1.435685097198060589e-01 9.203054452966696886e-02
2.569400000000000000e+04 -2.586277491953126173e-01 -1.570397548349085071e-01 -1.165827718153202852e-01
2.568700000000000000e+04 1.734962860164301901e-01 -1.606278958326932127e-01 -5.653750296356818694e-02
2.572800000000000000e+04 2.567020654416296566e-02 -1.666002461338003116e-01 4.367779656544712452e-02
2.553700000000000000e+04 9.489719376302900855e-01 -1.727739499978504512e-01 5.981083513686797914e-01
2.600100000000000000e+04 -5.515389878151779612e-01 -1.749027533612412810e-01 -1.421913886031909158e-01
