# star id 	 star_x_coords [pc] 	 star_y_coords [pc] 	 star_z_coords [pc] 
7.786000000000000000e+03 7.479477482714926850e-01 -3.094796982435973121e+00 7.668147749927030077e-01
7.787000000000000000e+03 2.189729598593963544e+00 -3.425882700459439434e-01 2.815823740755028837e+00
7.788000000000000000e+03 1.739302673999084448e+00 1.772953932572534086e-01 2.814708380554009182e+00
8.173000000000000000e+03 2.831757590771360356e+00 1.881472182085843770e-01 3.031566000778028069e+00
8.174000000000000000e+03 1.451908112541673290e+00 7.968625794787769223e-01 2.530706067466297782e+00
7.860000000000000000e+03 6.045551933881085915e-01 7.120048753426289068e-02 2.747759603955877594e+00
7.859000000000000000e+03 -2.133842203117183089e+00 -1.284304889149105122e+00 -1.100580386760753981e+00
7.875000000000000000e+03 -2.286172398371220993e+00 -7.090729900263532670e-01 -1.315343399342438602e+00
7.874000000000000000e+03 -1.389831956546899505e+00 -6.131229752263251953e-01 -1.839043086714582387e+00
8.056000000000000000e+03 -2.618496322968312029e+00 1.309376898366458875e-01 -1.233795700467325673e+00
8.057000000000000000e+03 -6.427057451941635691e-01 4.794096916547161413e-01 -1.912695309718941417e+00
8.086000000000000000e+03 1.757432148568938146e-02 2.987010239873697515e-01 -1.786340327707222286e+00
8.106000000000000000e+03 4.759245869150205976e-01 3.285525223222052205e-02 -1.747188597616087691e+00
8.105000000000000000e+03 -7.628699508516021410e-01 4.717659297338379076e-01 -2.184717259614409102e+00
7.922000000000000000e+03 -7.993505558248230614e-01 5.984602631437354603e-01 -1.951020491422873704e+00
8.124000000000000000e+03 -1.625603494298630380e+00 7.522930587165177485e-02 -1.724673792935625727e+00
8.087000000000000000e+03 -1.971968195889665765e+00 8.186038355583171722e-01 -4.942971763193995116e-01
8.006000000000000000e+03 -2.561424670396476699e+00 6.840302707942029770e-01 -4.618897299182833649e-01
7.908000000000000000e+03 -2.005264339008512309e+00 9.220084730658513195e-01 -1.079568357764841835e-01
8.017000000000000000e+03 -2.930924537494213666e+00 4.998223679472815206e-01 -5.909854676970383025e-02
7.789000000000000000e+03 4.396483738084171478e-01 2.340075880876369752e+00 5.273391764416572869e-01
8.018000000000000000e+03 1.036190584412061355e+00 -1.821669790807412426e+00 1.895239744896812795e-01
8.090000000000000000e+03 5.112618124336734127e-01 -1.953109696165689968e+00 1.206322710389116537e+00
8.091000000000000000e+03 -2.388525989236299552e+00 -1.702552619893857866e-01 5.827339424865343176e-01
8.113000000000000000e+03 -1.604147512795357500e+00 -1.813709308570430778e+00 -2.838809411241079772e+00
8.112000000000000000e+03 -7.389581563893941052e-01 -1.549592144999056842e+00 -2.455774343950210437e+00
7.911000000000000000e+03 -1.133601333641074405e+00 -4.629997642286518555e-01 2.435863654020110403e+00
7.888000000000000000e+03 6.470683214991979071e-01 -1.025734769233075383e-01 -2.707414134016374874e+00
7.741000000000000000e+03 1.207439581950438878e+00 -5.382251813695404508e-02 2.136809831572584528e+00
7.917000000000000000e+03 1.879895697333608950e+00 2.226536729140740078e-01 4.724885348962857279e-01
7.916000000000000000e+03 -1.654088726544600263e-01 8.950790908767594090e-01 -3.055615328856404744e+00
7.725000000000000000e+03 -1.654088726544600263e-01 8.950790908767594090e-01 -3.055615328856404744e+00
7.726000000000000000e+03 4.729810719519633722e-02 4.281912016796951548e-03 2.242990017946091541e+00
8.303000000000000000e+03 -2.712914445294885013e-01 1.986819451103663425e+00 1.487092786465844085e+00
8.069000000000000000e+03 -1.058241144910347487e+00 1.207406764207537009e+00 -3.331154287468514497e+00
8.071000000000000000e+03 4.085247949768131548e-01 -1.136821727063214382e+00 -5.836583551285414728e-01
8.109000000000000000e+03 -3.420522437288937567e-01 -3.680170670267308708e-01 -7.036386554542204408e-01
7.878000000000000000e+03 -4.748190700542238574e-01 -2.361462282265627266e-01 -5.062014161130861112e-01
7.877000000000000000e+03 -1.189757953552003755e+00 -5.313485625264320333e-01 -6.449531904250349612e-01
7.883000000000000000e+03 7.353986425057073006e-01 -1.135028238502975739e+00 7.006139305859448996e-02
8.005000000000000000e+03 1.038389809309379075e-01 -9.059751799408850559e-01 -2.929792864172071631e-01
7.796000000000000000e+03 4.779404876882722419e-01 -6.552721820297371380e-01 -1.598800675194524956e-01
7.795000000000000000e+03 1.421975987376868034e+00 -6.425678247605510762e-01 -2.703443264110561017e-01
7.776000000000000000e+03 -3.387116919813308868e-01 -4.271269714463983291e-01 -2.419233704113850081e-01
8.298000000000000000e+03 -3.387116919813308868e-01 -4.271269714463983291e-01 -2.419233704113850081e-01
7.947000000000000000e+03 -2.490660397058093167e-01 -4.415388049050328334e-01 4.321298745921353657e-02
7.836000000000000000e+03 8.838515581732906412e-01 -5.027750133258237497e-01 -4.093865631932658289e-01
7.793000000000000000e+03 1.088612770225907411e-01 -4.079369129202774502e-01 -1.858946897080073768e-01
7.909000000000000000e+03 1.236535314110739137e+00 -2.395817868714296139e-01 -1.379790101548437065e-01
8.070000000000000000e+03 8.451705963320179649e-01 1.208886458334781366e-01 -5.520209481187450251e-01
8.107000000000000000e+03 8.463193501125232387e-02 5.453027116428188492e-02 -7.440244800816486759e-01
7.779000000000000000e+03 -1.353787721895820084e+00 -1.258017333122843695e+00 5.484740957438845044e-01
7.889000000000000000e+03 1.359437653210676444e+00 6.587715853064857185e-01 -7.938758506416050409e-01
7.991000000000000000e+03 1.069848057204573877e+00 9.232873494813347293e-01 -8.389451514052979064e-01
7.848000000000000000e+03 1.283206172581934368e+00 6.265992137703157994e-01 -5.801303774107537947e-01
2.711900000000000000e+04 -6.170306926409310222e-01 -2.932079767692741257e-02 -1.543553770251122614e-01
2.713200000000000000e+04 -6.475200525882058855e-01 3.987336041419560217e-01 -1.329198004218667961e-01
7.812000000000000000e+03 1.028351421341447747e+00 2.568215256291956905e-01 -3.025795309219319051e-01
7.965000000000000000e+03 6.959626925604212033e-01 2.311885011399290590e-01 -2.874849145577016429e-01
8.119000000000000000e+03 7.346827079642608282e-01 1.863847468052810541e-01 -1.454329727086189905e-01
7.743000000000000000e+03 1.625690119663552480e+00 3.319442342605078977e-01 -3.547481202541291623e-01
8.169000000000000000e+03 8.395681236192018559e-01 -1.238707009880350540e+00 1.142596148220711427e+00
7.775000000000000000e+03 3.982788550900195901e-01 9.086940730697925517e-01 -2.442176263919790813e-01
7.742000000000000000e+03 4.693326477441672751e-02 6.497046497736072013e-01 -1.316817849642788474e-01
8.012000000000000000e+03 1.224666316621117801e+00 6.466109315731500828e-01 -1.756890322015891570e-02
7.738000000000000000e+03 -1.549415054822205207e+00 -7.579229906479696410e-01 2.170405065478533402e-01
8.150000000000000000e+03 4.973414568949934278e-01 -6.301324599990678621e-01 6.869291902762597601e-01
7.790000000000000000e+03 -7.276804658545898974e-02 -9.783605684848062367e-01 1.747904578609862369e-01
7.774000000000000000e+03 -7.276804658545898974e-02 -9.783605684848062367e-01 1.747904578609862369e-01
8.132000000000000000e+03 -4.048520167311693285e-01 -5.251772666936922462e-01 4.286753978311566016e-01
8.269000000000000000e+03 -4.048520167311693285e-01 -5.251772666936922462e-01 4.286753978311566016e-01
8.262000000000000000e+03 -3.816996616486107996e-01 -1.968962519677219802e-01 6.858869561146363480e-01
8.260000000000000000e+03 9.618494526561960356e-02 -5.315939663753965760e-01 5.597618012083245276e-01
7.834000000000000000e+03 -1.081737247971382487e+00 -5.999118607165527806e-01 3.338834094084361936e-01
7.987000000000000000e+03 -3.140158618347186348e-01 -9.036973595023454209e-01 8.183252084731833520e-01
8.282000000000000000e+03 -1.785495988852048299e-01 -7.917759587423951473e-01 9.182360525794805994e-01
2.713800000000000000e+04 4.366384845189301700e-01 -7.703986408417300424e-01 8.518398532241562293e-01
8.108000000000000000e+03 -5.802703557407085100e-03 -9.314207749224152622e-01 1.017228593733250364e+00
7.777000000000000000e+03 -5.802703557407085100e-03 -9.314207749224152622e-01 1.017228593733250364e+00
7.943000000000000000e+03 -8.796778454279916559e-01 -4.738467095935625650e-01 1.168154487445164591e+00
7.933000000000000000e+03 -8.796778454279916559e-01 -4.738467095935625650e-01 1.168154487445164591e+00
7.934000000000000000e+03 -4.805274054651889060e-01 1.396450780564997274e-01 3.960510430378363367e-01
8.149000000000000000e+03 8.530034487574837954e-01 2.229603064295133663e-01 4.054971310344726021e-01
8.003000000000000000e+03 1.575642424391723750e+00 -1.093439372415524247e+00 1.758437896199851025e+00
8.177000000000000000e+03 2.298502470738839065e-01 1.835022250073627958e-01 6.299674089452693693e-01
8.145000000000000000e+03 -8.345113586286601048e-02 3.794916435460216064e-01 5.584707130373374184e-01
7.822000000000000000e+03 -8.345113586286601048e-02 3.794916435460216064e-01 5.584707130373374184e-01
7.844000000000000000e+03 -1.592604018442010272e+00 -3.821881601626166969e-01 1.881522370788239584e+00
8.134000000000000000e+03 4.477234678537200807e-02 9.093507937810443309e-01 2.406359132198616635e-01
8.096000000000000000e+03 -8.570350631716010525e-01 8.756637310806887342e-01 2.899517039988808165e-01
8.229000000000000000e+03 -8.570350631716010525e-01 8.756637310806887342e-01 2.899517039988808165e-01
7.885000000000000000e+03 1.266198844057392137e+00 7.829054877184837835e-01 5.262590800418749382e-01
7.857000000000000000e+03 -6.792360584369774301e-01 2.950828153729645464e-02 1.290025527642221448e+00
8.075000000000000000e+03 9.170160332772780976e-01 1.126057059839382646e-01 7.239494303770968031e-01
8.111000000000000000e+03 4.318270686308736117e-01 4.816688588047455255e-01 8.234175712025901817e-01
8.122000000000000000e+03 3.837017154370343519e-01 2.927536043524199272e-01 9.663993613473138566e-01
7.733000000000000000e+03 -1.074645545728436957e+00 7.475327707279078027e-02 8.476024233153438558e-01
7.895000000000000000e+03 -4.747749978538990945e-01 5.748357286170708846e-01 1.063805034982792108e+00
8.291000000000000000e+03 1.056188584024496890e+00 7.975750807310255652e-01 1.162712202422326868e+00
7.935000000000000000e+03 1.428175386002806135e+00 1.180449801960335776e+00 -3.316433871267960853e-01
7.729000000000000000e+03 -5.999118160959682200e-01 1.518333147777504166e+00 8.141409457020643003e-01
8.316000000000000000e+03 2.416308201553505342e-01 -4.354229015756949650e-01 -1.224659334504202945e+00
7.778000000000000000e+03 -7.581978633195518569e-01 -5.758042384265316116e-01 -1.414874842815081024e+00
7.842000000000000000e+03 -5.143445326000630757e-01 6.156544246046280477e-03 -1.161852558049119466e+00
7.979000000000000000e+03 4.059100136802840098e-01 5.102107657976731048e-01 -1.103667892005759654e+00
7.884000000000000000e+03 1.561120813028075816e+00 1.393157964426681161e+00 -1.148897739924834127e+00
7.813000000000000000e+03 -1.095622314946254505e+00 7.720340486365913080e-01 -1.609780788537037211e+00
8.068000000000000000e+03 8.114539132792231158e-02 1.403864004885235772e-01 1.993796065120179151e-01
8.117000000000000000e+03 8.114539132792231158e-02 1.403864004885235772e-01 1.993796065120179151e-01
7.809000000000000000e+03 -3.619821612464946270e-01 -6.821062515559361827e-03 2.962943241462738797e-01
7.758000000000000000e+03 4.239229141604283768e-01 1.630230419002351994e-01 1.824210855526757769e-01
8.271000000000000000e+03 4.239229141604283768e-01 1.630230419002351994e-01 1.824210855526757769e-01
7.912000000000000000e+03 3.896976996374803548e-01 8.018021801136399063e-02 2.989736268980891509e-01
8.281000000000000000e+03 -5.219039798502933536e-02 1.677563713439873538e-01 -9.539499361528669397e-02
8.095000000000000000e+03 1.452173507706575606e-01 1.073533721689976517e-01 -1.269827688201274896e-01
8.066000000000000000e+03 5.905389213003076065e-02 1.052870205212421695e-01 -1.009256921616383806e-01
7.894000000000000000e+03 5.905389213003076065e-02 1.052870205212421695e-01 -1.009256921616383806e-01
7.880000000000000000e+03 -4.677214299328369407e-02 7.564804415711634533e-02 -8.428550353434616227e-02
8.076000000000000000e+03 -4.677214299328369407e-02 7.564804415711634533e-02 -8.428550353434616227e-02
8.144000000000000000e+03 7.865916667044103860e-02 6.789948187945782365e-02 -5.206595087107501740e-02
2.705900000000000000e+04 7.865916667044103860e-02 6.789948187945782365e-02 -5.206595087107501740e-02
7.951000000000000000e+03 -1.016236659228013650e-01 1.063609945802426182e-01 -3.139355361155082846e-02
8.094000000000000000e+03 -1.016236659228013650e-01 1.063609945802426182e-01 -3.139355361155082846e-02
8.259000000000000000e+03 1.401945371141266605e-01 2.006755522618028920e-01 1.401075612114510704e-02
7.835000000000000000e+03 -7.301874799121321757e-02 1.971413044441732154e-01 2.211765887679462139e-02
7.980000000000000000e+03 5.599688892612419977e-02 1.066184575275705981e-01 1.977338087671398625e-02
8.064000000000000000e+03 5.599688892612419977e-02 1.066184575275705981e-01 1.977338087671398625e-02
7.868000000000000000e+03 3.145977404911803887e-02 1.063992105693642998e-01 3.884623898618144722e-02
8.179000000000000000e+03 3.145977404911803887e-02 1.063992105693642998e-01 3.884623898618144722e-02
8.024000000000000000e+03 3.145977404911803887e-02 1.063992105693642998e-01 3.884623898618144722e-02
8.248000000000000000e+03 3.145977404911803887e-02 1.063992105693642998e-01 3.884623898618144722e-02
7.872000000000000000e+03 3.986883509835337236e-02 5.887744768475045021e-02 5.387157540039311243e-02
8.089000000000000000e+03 3.986883509835337236e-02 5.887744768475045021e-02 5.387157540039311243e-02
8.088000000000000000e+03 -9.207140038966343809e-02 8.547089607262137179e-03 2.259451164329817630e-02
7.818000000000000000e+03 -9.207140038966343809e-02 8.547089607262137179e-03 2.259451164329817630e-02
7.761000000000000000e+03 -3.078281015832118328e-02 1.929194344077131973e-01 6.254241162125140363e-02
7.762000000000000000e+03 8.996984281789366378e-02 -3.316754819227440976e-03 -5.163111365120442997e-02
8.137000000000000000e+03 8.996984281789366378e-02 -3.316754819227440976e-03 -5.163111365120442997e-02
8.138000000000000000e+03 6.072360458736625333e-02 8.289637807646954570e-02 1.034429194157411303e-01
7.882000000000000000e+03 6.072360458736625333e-02 8.289637807646954570e-02 1.034429194157411303e-01
7.881000000000000000e+03 -1.148288692215260198e-02 7.826802668132870622e-02 1.149349196013531582e-01
7.814000000000000000e+03 -1.148288692215260198e-02 7.826802668132870622e-02 1.149349196013531582e-01
7.815000000000000000e+03 1.727212514702429758e-01 9.012315386763347647e-02 1.173622879892235460e-01
8.129000000000000000e+03 1.727212514702429758e-01 9.012315386763347647e-02 1.173622879892235460e-01
8.233000000000000000e+03 1.328375523947755710e-01 -3.191794639254297294e-02 -4.291912558031185654e-02
7.819000000000000000e+03 -1.221711368445497214e-01 -2.452824025294120247e-02 8.120813910295510141e-02
8.307000000000000000e+03 1.884191770477485761e-01 7.480802139556885777e-02 6.176151996659484666e-02
8.306000000000000000e+03 1.884191770477485761e-01 7.480802139556885777e-02 6.176151996659484666e-02
8.158000000000000000e+03 2.654364376252829061e-01 2.084396278799616198e-01 -5.085492770076172064e-02
7.785000000000000000e+03 2.146149937471832914e-01 2.035820050405483528e-01 -5.263003046264458362e-02
7.784000000000000000e+03 2.782529649723599618e-01 1.798068305625228902e-01 -3.037669591162028837e-02
8.010000000000000000e+03 4.230249810049429016e-01 1.278462957800421407e-01 3.727914233734708205e-02
8.063000000000000000e+03 3.034988288923230471e-01 7.494982528250204723e-03 5.959555803298144383e-02
7.927000000000000000e+03 1.412180453322449125e-01 -4.759380634528298515e-02 -3.926307395747841156e-02
7.855000000000000000e+03 1.412180453322449125e-01 -4.759380634528298515e-02 -3.926307395747841156e-02
8.165000000000000000e+03 1.999641112519157105e-03 -7.361019783290601026e-02 3.301166890310014423e-02
7.759000000000000000e+03 1.999641112519157105e-03 -7.361019783290601026e-02 3.301166890310014423e-02
7.760000000000000000e+03 7.290181688602359600e-02 -6.662756789783941258e-02 1.024438273615118078e-01
7.846000000000000000e+03 7.290181688602359600e-02 -6.662756789783941258e-02 1.024438273615118078e-01
7.755000000000000000e+03 2.702322405783377235e-01 2.867403130219514651e-01 2.639526047335039038e-02
7.946000000000000000e+03 2.702322405783377235e-01 2.867403130219514651e-01 2.639526047335039038e-02
7.735000000000000000e+03 -3.086591442404085228e-02 2.573965859229083719e-01 1.736049485710182694e-01
7.817000000000000000e+03 2.349742680658266636e-01 3.519294561158865520e-01 2.905525097437617887e-01
8.168000000000000000e+03 -9.643141126734633417e-02 2.168164690189797739e-01 -3.707876049079672498e-01
7.754000000000000000e+03 1.088297039324075399e-01 1.367018710964735817e-01 -1.847111415589779426e-01
8.268000000000000000e+03 9.116088504510599932e-02 1.184545994436909666e-01 -1.809719731530918807e-01
8.234000000000000000e+03 1.296163472761691082e-02 5.688022768373812710e-02 -1.787076042311426249e-01
8.235000000000000000e+03 1.296163472761691082e-02 5.688022768373812710e-02 -1.787076042311426249e-01
7.824000000000000000e+03 3.250926894611083640e-01 8.741927385919012750e-02 -1.970529634079269954e-01
7.825000000000000000e+03 3.250926894611083640e-01 8.741927385919012750e-02 -1.970529634079269954e-01
7.865000000000000000e+03 1.318033540945435789e-01 -3.168938648657473323e-01 -1.824915923403693796e-01
8.121000000000000000e+03 1.318033540945435789e-01 -3.168938648657473323e-01 -1.824915923403693796e-01
7.802000000000000000e+03 1.318033540945435789e-01 -3.168938648657473323e-01 -1.824915923403693796e-01
7.801000000000000000e+03 1.335935661044800327e-01 -1.981021530961477595e-01 -2.000213185242216696e-01
8.160000000000000000e+03 1.615539587857739434e-02 3.661672571601535253e-01 -3.031491946085793643e-01
8.074000000000000000e+03 1.615539587857739434e-02 3.661672571601535253e-01 -3.031491946085793643e-01
8.152000000000000000e+03 2.856563915116794306e-02 2.604737102097196555e-01 -2.588830916749671474e-01
