# star id 	 star_x_coords [pc] 	 star_y_coords [pc] 	 star_z_coords [pc] 
6.473000000000000000e+04 -1.980712644647724119e-01 -1.525031657406792363e+00 -6.328432669963586221e-01
6.163000000000000000e+04 -9.283414400502323360e-01 1.295641906313122149e+00 -6.356210059600604367e-01
6.456800000000000000e+04 -4.563783662776472738e-01 1.262777696797094507e+00 -2.819828636447470060e-01
6.331700000000000000e+04 -3.778919463385932431e-01 -2.027483503284507549e+00 -2.277090090985129933e-01
6.343200000000000000e+04 3.613621746004866964e-01 -7.087198223111954576e-01 -2.079218951479671063e-01
6.536900000000000000e+04 -6.983201896553907773e-01 8.310044797184445997e-02 -2.601689358130858665e-01
1.055000000000000000e+03 -1.567453553630642205e+00 -2.321101094443115187e+00 -1.169689299135354688e-01
6.471800000000000000e+04 1.201389558575144179e+00 1.224495178766922265e+00 -4.447365376401712922e-02
6.335300000000000000e+04 5.004903674863356855e-01 -2.449088460616835050e-01 2.906736004801704354e-01
6.412600000000000000e+04 7.249764218295950968e-01 -1.840639426035217241e+00 3.722711191486611781e-01
6.456600000000000000e+04 -1.592466180307781087e-01 2.903710061968709510e-01 8.527552571889067679e-01
6.410100000000000000e+04 -1.134690775771147742e+00 7.441663396021667154e-01 9.917607522765798933e-01
6.472800000000000000e+04 5.615669203853030922e-01 1.687290485398186490e+00 1.172417895221089523e-01
6.348600000000000000e+04 2.101181123108347037e+00 1.894013290728111087e+00 -2.418308431112832224e-01
