# star id 	 star_x_coords [pc] 	 star_y_coords [pc] 	 star_z_coords [pc] 
4.874300000000000000e+04 -2.043735406224683970e+00 -1.472740134777765775e-01 1.445650807157871753e+00
4.932500000000000000e+04 -2.665212461750186890e+00 -5.126651297501476634e-01 1.690498317968270214e+00
4.876900000000000000e+04 1.207021711486554238e+00 3.890085918312022883e-01 -3.594846888543159480e-01
4.889600000000000000e+04 9.099604982955398214e-01 3.201873498568872378e-01 9.404952940812556506e-01
4.809300000000000000e+04 -9.999972768016149871e-01 1.958593141411887117e+00 -1.460887503164428836e+00
4.880400000000000000e+04 -9.999972768016149871e-01 1.958593141411887117e+00 -1.460887503164428836e+00
4.809500000000000000e+04 1.208284536742262105e+00 -3.094570986617561914e+00 -1.140016825839079928e+00
4.926300000000000000e+04 9.112714689898027132e-01 -2.787569250171726409e+00 -4.446171939201590817e-01
4.808600000000000000e+04 2.988823947461582975e-03 4.706650954700322131e-01 -6.923742010957987247e-01
4.879200000000000000e+04 7.602976159221057628e-01 -4.129785425580001501e-01 -1.647964844835630771e+00
4.903400000000000000e+04 2.070161898732273187e+00 -1.494991777609078198e-01 -1.590191675382030212e+00
4.903000000000000000e+04 2.599407201859982308e+00 1.391315499682344026e-01 -1.028690234050177565e+00
4.884800000000000000e+04 1.443086487841284793e+00 -3.909407124742267925e-01 -7.884152093817853313e-01
4.877900000000000000e+04 -9.321858664794575589e-01 1.755635684653755746e+00 -3.747563246851584040e-01
4.904900000000000000e+04 3.839117601159287574e-01 -2.078506752570946858e+00 3.987976887340849430e-02
4.903700000000000000e+04 5.325352264002418679e-01 -1.221467972193524432e+00 -2.911116785243308414e-01
4.804300000000000000e+04 1.547858945376106021e-01 -7.052572716293337152e-02 2.400182944571831456e-01
4.907900000000000000e+04 -5.352398531935875781e-01 7.729053175990419078e-02 3.508048030823580632e-01
4.801400000000000000e+04 -1.033305090957483685e-01 6.678491152176748713e-01 3.901794715191293506e-01
4.977300000000000000e+04 -9.162074550848018362e-01 1.303412956488479324e+00 7.820885241494295315e-01
4.802400000000000000e+04 -1.327420950407322664e+00 8.574385966156246042e-01 7.730687312922626120e-01
4.816700000000000000e+04 -1.072498834145839908e+00 1.955285330747598138e-01 9.666974763669173853e-01
4.874500000000000000e+04 -2.352598543260668862e-01 4.805418401574739207e-01 1.133299591244441018e+00
4.874200000000000000e+04 3.776983072936133112e-01 1.917646762994618115e-02 1.317941904653380902e+00
4.802500000000000000e+04 -9.250316404208760446e-01 4.725924765443689779e-02 1.395664003743888770e+00
