# star id 	 star_x_coords [pc] 	 star_y_coords [pc] 	 star_z_coords [pc] 
1.625000000000000000e+03 5.248147747546880737e-01 -1.908616320977465364e-01 4.741661691720224781e-01
1.678000000000000000e+03 1.222013964639963035e-01 4.848824913002758308e-01 2.611271955761900188e-01
1.687000000000000000e+03 1.139319660636104459e-01 -3.858034145134192627e-01 5.237111079558331994e-02
3.721800000000000000e+04 1.139319660636104459e-01 -3.858034145134192627e-01 5.237111079558331994e-02
1.755000000000000000e+03 -1.528487649306171647e-01 -3.613163045474721002e-02 1.427272246440942638e-01
1.754000000000000000e+03 -1.528487649306171647e-01 -3.613163045474721002e-02 1.427272246440942638e-01
1.613000000000000000e+03 -5.636006681548622055e-02 -2.688621765504528582e-02 1.455120556798306097e-01
1.612000000000000000e+03 -5.636006681548622055e-02 -2.688621765504528582e-02 1.455120556798306097e-01
1.416000000000000000e+03 3.743097836989406346e-02 -8.362138952848496842e-02 1.654325063058763590e-01
1.417000000000000000e+03 3.743097836989406346e-02 -8.362138952848496842e-02 1.654325063058763590e-01
1.581000000000000000e+03 -6.096205352493200280e-02 -7.891832601385928569e-02 3.803243321754798956e-01
1.582000000000000000e+03 -5.136965756667066785e-02 -5.040125310437559847e-02 4.041878503269309419e-01
1.495000000000000000e+03 -5.136965756667066785e-02 -5.040125310437559847e-02 4.041878503269309419e-01
1.518000000000000000e+03 1.394346957290331090e-01 -7.402343128518573678e-02 -4.507759478965667199e-02
1.589000000000000000e+03 1.394346957290331090e-01 -7.402343128518573678e-02 -4.507759478965667199e-02
1.588000000000000000e+03 2.880774672847365991e-01 7.828271063372582717e-02 -4.823509786424651224e-02
1.501000000000000000e+03 2.880774672847365991e-01 7.828271063372582717e-02 -4.823509786424651224e-02
1.500000000000000000e+03 1.450318743983807224e-01 -4.917093239653347325e-02 7.000989097942778017e-03
1.638000000000000000e+03 1.704673596185095619e-01 3.117508983147310175e-02 -1.403818909462728470e-03
1.473000000000000000e+03 1.704673596185095619e-01 3.117508983147310175e-02 -1.403818909462728470e-03
1.396000000000000000e+03 1.026055636721743269e-01 -7.175858669610413187e-02 -4.127404330449735426e-02
1.767000000000000000e+03 1.026055636721743269e-01 -7.175858669610413187e-02 -4.127404330449735426e-02
1.768000000000000000e+03 1.026055636721743269e-01 -7.175858669610413187e-02 -4.127404330449735426e-02
1.434000000000000000e+03 6.407454415603552889e-02 1.069197852562098205e-03 1.019914108273383135e-01
1.435000000000000000e+03 6.407454415603552889e-02 1.069197852562098205e-03 1.019914108273383135e-01
1.758000000000000000e+03 6.748572310400291485e-02 -9.192805735890274832e-02 1.338068922981285880e-01
1.549000000000000000e+03 6.084203717309932813e-02 3.402415382128154420e-03 -9.218811834407603101e-02
1.550000000000000000e+03 6.084203717309932813e-02 3.402415382128154420e-03 -9.218811834407603101e-02
1.398000000000000000e+03 -1.950074878514271859e-01 2.081518031695139825e-02 -6.391620122222363420e-02
1.692000000000000000e+03 -1.950074878514271859e-01 2.081518031695139825e-02 -6.391620122222363420e-02
1.691000000000000000e+03 -1.950074878514271859e-01 2.081518031695139825e-02 -6.391620122222363420e-02
1.472000000000000000e+03 2.183492713247403572e-02 -3.225323544305780388e-02 -1.151983808592937919e-01
1.430000000000000000e+03 2.183492713247403572e-02 -3.225323544305780388e-02 -1.151983808592937919e-01
1.429000000000000000e+03 2.183492713247403572e-02 -3.225323544305780388e-02 -1.151983808592937919e-01
1.516000000000000000e+03 2.464638049187328761e-02 9.912282797282401248e-03 -6.249910662082669432e-02
1.514000000000000000e+03 2.464638049187328761e-02 9.912282797282401248e-03 -6.249910662082669432e-02
1.515000000000000000e+03 -1.486006060780198368e-04 1.104365337000050573e-01 -7.544675405709000415e-02
1.693000000000000000e+03 -1.486006060780198368e-04 1.104365337000050573e-01 -7.544675405709000415e-02
1.694000000000000000e+03 1.827469763026101646e-02 -4.256579791503511956e-02 -7.986148678613957941e-02
1.624000000000000000e+03 1.827469763026101646e-02 -4.256579791503511956e-02 -7.986148678613957941e-02
1.502000000000000000e+03 1.827469763026101646e-02 -4.256579791503511956e-02 -7.986148678613957941e-02
1.587000000000000000e+03 1.827469763026101646e-02 -4.256579791503511956e-02 -7.986148678613957941e-02
1.517000000000000000e+03 -2.905820826232030640e-03 -6.323394038633800562e-02 -7.526867306995654872e-02
1.637000000000000000e+03 -2.905820826232030640e-03 -6.323394038633800562e-02 -7.526867306995654872e-02
1.566000000000000000e+03 4.082358822593334935e-02 5.724356081276837926e-02 -3.205572471094697562e-02
1.650000000000000000e+03 4.082358822593334935e-02 5.724356081276837926e-02 -3.205572471094697562e-02
1.558000000000000000e+03 4.082358822593334935e-02 5.724356081276837926e-02 -3.205572471094697562e-02
1.584000000000000000e+03 -1.362849787834683468e-01 9.059687214284295464e-03 -1.691785046016036631e-02
1.761000000000000000e+03 -1.362849787834683468e-01 9.059687214284295464e-03 -1.691785046016036631e-02
1.397000000000000000e+03 -9.995875859642211481e-02 1.490377154990234487e-01 -1.811794210595962795e-02
1.572000000000000000e+03 -9.995875859642211481e-02 1.490377154990234487e-01 -1.811794210595962795e-02
1.585000000000000000e+03 2.796163893667369393e-02 -1.168248417092954128e-02 -1.765425761817951411e-02
1.556000000000000000e+03 2.796163893667369393e-02 -1.168248417092954128e-02 -1.765425761817951411e-02
1.594000000000000000e+03 1.546940891402570628e-02 -5.040814078901512119e-02 -1.763514703911184256e-02
1.555000000000000000e+03 1.546940891402570628e-02 -5.040814078901512119e-02 -1.763514703911184256e-02
1.483000000000000000e+03 -6.447694499187051065e-02 1.593640541342526973e-01 -2.895341865446710017e-02
1.461000000000000000e+03 -1.766026340538147110e-01 -5.032313362530516088e-03 -1.253141863309963355e-01
1.595000000000000000e+03 -1.766026340538147110e-01 -5.032313362530516088e-03 -1.253141863309963355e-01
1.675000000000000000e+03 -4.641004030420603499e-02 -9.248074714093945659e-02 3.676109125431636926e-02
1.676000000000000000e+03 -4.641004030420603499e-02 -9.248074714093945659e-02 3.676109125431636926e-02
1.617000000000000000e+03 3.065212311661014155e-02 -3.689631642127721989e-02 4.513298076062710606e-02
1.615000000000000000e+03 4.264393089286144800e-02 -9.537721662761633468e-02 -4.722925718660420102e-02
1.616000000000000000e+03 4.264393089286144800e-02 -9.537721662761633468e-02 -4.722925718660420102e-02
1.486000000000000000e+03 -1.249251632479975171e-01 -4.946372105569629696e-02 8.795908605008051495e-02
1.498000000000000000e+03 -1.249251632479975171e-01 -4.946372105569629696e-02 8.795908605008051495e-02
1.497000000000000000e+03 -5.550501310319333470e-02 1.587812819446021706e-02 1.334376824952165919e-01
1.496000000000000000e+03 -2.046137256077429356e-01 1.639212450895275452e-01 1.367127983759104382e-01
1.688000000000000000e+03 -2.046137256077429356e-01 1.639212450895275452e-01 1.367127983759104382e-01
1.651000000000000000e+03 -2.046137256077429356e-01 1.639212450895275452e-01 1.367127983759104382e-01
1.565000000000000000e+03 7.229000316242562008e-02 3.807102089940546108e-01 1.153986675710534371e-01
1.583000000000000000e+03 7.229000316242562008e-02 3.807102089940546108e-01 1.153986675710534371e-01
1.557000000000000000e+03 7.229000316242562008e-02 3.807102089940546108e-01 1.153986675710534371e-01
1.541000000000000000e+03 1.405510992937237802e-01 -1.841684495844457814e-01 1.168337955996854305e-01
1.626000000000000000e+03 1.405510992937237802e-01 -1.841684495844457814e-01 1.168337955996854305e-01
1.569000000000000000e+03 -2.883752864697548546e-01 -1.154185964699951938e-01 -7.806377621727378369e-02
1.568000000000000000e+03 -2.883752864697548546e-01 -1.154185964699951938e-01 -7.806377621727378369e-02
1.391000000000000000e+03 -2.883752864697548546e-01 -1.154185964699951938e-01 -7.806377621727378369e-02
1.392000000000000000e+03 -3.205990756836385458e-02 -2.058078011109643057e-01 -1.006033040609963791e-01
1.627000000000000000e+03 -3.205990756836385458e-02 -2.058078011109643057e-01 -1.006033040609963791e-01
1.628000000000000000e+03 -1.870248209409979268e-01 1.654740765543394332e-03 -2.921149568021412790e-01
1.539000000000000000e+03 -1.870248209409979268e-01 1.654740765543394332e-03 -2.921149568021412790e-01
1.538000000000000000e+03 -6.774067296930041948e-02 1.514079282979512442e-01 -2.112333940020612033e-01
1.540000000000000000e+03 -6.774067296930041948e-02 1.514079282979512442e-01 -2.112333940020612033e-01
1.762000000000000000e+03 -1.826300589245413164e-01 1.356924209221119781e-01 -1.770529513106886554e-01
1.407000000000000000e+03 -1.826300589245413164e-01 1.356924209221119781e-01 -1.770529513106886554e-01
1.460000000000000000e+03 -1.924568457436492963e-02 1.708258394258361790e-01 -1.747640536829599966e-01
1.485000000000000000e+03 -1.924568457436492963e-02 1.708258394258361790e-01 -1.747640536829599966e-01
1.456000000000000000e+03 -2.187494537852110454e-01 8.078293195385732872e-02 -1.496041330142432457e-01
1.593000000000000000e+03 -2.187494537852110454e-01 8.078293195385732872e-02 -1.496041330142432457e-01
1.424000000000000000e+03 -2.081486473349798416e-01 2.698386380204489399e-01 -1.537053428376218278e-01
1.591000000000000000e+03 4.347932751047878241e-02 -1.281323333720525426e-01 -1.508578112435294827e-01
1.590000000000000000e+03 4.347932751047878241e-02 -1.281323333720525426e-01 -1.508578112435294827e-01
1.592000000000000000e+03 4.478951685416170392e-01 2.631065258636429149e-01 5.920403245453442764e-02
1.457000000000000000e+03 5.508742617074418035e-01 -2.824904185704220083e-01 2.669894658111076069e-01
1.425000000000000000e+03 5.508742617074418035e-01 -2.824904185704220083e-01 2.669894658111076069e-01
