# star id 	 star_x_coords [pc] 	 star_y_coords [pc] 	 star_z_coords [pc] 
1.651400000000000000e+04 6.604666235657781215e-01 -1.065394175530537169e+00 -3.068775594665864581e+00
3.667100000000000000e+04 -5.805172007086030206e-01 -1.120439413497919645e+00 -2.727510851117887825e+00
3.809500000000000000e+04 -5.805172007086030206e-01 -1.120439413497919645e+00 -2.727510851117887825e+00
4.692400000000000000e+04 -3.957143317473654776e-01 -1.715979819074266999e-01 -1.106119348923063406e+00
3.446400000000000000e+04 -1.195170360359865569e+00 -1.580954724552476875e-01 -1.976886042862043169e+00
3.352700000000000000e+04 -1.225619249208147465e-01 -1.414961494546057352e+00 1.239979008039194142e+00
1.523700000000000000e+04 7.378582334910994689e-01 -1.517525957435482908e+00 1.743652529046461952e+00
1.523800000000000000e+04 -4.546175709059374626e-01 -6.801680641360388080e-01 8.763880953033234000e-01
3.271600000000000000e+04 -4.546175709059374626e-01 -6.801680641360388080e-01 8.763880953033234000e-01
3.390200000000000000e+04 -1.095193138450267334e+00 3.795410337041094095e-01 1.689865798224378546e+00
2.162000000000000000e+04 -1.095193138450267334e+00 3.795410337041094095e-01 1.689865798224378546e+00
3.575900000000000000e+04 -4.819795436504863417e-01 3.706506263631883513e-01 -4.616929500554141086e-01
3.276400000000000000e+04 1.200088571447322394e+00 1.069987603488597117e+00 -1.386835609225705035e-01
3.276500000000000000e+04 1.200088571447322394e+00 1.069987603488597117e+00 -1.386835609225705035e-01
6.177000000000000000e+03 3.219482550093299977e-01 1.930442616133252187e-01 1.429526277180133143e-01
3.410400000000000000e+04 1.232096018604314835e+00 8.066475666731314220e-01 2.552687931525556841e-01
3.299400000000000000e+04 -8.437011432817014267e-01 8.326195849950757122e-01 7.608976044210771228e-01
3.299300000000000000e+04 4.288309714724292121e-02 6.926126037104189948e-01 7.627790204500710658e-01
6.176000000000000000e+03 3.042285224848964020e-01 4.604273330790000784e-01 1.659859516531716261e+00
1.800900000000000000e+04 1.600125239601849714e+00 1.673730797072616738e+00 6.479658894495639032e-01
