# star id 	 star_x_coords [pc] 	 star_y_coords [pc] 	 star_z_coords [pc] 
1.795200000000000000e+04 -2.016300263619294597e+00 7.921717316707095335e-01 -6.047703057222939549e-01
1.814100000000000000e+04 -1.529166644133107766e+00 2.991292451896967464e-01 -9.781596534785848007e-01
1.715100000000000000e+04 -2.208411949427093290e+00 -2.255061947522953858e-01 -3.493297759609230724e-01
1.813300000000000000e+04 -2.359549916431564753e+00 8.080191313694413680e-01 4.202208622627345846e-01
1.807000000000000000e+04 -6.521568118540121972e-01 -1.474682029182829979e-01 4.565768503747236196e-01
1.715600000000000000e+04 7.557697059970003295e-02 1.156980299516426669e+00 -1.213737993109898383e+00
1.800300000000000000e+04 7.820425707003071381e-01 1.146069755968539994e+00 -1.098295151426182059e+00
1.715400000000000000e+04 7.336736331764539543e-01 4.660803087378404541e-01 -6.928024668403249819e-01
1.814000000000000000e+04 4.246241885279946615e-01 4.167843317676762638e-01 -1.188656359158866138e+00
1.796400000000000000e+04 -2.099150662032975845e-01 5.161311959315355580e-01 -4.250272980159106595e-01
1.796600000000000000e+04 3.927374690465512685e-01 6.764659597073361397e-01 -3.705623491702247918e-01
1.807700000000000000e+04 6.047659458128151755e-01 1.238654415899791417e+00 -2.340910312703332607e-01
1.796000000000000000e+04 -1.382367560624508940e-01 6.417735482068351871e-01 -1.239275391679406368e-01
1.796900000000000000e+04 -1.458770882500282084e-01 2.425757543366984237e-01 2.603611219580415082e-04
1.796100000000000000e+04 5.629435574809482645e-01 6.411827269050363043e-02 2.629801908932449805e-02
1.795300000000000000e+04 2.310964251002651793e-01 9.829531104557531762e-03 5.242737168481959031e-02
1.718000000000000000e+04 5.962497789187155561e-01 1.117099550643594341e+00 -4.631859397126980582e-01
1.807800000000000000e+04 -4.456727001052405157e-01 7.823277718077008558e-01 1.121782323051103702e-01
8.436000000000000000e+03 1.608742227351704912e-01 -1.148301404363571976e-01 -3.072981568069721448e-02
1.807600000000000000e+04 2.045428667386692823e-01 -1.416390963378972856e-01 1.947957466560588102e-01
1.795900000000000000e+04 1.145201873905996592e-01 -1.818606976809427067e-01 1.160274740679927419e-01
1.800500000000000000e+04 2.947404049860686825e-01 -2.346896715212309914e-01 1.148325593338039852e-01
1.795100000000000000e+04 5.015450833016101839e-01 -3.629159964487023160e-01 1.364671781659616556e-01
1.807900000000000000e+04 1.972662446491657562e-01 -8.235096492251123834e-01 -6.322482769580215489e-01
1.813600000000000000e+04 8.037623928221471203e-01 -5.367779099007812249e-01 -2.348194184819405450e-01
1.812800000000000000e+04 1.406889227734174241e+00 -7.112813006384435255e-01 -1.556327304506304188e-01
1.714500000000000000e+04 6.439720997099174227e-01 -4.535995717791401205e-01 1.095356153910955754e-01
1.813100000000000000e+04 -5.095394405237962943e-01 -6.126629048985421377e-01 -2.867595619919161010e-01
1.807100000000000000e+04 6.548757580983091131e-01 -1.687730174040268594e+00 5.137318589769179766e-01
1.796300000000000000e+04 4.673960949430648881e-01 1.407268823956883352e+00 5.562899780000201133e-01
1.795600000000000000e+04 4.953396386912185534e-01 3.032543370578331121e-01 1.078941900451944491e+00
1.812200000000000000e+04 -1.005108968621222232e-01 -3.665601918578609286e-01 9.496105729838770770e-01
1.794900000000000000e+04 -3.243662060707919181e-04 -3.722435352168496081e-01 6.948561343360299958e-01
1.813700000000000000e+04 1.520476146888629643e-01 -2.184998888835981035e+00 6.606968315382353296e-01
1.794800000000000000e+04 1.234140854007570454e-01 -9.440587760306584642e-01 5.737887380896129486e-01
1.713400000000000000e+04 4.822060075764449394e-01 -6.764205043930004990e-01 7.339618313809310735e-01
1.796200000000000000e+04 3.769168110445955122e-01 -1.097061857156031550e+00 8.757424758706271462e-01
1.807500000000000000e+04 5.540343654197963374e-01 -1.196087724680761966e+00 1.145137195503089345e+00
1.815600000000000000e+04 -7.903223189487880163e-01 -4.531100070199371999e-01 6.836999876930089926e-01
1.795000000000000000e+04 5.407241172171648458e-01 2.308547136349226037e+00 5.107391975316595278e-01
1.807200000000000000e+04 -1.548237102830929857e+00 -1.016414082678817721e+00 -1.772721098832732878e+00
