# star id 	 star_x_coords [pc] 	 star_y_coords [pc] 	 star_z_coords [pc] 
3.729000000000000000e+03 1.430146389554331599e+00 2.980634977421398601e-01 -2.091022796341423629e+00
3.731000000000000000e+03 -6.961993494743650146e-01 5.000899228703594712e-01 -7.169896415615681917e-01
3.730000000000000000e+03 -3.083553996258654450e-01 -2.719384425992004140e-01 -2.726609459077131703e-01
3.732000000000000000e+03 -1.507584790773101702e+00 6.500082590126400328e-01 -7.956660484253568200e-01
1.176800000000000000e+04 7.210670843552398068e-01 2.137587340184535778e-01 -9.739662908632382710e-01
1.364600000000000000e+04 5.204165702562502105e-02 -5.139659296007448308e-01 1.034030352210496773e+00
1.210300000000000000e+04 5.204165702562502105e-02 -5.139659296007448308e-01 1.034030352210496773e+00
9.503000000000000000e+03 5.204165702562502105e-02 -5.139659296007448308e-01 1.034030352210496773e+00
9.000000000000000000e+03 5.204165702562502105e-02 -5.139659296007448308e-01 1.034030352210496773e+00
3.728000000000000000e+03 5.204165702562502105e-02 -5.139659296007448308e-01 1.034030352210496773e+00
2.129700000000000000e+04 1.007177788237685334e-01 1.179847675810800967e+00 -3.198460438029862019e-01
