# star id 	 star_x_coords [pc] 	 star_y_coords [pc] 	 star_z_coords [pc] 
4.948600000000000000e+04 5.996636275349942480e-02 -1.045412826081744129e-01 -2.060099412421649845e-01
4.949100000000000000e+04 5.996636275349942480e-02 -1.045412826081744129e-01 -2.060099412421649845e-01
4.948500000000000000e+04 -1.824644110604580760e-01 -8.844895424020293717e-02 -1.473499545511565145e-01
4.948400000000000000e+04 4.050946210467714081e-01 4.727140129881135522e-02 5.740900122255254701e-03
4.954600000000000000e+04 2.199776567003155492e-01 -1.346726642773710125e-01 8.080825826056781125e-02
4.949200000000000000e+04 -1.640126460856805579e-01 -8.043933120578827811e-03 1.522339745005751865e-01
4.951300000000000000e+04 -1.717444143895718867e-01 5.768067719756686529e-03 2.612741400243407952e-01
4.951000000000000000e+04 -3.123270603172940696e-01 -1.781243577606161921e-02 2.635568148358657936e-01
4.951600000000000000e+04 4.333448351836395318e-01 2.123797274253504952e-01 1.543300144161889875e-01
4.951500000000000000e+04 -3.728290327409027327e-01 9.026710011568184200e-02 3.133526118384040160e-01
4.952600000000000000e+04 2.523655645267552927e-02 5.183494250532660885e-02 -3.244899793459978810e-01
4.949400000000000000e+04 2.523655645267552927e-02 5.183494250532660885e-02 -3.244899793459978810e-01
