# star id 	 star_x_coords [pc] 	 star_y_coords [pc] 	 star_z_coords [pc] 
4.116200000000000000e+04 1.132774195019770502e+00 -4.257360248930339708e-01 -9.258150426908535735e-01
4.407600000000000000e+04 5.127425777289431608e-01 -1.192944082779789028e+00 -7.646608492981563643e-01
7.535000000000000000e+03 1.350688013384200303e-01 -1.544084593421402474e+00 -3.072792806372639518e-01
7.536000000000000000e+03 1.014850964484992346e-01 8.684562642028090806e-01 -3.103426438298129142e-01
4.407200000000000000e+04 -4.419916146550093572e-01 -3.598861520194418517e-01 -1.479143472274841997e-01
5.050100000000000000e+04 -4.419916146550093572e-01 -3.598861520194418517e-01 -1.479143472274841997e-01
7.547000000000000000e+03 -2.339060499712388719e-01 -1.280353466442136323e+00 -6.212338871773006588e-01
4.431100000000000000e+04 4.793476106586851415e-01 8.276965632971311493e-01 -1.425718778852385071e-01
7.584000000000000000e+03 3.028577918930608348e-02 -6.461624477097558383e-01 6.199185973243004355e-02
4.245300000000000000e+04 1.737212613267594463e+00 5.718115517494126721e-01 -1.697834903169916032e+00
4.404600000000000000e+04 -7.991120433493961173e-01 2.181217842351941272e-01 6.239714375471550056e-03
7.516000000000000000e+03 -3.987126551866140289e-01 3.650013257768165431e-01 4.504543774364009323e-01
5.351000000000000000e+03 -3.987126551866140289e-01 3.650013257768165431e-01 4.504543774364009323e-01
7.548000000000000000e+03 -1.098188817320519206e+00 9.314828888994064471e-01 1.481010435803753467e-02
7.655000000000000000e+03 3.951510578967329934e-01 5.538522592145653789e-01 1.074734013587892889e+00
7.552000000000000000e+03 6.847737185119484593e-02 7.968097552210267054e-01 1.289067366078803900e+00
7.517000000000000000e+03 -6.911394271475117534e-01 2.865834433793210678e-01 1.717122064540280491e+00
