# star id 	 star_x_coords [pc] 	 star_y_coords [pc] 	 star_z_coords [pc] 
5.626400000000000000e+04 -1.467148964587776661e-01 7.706463095994724455e-01 -8.961678538894908286e-01
5.626000000000000000e+04 2.674731976073969619e-01 3.881268073227435167e-01 -3.403925956915063722e-01
5.626500000000000000e+04 6.151757442118821473e-06 1.609419551284041461e-02 -4.235537607486605793e-02
5.843500000000000000e+04 -1.340815129094020008e+00 4.795671033237525194e-01 -4.101025775679776331e-01
5.880400000000000000e+04 5.194559649775438714e-01 -9.098504589369440509e-01 5.479555223498149275e-01
5.854600000000000000e+04 1.283558592076262883e+00 -5.705195409233319026e-01 8.350107495911984756e-01
5.841000000000000000e+04 -2.189071991984175014e-01 -5.752865618302109851e-01 1.063930714088622054e+00
3.256800000000000000e+04 4.635582211846918099e-01 -1.083828103697666023e+00 3.352795323807171712e-01
2.134700000000000000e+04 -8.276149054289838602e-01 1.485050249112259024e+00 -1.093158110491820878e+00
