# star id 	 star_x_coords [pc] 	 star_y_coords [pc] 	 star_z_coords [pc] 
8.287000000000000000e+03 7.402849095838863747e-01 1.024103216199951927e+00 -1.917643861946775274e+00
1.790000000000000000e+04 2.388323727956915832e-01 1.585257327277250106e+00 -9.616096637942419534e-01
2.166500000000000000e+04 4.442432593647183126e-01 1.274729809340043651e+00 6.119776789616295787e-01
2.166400000000000000e+04 -1.459419556962418874e+00 1.523420875895823645e+00 -2.963127565342524861e-01
2.161500000000000000e+04 -1.459419556962418874e+00 1.523420875895823645e+00 -2.963127565342524861e-01
9.461000000000000000e+03 -8.839346260323814874e-01 4.518696388296466471e-01 1.199068083909402560e-01
3.466900000000000000e+04 -4.063532367716717886e-01 1.770759831150671593e+00 6.376098086811410326e-02
2.862900000000000000e+04 -1.984900778854207459e+00 2.894880919632000227e-01 1.941998222561736043e-01
3.574100000000000000e+04 -7.317276093716440499e-01 2.067111505229101809e+00 1.844124514079830135e-01
2.302700000000000000e+04 -9.325177043277150801e-01 1.960694592735277020e-01 8.773944276881664450e-01
9.017000000000000000e+03 -2.222434825832297456e+00 5.748894349803396198e-01 1.046409451567175353e+00
3.332300000000000000e+04 7.758686818807678520e-01 5.398241921420183775e-01 1.069672328399548178e+00
2.248000000000000000e+04 1.783013823214526283e+00 5.575388962952848582e-01 1.708301437348126228e+00
1.422900000000000000e+04 9.642618692065649810e-01 -2.722697104501126120e+00 1.403710502967818741e-01
2.256800000000000000e+04 1.081703148436144346e+00 -2.478751685428117746e+00 4.885816163496805586e-01
1.422700000000000000e+04 7.126797469487868852e-01 -2.309299525553899279e+00 5.374856139506434261e-02
3.654300000000000000e+04 1.256073014670622712e+00 -2.567425688110342996e-01 -1.036961212938336985e+00
6.091000000000000000e+03 1.031569781315935685e+00 -7.303187694016120002e-01 -8.951716280025223682e-01
2.265600000000000000e+04 1.031569781315935685e+00 -7.303187694016120002e-01 -8.951716280025223682e-01
2.293100000000000000e+04 1.031569781315935685e+00 -7.303187694016120002e-01 -8.951716280025223682e-01
3.686300000000000000e+04 4.718794358522391263e-01 -1.395887424097523422e+00 1.037025061178162844e-01
3.840700000000000000e+04 6.876129083989734880e-01 -9.450772944326824021e-02 4.093264826569722459e-01
1.422800000000000000e+04 -5.512364593843663840e-01 -9.698063398753515862e-01 -2.111615775417128305e-01
2.317200000000000000e+04 -1.619218147370546035e+00 -9.598344563835883303e-01 3.337511239827399834e-01
