# star id 	 star_x_coords [pc] 	 star_y_coords [pc] 	 star_z_coords [pc] 
2.551500000000000000e+04 -1.429258874616126107e+00 1.779229785443664724e+00 1.314951069100544601e+00
2.549700000000000000e+04 -1.869389692185009721e+00 -1.403889392247521073e+00 -1.299289727820330143e+00
2.551200000000000000e+04 -9.564110243547077062e-01 -1.523581137580638512e+00 2.945058078323370410e-01
2.553500000000000000e+04 -1.043822644965679558e+00 -1.425986020324096160e+00 2.750657032430368076e-01
2.551400000000000000e+04 1.052574688509990253e+00 -1.935284154957148672e+00 2.462498509200941044e-01
2.550800000000000000e+04 1.914673546825642170e+00 -6.656927119486155675e-02 2.057941959875364546e-01
2.551900000000000000e+04 -2.485677383957956010e-01 2.010170680413523314e-01 1.317739230458343513e-01
2.552200000000000000e+04 7.222087818344702370e-01 -3.111509876485030190e-02 -3.017296239223483667e-01
2.553300000000000000e+04 4.989838800998267487e-01 4.553869471984839379e-02 -1.234331170378197839e-01
2.552000000000000000e+04 2.891361449790075255e-01 3.635573173243287215e-01 -9.990357449113673738e-02
2.550600000000000000e+04 3.032970600146178697e-01 3.743731470611173506e-01 -9.201863889950345765e-02
2.555900000000000000e+04 5.701578343768600732e-01 4.659371627512669534e-01 -7.000102153767784330e-02
2.551600000000000000e+04 3.760295450501773828e-01 3.547836630004681524e-01 6.724478230417219038e-03
2.554300000000000000e+04 4.150107582626842984e-01 2.719920390994801096e-01 7.689405029669416081e-02
2.550400000000000000e+04 3.460874025619755656e-01 3.173226610959822835e-01 1.412070628838861808e-01
2.549500000000000000e+04 4.254638439393145788e-01 3.685630034105997765e-01 1.714913261028883085e-01
2.552500000000000000e+04 2.015490494092713192e-01 5.620852987319580052e-01 1.688499643562693109e-01
2.551700000000000000e+04 4.870470816166960759e-01 4.340756129488632098e-01 1.829201424803557074e-01
2.550700000000000000e+04 3.967756339495984719e-01 4.384567341686569364e-01 1.800031138198860958e-01
2.550200000000000000e+04 1.790795659297117481e-02 7.433207541139417174e-01 -3.588332148599207017e-01
2.551100000000000000e+04 5.145682900448127484e-01 1.473291830621867859e-01 5.745891586447271493e-01
2.550300000000000000e+04 2.640755464621200588e-01 2.709989935292469454e-01 6.649178889478974952e-01
2.550900000000000000e+04 8.666790114636864217e-01 -6.988986930988616564e-02 -6.655934767908178173e-02
2.551300000000000000e+04 9.230099032341794185e-01 2.074435103156346827e-01 2.104413501535233877e-01
4.083000000000000000e+03 1.756075994844491284e+00 -7.986723432902564923e-02 6.810442194511381331e-01
2.552300000000000000e+04 4.956151534173125484e-01 8.169315500862452950e-01 -1.851109368589618498e-01
2.553600000000000000e+04 -1.565884844308165214e-01 1.024696794245322451e+00 -1.235252702429932015e-01
2.551800000000000000e+04 -7.305620462922313152e-02 -1.554327387600480392e-01 7.410766206092418429e-01
2.618000000000000000e+03 -1.125718805627288432e+00 -5.824220224263285672e-01 -1.069643964431179484e+00
1.207000000000000000e+04 -1.072475890017049238e+00 -5.813988645102412534e-01 -8.243196508530132860e-01
2.552400000000000000e+04 1.435527999359277551e+00 -7.006635077184846239e-01 -1.042281666013380459e+00
2.800000000000000000e+03 -5.359788503965159379e-01 -5.968934618734067499e-02 -1.509063617300654414e-01
2.550500000000000000e+04 -1.038525463852190356e+00 2.579243208670867205e-01 -1.422785833878137396e-01
2.551000000000000000e+04 -8.439624964375038729e-01 3.845391997401677031e-01 1.048859788188352127e-01
2.548900000000000000e+04 5.460346851096575804e-01 -1.113888455684861611e+00 3.332915838447547685e-01
2.555800000000000000e+04 -6.939370182679844845e-01 -1.134750290101145254e+00 -3.218677622273986572e-01
1.191900000000000000e+04 -4.265598526194178675e-01 1.706977040188903061e+00 -2.257304195720237772e-01
2.552700000000000000e+04 -8.778317564940198992e-01 8.489195066138783830e-01 6.094239789137958496e-01
2.552100000000000000e+04 -2.919237010676273059e+00 -1.885517418628531061e+00 -6.987803234501583916e-01
