# star id 	 star_x_coords [pc] 	 star_y_coords [pc] 	 star_z_coords [pc] 
4.572200000000000000e+04 -2.336877282373954756e-01 5.260030017175598260e+00 1.916093141051351978e+00
4.568400000000000000e+04 4.181999677500947143e-02 5.302216111617388705e+00 2.389680180618842797e+00
4.571000000000000000e+04 -1.947073082675540689e+00 3.583310178203843677e+00 -3.793690249754043009e+00
4.567800000000000000e+04 -1.165432419097877315e+00 2.656565360716072632e+00 -1.520656985747820045e+00
4.568900000000000000e+04 -1.976800689522361765e+00 4.110701403279925614e+00 -2.760067901503628462e+00
4.563900000000000000e+04 -1.121058241977468839e+00 2.877335480174492588e+00 -2.494830683132956750e+00
4.586000000000000000e+04 -1.320870524901081922e+00 3.447208759179391180e+00 -1.968736558109004164e+00
4.577000000000000000e+04 -7.977752478536004332e-01 3.430962692363889843e+00 -1.120116776575699191e+00
4.571900000000000000e+04 1.609927309954562347e+00 2.951853905800648548e+00 -2.090574044382478291e-01
4.583600000000000000e+04 -4.532681374189078127e-01 3.105222479347897746e+00 -3.711250142558242260e-03
2.402300000000000000e+04 7.680648885014189631e-01 2.692193945657848531e+00 -1.652383242261059593e-01
4.569800000000000000e+04 1.271646308466186426e+00 3.410773808632546533e+00 2.072430365702615518e-02
4.551000000000000000e+04 1.134779233325271974e+00 4.338067133858109159e+00 2.505764216893169305e-01
4.558400000000000000e+04 2.165574561421585997e-01 4.747673438536216040e+00 9.114145131099959940e-01
4.575800000000000000e+04 -8.446315134173332240e-02 3.864434066498214193e+00 1.180614836304716420e+00
4.574200000000000000e+04 -8.278628372838099381e-01 4.145803385629507787e+00 9.130074616760097683e-01
4.596800000000000000e+04 -1.204699398925624720e+00 -4.453995482425089136e+00 6.372659072841067029e-01
4.580800000000000000e+04 3.331708117732592456e-01 -2.648638414771330218e+00 2.237856470474071102e-01
4.571400000000000000e+04 1.030712434528101795e+00 -2.688775975541865648e+00 8.386523618937751223e-01
4.564000000000000000e+04 1.057738110449186308e+00 -2.813556191966256392e+00 1.092478797116942957e+00
4.574400000000000000e+04 -5.717823971316455811e-01 -4.626648935948200148e+00 1.313530811057237457e+00
3.245300000000000000e+04 -3.907380266386635270e-01 -3.763874628687972290e+00 1.249630929350178832e+00
4.548000000000000000e+04 -8.382907358013724775e-03 -3.333547626152139287e+00 1.466687609735956244e+00
1.121300000000000000e+04 6.885777141062945361e-01 -4.041314436190919679e+00 1.747021090699480084e+00
4.582900000000000000e+04 7.425732926964219160e-01 -2.711005380179127400e+00 1.712609403333669178e+00
1.413900000000000000e+04 2.047040865793238851e+00 -1.663460394111762497e+00 1.537172260695385262e-02
4.596000000000000000e+04 -1.189665347428274345e+00 -8.779131480308066671e-01 3.132363797339792200e-01
4.569200000000000000e+04 -1.916901020264811351e+00 -1.058655377328282299e+00 3.391592034405412903e-01
4.569300000000000000e+04 -1.825654958188373200e+00 7.756545660328306724e-02 6.329476850401363208e-01
4.572800000000000000e+04 -1.377684230583616554e+00 -2.313250845346992435e-01 2.068991262174805001e+00
2.398400000000000000e+04 -8.392483715191989546e-01 -7.401821679904934115e-01 -2.468877523008501385e-01
4.574900000000000000e+04 1.163188634205178928e+00 -9.681629013576120713e-01 -2.711925508739376767e-01
3.245800000000000000e+04 2.620384317493051896e-01 -7.695052015076697671e-01 -1.966780530244740532e-01
4.583800000000000000e+04 8.316294359931504232e-01 -5.000447746407079563e-01 -1.201928590749901105e-01
4.580900000000000000e+04 2.765821929724001649e-01 -1.104399636716827615e+00 -9.101524773468838703e-02
4.571200000000000000e+04 2.765821929724001649e-01 -1.104399636716827615e+00 -9.101524773468838703e-02
4.568500000000000000e+04 5.423287814315465027e-01 -7.974042796464075877e-03 -5.780764627907331032e-04
4.376800000000000000e+04 3.132239091834136957e-01 -1.061554985329884460e+00 7.522450683259407356e-02
4.584400000000000000e+04 3.132239091834136957e-01 -1.061554985329884460e+00 7.522450683259407356e-02
4.596300000000000000e+04 1.746693439251334468e-01 -2.221809164916560775e+00 6.635523536649756693e-02
4.581500000000000000e+04 3.609174022980106145e-01 -1.104399510050512845e+00 1.515313453634163920e-01
4.565200000000000000e+04 7.546273837901669168e-01 -1.732301011155335857e+00 2.374573266681707651e-01
4.565300000000000000e+04 -1.066474184938517311e-01 -3.219033444261985011e-01 3.119587627545321595e-01
4.569900000000000000e+04 -2.008686646449895363e-01 -9.041198721428678198e-01 3.307226515680312673e-01
2.786300000000000000e+04 7.064997213477042237e-02 -1.357525299241988392e+00 3.692900314821194740e-01
3.241400000000000000e+04 1.256883193896243256e-01 -9.747807239200589891e-01 5.185840136715746951e-01
4.568000000000000000e+04 -1.631489438347486498e-01 -3.377442171910693958e-01 3.264910430213419090e-01
4.555500000000000000e+04 8.321840528585031649e-01 -1.982360203546871702e+00 7.610155136087932704e-01
4.582000000000000000e+04 1.140269356260574796e-01 -8.555101693480189340e-01 7.598506927022263824e-01
4.563600000000000000e+04 1.140269356260574796e-01 -8.555101693480189340e-01 7.598506927022263824e-01
4.564600000000000000e+04 3.394435961355508624e-01 -1.065838566578705127e+00 1.288640777400075876e+00
3.999500000000000000e+04 3.400247846232051785e-01 -1.266422618949867740e+00 1.498390617831958593e+00
4.557400000000000000e+04 -1.388991341275946922e+00 -4.223456511538099534e+00 -7.954488807853650201e-01
2.632900000000000000e+04 1.433521748542995411e+00 1.605412710636011653e+00 -7.564776303715348149e-01
4.168200000000000000e+04 1.433521748542995411e+00 1.605412710636011653e+00 -7.564776303715348149e-01
4.547500000000000000e+04 -7.876738015088751155e-01 -4.335352333291876192e+00 -1.757735074017805488e+00
4.582800000000000000e+04 -5.817668326659450884e-01 -3.806804778716298188e+00 -9.391185739927259135e-01
4.581700000000000000e+04 2.516387445227170616e-01 -3.552685737020382817e+00 -6.692629742862123976e-01
4.581800000000000000e+04 -1.304888901838054949e-01 5.467479640044867750e-01 -1.500454404119452079e+00
4.581200000000000000e+04 -3.191489307603969650e-01 4.123854775945172690e-01 -1.531148760786269492e+00
4.573700000000000000e+04 3.776236411086593137e-01 1.794128064318428528e+00 -1.294898656025857520e+00
4.581100000000000000e+04 4.848747506263357820e-01 1.171709781791383520e+00 -1.091480511562416211e+00
4.581000000000000000e+04 1.675991784184301281e+00 -6.125135714683889177e-01 -7.403877184611857842e-01
4.573100000000000000e+04 6.435885734298789629e-01 -1.028243768459550012e+00 -2.079958283875278369e+00
4.586300000000000000e+04 1.102853112044169137e+00 -8.446729898419995664e-01 -1.945262575662987103e+00
4.553300000000000000e+04 -9.872280710471414977e-03 -6.303430221419787927e-01 -1.585525600779689626e+00
4.583300000000000000e+04 2.482999123880897940e-01 -2.049362432500220876e+00 -7.552818560849345886e-01
4.570900000000000000e+04 1.116052252049296811e+00 -1.627614842383731997e+00 -7.613097238419115342e-01
4.573200000000000000e+04 5.474245277530904730e-01 -1.614386625733768454e+00 -7.084091878714957602e-01
4.568300000000000000e+04 5.474245277530904730e-01 -1.614386625733768454e+00 -7.084091878714957602e-01
4.590200000000000000e+04 -1.673423168092558200e-01 -1.066266999134057869e+00 -4.368032491367799253e-01
4.574600000000000000e+04 2.864582920969400703e-01 -7.273346730108105618e-01 -3.662397219268065385e-01
4.552900000000000000e+04 -2.268592563633784920e+00 2.175548699780833317e+00 4.574301553783008956e-01
4.570500000000000000e+04 -1.306387406016787267e+00 1.450000980290463204e+00 4.747303241308600263e-01
4.576500000000000000e+04 -3.164983436812292439e+00 1.509447558255896382e+00 8.543687920104723332e-01
4.580200000000000000e+04 -1.390357369101073104e+00 3.850746724365397000e-01 1.596503412427885849e+00
4.573600000000000000e+04 3.169744774596292558e-01 9.275211151753257610e-01 -2.560592106407924007e-01
4.568700000000000000e+04 3.169744774596292558e-01 9.275211151753257610e-01 -2.560592106407924007e-01
1.363200000000000000e+04 3.572675065590544818e-01 1.523206681910867388e+00 4.798788734914651855e-01
4.594800000000000000e+04 3.219584645785680266e-01 3.952874410971798369e-01 -1.853694046815519414e-01
3.315400000000000000e+04 -2.431662910186300763e-01 9.117912567478754227e-01 -2.875075191203251279e-01
4.580000000000000000e+04 1.279066590154883443e+00 5.302767752779082855e-01 1.913871910026081480e-01
4.571100000000000000e+04 2.793380618897920442e-01 1.377699982286877400e-01 3.025482691056140538e-01
4.569600000000000000e+04 1.873047770754272534e-01 2.407746452929885095e+00 7.611292263310431849e-01
4.574500000000000000e+04 1.057236256269021624e+00 1.997194452222812444e+00 8.363676768140742013e-01
4.563300000000000000e+04 -3.700291692789985376e-01 6.622139540197302665e-01 9.393426632627885908e-01
4.556200000000000000e+04 -5.390834969957687406e-01 1.677816996165612196e+00 1.653811982944233705e+00
