# star id 	 star_x_coords [pc] 	 star_y_coords [pc] 	 star_z_coords [pc] 
3.344400000000000000e+04 -1.182793094419701596e+00 -1.527840278262665663e+00 -4.346321228311555984e-01
3.344300000000000000e+04 -1.739379295575393947e-01 -1.354986126029274374e+00 -3.723783125915822723e-01
9.200000000000000000e+01 -6.673397505958826859e-01 5.329000961968475281e-01 -6.307795512645011371e-01
3.770700000000000000e+04 6.275763802137125369e-01 4.764623696535466024e-01 -5.364864049346795838e-01
4.643600000000000000e+04 1.055639001029282653e+00 -8.724596676927234284e-01 -4.485299376639400037e-01
4.621200000000000000e+04 -1.242970110261161221e+00 1.111745094197083006e+00 2.382917307226399828e-01
4.458200000000000000e+04 -1.242970110261161221e+00 1.111745094197083006e+00 2.382917307226399828e-01
4.254400000000000000e+04 2.915802782009757621e-03 -6.451149953870185527e-01 -3.392351318386133130e-02
4.376800000000000000e+04 6.766010761512203375e-01 1.114351336901364675e+00 9.206528874126389539e-01
4.276900000000000000e+04 8.879514853875871694e-01 1.288401654729156576e-01 9.339811659117467357e-01
3.222000000000000000e+04 1.259327248041358649e+00 -7.564308743511816147e-02 1.255123312525103785e-01
