# star id 	 star_x_coords [pc] 	 star_y_coords [pc] 	 star_z_coords [pc] 
1.413000000000000000e+04 -9.970214130540711039e-01 1.822341452222048019e+00 1.435395934588011180e+00
4.931400000000000000e+04 -1.053230630620660691e-02 6.991016809038796964e-01 5.437953507753263693e-01
4.931300000000000000e+04 -1.053230630620660691e-02 6.991016809038796964e-01 5.437953507753263693e-01
4.934400000000000000e+04 -1.131354162055764334e-01 2.872818579802256522e-01 -5.645943158125010797e-01
2.292000000000000000e+03 -1.131354162055764334e-01 2.872818579802256522e-01 -5.645943158125010797e-01
4.932900000000000000e+04 -1.131354162055764334e-01 2.872818579802256522e-01 -5.645943158125010797e-01
4.930400000000000000e+04 -3.434409308415453665e-01 9.857619082149824408e-01 6.018614622959095328e-01
1.413100000000000000e+04 8.263567861691925032e-01 -1.299573748308482379e+00 -4.221847712317279289e-01
1.212500000000000000e+04 6.759726666479082269e-02 -1.621487099246358810e+00 -5.823836876013084307e-01
4.920800000000000000e+04 9.202961814507908400e-01 -1.845044261511123551e+00 -2.830758433475226710e-01
1.412900000000000000e+04 -1.133170317252485404e-01 -3.020471925128802582e-01 -1.434208532790615109e-01
