# star id 	 star_x_coords [pc] 	 star_y_coords [pc] 	 star_z_coords [pc] 
4.427000000000000000e+03 -1.789370374086374227e+00 8.035661230078972039e-02 1.051846613759380489e+00
3.696000000000000000e+03 -1.789370374086374227e+00 8.035661230078972039e-02 1.051846613759380489e+00
3.634000000000000000e+03 -1.056372526618972074e+00 2.856589677485800394e+00 1.790711258491249680e+00
4.434000000000000000e+03 -3.678505961610625263e-01 2.008062678186618655e+00 1.318085410814759939e+00
3.633000000000000000e+03 -7.799869515023516442e-01 1.466366733884200357e+00 2.173984268410364962e+00
3.780000000000000000e+03 -2.199394471096098869e-01 1.416097167304016580e+00 3.409010805960335233e+00
4.439000000000000000e+03 -3.135255282231241836e-02 5.687226036504853255e-01 9.874516231019327961e-01
3.647000000000000000e+03 1.271617077976763710e+00 -3.895759801581277770e-02 1.470496906101907086e+00
4.436000000000000000e+03 1.350948737975599556e+00 -8.079527553462071410e-01 2.216863814888071715e+00
3.631000000000000000e+03 -2.350411552698247419e+00 -8.788555848558416983e-01 1.737295104394974032e+00
3.741000000000000000e+03 3.210846020645767851e+00 -1.148380490084434769e+00 1.539522098403587336e+00
4.058000000000000000e+03 -3.193036610083765936e-02 -3.434253811598750872e-01 -1.860899136078074889e+00
4.009000000000000000e+03 -1.445072021747506597e+00 -8.194394843503971515e-01 -2.184672477386513378e+00
4.365000000000000000e+03 -2.272294438016615459e-01 -9.410991627890297195e-01 -1.561320598009714899e+00
4.403000000000000000e+03 1.205761585075812548e+00 8.538376002992009717e-01 -1.615097858444919154e+00
4.461000000000000000e+03 1.596125575900288140e+00 7.461082843064588133e-01 -1.439369835220482230e+00
4.447000000000000000e+03 1.369068648097460539e+00 8.699964736450738201e-03 -9.711747517921480721e-01
3.650000000000000000e+03 2.145940971894113147e+00 8.973853393952566648e-01 -1.224491973073639883e+00
4.435000000000000000e+03 1.295480472562928753e+00 7.285741361791764348e-01 -4.001597647535959368e-01
3.668000000000000000e+03 -1.763330778206821492e+00 1.482813284760254646e+00 -1.693034469592625157e+00
3.560000000000000000e+03 1.180850564760845600e+00 6.066743783711814331e-01 2.975646833911369527e-01
4.463000000000000000e+03 -2.013477383860461600e+00 -4.605770508283910658e-01 -7.569754675642244024e-01
4.399000000000000000e+03 -1.598750568567993469e+00 -1.017431965190112919e+00 -1.361209358412217796e+00
3.632000000000000000e+03 -2.254574022526924182e+00 -8.708212305441094259e-01 -4.135744755277741547e-01
3.610000000000000000e+03 -7.770147606278356989e-01 -7.266415381834576692e-01 -1.155138975164447857e+00
4.407000000000000000e+03 -9.606553217566613512e-01 -7.856913621316437002e-01 -7.804688671823711843e-01
3.648000000000000000e+03 -2.850255165397939550e+00 1.574782897804468007e+00 -1.098945335142943236e+00
3.552000000000000000e+03 -8.779211584663357826e-01 1.746500368128181435e+00 -3.016662429358731856e-01
3.680000000000000000e+03 -2.237641833940884339e+00 5.753058450960111259e-01 -5.841753991116576117e-01
3.679000000000000000e+03 -1.733990047527797174e+00 -2.316301713226209813e-02 -1.384866596324826560e+00
3.949000000000000000e+03 -9.588037117521253094e-01 2.372011865867861502e+00 -3.049010780589895830e-01
3.948000000000000000e+03 -1.525779421835594007e+00 -6.988184039611979870e-01 -1.596810655432108206e-01
4.309000000000000000e+03 7.651809509332281323e-01 1.473118054518479880e+00 4.504563580377123344e-01
4.310000000000000000e+03 2.372371263990515899e-01 1.312577642924992460e+00 2.416955836640894972e-01
3.936000000000000000e+03 1.546804287383821475e+00 1.415013417482143154e+00 -7.010789272062112332e-02
3.691000000000000000e+03 1.234828720530160240e+00 1.440280716109597847e+00 3.733989896929656993e-01
3.965000000000000000e+03 1.234828720530160240e+00 1.440280716109597847e+00 3.733989896929656993e-01
3.815000000000000000e+03 -1.396232074489063280e-01 1.668995870363332301e+00 -1.874974367387025609e-01
3.638000000000000000e+03 -4.163205909813854078e-01 1.202980786056656370e+00 -2.245100471803169739e-01
4.387000000000000000e+03 -2.010720523355615796e+00 6.682983362626089274e-01 3.636819778792528268e-01
3.998000000000000000e+03 4.948576861382179004e-01 2.601156709459559124e+00 8.988739550021023206e-01
4.479000000000000000e+03 -6.798313518643794851e-03 -8.887492236887908348e-01 3.178358382065553656e-01
3.753000000000000000e+03 3.320079413834378101e-01 2.921849562897875785e-01 -1.654752741016025652e-01
4.019000000000000000e+03 3.320079413834378101e-01 2.921849562897875785e-01 -1.654752741016025652e-01
3.935000000000000000e+03 2.044251653633892829e-01 1.421041858934870561e-01 -2.430626557918458275e-02
4.379000000000000000e+03 2.082028176790657881e-01 2.538299588780290605e-01 4.194471669931942870e-02
3.554000000000000000e+03 2.939011803194091499e-02 9.081024619138133858e-02 -1.163974891163377379e-03
4.455000000000000000e+03 1.584336912203809788e-02 1.253790364905142951e-01 4.195908457832331351e-02
4.454000000000000000e+03 1.584336912203809788e-02 1.253790364905142951e-01 4.195908457832331351e-02
3.964000000000000000e+03 3.717132541780188149e-03 3.510878548049589654e-01 -1.913993534711977418e-01
4.404000000000000000e+03 2.258593400867567880e-01 5.939818404728214318e-02 1.247574250079281910e-01
3.626000000000000000e+03 2.379104084249377138e-01 4.832514746807703432e-02 5.890654257640903779e-03
4.378000000000000000e+03 2.379104084249377138e-01 4.832514746807703432e-02 5.890654257640903779e-03
4.406000000000000000e+03 3.889606496528017487e-01 5.449262410995459049e-02 1.428131287314400311e-01
3.644000000000000000e+03 8.730948279307426674e-03 -2.024592165801664123e-02 2.727202582046572843e-02
3.649000000000000000e+03 2.509566501616546930e-01 -1.513160962763038242e-02 2.375404970509507052e-01
3.619000000000000000e+03 2.509566501616546930e-01 -1.513160962763038242e-02 2.375404970509507052e-01
3.620000000000000000e+03 5.799570268486320401e-02 1.005045646645754687e-01 2.697502622434910791e-01
4.462000000000000000e+03 5.799570268486320401e-02 1.005045646645754687e-01 2.697502622434910791e-01
3.616000000000000000e+03 -1.731049816723384538e-02 1.107326308522686986e-01 2.715358896843440561e-01
4.405000000000000000e+03 -1.731049816723384538e-02 1.107326308522686986e-01 2.715358896843440561e-01
3.978000000000000000e+03 -7.922516662418388478e-03 -4.989978214857160310e-02 4.953253959075709645e-02
3.555000000000000000e+03 -7.922516662418388478e-03 -4.989978214857160310e-02 4.953253959075709645e-02
3.830000000000000000e+03 1.172712116509160296e-01 -5.519061335760966358e-02 1.905799346435799180e-02
4.326000000000000000e+03 1.172712116509160296e-01 -5.519061335760966358e-02 1.905799346435799180e-02
4.327000000000000000e+03 1.652832946630837796e-01 3.151295938281464259e-01 3.087669024201034063e-01
3.673000000000000000e+03 1.237455277862409275e-02 -9.421602819223551251e-02 2.825672892777220113e-02
3.672000000000000000e+03 2.118591130942490963e-01 1.106478583876651101e-01 3.514852737367206714e-01
4.364000000000000000e+03 2.119187141138070274e-01 -1.081615278915393219e-01 4.897360900622516056e-02
4.453000000000000000e+03 5.609420984390567355e-01 3.226050186699751521e-01 1.315936627302392026e-01
4.452000000000000000e+03 5.793272864051601800e-01 2.710278800779803987e-01 -1.455213899538492228e-01
3.924000000000000000e+03 9.894347966911638537e-01 2.646861344198327970e-01 -1.122949306146168169e-01
3.973000000000000000e+03 1.009121608159269101e+00 2.931665367568854208e-01 -5.426917103541484266e-02
3.803000000000000000e+03 7.875846028972830482e-01 1.342377129234222366e-01 -2.247810377897749845e-01
4.444000000000000000e+03 7.141300819928488863e-01 1.416094023531826451e-01 1.285304713874850790e-01
4.014000000000000000e+03 8.917277346336902610e-01 3.913939578995950797e-02 -5.972954633767812993e-02
3.878000000000000000e+03 5.963644103041048083e-01 9.909223651689558210e-02 -1.795272177675713010e-01
4.392000000000000000e+03 5.963644103041048083e-01 9.909223651689558210e-02 -1.795272177675713010e-01
4.443000000000000000e+03 4.729741330518777431e-02 -3.349698881272757944e-01 -9.120395539608949775e-02
3.656000000000000000e+03 4.729741330518777431e-02 -3.349698881272757944e-01 -9.120395539608949775e-02
4.388000000000000000e+03 1.381957573353673752e-01 -1.708209706665400063e-01 -8.000177955909038019e-02
3.694000000000000000e+03 2.084856392661862401e-01 -2.576412555310270136e-01 -8.002805817142188971e-05
4.023000000000000000e+03 2.994565499884487281e-01 -2.830960482777697962e-01 -2.131950507735780320e-02
3.582000000000000000e+03 2.994565499884487281e-01 -2.830960482777697962e-01 -2.131950507735780320e-02
4.356000000000000000e+03 3.400312258369808660e-02 -1.231249712394628659e-01 1.931005648055688084e-01
3.985000000000000000e+03 3.400312258369808660e-02 -1.231249712394628659e-01 1.931005648055688084e-01
4.013000000000000000e+03 3.071527307737653700e-02 -5.528680673153019143e-01 2.664689748516053669e-01
3.984000000000000000e+03 -3.388771952612046334e-02 -2.393646390845276528e-01 2.616979626428914685e-01
3.834000000000000000e+03 -3.388771952612046334e-02 -2.393646390845276528e-01 2.616979626428914685e-01
3.544000000000000000e+03 7.056787944649869360e-01 -1.474987469621709124e-01 1.553035106934714804e-01
3.653000000000000000e+03 2.850013380363236593e-02 -1.055354022719726004e+00 8.174728294313453603e-01
3.939000000000000000e+03 4.128587326866295371e-01 -4.346101951988146084e-02 8.812558971350199499e-01
4.457000000000000000e+03 -4.785162506266971150e-01 -7.589761025373036318e-01 2.862964673830248330e-02
3.609000000000000000e+03 -4.260176645450428623e-01 -7.299218881702387307e-01 8.325615942202091446e-02
4.441000000000000000e+03 -4.260176645450428623e-01 -7.299218881702387307e-01 8.325615942202091446e-02
4.304000000000000000e+03 -8.792191423128770111e-02 2.708499311057437353e-01 5.532536907129781412e-02
3.979000000000000000e+03 -2.745832014710600788e-01 1.712059649315875731e-01 9.756828065702904951e-02
3.982000000000000000e+03 -2.745832014710600788e-01 1.712059649315875731e-01 9.756828065702904951e-02
3.636000000000000000e+03 -7.245918729694267313e-02 1.176713196524730165e-01 1.585762742194347652e-01
3.635000000000000000e+03 -7.245918729694267313e-02 1.176713196524730165e-01 1.585762742194347652e-01
3.688000000000000000e+03 -3.325902870710137904e-01 1.554224431893658220e-02 1.745822940153516356e-01
3.842000000000000000e+03 -3.325902870710137904e-01 1.554224431893658220e-02 1.745822940153516356e-01
3.843000000000000000e+03 -2.996630625467560094e-01 3.257210639350205383e-02 2.151165769059204536e-01
4.301000000000000000e+03 -1.071273982695117866e-01 -7.592794608855513161e-02 1.275395606185583119e-01
4.303000000000000000e+03 -3.035491501183145147e-01 1.811261788093361247e-01 3.662483411688270962e-01
4.302000000000000000e+03 -1.851891287564200184e-01 -2.078371888917445176e-01 -2.075768738173238148e-01
3.860000000000000000e+03 -1.851891287564200184e-01 -2.078371888917445176e-01 -2.075768738173238148e-01
3.953000000000000000e+03 -1.851891287564200184e-01 -2.078371888917445176e-01 -2.075768738173238148e-01
3.709000000000000000e+03 -2.629578538252843600e-01 2.376153753617842312e-01 4.196759090919073287e-01
3.957000000000000000e+03 -2.629578538252843600e-01 2.376153753617842312e-01 4.196759090919073287e-01
3.958000000000000000e+03 -5.044192509208755837e-01 3.810688551893548492e-01 6.727879735243149639e-01
3.840000000000000000e+03 -1.412557017951172611e-01 9.716073780577971775e-02 4.082703793223174671e-01
4.410000000000000000e+03 -1.412557017951172611e-01 9.716073780577971775e-02 4.082703793223174671e-01
4.451000000000000000e+03 -4.757427611079378948e-02 -1.081875287106427663e+00 -4.382137659539253605e-01
4.450000000000000000e+03 2.181859951410274334e-01 -7.314266975741361421e-01 -2.707889467221704649e-01
3.605000000000000000e+03 3.090053379899728725e-01 1.539365565601684693e-01 -5.622527488264381645e-01
3.829000000000000000e+03 3.703470207423862348e-01 1.191849979007457705e-01 -7.257174433168955829e-01
4.384000000000000000e+03 4.900288156363501457e-01 2.711202284143894303e-01 -3.434792088183939995e-01
3.599000000000000000e+03 4.292684299432778516e-01 1.281917706870956408e-01 -3.210922155797888422e-01
4.376000000000000000e+03 2.322601135651893856e-01 3.643219769267602715e-02 -3.124505244657029834e-01
4.375000000000000000e+03 2.322601135651893856e-01 3.643219769267602715e-02 -3.124505244657029834e-01
4.431000000000000000e+03 2.771070877865611237e-01 -5.678581073973987259e-02 -6.379381832699380084e-01
3.642000000000000000e+03 1.288414301788236571e-01 1.494739353070855259e-01 -3.001881902617071773e-01
3.641000000000000000e+03 1.312623095325875511e-01 2.171549608507348239e-01 -2.494115883901457664e-01
4.446000000000000000e+03 1.312623095325875511e-01 2.171549608507348239e-01 -2.494115883901457664e-01
4.420000000000000000e+03 7.129499466391848728e-01 3.611863166548516801e-01 -5.880248189286234606e-01
4.419000000000000000e+03 3.796755511455955912e-01 -2.160186330446407510e-01 -4.994815642411296608e-01
4.411000000000000000e+03 1.925430766624458556e-02 -1.822748651339480830e-01 -4.646039647208937140e-01
3.863000000000000000e+03 4.307353042565438273e-01 -1.598116798642053027e-01 -2.862681125209007860e-01
4.438000000000000000e+03 1.942048793037400856e-01 -1.647639857757070558e-01 -2.592942327764049537e-01
3.718000000000000000e+03 -6.120044725398088303e-02 1.148987397778853392e-01 -5.542785715201006269e-01
3.637000000000000000e+03 -1.711806980758865393e-01 1.575854463635124603e-01 -4.572866539833313482e-01
4.412000000000000000e+03 -4.597927547162043993e-01 2.534870463908163174e-01 -4.343998301528699812e-01
3.837000000000000000e+03 -1.619028881442261536e-01 3.751615558378489368e-01 -3.700450097009237993e-01
4.010000000000000000e+03 -4.246117210067410497e-01 -7.825378048764264349e-03 -2.517070223749939828e-01
3.700000000000000000e+03 -2.038653358671638216e-01 2.623889359732913817e-01 -2.405226644802240799e-01
3.585000000000000000e+03 -2.038653358671638216e-01 2.623889359732913817e-01 -2.405226644802240799e-01
4.358000000000000000e+03 -1.750753189877372051e-01 -5.990064998778308336e-01 -4.424447550726569034e-01
3.697000000000000000e+03 -2.075855838233735540e-01 -6.268910355282173441e-01 -7.743413063313440148e-01
3.682000000000000000e+03 -2.795158107288955307e-01 -1.398135754972997802e-01 -2.860308632009704866e-01
3.567000000000000000e+03 -1.063349939006741351e-01 -1.314015625685271971e-01 -2.350304572522361468e-01
3.566000000000000000e+03 -1.063349939006741351e-01 -1.314015625685271971e-01 -2.350304572522361468e-01
3.523000000000000000e+03 -6.596543764850650859e-01 1.345929699547667724e-01 -3.635321212892890230e-01
4.440000000000000000e+03 4.680385180852653093e-01 7.148046328963459928e-01 1.760355483673663457e-01
4.414000000000000000e+03 4.680385180852653093e-01 7.148046328963459928e-01 1.760355483673663457e-01
3.717000000000000000e+03 -5.888757012175460659e-02 7.379710606513611992e-01 1.990209953523986997e-01
3.940000000000000000e+03 5.675436839328966698e-01 5.037695058425555317e-01 -1.447622378299655566e-01
3.667000000000000000e+03 6.617601019226526660e-02 7.744810374814932175e-01 8.134467109800525009e-01
3.549000000000000000e+03 2.356812443000535495e-01 4.868569991412954323e-01 4.425405199880358964e-01
3.565000000000000000e+03 -2.783851098406415758e-01 6.123271741854097172e-01 -3.106025049679672634e-01
3.723000000000000000e+03 -1.155484541307316704e+00 6.823951485846038167e-01 3.833587376002753899e-01
4.362000000000000000e+03 -1.812910360460193715e-01 6.529897673725315599e-02 -9.121335573212263625e-01
3.908000000000000000e+03 -4.772452142856451474e-01 8.395901959637797063e-01 -8.557225649884685481e-01
3.755000000000000000e+03 -1.268508889171755527e-01 -2.618939422666741734e+00 -9.028485571802562504e-01
3.625000000000000000e+03 -2.126340548587634771e+00 -2.077241003603688796e+00 -4.580032271829921342e-01
3.614000000000000000e+03 -6.810697447617997113e-02 -1.695169401502212736e+00 -1.374701940688566992e+00
3.754000000000000000e+03 -6.810697447617997113e-02 -1.695169401502212736e+00 -1.374701940688566992e+00
3.613000000000000000e+03 -4.314289768328478658e-01 -1.396496101115914712e+00 -2.660799046823072445e-01
3.867000000000000000e+03 -1.149824951813954499e+00 -2.563489035386410819e+00 4.996960151212093137e-01
3.574000000000000000e+03 5.182926383804442594e-01 -1.354245564614586783e+00 -1.757770308439702944e+00
3.685000000000000000e+03 -1.730748916408515470e+00 -2.378545379999280840e+00 1.823760052328111669e-01
3.690000000000000000e+03 9.163846058642164394e-01 -2.800698727379071329e+00 2.052790160413088927e+00
3.689000000000000000e+03 2.661382506857684405e+00 -1.842448903637773583e+00 1.099134971260056659e+00
3.952000000000000000e+03 1.638909965170135763e+00 -1.711920949838201977e+00 1.342477436956734493e+00
4.428000000000000000e+03 2.172663270107882738e+00 -2.698214634102654941e+00 2.195766795858759224e+00
3.587000000000000000e+03 1.564697971891526151e+00 -2.133476122129451369e+00 2.297603367915755257e+00
