# star id 	 star_x_coords [pc] 	 star_y_coords [pc] 	 star_z_coords [pc] 
4.900500000000000000e+04 -1.134436971942498928e+00 -2.489258309813441983e+00 -2.501802337592824443e-01
4.927800000000000000e+04 -1.935254936127055458e+00 -2.679455664188532538e+00 2.001518656512963901e-01
4.927900000000000000e+04 -2.207830129242925210e+00 -3.150216131344357962e+00 3.215181335864976120e-01
4.877400000000000000e+04 1.434236725942891866e+00 -3.988817786670466603e-01 -1.529372944473117890e+00
4.878800000000000000e+04 1.853827664774463813e+00 2.799859448575130472e-01 -7.953310107297095755e-01
4.811700000000000000e+04 1.372980151859433562e+00 1.165572579292966537e+00 -7.745161154707869144e-01
4.923100000000000000e+04 1.780458108045717580e+00 1.532553222895352008e+00 2.858497215783106782e-01
4.873000000000000000e+04 1.412576237496050879e+00 2.125389820111802663e+00 5.184491865246361186e-01
4.898300000000000000e+04 1.670382790835489573e+00 2.911294120205567992e+00 1.075850460292061328e+00
4.898200000000000000e+04 -2.816363632346252643e-01 -2.788622405537330096e+00 -1.759904542695157836e+00
4.898900000000000000e+04 2.712860545848769789e-01 -2.729372690386020039e+00 -1.498232067849105675e+00
4.899800000000000000e+04 2.697195658566791110e-01 -2.341491339530712423e+00 -1.705494582950326077e+00
4.869900000000000000e+04 2.697195658566791110e-01 -2.341491339530712423e+00 -1.705494582950326077e+00
4.927700000000000000e+04 3.100656091864451014e-01 -1.943167133241779254e+00 -1.519062967159242383e+00
4.899600000000000000e+04 6.050587209069249184e-01 4.621901282599338856e-01 -2.235168378047421633e+00
4.800200000000000000e+04 1.194089189220512992e-01 -1.650752224613972530e+00 -1.957419113230070451e+00
4.800300000000000000e+04 -5.554601574192652436e-01 -5.568352132146365818e-01 -1.921790576930304084e+00
4.899900000000000000e+04 -4.235933018592312749e-01 -1.263375573705793897e-01 -1.330504884297343260e+00
4.898100000000000000e+04 2.219676395041716432e-01 -3.365910838319763343e-01 -1.283550176857907843e+00
4.873600000000000000e+04 2.254286019130127272e-01 -2.174950802402188188e+00 -1.166836146907545668e+00
4.897100000000000000e+04 6.427517044171366933e-01 -1.923645997987351919e+00 -5.833837927621967623e-01
4.900800000000000000e+04 -5.543411153927593205e-01 8.726388914675986541e-02 -1.093791765114723091e+00
4.878600000000000000e+04 -9.283476717597665129e-01 1.719899325586879968e-01 2.819001781405177098e-01
4.878300000000000000e+04 -6.687901704886272114e-01 -1.813980403431560973e-01 3.792755810982040288e-01
4.899000000000000000e+04 3.602718813473337889e-01 -1.126383925349925264e+00 8.921411506452479045e-01
4.814700000000000000e+04 9.728140606391484368e-01 -4.305140124908568566e-01 9.989039715634451255e-01
4.896200000000000000e+04 7.783454280417849702e-01 -2.327221446164635665e-01 1.012233859215687204e+00
4.900900000000000000e+04 -5.751104298832743211e-01 -1.805488016611763058e+00 -1.057311733546702825e+00
4.901300000000000000e+04 -5.751104298832743211e-01 -1.805488016611763058e+00 -1.057311733546702825e+00
4.887100000000000000e+04 -5.751104298832743211e-01 -1.805488016611763058e+00 -1.057311733546702825e+00
4.902200000000000000e+04 -1.264939163285585977e+00 2.438526231552149426e-01 -1.083863871625059261e+00
1.351500000000000000e+04 -2.041082093637161421e+00 -9.258577089969044494e-02 -2.911012985959118282e-01
1.463600000000000000e+04 -2.200114165904938801e+00 4.916965001075563890e-01 1.961537217504911723e-01
4.940600000000000000e+04 2.551628220187183160e-01 1.141932950421068682e+00 2.714758995797357244e-01
4.900600000000000000e+04 3.630903270943122152e-01 1.508427388245447531e+00 4.241381806054018710e-01
4.877500000000000000e+04 5.259141715989805732e-01 1.166501974647164985e+00 4.541724365656047979e-01
4.942900000000000000e+04 5.722565213494199554e-01 1.021519322939534291e+00 4.644163548267350450e-01
4.884400000000000000e+04 -3.010943438354871660e-01 1.670469031960990947e+00 4.775182805764774940e-01
4.910400000000000000e+04 3.827558257093492955e-01 7.473399381142726838e-01 7.303068909370189488e-01
4.870200000000000000e+04 5.811573191287813245e-01 6.773182821797032460e-01 8.047326432269645835e-01
4.814100000000000000e+04 1.059147954945711234e+00 1.197772861589104565e+00 8.192992678006607576e-01
4.927400000000000000e+04 1.059147954945711234e+00 1.197772861589104565e+00 8.192992678006607576e-01
4.927600000000000000e+04 6.442139000369877522e-01 8.898996734374584605e-01 8.332808076953153176e-01
4.814600000000000000e+04 2.590729723929179329e-01 2.171498868598146004e+00 8.700276411415739375e-01
4.874000000000000000e+04 6.410480336651147582e-01 1.247213579804739680e+00 8.863456547414134690e-01
4.900700000000000000e+04 1.513793915619707775e-01 2.485455031762725753e+00 9.605820561647444578e-01
4.901900000000000000e+04 5.163018155580978430e-01 7.445471182210692263e-01 9.979450124249549248e-01
4.901100000000000000e+04 -2.490017918346250525e+00 -2.631046833735469548e+00 1.239199648007174304e+00
4.878100000000000000e+04 -8.268887077734810021e-01 8.177741519133849835e-01 1.516962219678132939e+00
4.880600000000000000e+04 1.052974243805824273e+00 1.915384821340694543e+00 1.276008361253243351e+00
4.927300000000000000e+04 -2.572579187758314845e-01 1.960804259522618054e+00 1.667308140410066031e+00
4.894500000000000000e+04 -5.560912639611608199e-01 1.274240280748927034e+00 1.753359481941821230e+00
4.898800000000000000e+04 -4.200812784343241901e-01 2.035305233687498827e+00 2.254783452564131707e+00
4.902000000000000000e+04 -1.915284402128513364e+00 1.343972611746856671e+00 1.457613633605664205e+00
