# star id 	 star_x_coords [pc] 	 star_y_coords [pc] 	 star_z_coords [pc] 
1.544200000000000000e+04 -7.092206994874401538e-01 -6.194120896542756327e-01 8.578404842997731095e-01
2.710000000000000000e+03 3.644194754900567101e-01 -1.122478234099624217e-01 -5.357341563943833762e-01
2.711000000000000000e+03 3.644194754900567101e-01 -1.122478234099624217e-01 -5.357341563943833762e-01
2.712000000000000000e+03 3.644194754900567101e-01 -1.122478234099624217e-01 -5.357341563943833762e-01
1.191800000000000000e+04 -3.088596297321228867e-01 1.175289316357286395e-01 -7.366832944690600016e-01
1.551200000000000000e+04 1.380912416414942445e+00 6.901211976428349715e-01 -4.725406267953911055e-01
1.261000000000000000e+03 -4.853635054205582833e-01 4.950180959155403571e-02 6.528619683798808637e-01
1.262000000000000000e+03 -4.853635054205582833e-01 4.950180959155403571e-02 6.528619683798808637e-01
1.263000000000000000e+03 -4.853635054205582833e-01 4.950180959155403571e-02 6.528619683798808637e-01
