# star id 	 star_x_coords [pc] 	 star_y_coords [pc] 	 star_z_coords [pc] 
3.164000000000000000e+04 3.755909596295445851e-01 9.741750956327521749e-02 -6.420375436159779792e-01
8.680000000000000000e+02 -6.596132285444120669e-01 -3.052853726247359845e-01 -7.783528834761070936e-01
3.519200000000000000e+04 5.314251107567713461e-01 -5.174844232466515592e-01 1.018469664717044365e-01
2.362900000000000000e+04 -6.616671241105827050e-01 -5.675436036892378411e-02 -3.402297313685810343e-01
9.480000000000000000e+02 -1.268806626628165901e+00 1.439752348756826450e-01 2.728735666950035110e-01
3.177200000000000000e+04 -6.397092349439255088e-01 -1.997863283135945522e-01 5.634784808121975352e-01
3.582300000000000000e+04 -3.030672427604166330e-01 -6.324760254543910776e-01 9.189888434405240059e-01
2.885500000000000000e+04 8.291202655438603131e-01 7.332594266031620123e-01 -3.358398347209919921e-01
3.880100000000000000e+04 1.796727111697325796e+00 7.371343337720617228e-01 2.392721279044011107e-01
