# star id 	 star_x_coords [pc] 	 star_y_coords [pc] 	 star_z_coords [pc] 
3.562400000000000000e+04 -9.552488927525136786e-01 7.132143759957294549e-01 1.125475218605149763e-01
3.562500000000000000e+04 -5.873592885342464598e-01 4.856010612009633576e-01 3.777442623183357995e-01
3.564000000000000000e+04 -1.857267440402112779e-01 -7.197171814840181980e-01 5.611454783827465320e-01
3.560800000000000000e+04 -4.516432444111488920e-01 1.106456135306608246e-01 7.298080393263663979e-01
3.565600000000000000e+04 -8.948683265103474227e-02 1.239895570794644186e+00 1.352559537730932959e-01
3.559300000000000000e+04 1.864992612258256077e-01 -5.619087777504461201e-01 -1.257927417022109751e+00
3.562000000000000000e+04 1.002864883829304610e+00 -3.006004250162881419e-01 -6.984463933043301154e-01
3.561600000000000000e+04 6.041607660466943308e-01 -3.942539671127569534e-01 4.309711922530112815e-02
3.559400000000000000e+04 4.759400912133799899e-01 -5.728762658275492470e-01 -3.224561103431611286e-03
