# star id 	 star_x_coords [pc] 	 star_y_coords [pc] 	 star_z_coords [pc] 
5.040000000000000000e+03 1.996970907665165385e+00 1.174149015435631327e+00 -4.877717266380319217e-01
5.294000000000000000e+03 1.392817880219972437e+00 2.095336941668620057e+00 -1.395788225959451623e+00
4.650000000000000000e+03 -9.030798824041852413e-02 2.249918502118646302e+00 -9.486337125184771679e-01
5.452000000000000000e+03 3.268416923283083975e-01 2.833114834336640797e+00 -7.166824431438385545e-01
5.037000000000000000e+03 3.268416923283083975e-01 2.833114834336640797e+00 -7.166824431438385545e-01
5.114000000000000000e+03 -1.057512185071843192e+00 2.099261612967609381e+00 -7.322682127111264094e-01
4.591000000000000000e+03 1.044844606948188925e+00 2.081070030832620432e+00 -1.682273571716770277e-01
5.133000000000000000e+03 3.200566530747209981e+00 3.625462697567627401e-01 1.760790928123906696e+00
5.103000000000000000e+03 -1.195612078929286781e-01 2.457427370391741306e+00 5.142865386749058132e-01
5.220000000000000000e+03 -1.195612078929286781e-01 2.457427370391741306e+00 5.142865386749058132e-01
4.887000000000000000e+03 -1.195612078929286781e-01 2.457427370391741306e+00 5.142865386749058132e-01
5.369000000000000000e+03 -1.195612078929286781e-01 2.457427370391741306e+00 5.142865386749058132e-01
4.844000000000000000e+03 2.599897715614027049e+00 1.966189190844659151e+00 5.515190939393050940e-01
4.842000000000000000e+03 7.518562517769211695e-01 2.054037493414028859e+00 5.011100434492181677e-01
5.248000000000000000e+03 -1.417327228423054919e+00 3.451494247086088762e-01 2.244944756402528441e+00
5.226000000000000000e+03 -1.112970503305071190e+00 1.580382323290166369e+00 2.027820591608639589e+00
5.282000000000000000e+03 -9.997803341210982353e-01 1.192903328368288385e+00 1.969666407614766968e+00
5.088000000000000000e+03 -1.224925203235009974e+00 1.745866167400293989e+00 2.848258226618213484e+00
5.387000000000000000e+03 -1.148946108960302581e-01 8.097816742340739893e-01 2.002849721869877087e+00
5.388000000000000000e+03 2.816295503782178855e+00 -1.329342967144469867e+00 -2.278426020116805617e+00
5.237000000000000000e+03 -1.952936149835196034e+00 -2.339308104751580686e-02 -1.685423784686664206e+00
5.444000000000000000e+03 -1.952936149835196034e+00 -2.339308104751580686e-02 -1.685423784686664206e+00
4.819000000000000000e+03 2.736776825082785081e-01 1.158736204198646647e+00 -1.892440721698024575e+00
5.290000000000000000e+03 2.736776825082785081e-01 1.158736204198646647e+00 -1.892440721698024575e+00
4.896000000000000000e+03 -5.348027821079170963e-01 1.243804673797342275e+00 -1.883324103894539192e+00
5.287000000000000000e+03 -1.907623458826051888e+00 -7.544991101416087531e-01 -1.975962951275819890e+00
4.892000000000000000e+03 -1.397581937007601027e+00 -3.591580960447515736e-01 -2.168181212068942543e+00
5.252000000000000000e+03 -1.781820240019648338e+00 7.359543488454391991e-01 -2.693578754812921972e-01
4.933000000000000000e+03 -1.686623373099820355e+00 -1.351866151757803891e+00 -3.656426588465517824e-01
5.102000000000000000e+03 -2.296655735641294882e+00 1.738598183741828507e+00 -5.006518393943171219e-01
5.450000000000000000e+03 -6.423419446870610727e-01 -2.463471550759578577e+00 -7.513645502098800222e-01
5.038000000000000000e+03 8.807854436714279700e-02 1.601361307805404977e+00 -5.637674139686712493e-01
5.398000000000000000e+03 1.198255486266745606e+00 1.820712362685412700e+00 -5.397869814200308980e-01
5.413000000000000000e+03 9.898376751531472451e-01 1.565301939353133776e+00 -3.832055009551975644e-01
5.449000000000000000e+03 2.355331712890290419e+00 -1.198404000705806993e+00 -1.631437198009717093e+00
5.181000000000000000e+03 3.433413904938667827e+00 -6.004477973789619227e-01 -1.868583120352191429e+00
5.095000000000000000e+03 2.052945095423972077e+00 -2.113051445688654439e+00 -1.003480281474960378e+00
5.068000000000000000e+03 2.220365275639608171e+00 -1.404034328112516050e+00 -1.114060249107888367e+00
4.931000000000000000e+03 -6.479416696745943227e-02 -2.110041574195406611e+00 -4.010000064297116751e-01
5.064000000000000000e+03 -6.479416696745943227e-02 -2.110041574195406611e+00 -4.010000064297116751e-01
5.090000000000000000e+03 7.758197942086368926e-01 -2.101108762777442962e+00 -9.905687611952451732e-01
4.944000000000000000e+03 -8.898988637664757562e-01 -2.101511962343579398e+00 -1.398208514919847545e-01
5.044000000000000000e+03 -7.561230109519669895e-01 -2.101174918007870929e+00 3.591060705917090701e-01
5.020000000000000000e+03 -4.756642372538308905e-01 1.943640827796741632e+00 -4.097907156615754332e-02
5.021000000000000000e+03 1.609592434754603119e-02 1.517068637290066135e+00 5.386967728022860058e-01
4.645000000000000000e+03 -1.710512342391737661e+00 -1.125900783356541979e+00 8.269026110893165082e-01
4.870000000000000000e+03 1.199151165385721640e+00 1.678217844980053997e+00 3.267067020796705634e-01
4.913000000000000000e+03 7.212740044273289186e-01 1.853086658463325875e+00 7.409513822046118747e-01
5.012000000000000000e+03 2.485218040540921436e+00 -6.191833798479251527e-01 5.004225252657690248e-01
5.013000000000000000e+03 -2.158091336429748708e+00 -2.295535627486913199e-01 1.370864757514310028e+00
4.947000000000000000e+03 -1.694057456623362157e+00 -2.480922853049207788e-01 1.756771581769697832e+00
5.338000000000000000e+03 -2.695454097234332380e+00 -8.747005553604481065e-01 1.177838652774269690e+00
5.279000000000000000e+03 2.415556355803623489e+00 -5.345403163288153792e-01 1.480182381424341997e+00
4.938000000000000000e+03 -5.554092679799254029e-01 -2.046877542705971109e+00 7.687386746571291951e-01
5.167000000000000000e+03 -2.894029732011503597e+00 -9.757968341941420931e-01 6.317174544962949057e-01
5.047000000000000000e+03 -2.382275285344945814e-01 2.289652745789112487e-01 -7.277671202297799624e-01
4.983000000000000000e+03 5.540962427225295528e-01 -6.926775282948938184e-03 -6.978978948047505071e-01
4.930000000000000000e+03 7.166865358267315855e-01 3.491568845848291858e-01 -6.622751041045198406e-01
5.050000000000000000e+03 8.692405326788588127e-02 2.762508820249536257e-01 -8.214485605092249898e-01
4.823000000000000000e+03 -8.653360879124178950e-01 1.204218417307060918e+00 -8.633196336057302744e-01
4.849000000000000000e+03 -6.977993340591837068e-01 -1.006077584908410927e+00 -7.350708494753810385e-01
5.018000000000000000e+03 -1.289841862422498764e+00 -4.889254310128876568e-01 -9.010455555347824941e-01
5.203000000000000000e+03 1.276978508408959101e-01 5.876184719594732542e-01 -8.443630922375557901e-01
5.016000000000000000e+03 -4.590823610409771049e-01 3.812912648780013569e-01 -6.030978781822451396e-01
5.127000000000000000e+03 7.877786451914587929e-01 2.710877239403259864e-01 -4.951169874863516895e-01
4.948000000000000000e+03 7.271597163035181666e-01 -6.851487820227930570e-03 -3.178182757594036900e-01
4.834000000000000000e+03 6.681362906194010520e-01 9.481792117165355194e-01 -3.684807542621673093e-01
4.835000000000000000e+03 5.422147174359679411e-01 1.254744726557305512e+00 -1.639551677773365412e-01
4.978000000000000000e+03 5.422147174359679411e-01 1.254744726557305512e+00 -1.639551677773365412e-01
4.868000000000000000e+03 -7.027660670993185477e-01 2.376669499267904939e-01 -6.536485919368129061e-01
5.454000000000000000e+03 -9.493085335006625769e-01 3.880208908707913906e-01 -5.175775889664286922e-01
5.152000000000000000e+03 -9.493085335006625769e-01 3.880208908707913906e-01 -5.175775889664286922e-01
5.175000000000000000e+03 -6.852415713406614373e-01 2.291757343793108248e-01 -1.867776985761544495e-01
5.159000000000000000e+03 1.314970167882400176e+00 1.161821765685232322e+00 -3.610770048470968163e-01
5.160000000000000000e+03 -1.511566872971883413e-01 4.206565192718301205e-01 -6.478798294417167369e-01
5.328000000000000000e+03 -6.257213191109585182e-01 6.342897074053439610e-01 -5.800370637404039798e-01
5.201000000000000000e+03 -1.427069495368797902e-01 4.297953542070729327e-01 -4.944729783251879951e-01
4.910000000000000000e+03 -2.778020573388246817e-01 8.228778566388541549e-01 -1.552057708326035623e-01
4.911000000000000000e+03 2.374861761427311535e-01 5.013450216634112167e-01 -2.669907037180863085e-01
5.205000000000000000e+03 2.561975597165044860e-01 6.469904457153745625e-01 -1.866036048102674982e-01
4.826000000000000000e+03 -7.245408230216554557e-01 4.315879798855348781e-01 -4.955141679166903401e-01
5.153000000000000000e+03 -7.433019454305167528e-01 -5.750648743311899125e-01 -2.489514953473772607e-01
4.968000000000000000e+03 -7.104027077434267312e-01 -1.540492656284300210e-01 -2.445332085773621600e-01
4.963000000000000000e+03 -1.452333288892198482e+00 1.098149387021408074e+00 2.131431941990822310e-01
4.829000000000000000e+03 -1.116517639984309085e+00 2.704896744599238900e-01 5.435126658926847654e-02
5.197000000000000000e+03 -1.012554875743198579e+00 7.976077209207232954e-03 2.518082120831284243e-01
5.087000000000000000e+03 -1.012554875743198579e+00 7.976077209207232954e-03 2.518082120831284243e-01
5.343000000000000000e+03 -8.497482060247136815e-01 3.405937386509947373e-01 3.581509612546316390e-01
5.295000000000000000e+03 -5.217542749655237344e-01 -1.275938599007758967e+00 -6.850429974058389604e-01
5.392000000000000000e+03 -1.258027877432098762e+00 5.552288368210440694e-01 1.314437593707515006e+00
5.105000000000000000e+03 -1.230771751875053610e+00 7.440240499252297468e-01 1.380985349651023597e+00
5.400000000000000000e+03 -7.886424320472258387e-01 4.221486925295891979e-01 -4.399648230333319532e-02
5.410000000000000000e+03 1.302761678161346026e-04 -1.191795177335279732e+00 -7.651548418748976843e-01
4.640000000000000000e+03 -1.323288764244388460e+00 -5.547070766155570709e-02 8.317147962654924953e-01
5.412000000000000000e+03 -6.528881089351799005e-01 4.741693833912563605e-02 5.472619185989522350e-01
5.015000000000000000e+03 4.784744247628509584e-01 -1.238262583634877956e+00 -2.235458276307138448e-01
4.734000000000000000e+03 -1.107857903354940277e+00 5.875563451724019615e-01 5.675622647367415397e-01
4.733000000000000000e+03 -9.484693346392347735e-01 4.299417993325107545e-01 8.850448296918074220e-01
4.969000000000000000e+03 -2.933258823196425169e-01 -6.655118793007090972e-01 -7.756613018355267286e-01
4.848000000000000000e+03 -5.163667963201277189e-01 -7.223569208028379762e-01 -7.386905905625660296e-01
5.115000000000000000e+03 -4.341786055594170080e-01 -9.923636070626571382e-01 -6.648194038167005715e-01
5.442000000000000000e+03 8.487962234568726672e-01 -1.052205746468160896e+00 -1.092588653517536201e+00
4.738000000000000000e+03 6.860273486600476645e-01 3.028825730404776095e-01 -4.277757284100403012e-03
5.416000000000000000e+03 -3.576375445124710950e-01 1.314265299025692002e+00 1.131700805091533368e-01
5.302000000000000000e+03 -5.712409410368124441e-01 1.417872111093259946e+00 2.518934484229546911e-01
5.301000000000000000e+03 8.882940800738765574e-01 1.002887976682870885e+00 3.215045721298412928e-01
5.151000000000000000e+03 -7.721167242996216373e-01 1.352620853884701546e+00 1.362662453004720220e+00
5.149000000000000000e+03 -1.052259299342075849e+00 -8.297856299954844417e-01 -1.017309243638973015e-01
4.879000000000000000e+03 -7.214860710543931077e-01 -8.207836516072575250e-01 1.593245945511228001e-01
5.030000000000000000e+03 -2.547811084002660209e-02 -7.341609502728374537e-02 1.258426839131535857e+00
5.082000000000000000e+03 -2.383450327224707621e-01 -3.799093647934910223e-01 -1.136664656097197579e+00
5.132000000000000000e+03 -2.538031643694864670e-01 6.902101476743780495e-01 -1.196125234178033736e-01
5.234000000000000000e+03 -3.393218779723738976e-01 7.217999455569383827e-01 2.663669320326391698e-01
5.306000000000000000e+03 -3.393218779723738976e-01 7.217999455569383827e-01 2.663669320326391698e-01
5.069000000000000000e+03 6.423707981820001578e-01 4.110199861239891561e-01 -7.907949224257748710e-02
4.926000000000000000e+03 8.825788403946859262e-01 5.647021095373645494e-01 3.567462271541064212e-01
5.315000000000000000e+03 3.958526834242803716e-02 -4.121634755005914030e-01 -1.049381639236550257e+00
5.150000000000000000e+03 3.595654092929763124e-01 4.576058628781254356e-01 1.276173318166211601e-01
4.891000000000000000e+03 3.595654092929763124e-01 4.576058628781254356e-01 1.276173318166211601e-01
4.765000000000000000e+03 3.322831264858834288e-01 4.852732943597004578e-01 2.564330701788719580e-01
5.229000000000000000e+03 2.523097414465240718e-01 5.849614327861729635e-01 3.554733440310702264e-01
5.035000000000000000e+03 -9.041416302468192612e-01 -1.172967076052685798e+00 3.477909514872763452e-01
4.907000000000000000e+03 -1.086455972588964869e+00 -4.869856299586103887e-01 4.806827027153026677e-02
5.337000000000000000e+03 -8.032440357451520185e-01 -2.847570021214949065e-01 1.055067603870387671e-01
4.719000000000000000e+03 -8.537423563275723382e-01 -2.555679680022819866e-01 1.999811688388124509e-01
4.718000000000000000e+03 -7.217041434616149331e-01 -3.517521696340679682e-01 2.119819303050807235e-01
4.717000000000000000e+03 -2.201470996293934945e-01 -6.503864922964339712e-01 -1.784546310216406084e-01
4.716000000000000000e+03 4.182271214031771933e-01 -6.908890614607798852e-01 -3.961055558695676382e-01
5.233000000000000000e+03 4.182271214031771933e-01 -6.908890614607798852e-01 -3.961055558695676382e-01
5.223000000000000000e+03 4.182271214031771933e-01 -6.908890614607798852e-01 -3.961055558695676382e-01
5.173000000000000000e+03 4.182271214031771933e-01 -6.908890614607798852e-01 -3.961055558695676382e-01
4.721000000000000000e+03 4.182271214031771933e-01 -6.908890614607798852e-01 -3.961055558695676382e-01
4.720000000000000000e+03 4.182271214031771933e-01 -6.908890614607798852e-01 -3.961055558695676382e-01
5.232000000000000000e+03 4.995224184216056074e-01 2.190029766402119549e-01 5.519475670222284691e-01
5.348000000000000000e+03 4.915224101599307005e-01 -4.341507268162558830e-02 6.863105857870905879e-01
5.276000000000000000e+03 -5.221881064355642366e-01 9.789816269010032102e-01 6.355149222605405157e-01
5.308000000000000000e+03 1.409027985616262413e-01 -8.352549200919554551e-01 -4.605056029735106193e-01
5.446000000000000000e+03 2.293444167741611750e-01 -9.698286127127744294e-01 -3.182112076577112703e-01
5.403000000000000000e+03 2.870467369883868969e-01 -1.125903553288395642e+00 -2.877671366632341687e-01
5.199000000000000000e+03 2.870467369883868969e-01 -1.125903553288395642e+00 -2.877671366632341687e-01
5.346000000000000000e+03 9.798193552231992953e-02 -6.676821728104869180e-01 -2.123467961347049737e-01
5.430000000000000000e+03 3.477593794915350145e-01 -8.872653452305883093e-01 -1.771347085284009637e-01
4.862000000000000000e+03 8.644276783076065840e-02 -9.912722015359065608e-01 -1.738185512991137216e-01
5.326000000000000000e+03 1.163547220985350350e+00 1.994998930586007191e-01 4.692399109888665265e-01
4.900000000000000000e+03 -6.899104187065319138e-02 1.011068060682134728e+00 6.924812837863800752e-01
5.029000000000000000e+03 1.069935419225828355e+00 1.198972309439881201e+00 5.665383036002449302e-01
4.882000000000000000e+03 -7.530307372432929469e-01 -7.476613880279501245e-01 3.984599018521279845e-01
4.820000000000000000e+03 8.960367831904960667e-01 -2.911277431143162175e-01 -5.888880907357307848e-01
5.436000000000000000e+03 4.760233444316597229e-01 -3.727058550520609970e-01 -5.737225435804376161e-01
5.027000000000000000e+03 5.759576756967703659e-01 -2.570987214542412858e-01 -5.372187711964144796e-01
4.903000000000000000e+03 4.665521903102174406e-01 -4.399456856421295470e-01 -2.681594455593820925e-01
4.902000000000000000e+03 -3.408897668039330142e-01 8.987030073386392814e-01 3.891258248490299110e-01
4.648000000000000000e+03 -4.011711409531315553e-01 4.647284603465777764e-01 7.648269359813717472e-01
4.647000000000000000e+03 -4.011711409531315553e-01 4.647284603465777764e-01 7.648269359813717472e-01
4.894000000000000000e+03 -2.355154671911634523e-01 7.406615215555234499e-01 8.305390989461933771e-01
5.435000000000000000e+03 -1.607218426684333679e+00 -5.756506181515135268e-01 4.681782924861348505e-01
5.060000000000000000e+03 -1.318276637672653351e+00 -1.400877954072541343e-01 4.822858837328833914e-01
5.404000000000000000e+03 1.349059838694707025e+00 -4.782093800229745284e-01 -1.786977394815298936e-01
5.130000000000000000e+03 1.756677272664717293e-01 4.608840772533255858e-01 6.799024012422698604e-01
5.053000000000000000e+03 1.174005517241170082e+00 7.356094481643538074e-01 3.818630070001063359e-01
4.916000000000000000e+03 -6.573745609341159479e-01 -1.315259622816654428e+00 8.134173164831928204e-01
4.904000000000000000e+03 -7.475199710489377480e-01 -4.701556177557506544e-01 6.587847671329907229e-01
5.077000000000000000e+03 8.854397651843655126e-01 2.637035899288662222e-01 1.370766206533309273e+00
5.349000000000000000e+03 -1.943341508116560590e-01 -7.266753186843288859e-01 -1.094211911111404589e-01
4.994000000000000000e+03 4.990443983572134812e-01 -8.602473985813787749e-01 -1.195973824267060337e-01
5.200000000000000000e+03 9.723197731258537146e-01 2.418663201336528346e-01 9.025399064475667643e-01
4.945000000000000000e+03 -9.906649704852412697e-01 -7.746488844911993965e-01 1.187349156917649751e+00
4.925000000000000000e+03 -4.794316646129459514e-02 -6.456608502366236735e-01 -1.278891636030934364e-01
5.298000000000000000e+03 1.067077216816514351e-01 -6.690445576981574050e-01 -6.987926390786114439e-02
5.297000000000000000e+03 5.430041246015804290e-02 -8.364937886542804790e-01 1.762337273787650815e-02
5.062000000000000000e+03 -1.256339652942727980e+00 -1.538157623984375277e-01 1.185347976219430777e+00
5.268000000000000000e+03 -1.961573058307592987e-01 -1.559687470421891931e+00 9.060652723977469236e-02
5.249000000000000000e+03 -1.039657756351623163e+00 -1.274134234301044444e+00 1.056186510154262237e+00
4.967000000000000000e+03 3.981834551365750485e-01 -1.001142229226047675e+00 5.494278697011409918e-01
4.966000000000000000e+03 1.408688773707105213e+00 3.862871500152493809e-01 1.549888920089861344e+00
4.698000000000000000e+03 1.971531807212656418e-01 -1.067379767037635929e+00 7.040596820438533854e-01
5.022000000000000000e+03 1.235600078252957701e+00 -1.079997582834892000e+00 1.664501533514679110e+00
4.699000000000000000e+03 -3.077341142208354086e-01 -2.983328033708403382e-01 6.665759636047869918e-01
4.701000000000000000e+03 -4.440742315901857751e-01 -3.855729222448758264e-01 8.194971914617941167e-01
4.836000000000000000e+03 8.745004537757665730e-01 -2.371972392321310963e-01 4.913136597964520291e-01
5.190000000000000000e+03 6.070991560750655935e-01 -2.752729332349304059e-01 5.844783798786146178e-01
5.045000000000000000e+03 1.613022150124763243e-01 -5.593558087685437386e-01 7.027871387068493902e-01
5.083000000000000000e+03 -5.391527810662211095e-02 -3.796534535433977453e-01 6.905508630467842579e-01
4.821000000000000000e+03 -1.012300813296747037e-01 7.347301226820945885e-02 -1.396379637063287049e+00
5.051000000000000000e+03 8.288539961112277865e-01 7.285379822193362997e-01 -1.526741333578483406e+00
4.898000000000000000e+03 2.803301560763955536e-01 7.587018786346959587e-01 -1.396341854931867132e+00
4.897000000000000000e+03 -8.063099608328059276e-01 -1.701245978495649069e-01 -1.474467119125117520e+00
5.104000000000000000e+03 8.866754364276800970e-01 -8.118079233793196181e-01 -1.523832739559550120e+00
4.957000000000000000e+03 7.137057927807077817e-01 -3.156431441559846007e-01 -1.180119024232876512e+00
4.649000000000000000e+03 1.751662693755662303e+00 1.084997708966312757e+00 5.175610781483417355e-01
5.263000000000000000e+03 1.828387564808011234e+00 9.889249313313825951e-01 5.019561717255172084e-01
4.927000000000000000e+03 1.532437403870225978e+00 7.987508568541841214e-01 -1.510651451130609502e+00
4.703000000000000000e+03 1.711162472686552860e+00 7.002958391038589525e-01 5.849675252809944936e-01
4.702000000000000000e+03 1.712315033907323425e+00 -5.829123917999368132e-02 1.043146053141468244e+00
4.700000000000000000e+03 1.659117544303455816e+00 -1.427009932036327200e+00 -4.589403752361107536e-01
4.832000000000000000e+03 1.904065828757040890e+00 -1.255624313196250341e+00 5.222342273686582104e-01
5.379000000000000000e+03 -4.726461826607319949e-01 4.414307843777010021e-02 3.222444050547075278e-01
4.883000000000000000e+03 -1.182252623645965173e-01 9.019204378878953321e-02 1.283703109375977647e-01
4.929000000000000000e+03 -1.182252623645965173e-01 9.019204378878953321e-02 1.283703109375977647e-01
4.880000000000000000e+03 -1.020619936147824092e-01 8.832462150328979078e-02 2.034627675977489503e-01
5.438000000000000000e+03 -1.020619936147824092e-01 8.832462150328979078e-02 2.034627675977489503e-01
5.437000000000000000e+03 6.094938415674278076e-02 1.771940863042686942e-02 1.248714788971501122e-01
4.722000000000000000e+03 1.774547476715326866e-02 4.175711805143578204e-02 1.455186599383662127e-01
5.049000000000000000e+03 1.774547476715326866e-02 4.175711805143578204e-02 1.455186599383662127e-01
4.837000000000000000e+03 -4.536406450259278245e-02 2.694520296816449445e-02 1.457162882308615792e-01
5.253000000000000000e+03 -2.872490803879657051e-02 -4.104354258339526496e-02 1.327538265920509275e-01
4.831000000000000000e+03 -2.872490803879657051e-02 -4.104354258339526496e-02 1.327538265920509275e-01
5.235000000000000000e+03 6.343756994318994202e-02 -5.577671008168749722e-02 1.864853867174893765e-01
5.425000000000000000e+03 2.722201768270338107e-02 -8.001369606120078970e-03 1.568199030789614312e-01
5.014000000000000000e+03 5.782530328993118474e-02 3.578917626609268154e-02 1.856789680378359009e-01
5.036000000000000000e+03 1.164471829689048832e-01 -6.829604441378478441e-03 1.960561826103184302e-01
5.157000000000000000e+03 4.873038473409252447e-02 3.025927056162913686e-02 2.245465242190789468e-01
5.370000000000000000e+03 -8.774413176666939762e-02 3.526404153799944652e-02 2.287624585123833043e-01
4.999000000000000000e+03 -8.774413176666939762e-02 3.526404153799944652e-02 2.287624585123833043e-01
5.408000000000000000e+03 -8.774413176666939762e-02 3.526404153799944652e-02 2.287624585123833043e-01
5.094000000000000000e+03 -7.029784640284475472e-02 1.613232526656815935e-02 2.565607030313170611e-01
5.011000000000000000e+03 -1.077853683700737975e-01 -5.024157534046480578e-02 2.037552739000680901e-01
5.055000000000000000e+03 -1.077853683700737975e-01 -5.024157534046480578e-02 2.037552739000680901e-01
4.644000000000000000e+03 -7.917675274561020160e-02 -1.008048862760517750e-01 1.820120806733385166e-01
5.309000000000000000e+03 -1.230601714556698312e-01 -2.882745643984208073e-02 1.193144834616468586e-01
5.172000000000000000e+03 -1.318131841774814461e-01 -4.359317027569886704e-02 1.327361403429367925e-01
5.111000000000000000e+03 -2.549974553210532235e-01 2.413097824532428604e-02 1.718827380809830885e-01
4.965000000000000000e+03 -2.189256453425727500e-01 2.688026691319578276e-02 1.663688539636591912e-01
5.010000000000000000e+03 -2.607543477482678895e-01 1.001841203051014872e-01 3.607983812011799074e-01
5.046000000000000000e+03 -3.274598877281036380e-01 -1.089220649728019907e-01 1.942433428001457685e-01
5.188000000000000000e+03 1.545531425437758344e-01 1.264350636957374263e-01 2.569900962876356942e-01
4.878000000000000000e+03 2.447162437342171870e-01 -3.617758385431102397e-02 1.438626712008836961e-01
4.632000000000000000e+03 3.038753714650752613e-01 7.603382900839505965e-02 1.820069112439330894e-01
5.415000000000000000e+03 2.111203495982607592e-01 1.066234476394924968e-01 2.953046873823836904e-01
5.028000000000000000e+03 3.080677777475600010e-01 -7.242087068107139203e-03 3.120914222352606515e-01
4.818000000000000000e+03 1.999342719620926800e-01 -1.902828885832263950e-02 3.748904540240491912e-01
5.031000000000000000e+03 -6.119824975592536020e-02 1.629665320199649159e-01 2.692916468234187732e-01
5.318000000000000000e+03 -6.119824975592536020e-02 1.629665320199649159e-01 2.692916468234187732e-01
4.946000000000000000e+03 1.077648191960776103e-01 3.185287615356742208e-01 2.330670610327096881e-01
5.275000000000000000e+03 7.847682698005087332e-02 2.004707153277536236e-01 2.909505207464899712e-01
4.651000000000000000e+03 7.847682698005087332e-02 2.004707153277536236e-01 2.909505207464899712e-01
5.194000000000000000e+03 7.847682698005087332e-02 2.004707153277536236e-01 2.909505207464899712e-01
5.257000000000000000e+03 -9.396776953992258541e-02 1.658145142920943726e-01 2.213278192166665548e-01
5.258000000000000000e+03 4.029652400706851267e-02 1.753287109540053734e-01 1.279338507109830658e-01
5.259000000000000000e+03 -1.815953253350244267e-01 3.711574116743179275e-01 1.612567706910041920e-01
4.940000000000000000e+03 -1.627288270241464829e-01 3.817811774535186942e-01 1.815023355014098172e-01
4.941000000000000000e+03 -2.474789330378328600e-01 2.549371706209342392e-01 2.317530669369656238e-01
4.942000000000000000e+03 -2.258659825967441748e-01 2.457155982694416707e-01 2.462444264774568126e-01
5.191000000000000000e+03 -1.966599936854009911e-01 1.823713151162564827e-01 3.030968911460103499e-01
5.192000000000000000e+03 1.946559763563016077e-02 1.536772440144318352e-02 4.208823707964395311e-01
4.817000000000000000e+03 -5.574592265663369517e-02 -4.968286188514525747e-02 3.986664582156880243e-01
5.118000000000000000e+03 -1.437117511332601794e-01 -6.401021940143891698e-02 5.702210735485113702e-01
5.119000000000000000e+03 -2.781856668405140454e-01 1.452599285646272165e-01 3.925764408170753228e-01
4.592000000000000000e+03 1.908268493767835139e-01 -2.273575748648681838e-02 4.656566143669245150e-01
4.971000000000000000e+03 -4.270774486378812185e-01 2.206637909185360513e-01 6.185507935181995265e-01
4.972000000000000000e+03 1.173764538466670615e-01 2.416532631903010042e-01 5.057830920368804328e-01
5.183000000000000000e+03 1.173764538466670615e-01 2.416532631903010042e-01 5.057830920368804328e-01
5.184000000000000000e+03 1.173764538466670615e-01 2.416532631903010042e-01 5.057830920368804328e-01
5.193000000000000000e+03 3.606152959967801053e-02 1.752374921598232049e-01 3.835864164779376750e-01
4.895000000000000000e+03 -2.009299686787286987e-01 3.196104262076744362e-01 5.910309491134047022e-01
5.066000000000000000e+03 -1.739274547829126050e-01 1.748700227360018289e-01 4.928243583914149184e-01
5.026000000000000000e+03 8.232379587396110310e-02 -4.479544713878738094e-01 1.192789483101623915e-01
5.266000000000000000e+03 2.118427614905300516e-01 -3.837281582337936925e-01 1.800910144266243407e-01
5.202000000000000000e+03 2.118427614905300516e-01 -3.837281582337936925e-01 1.800910144266243407e-01
4.851000000000000000e+03 6.768380480074398520e-02 -1.133321737108303751e-01 1.245253971700073237e-01
5.353000000000000000e+03 -5.992613573663874149e-02 -1.182092493314996773e-01 1.186356068961220700e-01
5.089000000000000000e+03 -5.992613573663874149e-02 -1.182092493314996773e-01 1.186356068961220700e-01
4.939000000000000000e+03 -5.992613573663874149e-02 -1.182092493314996773e-01 1.186356068961220700e-01
5.316000000000000000e+03 2.894432454520767806e-02 -1.441251842067288180e-01 1.728407464589771791e-01
5.317000000000000000e+03 2.894432454520767806e-02 -1.441251842067288180e-01 1.728407464589771791e-01
4.854000000000000000e+03 -1.627187953829434264e-02 -1.193614550800816687e-01 2.002129533499861225e-01
5.271000000000000000e+03 -6.950574217511018560e-02 -1.394611635988098897e-01 1.711306878211154014e-01
4.953000000000000000e+03 8.152437152568126066e-02 -1.944710675563214863e-01 2.550068520928743254e-01
5.091000000000000000e+03 -7.760215820773197493e-02 -3.298733793371013689e-01 1.461734795079916438e-01
5.092000000000000000e+03 2.649111958601224615e-02 -1.756787664004377802e-01 3.218637923306832960e-01
5.122000000000000000e+03 -1.225251440792618496e-01 -2.272430539262870752e-01 1.853003247696438649e-01
5.123000000000000000e+03 -1.225251440792618496e-01 -2.272430539262870752e-01 1.853003247696438649e-01
4.890000000000000000e+03 -1.782989789828519633e-01 -1.429594647235887805e-01 3.140822237733438271e-01
5.024000000000000000e+03 3.025596588918233465e-01 -2.884986383106422636e-01 2.544811454238029569e-01
5.025000000000000000e+03 3.845332470205775621e-01 -3.318308330962906894e-01 3.366031519950389850e-01
5.002000000000000000e+03 -2.627927031621055676e-01 -4.905742685575376072e-01 6.000698230038761238e-01
5.265000000000000000e+03 -3.201571677049344089e-01 -2.832447976566356829e-01 4.356566463715427773e-01
4.855000000000000000e+03 -1.792851251676879087e-01 -1.447977489088430048e-01 4.516590640817010893e-01
4.652000000000000000e+03 -1.792851251676879087e-01 -1.447977489088430048e-01 4.516590640817010893e-01
5.113000000000000000e+03 3.780612010423638480e-01 -4.138013735277468186e-01 4.000784436590443249e-01
4.863000000000000000e+03 7.627995872745430006e-02 -1.986922031339872774e-01 4.529640169248114745e-01
4.864000000000000000e+03 -6.146099615816993378e-01 3.530431837120033833e-01 1.315903948728163186e-01
4.888000000000000000e+03 -3.978896539654286357e-01 1.882135821627173300e-01 2.820932779352247621e-01
4.889000000000000000e+03 -3.978896539654286357e-01 1.882135821627173300e-01 2.820932779352247621e-01
5.017000000000000000e+03 1.817742385258540594e-01 2.108179300273036461e-01 1.358712389166480961e-01
4.860000000000000000e+03 1.817742385258540594e-01 2.108179300273036461e-01 1.358712389166480961e-01
4.861000000000000000e+03 3.113674266365578092e-01 2.457453500599342533e-01 2.855357368665636386e-01
4.935000000000000000e+03 -8.633265214115226627e-02 -9.728395511191934020e-02 -3.578170031006067120e-02
4.936000000000000000e+03 -8.633265214115226627e-02 -9.728395511191934020e-02 -3.578170031006067120e-02
4.937000000000000000e+03 -8.633265214115226627e-02 -9.728395511191934020e-02 -3.578170031006067120e-02
5.006000000000000000e+03 -1.147749596367972913e-01 3.014595166433764462e-03 -1.770345757091362771e-02
5.007000000000000000e+03 -6.681048141701495524e-02 1.274086013572741649e-01 -6.617403936373555950e-02
5.080000000000000000e+03 4.668125245601117967e-02 -3.364583088617223439e-02 -1.254568183207993570e-01
5.081000000000000000e+03 4.668125245601117967e-02 -3.364583088617223439e-02 -1.254568183207993570e-01
5.168000000000000000e+03 -5.019593120552201526e-02 3.972053879186887571e-02 -9.250463386130469701e-02
5.169000000000000000e+03 -5.019593120552201526e-02 3.972053879186887571e-02 -9.250463386130469701e-02
5.112000000000000000e+03 -5.019593120552201526e-02 3.972053879186887571e-02 -9.250463386130469701e-02
4.830000000000000000e+03 6.039887720982761721e-02 -2.888606325601017488e-02 -9.704363999636456128e-02
4.917000000000000000e+03 6.039887720982761721e-02 -2.888606325601017488e-02 -9.704363999636456128e-02
4.696000000000000000e+03 6.039887720982761721e-02 -2.888606325601017488e-02 -9.704363999636456128e-02
5.070000000000000000e+03 6.957464914478350693e-03 -4.369888210254657679e-02 -7.339727238119486685e-02
5.071000000000000000e+03 6.957464914478350693e-03 -4.369888210254657679e-02 -7.339727238119486685e-02
5.072000000000000000e+03 1.286823400861720756e-01 -3.632295823337017282e-03 -7.570054023775441010e-02
5.210000000000000000e+03 -6.849264140141286816e-02 -4.793640390988684885e-02 -4.372455260333119043e-02
4.996000000000000000e+03 -6.849264140141286816e-02 -4.793640390988684885e-02 -4.372455260333119043e-02
4.997000000000000000e+03 -2.969768359498914378e-02 -8.532262597356066181e-03 -5.011251915524184142e-02
4.998000000000000000e+03 -1.221720195248110485e-02 3.385326971962854259e-02 -2.248315722351179602e-02
4.593000000000000000e+03 -1.221720195248110485e-02 3.385326971962854259e-02 -2.248315722351179602e-02
5.393000000000000000e+03 -2.767593595791595362e-03 -2.703011719546566383e-02 -3.350851220509198924e-02
5.254000000000000000e+03 -2.767593595791595362e-03 -2.703011719546566383e-02 -3.350851220509198924e-02
5.008000000000000000e+03 -2.953287120041636626e-02 -2.285821415242139665e-02 -1.382537725972809994e-02
5.009000000000000000e+03 -2.953287120041636626e-02 -2.285821415242139665e-02 -1.382537725972809994e-02
5.373000000000000000e+03 -8.244502596611624767e-02 -7.456537229327864225e-02 -9.384053281385718037e-02
5.374000000000000000e+03 -1.606728273622337611e-02 1.358519693360733527e-01 7.369858621958158551e-03
5.187000000000000000e+03 1.847057236876992192e-02 7.447560065600100643e-03 -2.994213615618690483e-03
4.693000000000000000e+03 1.847057236876992192e-02 7.447560065600100643e-03 -2.994213615618690483e-03
4.694000000000000000e+03 1.847057236876992192e-02 7.447560065600100643e-03 -2.994213615618690483e-03
4.695000000000000000e+03 7.883274753996971640e-02 -7.107179776596694865e-02 -1.848492659235567714e-02
5.255000000000000000e+03 1.765258865641783359e-02 -3.387558995405015594e-02 4.129887550826438769e-03
5.267000000000000000e+03 1.765258865641783359e-02 -3.387558995405015594e-02 4.129887550826438769e-03
5.117000000000000000e+03 1.765258865641783359e-02 -3.387558995405015594e-02 4.129887550826438769e-03
5.093000000000000000e+03 -8.915335042580352365e-03 8.174139645916511654e-03 1.150467792903420161e-02
5.097000000000000000e+03 -6.280308718129390400e-02 -6.450640088448267306e-02 1.398453340720529070e-02
4.833000000000000000e+03 -6.280308718129390400e-02 -6.450640088448267306e-02 1.398453340720529070e-02
4.985000000000000000e+03 1.170747816530592900e-03 -7.901874872825942475e-02 -8.673122874994909637e-02
5.204000000000000000e+03 1.170747816530592900e-03 -7.901874872825942475e-02 -8.673122874994909637e-02
4.732000000000000000e+03 -1.090546077222995791e-01 1.169765943564300414e-01 -9.404073387545253127e-02
5.198000000000000000e+03 -1.090546077222995791e-01 1.169765943564300414e-01 -9.404073387545253127e-02
4.950000000000000000e+03 -1.557802294564680778e-02 1.296955459700370739e-01 2.251667290028080970e-02
4.951000000000000000e+03 -1.017382919139748765e-01 1.155323574750468651e-01 2.858208235731929392e-02
4.952000000000000000e+03 -1.017382919139748765e-01 1.155323574750468651e-01 2.858208235731929392e-02
4.928000000000000000e+03 -1.017382919139748765e-01 1.155323574750468651e-01 2.858208235731929392e-02
4.884000000000000000e+03 -1.017382919139748765e-01 1.155323574750468651e-01 2.858208235731929392e-02
4.885000000000000000e+03 -8.154230497467551686e-02 6.846235126505462176e-02 4.407388322854188800e-02
5.078000000000000000e+03 -9.910042869091739703e-02 -9.618992686176852658e-02 -1.753398783923820758e-02
5.420000000000000000e+03 -1.095587879326416214e-01 -6.429888406017880698e-03 5.997995929088872913e-02
5.185000000000000000e+03 -1.095587879326416214e-01 -6.429888406017880698e-03 5.997995929088872913e-02
5.079000000000000000e+03 1.868448119046206557e-02 -8.544777678119430675e-02 5.568874212005248125e-02
5.134000000000000000e+03 1.868448119046206557e-02 -8.544777678119430675e-02 5.568874212005248125e-02
5.096000000000000000e+03 -8.648940475311661658e-02 -3.425109575192664124e-02 6.296812743396529299e-02
5.043000000000000000e+03 -8.648940475311661658e-02 -3.425109575192664124e-02 6.296812743396529299e-02
5.136000000000000000e+03 9.101818730009370029e-02 -1.215541602439884628e-02 6.904744181387734159e-02
5.135000000000000000e+03 -1.456077330727367780e-02 -4.462855480113603335e-03 6.814932458532219073e-02
5.048000000000000000e+03 -1.456077330727367780e-02 -4.462855480113603335e-03 6.814932458532219073e-02
5.422000000000000000e+03 -4.753596644552970929e-02 -8.409124548018098722e-02 8.123997340080890694e-02
4.973000000000000000e+03 -4.753596644552970929e-02 -8.409124548018098722e-02 8.123997340080890694e-02
4.874000000000000000e+03 -4.753596644552970929e-02 -8.409124548018098722e-02 8.123997340080890694e-02
5.059000000000000000e+03 -2.717338082173625935e-02 -2.565831458770162499e-02 8.377195490400879407e-02
4.843000000000000000e+03 -2.717338082173625935e-02 -2.565831458770162499e-02 8.377195490400879407e-02
4.954000000000000000e+03 -5.724724238485379146e-02 1.557605112745363840e-02 8.247505798230569951e-02
5.125000000000000000e+03 -5.724724238485379146e-02 1.557605112745363840e-02 8.247505798230569951e-02
5.057000000000000000e+03 -4.520826174703529432e-02 -1.028819982929007892e-01 1.304242088587237447e-02
4.982000000000000000e+03 -4.520826174703529432e-02 -1.028819982929007892e-01 1.304242088587237447e-02
4.822000000000000000e+03 3.177479649437486842e-02 -1.058064811700774044e-01 -6.850273180670995998e-02
4.869000000000000000e+03 3.177479649437486842e-02 -1.058064811700774044e-01 -6.850273180670995998e-02
5.354000000000000000e+03 3.177479649437486842e-02 -1.058064811700774044e-01 -6.850273180670995998e-02
5.163000000000000000e+03 -5.089708909532930647e-02 -1.067616385308838289e-01 3.931159543818196767e-02
5.164000000000000000e+03 5.997466496652492651e-02 1.554661257722500523e-02 1.002633399184738039e-01
4.979000000000000000e+03 -5.234134624804198666e-02 -1.071090108657699602e-01 1.257574480019485463e-02
4.980000000000000000e+03 -8.195697135412416401e-02 7.285249684966288442e-02 1.035669851545595321e-01
4.812000000000000000e+03 -9.990214949081632767e-02 6.807269994297371341e-02 1.077674459104933646e-01
5.174000000000000000e+03 -6.960842850657655845e-02 -6.663437920826709160e-02 1.069642928448981678e-01
5.131000000000000000e+03 -6.960842850657655845e-02 -6.663437920826709160e-02 1.069642928448981678e-01
5.182000000000000000e+03 -1.140895417074929696e-01 -1.109310614737637479e-01 -4.516001779245115699e-02
5.180000000000000000e+03 -1.043119037219426559e-01 -1.114827624982979160e-01 -5.755947912231107466e-03
5.409000000000000000e+03 -1.519441281546818345e-01 -1.015231372373932572e-01 -6.422196648404820962e-03
4.712000000000000000e+03 -1.519441281546818345e-01 -1.015231372373932572e-01 -6.422196648404820962e-03
4.713000000000000000e+03 -2.927258435947450721e-01 -2.421279835402856406e-04 -1.098937065452769701e-01
4.714000000000000000e+03 -2.055356918495334639e-01 -1.661387115046863983e-02 -1.059861502784205101e-01
5.158000000000000000e+03 -1.827069650234562914e-01 5.192695309975192686e-02 -8.817172774365111820e-02
4.955000000000000000e+03 -1.827069650234562914e-01 5.192695309975192686e-02 -8.817172774365111820e-02
5.218000000000000000e+03 -1.827069650234562914e-01 5.192695309975192686e-02 -8.817172774365111820e-02
5.406000000000000000e+03 -1.908284327948948089e-01 -4.735210031898873240e-02 -2.939850934465582100e-02
5.177000000000000000e+03 -2.580612403358841789e-01 5.781377531366160838e-02 8.307558268723980177e-03
5.227000000000000000e+03 -1.454646968980952693e-01 -8.425962466279202090e-02 -8.815123850109429782e-02
5.352000000000000000e+03 -2.390259776872056818e-01 3.311451938009213336e-02 2.595358714136253298e-02
4.594000000000000000e+03 -2.390259776872056818e-01 3.311451938009213336e-02 2.595358714136253298e-02
4.595000000000000000e+03 -2.858573529870582774e-01 1.257509428899652448e-01 4.828291899661607545e-02
4.596000000000000000e+03 -2.858573529870582774e-01 1.257509428899652448e-01 4.828291899661607545e-02
5.367000000000000000e+03 -1.390855232750780601e-01 7.063470567885588025e-03 5.846124676512509666e-02
5.368000000000000000e+03 -1.390855232750780601e-01 7.063470567885588025e-03 5.846124676512509666e-02
5.256000000000000000e+03 -1.868134751827170703e-01 -9.893250017032073629e-02 2.076218627336601230e-02
5.126000000000000000e+03 -1.300174217526759435e-01 5.033792248198665220e-02 5.521634686591880836e-02
5.228000000000000000e+03 -2.447538630538161897e-01 -3.516602514932287704e-02 8.419038668222533772e-02
4.922000000000000000e+03 -2.028589653576844398e-01 -2.996190305907475704e-02 9.843751415219692547e-02
5.213000000000000000e+03 -1.686942481666520166e-01 -1.080236359519517464e-01 6.051833698654007776e-02
5.211000000000000000e+03 1.561819783229978498e-01 4.281534569227574138e-02 -6.528632156664393449e-02
5.005000000000000000e+03 1.526354702961825183e-01 -6.508779385083585112e-02 -6.096653582329203402e-02
4.876000000000000000e+03 1.526354702961825183e-01 -6.508779385083585112e-02 -6.096653582329203402e-02
5.109000000000000000e+03 1.526354702961825183e-01 -6.508779385083585112e-02 -6.096653582329203402e-02
4.827000000000000000e+03 1.662711491807371544e-01 4.205883815399147352e-02 -1.032636784026603749e-01
5.359000000000000000e+03 3.671761986875239359e-01 7.245358925410982920e-02 -7.230238621956353029e-02
5.360000000000000000e+03 2.568106879260625419e-01 -4.663501785481116713e-02 -8.057177988852970429e-02
4.995000000000000000e+03 3.085205916249407210e-01 7.717454284585301139e-02 -6.895326395331302649e-02
5.389000000000000000e+03 1.422037063099352849e-01 6.827138741223848228e-02 -1.210066954336088685e-01
5.262000000000000000e+03 1.725934899699339553e-01 1.748539958256856153e-02 4.097430339619378969e-02
5.390000000000000000e+03 1.725934899699339553e-01 1.748539958256856153e-02 4.097430339619378969e-02
4.816000000000000000e+03 1.547136600718559407e-01 -3.857979629344754358e-02 7.142191439160150424e-02
5.039000000000000000e+03 1.342605200224440409e-01 -5.037047708137265545e-02 2.181296444329916540e-02
4.814000000000000000e+03 2.629007265612983701e-01 1.219348269539466401e-01 1.066458583102480873e-01
5.156000000000000000e+03 9.568656503643779843e-02 3.328533956958779072e-01 8.220312828230369462e-02
5.224000000000000000e+03 -5.014708937659406729e-02 1.538731342962194049e-01 6.282376639387621253e-02
5.001000000000000000e+03 1.165470175592133728e-01 2.814380099870845697e-01 1.068967362384025677e-01
4.871000000000000000e+03 -1.248788899503239236e-01 -4.348436340211776496e-01 4.502963304298468472e-02
5.075000000000000000e+03 -9.335710696149135401e-03 -3.786607621335633667e-01 -9.624861481624336079e-03
5.391000000000000000e+03 3.192690480079818371e-02 -5.686212842265661038e-01 2.762532327132305454e-03
4.923000000000000000e+03 -1.342361020866533750e-01 -4.994963791287432286e-01 -1.076331479589338613e-01
4.877000000000000000e+03 -2.069859536585383353e-01 -4.537175311246528508e-01 1.028867516168343599e-01
5.162000000000000000e+03 -2.069859536585383353e-01 -4.537175311246528508e-01 1.028867516168343599e-01
5.148000000000000000e+03 2.341383541372366039e-01 -6.104377087246177780e-01 -2.334227724772475199e-02
5.128000000000000000e+03 -1.270464096670096410e-01 -2.554883007265686956e-01 3.451139611691189657e-03
5.129000000000000000e+03 7.674054424503395921e-02 -2.000986776726279004e-01 -1.341415712141689198e-01
5.214000000000000000e+03 1.137744808178737799e-01 -1.709974203247384139e-01 -8.691319189277812995e-02
4.960000000000000000e+03 1.137744808178737799e-01 -1.709974203247384139e-01 -8.691319189277812995e-02
4.961000000000000000e+03 -3.088083762495585916e-02 -1.477406772445135630e-01 -1.363869400617012673e-01
5.222000000000000000e+03 -3.088083762495585916e-02 -1.477406772445135630e-01 -1.363869400617012673e-01
5.056000000000000000e+03 -6.692675460460151271e-02 -1.485879841536359436e-01 -1.255092264551116443e-01
4.845000000000000000e+03 -3.331106238177028445e-02 -1.669926898377411817e-01 -5.956926808644524840e-02
5.147000000000000000e+03 -3.331106238177028445e-02 -1.669926898377411817e-01 -5.956926808644524840e-02
5.251000000000000000e+03 7.284792722131783194e-02 -1.272027859191666721e-01 -3.140507545843007620e-02
5.207000000000000000e+03 5.782864540410770360e-02 -2.558592978437275178e-01 -6.331486514783790653e-02
5.208000000000000000e+03 -5.032824480362307895e-02 -2.146748579907580279e-01 -2.688734383847801723e-02
4.856000000000000000e+03 3.594500228608410453e-03 -1.585005625632618376e-01 -5.433572771728201189e-02
5.165000000000000000e+03 4.298442530859603039e-02 -1.346756366640136093e-01 -2.473651852389302519e-02
5.242000000000000000e+03 9.897618372169603163e-02 -1.571176645418290718e-01 -1.604988908493609756e-02
5.206000000000000000e+03 9.897618372169603163e-02 -1.571176645418290718e-01 -1.604988908493609756e-02
4.989000000000000000e+03 -1.218091000483667585e-02 -1.468999285919778686e-01 2.518498867340568381e-03
4.990000000000000000e+03 -4.555941323623358130e-02 -1.721224497065065862e-01 -1.558140769375881973e-03
4.824000000000000000e+03 -7.438246618481514361e-02 -1.138709317351640493e-01 9.644386082383604730e-03
5.170000000000000000e+03 2.816459837513463071e-02 -1.369703106850579388e-01 -2.138260793866919585e-04
4.924000000000000000e+03 -9.881393814585948121e-02 -1.263733546995240431e-01 -7.097356413164668254e-02
4.956000000000000000e+03 -9.881393814585948121e-02 -1.263733546995240431e-01 -7.097356413164668254e-02
5.310000000000000000e+03 -1.231708415522732025e-01 -1.731399655267011894e-01 1.185966817989303479e-02
5.142000000000000000e+03 -1.231708415522732025e-01 -1.731399655267011894e-01 1.185966817989303479e-02
5.364000000000000000e+03 -4.590314421356112007e-02 -1.909085987563514664e-01 4.817998675466306224e-02
4.846000000000000000e+03 -4.590314421356112007e-02 -1.909085987563514664e-01 4.817998675466306224e-02
4.847000000000000000e+03 -4.635615694299133338e-02 -2.607298248608742597e-01 6.520846223559040311e-02
5.215000000000000000e+03 -4.635615694299133338e-02 -2.607298248608742597e-01 6.520846223559040311e-02
5.286000000000000000e+03 -1.506189882187669582e-02 -2.487153409136624305e-01 5.885060897948690695e-02
4.597000000000000000e+03 -1.506189882187669582e-02 -2.487153409136624305e-01 5.885060897948690695e-02
4.598000000000000000e+03 6.723377605872826734e-02 -3.575542700137361862e-01 -1.084299954355767426e-01
4.918000000000000000e+03 5.263466621653378752e-02 -2.524817962039946906e-01 8.909646839820162256e-02
4.920000000000000000e+03 5.263466621653378752e-02 -2.524817962039946906e-01 8.909646839820162256e-02
4.943000000000000000e+03 -1.929129127146964606e-01 -1.510337326434694205e-01 -8.490484021305455542e-02
5.383000000000000000e+03 -1.929129127146964606e-01 -1.510337326434694205e-01 -8.490484021305455542e-02
4.921000000000000000e+03 -1.992115575306598885e-01 -2.461729117139270784e-01 3.058463933376565080e-02
5.240000000000000000e+03 -1.346846314745278050e-01 -1.327411594873240119e-01 5.602002602068445469e-02
5.061000000000000000e+03 -3.181165764121232087e-01 -2.021494203144698076e-01 1.144724429664165655e-01
4.881000000000000000e+03 1.296244195459337334e-01 -1.679036059952920823e-01 -3.229866861911290243e-04
4.666000000000000000e+03 2.893496426156616508e-01 -1.206691780963922156e-01 -6.926921742248026703e-02
5.231000000000000000e+03 2.760284074691483625e-01 -1.688781680827275977e-01 -5.667383450181517901e-02
4.865000000000000000e+03 2.760284074691483625e-01 -1.688781680827275977e-01 -5.667383450181517901e-02
4.866000000000000000e+03 2.492785700990083342e-01 -1.268239930292622830e-01 5.582792262977065434e-02
4.964000000000000000e+03 2.492785700990083342e-01 -1.268239930292622830e-01 5.582792262977065434e-02
5.141000000000000000e+03 -4.267506451829063963e-01 -6.430489063308186815e-02 7.491419420863465461e-02
4.672000000000000000e+03 -3.884659805981769409e-01 2.297142945168957340e-01 4.236819957717408158e-02
5.216000000000000000e+03 -4.166329477432455519e-01 -5.136096873720248368e-01 1.045539959588559498e-02
5.120000000000000000e+03 3.776104816273218034e-01 1.760927628040462878e-01 -4.348381299265824396e-02
5.121000000000000000e+03 2.918299797791448214e-01 3.215362726260764248e-01 -1.074894959325973787e-01
5.067000000000000000e+03 1.347150241422738759e-01 1.503641533199697733e-01 -4.878167649964737507e-03
4.914000000000000000e+03 1.347150241422738759e-01 1.503641533199697733e-01 -4.878167649964737507e-03
4.915000000000000000e+03 5.096084740004869218e-02 9.578840179514713782e-02 -3.421200348851769490e-01
5.107000000000000000e+03 5.096084740004869218e-02 9.578840179514713782e-02 -3.421200348851769490e-01
5.108000000000000000e+03 2.299645788819759673e-02 1.048102595968884998e-01 -2.974215051992210590e-01
5.221000000000000000e+03 -6.604877187039903674e-02 5.731328738053775851e-02 -2.570068052338001507e-01
5.385000000000000000e+03 -6.604877187039903674e-02 5.731328738053775851e-02 -2.570068052338001507e-01
4.977000000000000000e+03 -4.006296656162788850e-02 -5.523732823144200665e-02 -2.277390573151443220e-01
5.421000000000000000e+03 -4.006296656162788850e-02 -5.523732823144200665e-02 -2.277390573151443220e-01
5.074000000000000000e+03 -8.228877482814311861e-02 -8.975563453859081164e-02 -3.001011628282554966e-01
4.867000000000000000e+03 -5.332122883452683482e-02 1.243991287747405750e-01 -2.149080576374267082e-01
5.098000000000000000e+03 1.187790104689412374e-01 -9.504855613681684190e-02 -1.958614032276191352e-01
5.099000000000000000e+03 -1.033555037771236584e-01 2.670534105763522348e-02 -1.939254476921021819e-01
5.100000000000000000e+03 -3.736792589221238359e-02 -9.422192766930947982e-02 -1.937982091652088457e-01
5.402000000000000000e+03 1.264508505810297834e-01 -1.055202773194707788e-01 -1.903358389654243865e-01
5.004000000000000000e+03 -2.256417484409212193e-02 -1.075956872830374778e-02 -1.527652494489011303e-01
5.356000000000000000e+03 -2.256417484409212193e-02 -1.075956872830374778e-02 -1.527652494489011303e-01
4.893000000000000000e+03 -2.256417484409212193e-02 -1.075956872830374778e-02 -1.527652494489011303e-01
5.054000000000000000e+03 -3.550403100941608159e-01 -6.745173812939242453e-02 -3.312027989503771863e-01
4.673000000000000000e+03 -1.900392191616901982e-01 5.922647146005033392e-02 -2.896248513969297278e-01
4.976000000000000000e+03 1.374698348158247541e-01 -1.878533339868226903e-02 -3.484847410560263370e-01
4.912000000000000000e+03 2.064137012880777888e-01 -1.856797725906744745e-03 -2.059603849243991647e-01
5.217000000000000000e+03 2.725632716813422007e-01 -1.447823557469973821e-02 -2.029815869603517342e-01
5.137000000000000000e+03 2.725632716813422007e-01 -1.447823557469973821e-02 -2.029815869603517342e-01
5.138000000000000000e+03 3.011750793156480199e-01 8.811638889415007725e-02 -1.818972953208159993e-01
5.189000000000000000e+03 -3.494160838413264969e-01 -5.352069876255995950e-01 -2.395433587447293178e-01
4.638000000000000000e+03 -4.927219237152371534e-01 -2.808159219082710933e-01 -1.459761350786017431e-01
4.639000000000000000e+03 -1.845129441964701300e-01 -2.339574810099236402e-01 -1.482968008005336458e-01
4.872000000000000000e+03 1.222882009155554783e-01 -3.731318106293599612e-01 -1.482890549821487269e-01
4.873000000000000000e+03 1.319947980398268328e-01 -4.670825216865921448e-01 -2.485353887384960103e-01
5.281000000000000000e+03 2.304205172085787012e-01 -4.800527298677650379e-01 -2.457471590950817131e-01
5.414000000000000000e+03 3.254088906466066078e-01 -4.591560319731229356e-01 -2.147557680956957427e-01
5.073000000000000000e+03 2.181474961506140176e-01 -5.381407750413131907e-01 -2.046775715062985057e-01
5.124000000000000000e+03 -6.934540081450535354e-02 -1.289000325964479998e-01 -2.647709923358885220e-01
5.441000000000000000e+03 -7.035208498960798806e-02 -2.725876360747747640e-01 -2.719463628225220475e-01
5.154000000000000000e+03 -2.736303356464020453e-03 -2.589370958951633384e-01 -2.565278468966116776e-01
5.155000000000000000e+03 -5.119720776313840815e-02 -3.295262401224761106e-01 -2.448163253946304962e-01
4.838000000000000000e+03 -5.119720776313840815e-02 -3.295262401224761106e-01 -2.448163253946304962e-01
4.839000000000000000e+03 9.878827359931818819e-02 -3.246344257999851379e-01 -2.136032495895019423e-01
4.813000000000000000e+03 -8.787163719934909523e-02 -1.348257048063032926e-01 -2.153380030460496641e-01
5.447000000000000000e+03 -1.114389686044887640e-01 -1.723277702431573744e-01 -1.843248864945579157e-01
4.984000000000000000e+03 -1.114389686044887640e-01 -1.723277702431573744e-01 -1.843248864945579157e-01
4.828000000000000000e+03 1.254597895649922634e-01 -2.133180397539433670e-01 -1.707617176597544528e-01
5.140000000000000000e+03 -2.748867788606901286e-02 -2.796919193656890457e-01 -1.519001426264665611e-01
4.825000000000000000e+03 -2.748867788606901286e-02 -2.796919193656890457e-01 -1.519001426264665611e-01
4.988000000000000000e+03 8.500474676531410978e-02 -3.379979160424682050e-01 -1.434352346746976536e-01
5.196000000000000000e+03 1.441203804360569052e-01 -1.137095102024829885e-01 -2.452125028769920334e-01
5.195000000000000000e+03 2.173757262345930030e-01 -1.320873457615903135e-01 -3.082541858142118230e-01
4.815000000000000000e+03 2.173757262345930030e-01 -1.320873457615903135e-01 -3.082541858142118230e-01
5.269000000000000000e+03 -2.044744937354892045e-01 3.327541026395408608e-01 -1.956943952554013322e-01
5.086000000000000000e+03 1.793503821025694833e-01 1.689156810796816899e-01 -3.345518736755419553e-01
5.085000000000000000e+03 3.621490310333612683e-01 3.220677259747048993e-01 -2.040737024661307686e-01
5.084000000000000000e+03 5.640896984129568636e-01 8.197749636372009263e-02 -2.436762493799502494e-01
4.857000000000000000e+03 4.362895725382003320e-01 -5.562535857143302565e-02 -2.157996800779891089e-01
4.959000000000000000e+03 4.047620467205703676e-01 -1.011907697861147426e-01 -2.416487067878225758e-01
5.145000000000000000e+03 4.047620467205703676e-01 -1.011907697861147426e-01 -2.416487067878225758e-01
4.859000000000000000e+03 3.896542921498422629e-01 -1.015073895544560401e-01 -4.690513091091474962e-03
5.178000000000000000e+03 4.078657288418128246e-01 1.484747554553678128e-02 1.618829369829288822e-01
4.970000000000000000e+03 5.783863245993359214e-01 -1.445674051097398660e-01 -3.087824616325036686e-01
4.987000000000000000e+03 4.258470290331288766e-01 -1.227933562705629811e-01 1.163212161148283741e-01
4.986000000000000000e+03 4.258470290331288766e-01 -1.227933562705629811e-01 1.163212161148283741e-01
4.899000000000000000e+03 6.386886033119409944e-01 -1.509302738297151336e-01 3.083899039652049368e-01
5.101000000000000000e+03 4.243100937920942783e-01 -1.904518138852040465e-02 -4.810000834959975435e-01
4.901000000000000000e+03 4.936904673080775297e-01 -7.066167023290859106e-02 -4.591383556222279338e-01
4.991000000000000000e+03 -3.797462978076282525e-02 -8.181965157018566970e-02 -5.227906046182155819e-01
4.992000000000000000e+03 -3.797462978076282525e-02 -8.181965157018566970e-02 -5.227906046182155819e-01
4.858000000000000000e+03 -3.875913115017723953e-01 3.681505176527082313e-01 -6.436883874951622175e-01
5.146000000000000000e+03 -1.882609361702094475e-01 2.879501391334997606e-01 -6.326168932867766159e-01
4.909000000000000000e+03 -3.245802112380786753e-01 3.551455692456215729e-01 -5.897627554882820533e-01
4.724000000000000000e+03 2.553738368057025809e-01 3.512093676648078144e-01 -4.918105918657396103e-01
5.397000000000000000e+03 2.820240536306073409e-02 -2.468697337119465374e-01 -6.494450757611645031e-01
5.401000000000000000e+03 1.195658523570273246e-01 -2.708557838310809984e-01 -5.153828762314791589e-01
4.725000000000000000e+03 3.001081757886865375e-01 -2.875525634690916377e-01 -4.670163083006357851e-01
4.908000000000000000e+03 2.414649786387030872e-01 -3.667605384795535883e-01 -4.034615320441758968e-01
5.405000000000000000e+03 1.830739896019650814e-01 -3.848782166698185847e-01 -6.047411927559203093e-01
