# star id 	 star_x_coords [pc] 	 star_y_coords [pc] 	 star_z_coords [pc] 
5.177900000000000000e+04 -2.014029112356752194e-01 -1.053743791841910138e+00 -4.465657318506544016e-01
5.188700000000000000e+04 -1.439652434441711648e-01 1.990210713243030227e+00 -1.674382221711141483e-01
5.171500000000000000e+04 1.380406275076182965e+00 -6.504374309644305185e-01 -4.182974017425067359e-02
5.179900000000000000e+04 1.288391129249646383e-01 7.291719329991508403e-02 -3.680811743103618028e-02
5.165200000000000000e+04 2.615942350669513417e-01 -1.091906549869634091e+00 1.054058608633283711e-01
5.178200000000000000e+04 -6.862549065892835642e-01 2.079837858261726069e-01 2.007601566211292266e-01
5.177700000000000000e+04 4.961679594028396423e-01 1.267040935379682765e+00 1.917267332981111849e-01
5.178900000000000000e+04 5.249319046484970386e-01 -4.115796212252718078e-01 3.325269657798912704e-01
5.179400000000000000e+04 -1.767004353876416189e+00 -9.207964313947059054e-02 -9.987125507493033183e-02
