# star id 	 star_x_coords [pc] 	 star_y_coords [pc] 	 star_z_coords [pc] 
3.635500000000000000e+04 1.094746666798895873e-01 5.114095216669056754e-03 -1.116553302737202102e-01
3.638700000000000000e+04 7.869821191704584606e-02 6.793448062619944494e-02 -2.001405153114177438e-01
3.638100000000000000e+04 7.869821191704584606e-02 6.793448062619944494e-02 -2.001405153114177438e-01
3.637500000000000000e+04 7.514855330685410451e-02 1.225710202249103986e-01 2.095615217113504514e-01
3.636500000000000000e+04 6.540257748880939914e-02 5.246128965031715552e-02 1.358178139226851044e-01
3.637700000000000000e+04 -3.762789715808443347e-01 -4.725866218809144925e-01 -3.580384986769757916e-01
3.635000000000000000e+04 -2.533334103993851727e-01 -2.213007650051324049e-01 -2.828574192077155658e-01
3.635100000000000000e+04 3.158559580713617976e-01 -9.204426268731680238e-02 7.698994161773953238e-02
3.640900000000000000e+04 1.367382536760128886e-01 6.393120923689821211e-02 -3.072464605111235869e-03
3.638600000000000000e+04 -3.998381599979330403e-01 4.973526310962483876e-03 2.513735696873311554e-01
3.635300000000000000e+04 -1.203442185534324693e-01 -3.937584741309478886e-01 -1.937609732927256800e-01
3.634600000000000000e+04 -7.904581865837734256e-02 -1.718363439900514322e-01 -2.060663055284663869e-01
3.634400000000000000e+04 -1.409407491499417020e-01 -4.081544031315331722e-03 1.509699214615096707e-01
3.638300000000000000e+04 -2.619453315828579321e-01 -4.987233106749044964e-02 1.430009242576915085e-01
3.636900000000000000e+04 -4.026051365979643748e-02 -1.347900357059828025e-01 2.187769145545104266e-01
3.636000000000000000e+04 -4.083102910128015850e-01 -7.564231903177187633e-02 2.332173046574723685e-01
3.635900000000000000e+04 4.635336606448055008e-01 2.104395874021207646e-01 1.096471543760344503e-01
3.636700000000000000e+04 3.840657352557794724e-01 3.515197495799000649e-01 2.393622774489614358e-01
3.639600000000000000e+04 1.784086031554066309e-01 2.972292008707242417e-01 -1.419141986879708384e-01
3.634500000000000000e+04 1.784086031554066309e-01 2.972292008707242417e-01 -1.419141986879708384e-01
