# star id 	 star_x_coords [pc] 	 star_y_coords [pc] 	 star_z_coords [pc] 
7.240000000000000000e+02 -6.745181318212493338e+00 2.539233894828058169e+00 -4.982791735287563029e+00
1.137000000000000000e+03 -1.662908214702820686e+00 9.692588454366600104e+00 -6.529861848783902190e+00
9.720000000000000000e+02 -3.227915309000362498e+00 9.001140128448781752e+00 -4.768192232411987419e+00
7.320000000000000000e+02 8.986256370074364952e+00 -3.180320491463874077e+00 -3.166524493210082447e+00
1.133000000000000000e+03 1.765975342616044941e+00 3.603474983818060196e+00 3.699422345503237786e+00
1.123000000000000000e+03 1.778652311823080368e+00 4.360524053388971311e+00 -2.956257141304162062e+00
1.084000000000000000e+03 7.373624047168583218e-01 6.241050302577690445e+00 -3.152673940211410120e+00
7.510000000000000000e+02 5.736207297962273799e+00 7.184289717628715266e+00 4.038719650420731888e+00
1.147000000000000000e+03 4.606310364975765737e+00 9.056435525175331236e+00 1.670356207226746825e+00
1.227000000000000000e+03 4.606310364975765737e+00 9.056435525175331236e+00 1.670356207226746825e+00
1.134000000000000000e+03 4.262227907450778730e+00 7.418167385760298771e+00 1.464362853925897934e+00
1.089000000000000000e+03 2.102633915622753591e-01 4.965583328266404806e+00 -1.017563017652514112e+00
1.138000000000000000e+03 1.912401744930356529e-01 4.319285925099364931e+00 1.126443461260910883e+00
1.074000000000000000e+03 4.491677085658416502e-01 4.326314360330073328e+00 2.546400481270111982e+00
1.215000000000000000e+03 2.509519601392799615e+00 7.431433435988481051e+00 1.779910982002952835e+00
7.910000000000000000e+02 2.238223196026662976e+00 3.992162600889386681e+00 2.558165333527164798e+00
1.213000000000000000e+03 -1.575490169524087491e-01 8.891582660004488048e+00 2.782996655489444748e-02
1.176000000000000000e+03 -2.124760201447735142e-01 7.509424151374858525e+00 -2.888220418087108499e-01
1.175000000000000000e+03 9.754585746655966005e+00 9.957220802818000038e+00 -3.166544710059233658e+00
1.034000000000000000e+03 7.140608945614992820e+00 9.623225007744608206e+00 -3.179067820360134355e+00
1.159000000000000000e+03 7.926587487901098683e+00 8.789481346914428173e+00 3.457130203351209019e+00
1.186000000000000000e+03 1.058558239966806980e-01 5.624609287503801625e+00 -2.193752062675887515e+00
9.100000000000000000e+01 -3.120221796688298355e-01 6.121320949758938923e+00 -2.032575966223099329e+00
1.141000000000000000e+03 6.618276369930505609e+00 7.292152594116487307e+00 3.603799936766449719e-01
1.002000000000000000e+03 3.440587775156238592e+00 7.908082775013170362e+00 6.885878225890680326e-01
1.188000000000000000e+03 4.363558327978715567e+00 8.836253122102121438e+00 3.137755410767972375e+00
9.920000000000000000e+02 3.150144226914026291e+00 5.017225270897085920e+00 8.642593897727834928e-02
1.171000000000000000e+03 8.113341298847487337e-01 1.087433361417245692e+01 -1.092825545940580234e+00
1.077000000000000000e+03 1.508083104898780391e+00 1.041748345579264878e+01 4.242109984297573355e+00
1.144000000000000000e+03 5.526629178116667873e+00 1.023978293261053807e+01 1.516043434986934280e+00
1.212000000000000000e+03 5.139396925504218672e+00 1.015613664621784551e+01 1.487135244548162927e+00
1.116000000000000000e+03 5.428503702923144658e+00 1.095019454394540048e+01 -1.855514051037445711e-01
1.069000000000000000e+03 5.263515501344162573e+00 9.624294204400285935e+00 2.217707969815521096e-01
1.062000000000000000e+03 2.108804616213625138e+00 4.455188875230192025e+00 2.136060941827144788e-01
1.131000000000000000e+03 1.960324976195263247e+00 4.258418956029089486e+00 7.400394320118683922e-01
1.157000000000000000e+03 3.742176880251406601e-01 8.616181713915480600e+00 4.422343664471092950e+00
1.198000000000000000e+03 7.181994385259951486e+00 1.046352996922128398e+01 -6.365333610389596330e-01
1.148000000000000000e+03 -2.619709175466908846e-01 9.282549459147261928e+00 6.784995579467558713e-01
3.200000000000000000e+01 3.851780649933189693e-02 5.741175451987828637e+00 -3.487866462990272254e-01
1.189000000000000000e+03 1.231362049776585366e-01 6.665903884285057757e+00 1.188104035298410910e+00
1.190000000000000000e+03 -1.266957126985666093e-01 5.471791496673859001e+00 -6.961066284629069401e-02
1.122000000000000000e+03 -1.164188582350256240e-01 5.475503412451914187e+00 -3.126078466246005050e-01
1.193000000000000000e+03 1.070624419866817334e+00 5.842252016463078235e+00 5.337526236578371552e-01
1.129000000000000000e+03 1.450782214613113297e-01 5.328359122760105038e+00 -4.516588486675718883e-01
1.130000000000000000e+03 8.581709073003302990e-01 5.170690579036971712e+00 3.399739785379090051e-01
1.127000000000000000e+03 -2.084385126821040046e-01 5.114858478193056612e+00 -3.542179874423716512e-01
1.196000000000000000e+03 8.943820377916367192e-02 5.064545822782491769e+00 5.310882456311217581e+00
1.191000000000000000e+03 2.037247558177810447e-01 4.628369757855125499e+00 6.121834637267246748e+00
1.124000000000000000e+03 2.082302945340845923e+00 6.276376643756634621e+00 1.929841532350604627e+00
1.201000000000000000e+03 2.367085375875223718e+00 6.247661761710048722e+00 1.806059349355542132e+00
1.202000000000000000e+03 2.885485224392532189e+00 3.939567369013431630e+00 5.902879264038174867e+00
1.145000000000000000e+03 6.530256354211410041e-01 4.080516673276406436e+00 6.076437599284369107e+00
1.132000000000000000e+03 2.103250309176857513e+00 1.808144990694216858e+00 3.193643333696357445e+00
1.109000000000000000e+03 3.094101068364466300e+00 -2.225490071808522430e+00 3.728340957515077214e+00
1.125000000000000000e+03 2.537124852209778680e+00 1.312220215982591753e+00 7.232459787710485699e+00
1.135000000000000000e+03 4.871016410916340078e+00 3.482181189510512809e+00 3.099783928463904825e+00
9.560000000000000000e+02 3.454505407385884297e+00 3.461294630990209953e+00 4.638512366372117945e+00
8.870000000000000000e+02 3.813429235719510757e+00 -1.290914664483892693e+00 7.785455131910428150e-01
1.142000000000000000e+03 6.724133341311322454e-01 2.697457870721549966e+00 4.281517595975392609e-01
1.073000000000000000e+03 -3.992650766462553236e-01 8.159293570016785679e-01 -2.365650469237971620e+00
1.233000000000000000e+03 -2.407072032312740362e-02 -2.518098475449491502e+00 -1.559974385485591419e+00
1.107000000000000000e+03 -3.704194342531046402e-01 -3.078263485437673808e+00 -1.462613837818695472e+00
1.143000000000000000e+03 8.312568764510110952e-01 -1.504331954854706055e+00 2.823686908331971779e+00
9.840000000000000000e+02 4.608185120968482096e+00 2.421966096810592717e-01 -3.294182235698039918e-01
9.770000000000000000e+02 1.964919435928351277e+00 2.425455278838114737e+00 -1.245153611056439402e+00
7.340000000000000000e+02 3.063686736564662283e+00 -1.430708520860960675e+00 2.763825466622839233e+00
1.064000000000000000e+03 5.360532751137942142e+00 2.853755225964249576e+00 6.833568419323743370e-02
1.151000000000000000e+03 5.068393196134113765e+00 7.659424416956284176e-01 -2.030513575506579294e+00
1.249000000000000000e+03 -2.070961207147803407e-02 -8.133619256613542348e-01 -3.743442335687566569e+00
1.248000000000000000e+03 4.985690147382548787e-01 4.098491383945628286e-01 -3.225399881213153463e+00
1.230000000000000000e+03 -1.745546111712066306e-01 9.977068964566910836e-01 -3.207981062767382596e+00
9.800000000000000000e+02 3.379822374789718253e-01 -4.711495578772542103e-01 -3.402541856720294078e+00
1.112000000000000000e+03 -3.401065087133368081e-01 -7.828053999283071107e-01 -3.297243014913036063e+00
7.400000000000000000e+01 -1.175938010101233999e-01 -6.917374502673823145e-01 -2.660033314745724908e+00
1.177000000000000000e+03 1.695776043015548851e+00 2.625625568829107692e+00 5.141794275622984856e+00
1.178000000000000000e+03 -2.092543499882957292e-01 -1.672851994206538961e+00 -2.021274257411993958e+00
7.870000000000000000e+02 -1.825957892034253405e-01 -4.386796239298860201e-01 -1.519346828456544785e+00
9.750000000000000000e+02 6.371953400306189508e+00 1.580036504630029981e+00 -1.644522427673928533e+00
8.150000000000000000e+02 4.053047320914544116e+00 -3.637303605622776104e+00 -2.611415115568442857e+00
8.290000000000000000e+02 -9.425929472457994507e-02 5.098113068795839808e-01 -2.669743286377362246e+00
8.380000000000000000e+02 1.464138460801223118e-01 5.305415724510567088e-01 -2.397142354084495608e+00
7.620000000000000000e+02 4.300029820899737842e-01 -2.579183989550031697e+00 1.096786285082162582e+00
1.206000000000000000e+03 1.208647181682461280e+01 1.735120633833517445e+01 1.027094440369634487e+00
8.280000000000000000e+02 8.662806276365682123e+00 2.179127777972007607e+01 -1.370617320240158143e+00
1.252000000000000000e+03 9.828647625534468801e+00 1.958801375715385973e+01 -1.183339347547923026e+00
3.400000000000000000e+01 7.661317784525252250e+00 1.640179163326462941e+01 -8.615719932585719221e-02
7.750000000000000000e+02 7.394999079670952824e+00 2.192240794841485041e+01 -2.127099939761107450e+00
7.780000000000000000e+02 1.133273572170343613e+01 1.638081851594775884e+01 -1.292251004416660187e+00
8.770000000000000000e+02 1.055994398983300187e+01 1.987329258069601678e+01 -7.666980229907176536e-01
8.430000000000000000e+02 1.005089888390869746e+01 2.144091754647811143e+01 -2.946262317505965456e-02
1.234000000000000000e+03 9.129105122324002508e+00 1.748743458309189691e+01 7.946326386131934427e-01
1.244000000000000000e+03 9.129105122324002508e+00 1.748743458309189691e+01 7.946326386131934427e-01
7.980000000000000000e+02 4.747160418788805458e+00 1.856007684216212539e+01 3.696477545241451779e+00
7.850000000000000000e+02 4.432585984191792505e+00 2.258466271728786268e+01 -2.221921639295763029e-01
9.390000000000000000e+02 2.507630905530913168e+00 2.043587703504103104e+01 3.779818532719678714e-01
8.450000000000000000e+02 4.670085426649702498e+00 1.866874674730026129e+01 -3.409866233366004806e+00
7.810000000000000000e+02 5.883348166334403828e+00 2.063275551267799557e+01 -3.623883665543617738e+00
8.560000000000000000e+02 2.879240922618521381e+00 1.927170498077193628e+01 -1.074204684295347434e+00
1.024000000000000000e+03 4.419642839423026714e+00 1.401683494291279430e+01 -1.636674577954559062e+00
1.005000000000000000e+03 5.476874141990467848e+00 1.137321006374584442e+01 -1.496263506008618016e+00
1.083000000000000000e+03 6.215536898903064156e+00 1.770609991470674771e+01 -2.172269990948377583e+00
7.610000000000000000e+02 6.922776779221084809e+00 1.860699021016053933e+01 -2.876005928555469993e+00
8.520000000000000000e+02 1.672494689445219507e+00 1.339935722813791585e+01 -1.197747002371691849e-01
1.055000000000000000e+03 3.878088552117773702e+00 1.271257118218915139e+01 -2.295351883943285820e+00
1.100000000000000000e+03 4.027845434974341998e+00 1.400233273085689945e+01 -7.424851000896826037e-02
6.040000000000000000e+02 4.027845434974341998e+00 1.400233273085689945e+01 -7.424851000896826037e-02
6.910000000000000000e+02 4.375510553145101511e+00 1.258805418974436918e+01 3.243228812515708270e-01
7.590000000000000000e+02 3.760183900130641632e+00 1.384014437517129892e+01 2.676659387674094503e+00
8.490000000000000000e+02 1.588673796444322051e+00 1.690619946031251430e+01 2.767792962754960229e-01
8.110000000000000000e+02 2.032684262014569754e+00 1.777008110536329610e+01 2.432802678598745771e+00
7.550000000000000000e+02 4.655309200797248081e+00 1.849430680502705826e+01 2.639398015601823744e+00
7.390000000000000000e+02 -3.687833536504633969e+00 1.495602909370025202e+01 -7.452386658976362099e-02
7.890000000000000000e+02 -6.119450716433512127e-01 1.666162165202167955e+01 1.595076103179371430e-01
7.200000000000000000e+02 -4.899504725519840065e+00 2.954419481157373184e-01 -7.927249193754706269e-01
7.540000000000000000e+02 -1.513972698779088688e+00 1.252189530045868082e+00 -6.465800956896128326e-01
7.530000000000000000e+02 -2.523685042472969542e+00 1.800997986691186270e-01 -2.570214983869708369e+00
6.070000000000000000e+02 -2.596435344916944388e+00 4.395202338650960883e-01 -2.395554164315945478e+00
1.800000000000000000e+01 -2.737339139871032501e+00 2.504448901816260786e-01 -1.764273858282292551e+00
5.500000000000000000e+01 -1.565414045118515673e+00 4.037472833930308980e-01 -3.238725237453284223e+00
9.620000000000000000e+02 -1.913048961808261339e+00 4.447918762824230043e-01 -3.161847566735488613e+00
8.570000000000000000e+02 -8.950166236538166231e-01 3.323887866621362264e-01 -3.365261329723610473e+00
1.400000000000000000e+01 -7.215754030979333322e-01 2.870247388346172102e-01 -3.294857752667905260e+00
9.900000000000000000e+01 -6.563650762604495981e-01 2.795280495220282546e-01 -3.199028953174265055e+00
1.300000000000000000e+01 -1.038362016496652274e+00 2.742285687400425331e-01 -3.090158969682201828e+00
8.090000000000000000e+02 -1.038362016496652274e+00 2.742285687400425331e-01 -3.090158969682201828e+00
1.217000000000000000e+03 -1.059837492732430775e+00 6.395460832657562378e-01 -3.002018418158354685e+00
1.057000000000000000e+03 -9.528512965187871941e-01 7.158391137385677894e-01 -2.979631472722605423e+00
9.930000000000000000e+02 -9.528512965187871941e-01 7.158391137385677894e-01 -2.979631472722605423e+00
1.082000000000000000e+03 -9.191412673972507719e-01 6.814493529631562296e-01 -2.955820710157951225e+00
1.006000000000000000e+03 -1.098524811036881488e+00 7.434468480715565875e-01 -2.976900089780305514e+00
1.011000000000000000e+03 -7.412810800766642672e-01 7.035351968746823559e-01 -2.881219541415847907e+00
8.670000000000000000e+02 -6.477055924749045346e+00 1.294631576582349908e+01 -2.515130816473003961e+00
1.165000000000000000e+03 -6.862018573408967370e+00 1.334746639495421761e+01 -9.360747983085229151e-01
1.052000000000000000e+03 -1.048254055465112700e+01 1.131664329136451386e+01 -1.818181165047245251e+00
8.180000000000000000e+02 -2.157813128149001614e+00 1.365638390503414712e+01 -2.696850839492391572e+00
7.880000000000000000e+02 -2.157813128149001614e+00 1.365638390503414712e+01 -2.696850839492391572e+00
8.470000000000000000e+02 -3.104476275896328019e+00 1.180818268546204308e+00 6.588190401125348927e-01
8.840000000000000000e+02 -3.104476275896328019e+00 1.180818268546204308e+00 6.588190401125348927e-01
8.830000000000000000e+02 -3.033071713610262066e+00 5.694498102946354834e+00 5.526087930265637382e-01
8.630000000000000000e+02 -3.110503502391182451e+00 1.712741913128056126e+00 -2.426265679876244974e-01
1.013000000000000000e+03 -7.348191450259378144e-01 6.338387545035473636e+00 -6.881549683910277437e-01
1.036000000000000000e+03 -5.718226657100800026e-01 5.483865571957451834e+00 -5.393699193874885722e-01
1.035000000000000000e+03 -5.869500053418192920e-01 5.956774575637595603e+00 -1.196464711286449045e-01
7.760000000000000000e+02 -1.163257018903525619e+00 2.626790892987230563e+00 -2.145020593974882317e-01
7.940000000000000000e+02 -1.556989857693750423e+00 5.151369847695747239e+00 -1.538255438650312890e+00
1.012000000000000000e+03 -5.154833445399354730e+00 8.305088627834820159e+00 2.199502952990161742e+00
8.250000000000000000e+02 -4.335981410169722494e-01 -1.297088203673894213e+00 -2.094357184411339112e+00
8.120000000000000000e+02 -4.335981410169722494e-01 -1.297088203673894213e+00 -2.094357184411339112e+00
8.270000000000000000e+02 -9.621500703586782777e-01 -8.201016123698821048e-01 -1.475533359742233763e+00
1.214000000000000000e+03 -8.968974734001733395e-01 5.637664537681544630e+00 -2.007638319818579653e+00
8.420000000000000000e+02 -3.115964822385681288e+00 -1.464221127863311267e+00 1.397239613388219226e+00
9.290000000000000000e+02 -3.115964822385681288e+00 -1.464221127863311267e+00 1.397239613388219226e+00
9.300000000000000000e+02 -5.159844768041459417e-01 5.676310310232935308e+00 -1.958857197613198764e+00
8.650000000000000000e+02 -7.383331465786859837e-01 7.050237611467352394e+00 -1.679264749869989082e+00
8.660000000000000000e+02 -6.335553762008316880e-01 5.585225763154639367e+00 -1.009393795927199911e+00
7.650000000000000000e+02 -4.632116135323983031e+00 1.880187415115543104e+00 -2.103213010858133281e+00
7.630000000000000000e+02 -5.235044602723492702e+00 2.028986810939002794e+00 -1.084151017913421278e+00
8.300000000000000000e+02 -1.498450375026511239e+00 3.423248732301715336e+00 -9.427223486528903962e-01
1.085000000000000000e+03 -8.893504126038145330e-01 5.951475890149893644e+00 1.155752068470739857e+00
1.153000000000000000e+03 -7.477830265513496499e-01 6.879867086280228250e+00 2.513105143937586217e+00
1.204000000000000000e+03 -7.412810800766642672e-01 7.035351968746823559e-01 -2.881219541415847907e+00
1.079000000000000000e+03 -1.172659569124895995e+00 7.369377498588391973e-01 -2.867548058786928422e+00
1.033000000000000000e+03 -1.198339380083080385e+00 7.212348822639427226e-01 -2.794158701594634309e+00
1.067000000000000000e+03 -9.469099758166876768e-01 4.780740344525469254e-01 -2.792149614202323882e+00
1.168000000000000000e+03 -1.451453611677077760e+00 8.299730382309036258e-01 -3.633583875173252764e+00
7.470000000000000000e+02 -1.395939641462156544e+00 1.340111024512651738e+00 -3.354084342889258608e+00
1.207000000000000000e+03 -1.743300336173440712e+00 1.354076702543025590e+00 -3.281878283330755153e+00
1.251000000000000000e+03 -8.239648662145633295e-01 1.271363291966707720e+00 -2.762065847248582173e+00
7.440000000000000000e+02 -2.116720014646514159e+00 -1.129608360520677479e-01 -2.519953021738277954e+00
1.001000000000000000e+03 -1.374465423074152426e+00 4.268303573798988282e-01 -2.469317753767756862e+00
1.022000000000000000e+03 -1.314144570745419571e+00 5.390822690654601956e-01 -2.716254576746555571e+00
1.166000000000000000e+03 -9.458186694107730830e-01 6.040844056786625060e-01 -2.731006826216684225e+00
1.140000000000000000e+03 -1.039135654827060051e+00 -4.752503691975107358e-03 -2.713786115730168369e+00
1.094000000000000000e+03 -7.943504470091582448e-01 4.557432854346643580e-01 -2.704094689800816909e+00
9.970000000000000000e+02 -4.779239137923372738e+00 -3.605801960087703151e+00 -2.603220275687894159e-01
1.185000000000000000e+03 -5.082850993347205915e+00 -3.030845908963129887e+00 -4.247095310946811253e-01
1.209000000000000000e+03 -3.583768941952062193e+00 -2.205145416918327328e+00 -3.567518150994771986e+00
1.054000000000000000e+03 -3.905883311876422681e+00 -3.150545208939689701e+00 -2.995764247117214119e+00
1.029000000000000000e+03 -4.204277434788679102e-01 1.097634132849776734e+00 -3.982925644661102993e+00
1.155000000000000000e+03 -8.317345168120411358e-01 1.241060985236487113e+00 -3.965871015394435872e+00
1.066000000000000000e+03 -5.990310581123416966e-01 1.439084069446465719e-01 -2.661634476370414504e+00
1.173000000000000000e+03 -9.077917533657675619e-01 7.308571900493205931e-01 -2.460834495000867150e+00
7.730000000000000000e+02 -1.774295335249334471e+00 8.347481558575964300e-01 -2.360063703993303896e+00
7.660000000000000000e+02 -1.341361118142987863e+00 1.534825290998341529e+00 -2.404905100529370010e+00
1.110000000000000000e+03 -2.157813128149001614e+00 1.365638390503414712e+01 -2.696850839492391572e+00
6.530000000000000000e+02 -1.092757473710712190e+00 7.777919896197005301e-01 -2.613056003160518337e+00
7.100000000000000000e+02 -5.675338294924223703e-01 8.852153293075559759e-01 -2.321498370434745162e+00
8.360000000000000000e+02 -1.245838233312969834e+00 1.013166104753025820e+00 -2.242416301796061440e+00
9.640000000000000000e+02 -1.245838233312969834e+00 1.013166104753025820e+00 -2.242416301796061440e+00
1.241000000000000000e+03 -4.454637099725431426e-01 -3.379360767316939018e-01 -2.722886617210581228e+00
1.047000000000000000e+03 -8.458007149611717068e-01 -6.003862479990118572e-01 -2.713602562772734039e+00
7.180000000000000000e+02 -1.274535068330649779e+00 1.147886120975636004e+01 4.431713164556201789e+00
8.070000000000000000e+02 -1.152423511198463757e+00 1.114015096424077456e+01 4.353814117069975786e+00
8.620000000000000000e+02 -6.158034848328366451e+00 5.335569479112507452e-01 -4.529023249876955148e+00
8.460000000000000000e+02 -1.482319173051070749e+00 1.153620054562776431e+01 -1.019054685226747914e+00
6.930000000000000000e+02 -3.726648251408896328e+00 1.290046348348603544e+01 -9.420018190371104438e-01
7.930000000000000000e+02 -6.224682035296131843e+00 1.507795019591148389e+01 -2.888355011042031961e+00
7.500000000000000000e+02 -5.331397931305000171e+00 1.528536720653809056e+01 -2.046688900443892400e+00
7.770000000000000000e+02 -1.224744028117989103e+00 1.061743783706745603e+01 -3.570401932067330364e+00
8.040000000000000000e+02 -4.128064662066190493e+00 1.609790148350903394e+01 -9.542771278543629165e-01
8.310000000000000000e+02 -4.637761136118431438e+00 1.178278855883839071e+01 3.306967855655233990e-01
6.630000000000000000e+02 -7.427014384320379747e+00 1.161468314188159923e+01 2.053967674322207504e+00
6.740000000000000000e+02 -8.703288184572816277e+00 1.273570563441960246e+01 7.383301659271346296e-02
6.030000000000000000e+02 -8.914365406560355254e+00 1.269459673652561094e+01 1.703819719638142161e+00
6.140000000000000000e+02 -1.756698414009019160e+00 1.449304416546804219e+01 -6.633592600560422881e-02
7.640000000000000000e+02 -3.001004991018820789e+00 1.206927526364860626e+01 1.404523522404825364e+00
9.250000000000000000e+02 -5.697450825304279931e-01 1.136219920607229028e+01 2.831146332864527881e+00
7.900000000000000000e+02 -1.224744028117989103e+00 1.061743783706745603e+01 -3.570401932067330364e+00
8.700000000000000000e+01 -2.054690534610219999e+00 1.080832577288229857e+01 -2.856997149590953633e+00
6.220000000000000000e+02 -3.270706094062987290e+00 1.021773627243025828e+01 1.421869504984951238e+00
4.600000000000000000e+01 -3.974640872534717317e+00 9.964561974774284181e+00 2.881455403430840168e+00
1.070000000000000000e+03 -2.643013790478327962e+00 5.401598632543041845e+00 -7.117673902967780464e-01
1.093000000000000000e+03 -7.734073958878937560e-01 3.512666056356152922e-01 -1.787264427919956766e+00
1.228000000000000000e+03 -1.529706362629170258e+00 1.744224746987129038e+00 -3.392542565872219029e+00
1.240000000000000000e+03 -1.258442637006254472e+00 1.810034837138758235e+00 -3.271241079341765001e+00
9.990000000000000000e+02 -2.132312801954206805e+00 -1.475724088377475596e+00 -3.873318591092314023e-01
7.400000000000000000e+02 -1.213033427715323853e+00 4.643161219641172011e-01 -1.026117538771338822e+00
9.950000000000000000e+02 -1.616072938780078516e+00 5.242225297263459538e+00 1.503466604122377870e+00
1.025000000000000000e+03 -1.182815602670519084e+01 1.083392656359312411e+01 -9.016104530270245832e-01
8.720000000000000000e+02 -1.015175701535878083e+01 8.715716967641043311e+00 8.777223575764732111e-01
7.690000000000000000e+02 -1.182815602670519084e+01 1.083392656359312411e+01 -9.016104530270245832e-01
1.051000000000000000e+03 -8.179607339900368146e+00 7.996697594470958848e+00 3.001784019357997213e+00
1.068000000000000000e+03 -1.522476494877054165e+00 9.437565641488916413e+00 5.009699826510153109e+00
8.050000000000000000e+02 -3.847480442510125442e+00 -2.319439818793910035e+00 3.197536942585924358e+00
1.183000000000000000e+03 -2.335548208214017762e+00 3.924045815726202591e-01 6.683072242902114546e+00
1.015000000000000000e+03 -4.593458476264395074e+00 4.790678032885693938e+00 3.366310500652563764e+00
1.080000000000000000e+03 -5.810126146601360730e+00 5.014494301253876074e+00 4.125974687183401102e+00
1.090000000000000000e+03 -5.810126146601360730e+00 5.014494301253876074e+00 4.125974687183401102e+00
1.087000000000000000e+03 -1.712813356769231632e+00 -2.155572001007143967e+00 3.048048830669296549e+00
9.900000000000000000e+02 -4.241121487746774221e+00 5.795299137684253310e+00 3.792532276392123869e+00
1.017000000000000000e+03 -1.770545432950189735e+00 -3.808966079789115611e-01 3.609560635735061140e+00
8.140000000000000000e+02 -1.553678751189547569e+00 7.714359386537267937e+00 3.684108924740744584e+00
8.260000000000000000e+02 -8.314088905398939744e-01 7.838435921234392367e+00 3.726694390781907451e+00
7.600000000000000000e+02 -2.992599346231621382e+00 5.451897489718191991e+00 3.638549493050323491e+00
4.800000000000000000e+01 -6.406275519604136548e-01 6.143987554201544299e+00 4.333394646506404158e+00
1.098000000000000000e+03 -2.689220788733095446e+00 5.342375160891009500e+00 5.703053986848836132e+00
8.400000000000000000e+02 -1.061489272988488608e+00 7.932588889879696126e+00 5.893416915479823714e+00
7.710000000000000000e+02 -6.488084693071566988e+00 -9.768974006186709858e+00 -3.878230392468228871e+00
8.010000000000000000e+02 -5.750988985284845256e+00 -8.066943347893399618e+00 -1.861271514021371587e+00
8.080000000000000000e+02 -5.321690816866038176e+00 -7.925265542464586588e+00 -1.158735484818846473e+00
8.320000000000000000e+02 -2.679034920488877702e+00 -1.090468646656077567e+01 -2.443105985940166036e+00
8.610000000000000000e+02 -2.525169730590103967e+00 -1.145383797927769365e+01 -1.605373289662734848e+00
8.480000000000000000e+02 -2.931981130677716152e+00 -1.122275151365948886e+01 -1.308755968655241908e+00
9.500000000000000000e+01 -4.295993859935375525e+00 -5.845351288059987382e+00 -1.770275182219652521e+00
8.230000000000000000e+02 -4.145075983367025430e+00 -7.580697510823668495e+00 -2.060258257917530145e+00
1.161000000000000000e+03 -5.426916300711074115e+00 -1.017524497502223824e+01 -6.345509693093465131e-01
7.450000000000000000e+02 -4.302551436949666908e+00 -9.657020925288364310e+00 9.171139883232646284e-01
8.130000000000000000e+02 -4.817014312571018309e+00 -8.143551244632874386e+00 1.457195113039604362e+00
8.060000000000000000e+02 -4.057268660585780395e+00 -9.403525541958657641e+00 -4.749014248006906413e-01
8.340000000000000000e+02 -3.286533134831230996e+00 -1.013418257349519536e+01 -6.915044405657049253e-01
1.158000000000000000e+03 -4.706551898821764723e-01 -9.491789904581338533e+00 -7.602292332606914727e-01
8.350000000000000000e+02 -7.653448985837307816e-01 -9.918014335680013005e+00 -1.794078600884914110e-01
3.500000000000000000e+01 -1.341186858285723815e+00 -8.648948703007107497e+00 3.173331348001555696e-01
7.820000000000000000e+02 -1.214220919196591808e+00 -1.109496963831756489e+01 3.942307257461941106e-01
1.160000000000000000e+03 -2.736526621654277847e+00 -9.831398424810899428e+00 1.682113017883055228e+00
8.190000000000000000e+02 -3.790125454249000825e+00 -1.097767544704224463e+01 1.200355402101960234e+00
8.500000000000000000e+02 -1.709005997139730226e+00 -1.141194398100851970e+01 1.916558745041487377e+00
2.300000000000000000e+01 -2.371046233354867638e+00 -1.049261636088661476e+01 2.134042169309916748e+00
7.790000000000000000e+02 -1.646027792098671227e+00 -8.465541347253264348e+00 2.786927185696418618e+00
9.450000000000000000e+02 -4.813118464686148457e+00 -6.085754378842850087e+00 -5.779934587242836486e-01
8.730000000000000000e+02 -1.276762279135617462e+00 -6.250338963428617944e+00 1.171985574230730354e+00
8.160000000000000000e+02 -3.100629763620588619e+00 -1.119184991995985001e+01 2.914739204946450002e+00
7.670000000000000000e+02 -2.842866707482372135e+00 -8.937863175510031510e+00 3.365686153266326031e+00
9.470000000000000000e+02 -2.795926979626770503e+00 -1.044903577023126218e+01 4.102757449918602362e+00
2.400000000000000000e+01 -3.064050401382097277e+00 -1.103989720112845418e+01 3.607521335259589623e+00
8.100000000000000000e+02 -1.205500760147465655e+00 -8.619745989460980695e+00 4.228925558451303246e+00
1.031000000000000000e+03 -2.113750718751632007e+00 -9.713520964970754790e+00 4.600258733664494670e+00
6.550000000000000000e+02 -1.998972613770362727e+00 -9.121620642880415630e+00 5.773639891631557219e+00
1.000000000000000000e+02 -3.654245577941090062e+00 -1.602485166611226930e+01 -2.865261184930380622e+00
1.045000000000000000e+03 -2.547631179973642190e+00 -1.590180311659089796e+01 -4.225072394846799639e+00
1.023000000000000000e+03 -1.592225795168669578e+00 -1.684681539824372010e+01 -1.638521046382563462e+00
6.010000000000000000e+02 -3.150115347563847479e+00 -1.529340222966445140e+01 -3.363124514304145052e+00
3.100000000000000000e+01 -3.487172104024264030e+00 -1.545366769008271035e+01 4.402861677527192263e+00
7.700000000000000000e+02 -1.895840776823622065e+00 -1.599028562167126211e+01 3.976011740578932141e+00
7.740000000000000000e+02 -3.860688484196558079e+00 -1.182697945273362450e+01 -1.765626011362316561e+00
7.120000000000000000e+02 -9.653556104672667004e-01 -1.353358850266323543e+01 -2.801449089643694990e+00
9.710000000000000000e+02 -3.587227461385115390e+00 -1.317668014662375242e+01 -2.835585250927088907e+00
8.210000000000000000e+02 -1.657315884806163098e+00 -1.502607512865419892e+01 -2.621135673830095492e+00
7.860000000000000000e+02 -1.040802669357759669e+00 -1.418128480877319930e+01 -2.134647445817189571e+00
9.980000000000000000e+02 -1.350539656971971425e+00 -1.301673138998941681e+01 -1.542959676576985295e+00
9.080000000000000000e+02 -3.967846779641373445e+00 -1.355337301622516577e+01 -4.563659478327020125e+00
7.570000000000000000e+02 -3.814819294905230862e+00 -1.408921419551106169e+01 -1.467062150789226749e+00
8.400000000000000000e+01 -2.241044545436871260e+00 -1.297985070140774155e+01 -1.349160738208868615e+00
8.000000000000000000e+00 -2.134891082756777081e+00 -1.152914396526495011e+01 -9.421545426841859694e-01
7.000000000000000000e+00 -1.487955019533284684e+00 -1.309246991952828409e+01 4.258385484353978789e+00
1.039000000000000000e+03 -2.378119487457318826e+00 -1.331172689645750040e+01 4.504493671764819851e+00
8.200000000000000000e+02 -2.378119487457318826e+00 -1.331172689645750040e+01 4.504493671764819851e+00
1.053000000000000000e+03 -2.494735555836726348e+00 -1.413080378389308578e+01 4.555089020471823069e+00
3.700000000000000000e+01 -6.678251668445192024e-01 -1.216473426917414713e+01 4.846472991617039483e+00
6.800000000000000000e+01 -4.772288341176427195e-01 -1.348195953298323957e+01 4.773160614007839087e+00
1.000000000000000000e+03 -2.169816042435265047e+00 -1.401300544083892419e+01 5.069106450517209872e+00
1.205000000000000000e+03 -5.551017927553054676e-01 -1.251190011087544462e+01 5.509999232902359267e+00
9.000000000000000000e+00 -5.551017927553054676e-01 -1.251190011087544462e+01 5.509999232902359267e+00
1.163000000000000000e+03 -2.797458904021301151e+00 -1.285169701143087195e+01 6.303637073176669325e+00
9.860000000000000000e+02 -4.706151852443731798e-01 -1.196743494710815980e+01 6.301202086541058733e+00
1.149000000000000000e+03 -3.906801908515582511e+00 -8.306979092399956244e+00 -4.924422563369722283e+00
1.004000000000000000e+03 -6.315691893011196711e+00 -1.212508516447523732e+01 4.645493376586147249e-01
9.790000000000000000e+02 -1.096559232568331765e+00 -1.447535729971679075e+01 -8.011246748694942355e-01
1.169000000000000000e+03 -3.054521391051128631e+00 -1.453846295411457845e+01 -2.989798212570553559e-01
9.780000000000000000e+02 -2.366143265550125108e+00 -1.211026384020500757e+01 5.033970420615068164e-01
9.650000000000000000e+02 -2.314697649183091954e+00 -1.264374751680338704e+01 1.716979715304936427e+00
9.630000000000000000e+02 -8.049242404533600848e-01 -1.269351338254794825e+01 2.330059505011177201e+00
1.221000000000000000e+03 -3.381822058662343977e+00 -1.195730058473112933e+01 2.514263416398819118e+00
9.800000000000000000e+01 -1.362972916750418761e+00 -1.218231234852908074e+01 6.750023920315334713e+00
5.700000000000000000e+01 -2.880076191035541910e+00 -4.446729354596484995e+00 -6.920471845852382842e-01
8.330000000000000000e+02 -3.662114724384839093e+00 -5.568823935132556358e+00 7.959553789392326273e-01
1.103000000000000000e+03 -3.662114724384839093e+00 -5.568823935132556358e+00 7.959553789392326273e-01
1.136000000000000000e+03 -3.662114724384839093e+00 -5.568823935132556358e+00 7.959553789392326273e-01
9.680000000000000000e+02 -8.548155556073488981e-01 -4.772533495742223408e+00 7.536842818048068438e-01
1.162000000000000000e+03 -8.099742963268603546e-01 -5.710012243387666331e+00 -5.507176655543441157e+00
9.740000000000000000e+02 2.801446193968835985e+00 -1.410869989273375325e+01 -4.715134367365603651e+00
1.222000000000000000e+03 5.361762616065004039e+00 -4.672572443033402578e+00 -5.019861111323615788e+00
1.197000000000000000e+03 4.438911969685577219e-01 -4.184118217999056810e+00 -7.903214168012759444e+00
1.199000000000000000e+03 9.977044485129233919e-01 -4.340304869941192578e+00 -5.625433805905599272e+00
1.146000000000000000e+03 3.850437810161302821e+00 -4.165529797924676814e+00 -5.091432107490991399e+00
1.113000000000000000e+03 2.922966459542664097e+00 -1.016450517610049076e+01 -3.977638251345254616e+00
1.114000000000000000e+03 2.760068970394630838e+00 -1.055980132046373399e+01 -3.783924945353280833e+00
1.115000000000000000e+03 1.869282868892021554e+00 -9.512728237350557947e+00 -3.601122784031442592e+00
1.224000000000000000e+03 -1.875204707530855330e-01 -1.123053607148243316e+01 -4.480255499911212524e+00
9.550000000000000000e+02 8.940590607354899078e-01 -1.066160420643369378e+01 -1.143329387426219590e+00
9.830000000000000000e+02 4.154403335790597396e-01 -1.012486789661544151e+01 -1.080776826162338722e+00
7.800000000000000000e+02 -9.697811954765001019e-02 -9.735595873531153188e+00 -9.532433696257962552e-01
8.030000000000000000e+02 9.134779713188255101e+00 -8.883787675934627259e+00 -2.558880661644635346e+00
7.720000000000000000e+02 3.466813318452775405e+00 -1.083244346554995730e+01 -3.965298255528225013e+00
8.020000000000000000e+02 1.020409987568971388e+00 -1.294659950236068369e+01 -4.052164799461380085e+00
9.700000000000000000e+02 4.264652105992183806e-02 -1.475018242866461549e+01 -2.945847340693498850e+00
9.670000000000000000e+02 5.118728524997777640e-01 -1.495216846985437087e+01 -2.764941750244983787e+00
9.890000000000000000e+02 -3.125380647063025208e-02 -1.261032594505584825e+01 -2.315933527773623268e+00
7.680000000000000000e+02 -1.539200287180833016e-01 -1.358907789975147296e+01 -3.492514903091082701e+00
1.019000000000000000e+03 1.273300875879073146e+00 -1.315631031266838136e+01 -1.226970208551349195e+00
1.236000000000000000e+03 1.564934970031714556e+00 -6.339779841026640383e+00 -3.198154112168651864e+00
1.216000000000000000e+03 2.548019692362014865e+00 -6.875579283890246529e+00 -3.376442604973872719e+00
1.048000000000000000e+03 1.059860793966380754e+01 -5.066811256015057552e+00 -4.128106732135231383e+00
6.300000000000000000e+01 9.435426695542890485e+00 -5.405268110001628656e+00 -2.177925075102387531e+00
1.044000000000000000e+03 7.132710537245163351e+00 -4.761475907031893939e+00 -1.618948599694081558e+00
9.960000000000000000e+02 7.236620605453509825e-01 -1.197587088072083361e+01 3.862270798289949347e+00
1.194000000000000000e+03 5.116111901729034628e-01 -1.192482741903879173e+01 4.040527887369123050e+00
1.254000000000000000e+03 5.838177087823588352e-01 -1.299027188810197231e+01 3.488944164432060013e+00
9.460000000000000000e+02 1.347224203036283541e-01 -1.244082123090207403e+01 4.282258559637704742e+00
1.040000000000000000e+03 5.752933407644231778e+00 -6.219369008789215059e+00 -2.568923427266756931e+00
1.063000000000000000e+03 6.470789181873453089e+00 -4.028925196621159444e+00 -1.831259537426668693e+00
1.106000000000000000e+03 3.550060765309570598e+00 -7.663107242229145299e+00 -3.848182382453341432e+00
1.181000000000000000e+03 1.117781992791658396e+01 -7.690582659338886629e+00 -1.745362590759235388e+00
1.016000000000000000e+03 9.477629952315460571e-01 -1.119975089765779330e+01 1.390481053450187687e-01
9.500000000000000000e+02 9.988348999032830022e-01 -1.047933188229104928e+01 5.984004486775900133e-01
9.510000000000000000e+02 1.938433179054026567e+00 -1.128135765394009127e+01 2.808521474257291928e+00
9.520000000000000000e+02 1.938433179054026567e+00 -1.128135765394009127e+01 2.808521474257291928e+00
9.760000000000000000e+02 4.805056072752940111e+00 -1.128555950186286339e+01 1.701776857960522804e+00
9.880000000000000000e+02 3.663665753868674102e+00 -8.504565933598456695e+00 9.389592547289349334e-01
7.100000000000000000e+01 1.042657602831400965e+00 -1.271188394999937543e+01 -1.511964466075781388e-01
7.000000000000000000e+01 3.223529690833792927e-01 -1.235894548542813709e+01 1.908994181203639062e+00
1.060000000000000000e+03 -3.534323053972059370e-01 -1.246036072793326355e+01 2.423762405610354165e+00
1.043000000000000000e+03 2.403396073782175790e+00 -8.487170077113390221e+00 4.233067119433509440e+00
1.220000000000000000e+03 1.496892398417131176e+00 -9.266243414941399692e+00 4.461890922247310876e+00
1.152000000000000000e+03 2.558555866189315964e-01 -9.636081106568809673e+00 4.611505795272610619e+00
9.480000000000000000e+02 1.424094515804306127e-01 -8.638951405101266801e+00 4.925557149079850205e+00
9.380000000000000000e+02 3.985430981516628890e-01 -9.781390230074237024e+00 5.093452178847480027e+00
1.128000000000000000e+03 2.700292900355378833e-01 -1.049153885490520111e+01 5.144931298491201233e+00
1.242000000000000000e+03 3.140149870480605898e+00 -8.816760667756511793e+00 5.801127252165699133e+00
1.154000000000000000e+03 3.719613666022180354e+00 -8.863053031100250223e+00 4.562256958156784670e+00
9.490000000000000000e+02 4.089642357871415612e+00 -9.286449318452127955e+00 3.202949328011515107e+00
1.211000000000000000e+03 5.082610952024083417e+00 -8.339784055611659142e+00 5.688797433163172990e+00
7.830000000000000000e+02 3.368858787310703207e+00 -1.062764634605696301e+01 3.393955542671637460e+00
1.076000000000000000e+03 3.368858787310703207e+00 -1.062764634605696301e+01 3.393955542671637460e+00
9.270000000000000000e+02 3.368858787310703207e+00 -1.062764634605696301e+01 3.393955542671637460e+00
2.900000000000000000e+01 2.725754277912916024e+00 -6.162457550874307799e+00 4.646652378052643861e+00
1.229000000000000000e+03 2.840787324732620078e+00 -7.696393873573867950e+00 3.691402096648159770e+00
9.440000000000000000e+02 8.238564854099454493e+00 -7.570144680487416622e+00 5.567837472442189295e+00
1.237000000000000000e+03 6.155564933617181822e+00 -7.531212597396901742e+00 3.764144915270042802e+00
1.182000000000000000e+03 -3.436816128594237796e-01 -1.121705796532621946e+01 8.836333116132891519e+00
1.170000000000000000e+03 1.804251866727568654e-02 -5.566164367067031549e+00 4.114811460454177450e-01
5.000000000000000000e+01 3.075427838790695034e+00 -5.186833105287036005e+00 4.680179954231547867e+00
1.245000000000000000e+03 3.043020145322621772e+00 -5.377789186854656123e+00 4.745210151401441756e+00
1.238000000000000000e+03 1.479565039032870288e+00 -5.768495725997880186e+00 -5.741287312979697077e-01
1.009000000000000000e+03 3.801579329880173219e+00 -4.890112258986007987e+00 2.259867828896345632e+00
