# star id 	 star_x_coords [pc] 	 star_y_coords [pc] 	 star_z_coords [pc] 
5.033000000000000000e+03 -2.808575507947040251e+00 -3.607280546830559764e+00 9.816697471597848335e-01
7.152000000000000000e+03 -3.780728379795306182e+00 8.067696511229880407e-01 1.467576103182835823e+00
5.008000000000000000e+03 2.670546078188685613e+00 -2.242322090182539363e+00 1.179148610618106829e+00
7.322000000000000000e+03 2.670546078188685613e+00 -2.242322090182539363e+00 1.179148610618106829e+00
5.532000000000000000e+03 -1.276766641420827852e+00 -8.729064741735861332e-01 9.268862302274314402e-01
5.007000000000000000e+03 2.265267006689200002e+00 -1.903667681333447881e+00 2.360832171606631391e+00
7.101000000000000000e+03 -2.458123670515597325e+00 2.409114445128528459e-01 1.260235014429369471e+00
5.591000000000000000e+03 -2.458123670515597325e+00 2.409114445128528459e-01 1.260235014429369471e+00
5.588000000000000000e+03 -1.107255818549724324e+00 -2.563493728760937174e-01 9.966656158594560111e-01
5.569000000000000000e+03 -3.143549836192036651e-01 -1.153906382643286044e+00 1.501453293995048455e+00
5.110000000000000000e+03 5.517202006124222180e-02 -7.992966053189727305e-01 1.933345455200509377e+00
5.855000000000000000e+03 -2.271217253064541808e+00 1.226134229291687250e+00 1.189390699058925804e+00
5.644000000000000000e+03 -1.439428703537600995e+00 6.812613626782937359e-02 2.617489921898958016e+00
5.643000000000000000e+03 -2.331277914196675738e+00 9.856412501542368698e-01 2.138742252840089009e+00
7.278000000000000000e+03 -2.331277914196675738e+00 9.856412501542368698e-01 2.138742252840089009e+00
5.448000000000000000e+03 -1.906023567546867525e+00 5.864150672345218585e-01 2.230480596607385735e+00
5.449000000000000000e+03 -6.919143828981333399e-02 -3.635179717407774902e-01 1.842993853763402967e+00
5.632000000000000000e+03 3.239484874629283695e-01 -3.875223687010476148e-01 1.887083794536621895e+00
5.004000000000000000e+03 5.899490283591219963e-01 4.461561224605237186e-02 1.514394635301449910e+00
7.226000000000000000e+03 5.854191347431481063e-01 -1.024917363158901473e-01 1.907918154700432467e+00
7.070000000000000000e+03 1.791683009945266747e+00 1.079011845015314330e+00 1.449929327332732498e+00
5.471000000000000000e+03 1.791683009945266747e+00 1.079011845015314330e+00 1.449929327332732498e+00
5.946000000000000000e+03 -3.143409134693655460e-01 1.231215681532337403e+00 1.185805260604858802e+00
4.892000000000000000e+03 -3.237572674382676041e-01 9.456194900831584871e-01 1.498744029267861322e+00
4.995000000000000000e+03 5.018699430048840782e-01 5.012478905821995401e-01 1.464513309069459979e+00
5.561000000000000000e+03 1.579536654547908370e-01 6.124308687220272329e-01 1.652663524009057028e+00
7.391000000000000000e+03 1.500984509467038208e+00 6.314582976159595074e-01 1.078104609695557770e+00
5.562000000000000000e+03 9.398628268005282393e-01 2.132751821525293856e-01 2.088835605628467817e+00
5.649000000000000000e+03 9.398628268005282393e-01 2.132751821525293856e-01 2.088835605628467817e+00
7.066000000000000000e+03 9.493797114684596750e-01 8.952599594600152422e-01 2.621964888584706443e+00
7.291000000000000000e+03 2.128099992071028623e-01 7.686759003143714963e-01 1.258964334643756899e+00
7.106000000000000000e+03 6.841636843955001268e-02 5.947513838152664878e-01 9.009729738746443672e-01
7.107000000000000000e+03 1.446009518565887220e-01 -5.792336298558886654e-02 9.631377641402067979e-01
5.117000000000000000e+03 -5.545062581888515751e-02 -4.392875084799201524e-01 9.624313280655130143e-01
5.070000000000000000e+03 7.736075235976684894e-01 1.499042500587042026e+00 1.511901703268684116e+00
5.919000000000000000e+03 -1.760471143829860807e+00 2.521022885621887255e+00 -1.232968948123222219e+00
5.442000000000000000e+03 4.058854632018338293e-01 1.601417515238806821e+00 -1.161168382178694003e+00
7.293000000000000000e+03 1.508619979678158529e-01 2.090126962614430095e+00 -7.020831685801240951e-01
5.119000000000000000e+03 -3.475302730000535689e-01 1.899166214355557658e+00 -5.311834917933921929e-01
7.099000000000000000e+03 -6.363177327898341673e-01 2.405291456288192631e+00 -2.533262461415759503e-01
5.058000000000000000e+03 1.522478186845745540e+00 2.163535422507293582e+00 -8.648270737906358363e-01
5.446000000000000000e+03 1.559021894522047091e+00 2.525572088552035854e+00 -5.417237416847484610e-01
5.447000000000000000e+03 -2.296914517612194118e+00 1.741437026683285261e+00 8.691342620490161153e-02
5.041000000000000000e+03 2.317276673351855720e+00 2.316500739202193238e+00 5.657900653749052822e-01
5.910000000000000000e+03 -8.579778494892593699e-01 1.801866717899905934e+00 -1.307770635894804911e+00
5.063000000000000000e+03 -8.579778494892593699e-01 1.801866717899905934e+00 -1.307770635894804911e+00
7.215000000000000000e+03 -1.871126021669958561e+00 2.635683733475428170e+00 -2.270204645305376800e+00
5.512000000000000000e+03 -2.480498837901379261e-01 1.943154535264987270e+00 -2.083751288014102698e+00
5.616000000000000000e+03 -1.489392813343215494e-02 2.331346357548112813e+00 -1.487521653157596546e+00
5.608000000000000000e+03 4.183358628715581062e-01 -2.862486946687800682e+00 -4.484009214405993760e+00
5.609000000000000000e+03 4.929025124148722625e-03 -1.674468342139189936e+00 -3.700124335365160277e+00
5.738000000000000000e+03 4.929025124148722625e-03 -1.674468342139189936e+00 -3.700124335365160277e+00
5.095000000000000000e+03 4.309654360782460003e-01 1.232134037033496776e+00 -3.547558335495125448e+00
7.241000000000000000e+03 -4.141464022210783469e+00 6.516348598491816801e-02 7.943715898219636529e-01
5.615000000000000000e+03 -2.922576548881771430e+00 -5.519200813707558773e-01 -9.637723286147021895e-01
5.480000000000000000e+03 -2.922576548881771430e+00 -5.519200813707558773e-01 -9.637723286147021895e-01
5.601000000000000000e+03 -2.774624801479468772e+00 2.483504435787038389e-01 2.777184177220988204e-01
5.012000000000000000e+03 -3.197160438123695769e+00 1.549032935864799398e+00 4.824881128027200816e-01
5.013000000000000000e+03 2.004174568784272026e+00 -2.553470560945994450e+00 -1.039297550073570164e+00
7.103000000000000000e+03 2.418800846885460487e-01 -1.745359557349909885e+00 -2.240755202362620935e-01
5.009000000000000000e+03 -2.085450837380712130e+00 3.927878928340906572e-01 -9.862771696544925248e-01
5.444000000000000000e+03 -5.605050964214868259e-01 -2.282747036514716221e-01 -3.938743137232378899e-01
4.990000000000000000e+03 -5.919159238007551949e-01 4.064840228519397414e-01 -7.120094946578774397e-01
7.218000000000000000e+03 3.248874314154384990e+00 3.893020627745256146e-01 -9.003311452689075622e-01
4.987000000000000000e+03 9.125041044370831855e-01 -2.649278753532504638e-01 -1.000984564685559519e+00
5.816000000000000000e+03 -1.987582869099249194e+00 -1.646889928864489150e+00 -7.532858815706759970e-01
4.988000000000000000e+03 1.984887849954127148e+00 -1.305405480116061501e+00 -1.214726025131490417e+00
5.957000000000000000e+03 1.720241823888386534e-01 -8.744327264964746327e-01 -9.545797334861063632e-01
7.150000000000000000e+03 3.289826067682852795e-01 -1.239134358717475237e+00 -6.479257080548208592e-01
5.513000000000000000e+03 1.938756621344275288e+00 1.082975957086942831e+00 -3.362195747955070146e-01
5.607000000000000000e+03 1.986007293056573531e+00 5.033341889067783903e-01 -3.094518810431168276e-01
5.445000000000000000e+03 -2.892494166067791639e-01 8.896082328085601620e-01 -1.076901127791416002e+00
5.097000000000000000e+03 -4.108997180610458599e-01 1.407925248949256414e+00 -2.103312823100011997e-01
7.180000000000000000e+03 -2.103475428558070348e-01 1.322236616248360086e+00 -1.850350162912306473e-01
4.981000000000000000e+03 -7.628876696263660051e-01 -1.396373414087036302e+00 -9.800729685010338699e-01
4.982000000000000000e+03 -7.628876696263660051e-01 -1.396373414087036302e+00 -9.800729685010338699e-01
5.080000000000000000e+03 -8.911794100879006919e-01 -1.670609786102616123e+00 -4.049400176345230307e-01
5.019000000000000000e+03 -8.911794100879006919e-01 -1.670609786102616123e+00 -4.049400176345230307e-01
5.626000000000000000e+03 -5.802945285692544530e-01 -7.512905748512084259e-01 -3.359963276599415849e-01
5.020000000000000000e+03 3.012669922522562160e+00 -8.207659937795428462e-01 -6.434142597877894332e-01
5.558000000000000000e+03 1.197148634339583850e+00 -6.955614520392927602e-01 -4.611232415669164197e-01
5.847000000000000000e+03 -7.111650376790450423e-01 1.175421351221813238e+00 -1.136349813048745716e+00
5.548000000000000000e+03 -7.111650376790450423e-01 1.175421351221813238e+00 -1.136349813048745716e+00
5.965000000000000000e+03 5.662258222977740729e-01 8.459224146823154378e-01 -7.120122410538272106e-01
7.257000000000000000e+03 -2.289457196550387152e+00 -2.637848656511932788e+00 3.907457367032236561e-01
5.476000000000000000e+03 -2.247001027884110158e-01 -2.340471974154371360e+00 -1.426678489100154934e-01
5.639000000000000000e+03 2.482808615423905962e-01 -1.854963459911656010e+00 7.171913446781559287e-01
5.454000000000000000e+03 3.129245208596884709e-01 -1.742147093803612989e+00 1.086459203863796574e-01
5.617000000000000000e+03 -2.174465786942896273e+00 -2.471730773973432882e-01 -8.341602783589507908e-02
5.089000000000000000e+03 -1.792724537306057186e+00 -2.545039342180190900e-01 6.621695767846489389e-01
5.818000000000000000e+03 -1.503679049043469718e+00 -2.674915454972761175e+00 6.387345363802694465e-01
5.491000000000000000e+03 1.215159334598034491e+00 -2.259591954706414718e+00 7.755024824609790812e-02
4.927000000000000000e+03 -5.434184352947752927e-01 -2.940979973802066993e-01 3.457471148619575274e-01
7.304000000000000000e+03 -1.969033605538811571e+00 -1.684555533601168609e+00 6.544991567438529501e-02
5.523000000000000000e+03 -1.969033605538811571e+00 -1.684555533601168609e+00 6.544991567438529501e-02
7.305000000000000000e+03 2.064870849022014454e+00 -7.052077987470655174e-01 -4.175299830766476816e-02
5.599000000000000000e+03 2.376485041794666131e+00 -1.049483257672280345e+00 8.285279561086014155e-01
5.496000000000000000e+03 -1.070392190483460126e-02 -1.292898812454189805e+00 -3.182354860621217085e-02
5.752000000000000000e+03 -3.195289377385321927e-01 -7.306320339627347948e-01 2.511158661672894254e-01
5.753000000000000000e+03 -3.195289377385321927e-01 -7.306320339627347948e-01 2.511158661672894254e-01
5.754000000000000000e+03 -2.190183531593632438e-01 -1.470414819860865308e+00 5.499197088547802537e-01
5.109000000000000000e+03 1.494291174216542117e-01 -1.221060358358359021e+00 3.206404564599623086e-01
4.997000000000000000e+03 2.349620367387558417e+00 1.215435765734323992e+00 8.460524928660504429e-01
5.613000000000000000e+03 -1.100540093857986790e+00 -9.497814577782404122e-01 -1.217199439372578240e-01
5.614000000000000000e+03 -1.005947791084942367e+00 -1.298179754393028684e+00 8.277411055110306393e-01
5.598000000000000000e+03 1.196971453979088551e+00 -1.389918682789167637e+00 -1.487970423067608294e-01
5.443000000000000000e+03 1.196971453979088551e+00 -1.389918682789167637e+00 -1.487970423067608294e-01
7.319000000000000000e+03 1.313440334627294703e+00 -1.529584954813470343e+00 2.248670044316938288e-01
5.892000000000000000e+03 1.313440334627294703e+00 -1.529584954813470343e+00 2.248670044316938288e-01
5.126000000000000000e+03 7.925662577375760520e-01 -7.468844937581566867e-01 2.169757392136091312e-01
7.269000000000000000e+03 -1.563577051352794456e+00 5.355027847505817729e-01 5.676129148644832867e-01
6.625000000000000000e+03 -1.563577051352794456e+00 5.355027847505817729e-01 5.676129148644832867e-01
5.593000000000000000e+03 -1.563577051352794456e+00 5.355027847505817729e-01 5.676129148644832867e-01
5.594000000000000000e+03 -5.313556316922500855e-01 1.271918225944401737e+00 3.685558687157595159e-01
7.234000000000000000e+03 3.232588046991132558e+00 7.542732773657514489e-01 6.755456493332587797e-01
5.577000000000000000e+03 1.127897045198054116e+00 5.684597734749787801e-01 2.421483079048272202e-01
5.076000000000000000e+03 1.127897045198054116e+00 5.684597734749787801e-01 2.421483079048272202e-01
5.793000000000000000e+03 6.737159371137977359e-01 1.230771827608202695e+00 -9.165117692950275341e-02
5.515000000000000000e+03 -5.427772166067086346e-01 -1.051268579932140845e-01 -1.829335698836985102e+00
5.628000000000000000e+03 -1.663285266590463607e+00 7.636564506197192070e-01 -1.962549212469458126e+00
4.861000000000000000e+03 -9.667608137603949103e-01 -6.995666391692121344e-01 -1.477509344863346286e+00
4.862000000000000000e+03 -9.667608137603949103e-01 -6.995666391692121344e-01 -1.477509344863346286e+00
5.645000000000000000e+03 -9.480751035140642102e-01 -6.361898122111995235e-01 -1.591074961158870593e+00
5.633000000000000000e+03 1.346366971597625195e+00 -1.653715278509134912e+00 -1.777688559406268354e+00
5.897000000000000000e+03 9.334071578717129114e-01 -1.193101269884813131e+00 -1.369648123232643400e+00
5.032000000000000000e+03 -7.635898313597024867e-01 1.254260927763959144e+00 -2.054999520205797126e+00
5.611000000000000000e+03 -8.814684476791754264e-01 7.285541261930115198e-01 -1.407903823399045962e+00
7.159000000000000000e+03 4.388328921940782834e-01 -1.410151028025579123e-01 -1.860816182332460045e+00
7.158000000000000000e+03 -1.486227652680582878e-01 -2.362519194534762335e-02 -1.398141419585108736e+00
7.296000000000000000e+03 -3.274841358901952049e-01 4.080269918516772343e-01 -1.521983038727039883e+00
5.115000000000000000e+03 1.368831500933822554e+00 -2.639061376969640271e-01 -2.150769714380572850e+00
5.631000000000000000e+03 1.974258862303912565e+00 1.343119749042334554e+00 -1.394662348230468751e+00
5.472000000000000000e+03 1.447993041859376717e-01 6.785735826374845736e-01 -2.174813511616722650e+00
5.460000000000000000e+03 -4.320545954760746099e-02 1.219651303557257149e+00 -1.959605210734174818e+00
7.175000000000000000e+03 1.310684322088057741e+00 4.779522682119830002e-01 -1.405720975537164463e+00
5.650000000000000000e+03 -4.462289620318031780e-01 -8.133735042246010849e-01 -3.176082924320468237e+00
7.176000000000000000e+03 -1.141720403386166538e+00 6.168023363268833048e-01 -3.136494475078357880e+00
5.438000000000000000e+03 -1.141720403386166538e+00 6.168023363268833048e-01 -3.136494475078357880e+00
5.463000000000000000e+03 4.599322363070967867e-01 -3.888846035879782725e-01 -3.109331517845337345e+00
5.464000000000000000e+03 5.820566555534867348e-03 1.466101816456501172e+00 -3.298363079179253532e+00
5.437000000000000000e+03 -1.125963401567275923e-01 -1.116828744455933276e-01 5.715534230101511071e-01
5.436000000000000000e+03 -1.125963401567275923e-01 -1.116828744455933276e-01 5.715534230101511071e-01
5.435000000000000000e+03 -1.125963401567275923e-01 -1.116828744455933276e-01 5.715534230101511071e-01
7.157000000000000000e+03 -1.125963401567275923e-01 -1.116828744455933276e-01 5.715534230101511071e-01
5.114000000000000000e+03 -1.125963401567275923e-01 -1.116828744455933276e-01 5.715534230101511071e-01
7.263000000000000000e+03 2.848687790246984264e-01 -2.377792955401138997e-01 5.224018122047411339e-01
7.155000000000000000e+03 1.615484987583712950e-01 -2.490117504288846817e-01 5.671185000628113926e-01
5.635000000000000000e+03 1.615484987583712950e-01 -2.490117504288846817e-01 5.671185000628113926e-01
5.636000000000000000e+03 3.951087535631074843e-01 -1.526460800142483976e-01 4.219949088931258530e-01
5.637000000000000000e+03 3.951087535631074843e-01 -1.526460800142483976e-01 4.219949088931258530e-01
5.459000000000000000e+03 3.286861954962603249e-01 -1.851817510821316404e-01 7.132032539248314151e-01
7.179000000000000000e+03 1.974812861053933943e-01 6.843401219794431611e-02 4.305503829267536275e-01
5.439000000000000000e+03 1.974812861053933943e-01 6.843401219794431611e-02 4.305503829267536275e-01
5.625000000000000000e+03 1.974812861053933943e-01 6.843401219794431611e-02 4.305503829267536275e-01
5.481000000000000000e+03 1.974812861053933943e-01 6.843401219794431611e-02 4.305503829267536275e-01
5.482000000000000000e+03 2.653084131088760955e-01 1.046085634703723954e-01 4.361667957714061572e-01
5.483000000000000000e+03 2.653084131088760955e-01 1.046085634703723954e-01 4.361667957714061572e-01
5.484000000000000000e+03 2.109109697367301806e-01 -9.542435379185221223e-02 4.399975083959262179e-01
4.885000000000000000e+03 2.246042267920458357e-01 5.345100977331096459e-03 4.764002513054350629e-01
4.886000000000000000e+03 2.190063542212641323e-01 8.508979568879304622e-02 5.346473465573424733e-01
5.557000000000000000e+03 1.386491758854759837e-01 -2.639604441633602860e-02 5.669319008743656241e-01
5.520000000000000000e+03 1.386491758854759837e-01 -2.639604441633602860e-02 5.669319008743656241e-01
5.912000000000000000e+03 3.491102327337713973e-01 8.353184708910621481e-02 4.595305510092444479e-01
7.149000000000000000e+03 4.068272406894877236e-01 7.225585824010671843e-02 4.551279566772095109e-01
7.191000000000000000e+03 3.294965607804627439e-01 -2.359580674467398609e-02 4.257506271097568629e-01
7.201000000000000000e+03 2.974981903151459051e-01 -3.928459163718489577e-02 4.862177407522167982e-01
5.457000000000000000e+03 2.974981903151459051e-01 -3.928459163718489577e-02 4.862177407522167982e-01
5.641000000000000000e+03 2.887861694875084595e-01 6.663303820943689004e-02 5.580913855490763353e-01
5.470000000000000000e+03 2.887861694875084595e-01 6.663303820943689004e-02 5.580913855490763353e-01
7.178000000000000000e+03 1.258199100291150785e-01 3.137409549928316110e-01 4.421984147381792241e-01
4.924000000000000000e+03 1.258199100291150785e-01 3.137409549928316110e-01 4.421984147381792241e-01
4.923000000000000000e+03 2.781672278125455477e-01 2.267252988708601258e-01 5.658984911588902378e-01
7.190000000000000000e+03 2.781672278125455477e-01 2.267252988708601258e-01 5.658984911588902378e-01
5.467000000000000000e+03 2.781672278125455477e-01 2.267252988708601258e-01 5.658984911588902378e-01
5.465000000000000000e+03 4.830235295377605098e-01 5.983030715013049061e-02 6.092013074365425496e-01
7.192000000000000000e+03 4.830235295377605098e-01 5.983030715013049061e-02 6.092013074365425496e-01
4.925000000000000000e+03 4.830235295377605098e-01 5.983030715013049061e-02 6.092013074365425496e-01
7.195000000000000000e+03 3.895233092374041917e-01 2.355090733006548476e-02 6.635306120082589132e-01
5.521000000000000000e+03 3.895233092374041917e-01 2.355090733006548476e-02 6.635306120082589132e-01
5.042000000000000000e+03 5.170184045288763741e-01 1.478666708445066647e-01 6.318190191699031288e-01
5.487000000000000000e+03 2.516036602482216722e-01 1.701918951170946492e-01 7.562251611119634731e-01
7.286000000000000000e+03 2.516036602482216722e-01 1.701918951170946492e-01 7.562251611119634731e-01
5.490000000000000000e+03 3.866831519219147140e-01 2.035774313668059499e-01 7.782465840579035898e-01
7.198000000000000000e+03 5.700153239038101560e-01 7.469993085157156099e-01 5.852866867238262216e-01
7.199000000000000000e+03 5.816057570435688717e-01 5.620766647721469056e-01 8.445549350660428445e-01
4.937000000000000000e+03 5.816057570435688717e-01 5.620766647721469056e-01 8.445549350660428445e-01
7.082000000000000000e+03 3.978281549880762213e-01 6.830516299340676500e-01 4.326025725462656624e-01
5.576000000000000000e+03 6.823665640027130053e-01 2.503603866574368730e-01 4.130339513745653335e-01
5.619000000000000000e+03 -4.014106953451985760e-01 -4.355864724651570263e-01 1.196655642845456669e-02
5.620000000000000000e+03 9.478641866628834123e-02 -1.927621084577428867e-01 1.230430142046472497e-01
5.651000000000000000e+03 9.478641866628834123e-02 -1.927621084577428867e-01 1.230430142046472497e-01
5.652000000000000000e+03 -3.592034191316102465e-01 2.235776846298573872e-01 -5.499459781801618874e-02
5.653000000000000000e+03 -5.679241822520708638e-02 -1.730500191303185886e-02 3.449494215623829518e-01
5.654000000000000000e+03 5.307984704386825570e-01 3.325778796652301139e-02 -1.280627025328584523e-02
7.163000000000000000e+03 5.307984704386825570e-01 3.325778796652301139e-02 -1.280627025328584523e-02
4.977000000000000000e+03 5.307984704386825570e-01 3.325778796652301139e-02 -1.280627025328584523e-02
7.164000000000000000e+03 3.085146351059648850e-01 -7.833357826241726940e-02 2.733025420565553532e-01
7.165000000000000000e+03 3.085146351059648850e-01 -7.833357826241726940e-02 2.733025420565553532e-01
5.618000000000000000e+03 3.085146351059648850e-01 -7.833357826241726940e-02 2.733025420565553532e-01
5.587000000000000000e+03 3.085146351059648850e-01 -7.833357826241726940e-02 2.733025420565553532e-01
7.202000000000000000e+03 2.485312023313355212e-01 2.578090121995364470e-01 1.964944993194066569e-01
5.586000000000000000e+03 2.485312023313355212e-01 2.578090121995364470e-01 1.964944993194066569e-01
7.209000000000000000e+03 2.485312023313355212e-01 2.578090121995364470e-01 1.964944993194066569e-01
7.245000000000000000e+03 9.991126576645896762e-01 -3.326502010243599372e-01 4.022206111802972828e-02
7.210000000000000000e+03 9.925751364956170164e-01 -3.280667736993754247e-01 3.378523987269090867e-01
7.394000000000000000e+03 -1.244977918847283149e-01 8.053935843873585299e-01 -1.496280198982162801e-01
5.522000000000000000e+03 1.001045615878169315e+00 4.414074941133465657e-01 7.731973663368307825e-02
7.294000000000000000e+03 1.001045615878169315e+00 4.414074941133465657e-01 7.731973663368307825e-02
5.642000000000000000e+03 -4.180639591228256791e-01 -3.560648889290658481e-01 -6.951309841410093782e-01
5.474000000000000000e+03 -1.194959960034722712e-01 -4.660705620264056215e-01 -4.188199549600000182e-01
7.208000000000000000e+03 -6.904858392349666474e-02 8.324062611081828322e-01 -4.431426483341738276e-01
5.469000000000000000e+03 7.545310397707609695e-01 7.869527782525502779e-01 -4.944816077783400488e-01
