# star id 	 star_x_coords [pc] 	 star_y_coords [pc] 	 star_z_coords [pc] 
2.811000000000000000e+03 2.890809719822513557e-01 7.352621663618026382e-01 1.313161600930436990e+00
9.980000000000000000e+02 -1.766879114048037991e+00 -1.017387226542062706e+00 4.513159592924544938e-01
1.623000000000000000e+03 7.829716414885830034e-01 -3.207709800029769909e-01 1.597536268385013614e-02
2.616000000000000000e+03 7.829716414885830034e-01 -3.207709800029769909e-01 1.597536268385013614e-02
2.617000000000000000e+03 7.829716414885830034e-01 -3.207709800029769909e-01 1.597536268385013614e-02
2.619000000000000000e+03 7.829716414885830034e-01 -3.207709800029769909e-01 1.597536268385013614e-02
2.620000000000000000e+03 7.829716414885830034e-01 -3.207709800029769909e-01 1.597536268385013614e-02
1.032000000000000000e+03 -9.793711563189475555e-01 1.366410196016109690e+00 -2.137105767884328600e-02
7.600000000000000000e+02 8.584842844830937736e-01 -1.423780983037946868e+00 3.208489858615966028e-01
2.618000000000000000e+03 -1.182959854490100327e+00 4.499729875764435505e-01 -1.044887369571831925e+00
8.650000000000000000e+02 -1.165333439674522964e+00 1.411681967417205641e+00 -1.244851775486816692e+00
