# star id 	 star_x_coords [pc] 	 star_y_coords [pc] 	 star_z_coords [pc] 
3.094000000000000000e+04 -2.250691380601779201e-01 -4.970191662022003243e-01 -1.683305467316564830e-01
3.093500000000000000e+04 -4.492311312859627037e-01 3.316250548111696617e-01 -9.047982288058999956e-01
3.094900000000000000e+04 -3.600223547130667612e-01 -3.200904175146490616e-02 -6.767841575054012182e-01
1.391200000000000000e+04 -4.540283088601242412e-01 9.605644074701871205e-01 -9.723280635137232508e-02
3.083200000000000000e+04 -3.878499481545176764e-01 3.222328374240390758e-01 8.688497376261468119e-01
3.075300000000000000e+04 -1.424135539231755843e+00 3.701661720823068435e-01 1.261713953721382175e+00
3.066400000000000000e+04 7.770563932814624764e-01 -7.496311129942014873e-01 -1.967536713612023647e-01
3.093300000000000000e+04 7.770563932814624764e-01 -7.496311129942014873e-01 -1.967536713612023647e-01
3.093400000000000000e+04 1.659008800729864674e+00 -4.394644909109501896e-02 1.997523652872965627e-01
