# star id 	 star_x_coords [pc] 	 star_y_coords [pc] 	 star_z_coords [pc] 
9.922000000000000000e+03 9.424097761195753264e-01 -1.851271506427039526e+00 -3.781405978145464530e-01
9.948000000000000000e+03 -1.469980404903154181e+00 1.805138050719179432e-01 1.053286723415176596e-01
9.905000000000000000e+03 -1.167189922058838647e+00 8.421527484789379514e-01 1.071002648398007295e-01
9.077000000000000000e+03 -4.782079614200682727e-01 7.857647777370857511e-02 2.288491869083486563e-01
9.906000000000000000e+03 -4.782079614200682727e-01 7.857647777370857511e-02 2.288491869083486563e-01
9.933000000000000000e+03 8.055436120804131406e-01 -1.258571475500197323e+00 1.890179461601348976e-01
9.926000000000000000e+03 3.334474849674009533e-01 2.421279940727885105e-01 3.564452486053468760e-01
9.954000000000000000e+03 1.200061140775304125e+00 -1.576192043741855286e-01 3.977024618724804839e-01
9.932000000000000000e+03 4.642019640678896053e-01 2.608205753834695884e-01 -5.609456986846801385e-01
9.076000000000000000e+03 1.854211764429727793e+00 6.043633930595859738e-01 -2.051975023622567562e-01
9.918000000000000000e+03 -8.949365650127134586e-01 1.477067109253525246e+00 -4.431538869029623129e-01
9.075000000000000000e+03 -2.301127903477365066e+00 -2.304211690182711436e-02 -1.150043979281036854e-01
9.910000000000000000e+03 -1.469980404903154181e+00 1.805138050719179432e-01 1.053286723415176596e-01
9.091000000000000000e+03 1.854211764429727793e+00 6.043633930595859738e-01 -2.051975023622567562e-01
9.921000000000000000e+03 8.055436120804131406e-01 -1.258571475500197323e+00 1.890179461601348976e-01
