# star id 	 star_x_coords [pc] 	 star_y_coords [pc] 	 star_z_coords [pc] 
2.080000000000000000e+04 1.909633996706745052e+00 8.189455544733590386e-01 -1.588907936258756592e-01
2.080100000000000000e+04 -1.334642510640300372e-01 1.168786706757600768e+00 -1.224082439335916206e-02
2.071500000000000000e+04 3.782169156812713595e-01 1.010569854042174143e+00 2.659564635015101430e-01
2.067100000000000000e+04 1.311629299261918291e+00 -3.729208308631370983e-02 -8.958776001210537743e-01
1.713400000000000000e+04 1.887209396651815752e+00 2.146300520624180308e-01 -1.864216196349595123e-01
2.067600000000000000e+04 7.894309190419814826e-01 4.374671090042383526e-01 -2.289423029594068737e-01
2.075800000000000000e+04 -9.143797526169716861e-01 5.219743375419838571e-01 -8.727541259597622059e-01
2.077500000000000000e+04 -1.246215284399036172e+00 -3.121279834785894991e-02 -8.308832259580967161e-01
2.073200000000000000e+04 2.627284971502614752e-01 -3.391099177415597410e-01 -4.225417570972780368e-01
2.072800000000000000e+04 2.430412500325864755e-01 -8.896192185363105409e-02 -3.535444247671470919e-01
2.072900000000000000e+04 -2.440749024571671200e-01 1.341090116794063647e-01 -2.143829913618233718e-01
2.073100000000000000e+04 -2.440749024571671200e-01 1.341090116794063647e-01 -2.143829913618233718e-01
2.071200000000000000e+04 -3.008697292427209291e-01 3.202107546900521129e-01 -1.494507996356624346e-01
2.074300000000000000e+04 -1.021479362894677223e-01 7.951128856115730059e-02 1.598262968450363530e-01
2.074500000000000000e+04 -1.021479362894677223e-01 7.951128856115730059e-02 1.598262968450363530e-01
2.074900000000000000e+04 -7.174092356214423205e-01 -1.810605916804632898e-01 2.398342232403756213e-01
2.071100000000000000e+04 -7.174092356214423205e-01 -1.810605916804632898e-01 2.398342232403756213e-01
2.080300000000000000e+04 -4.614074893891926266e-01 -4.852461351923693655e-01 4.865086084201131200e-01
2.068300000000000000e+04 7.098785120957060712e-01 -1.520100601960379549e+00 1.253881623728084094e+00
2.074800000000000000e+04 1.096966049459435766e-01 -2.207739530844371245e+00 9.033260416154007544e-01
1.479600000000000000e+04 -2.215471191524365224e-02 -1.379196511750890863e+00 1.545474376912267189e+00
2.072100000000000000e+04 1.435708751090880142e+00 -7.649796262101986599e-01 1.812395144628155208e+00
2.073300000000000000e+04 -1.415328421153283500e-02 -8.804778407063196255e-02 7.440420540063854560e-01
2.073800000000000000e+04 -1.150924593901500259e+00 -6.711833459544536140e-01 1.520650235377733139e+00
2.079100000000000000e+04 -1.021967230500375301e+00 1.671283824522049599e+00 -1.652525755325349621e+00
2.079200000000000000e+04 -8.135413300686762383e-01 7.037307637293110929e-01 -1.654537826753305296e+00
2.070800000000000000e+04 -8.135413300686762383e-01 7.037307637293110929e-01 -1.654537826753305296e+00
