# star id 	 star_x_coords [pc] 	 star_y_coords [pc] 	 star_z_coords [pc] 
3.373800000000000000e+04 8.993876863044381054e-02 -2.981358361426671433e-01 -1.655707753022124251e-01
3.772000000000000000e+04 9.875662075238444970e-02 -4.114546751126102464e-02 -1.751987996235140344e-01
3.421200000000000000e+04 9.875662075238444970e-02 -4.114546751126102464e-02 -1.751987996235140344e-01
3.503800000000000000e+04 -1.526570794228323535e-01 1.062480732571926545e-01 -1.534118166435778363e-01
3.379900000000000000e+04 -1.983175965279500019e-01 -3.379760115242858021e-02 -6.179845752205537224e-02
3.434900000000000000e+04 -2.324944412367448976e-01 -6.389826497579953468e-02 -1.603733906638638018e-02
3.435000000000000000e+04 -8.459261613114854583e-02 -2.209503513338284542e-02 5.903333102460983639e-02
3.530600000000000000e+04 -8.459261613114854583e-02 -2.209503513338284542e-02 5.903333102460983639e-02
3.534300000000000000e+04 4.619799942794600156e-03 1.734870165397204289e-01 1.075084776470323078e-01
3.448300000000000000e+04 4.619799942794600156e-03 1.734870165397204289e-01 1.075084776470323078e-01
3.448400000000000000e+04 3.090132005187138375e-01 5.339318801674886039e-02 -2.865817326420501132e-01
3.373900000000000000e+04 1.226161510694376844e-01 -2.440773447772937033e-02 3.365633112435642005e-01
3.431000000000000000e+04 2.433339224179853488e-02 4.010515795729441280e-02 3.641507978174622906e-01
