# star id 	 star_x_coords [pc] 	 star_y_coords [pc] 	 star_z_coords [pc] 
3.953000000000000000e+03 7.391103156376885863e-01 1.616198310080996237e-02 -2.679278189807803301e-01
3.935000000000000000e+03 7.391103156376885863e-01 1.616198310080996237e-02 -2.679278189807803301e-01
4.435000000000000000e+03 6.480660336079893113e-01 -1.442402460640970219e-01 -1.001945013271878793e-01
3.653000000000000000e+03 8.113625842783278586e-01 5.928365428582971219e-02 1.450352221574036093e-01
4.410000000000000000e+03 6.438413914801941473e-01 -2.332858201939469467e-01 -7.849275725229176714e-02
3.936000000000000000e+03 -1.701884902540911071e-01 -5.159383717660901425e-01 3.145488106044780352e-02
4.411000000000000000e+03 8.897842568103442318e-03 -6.694147006613277995e-01 2.349775941976588456e-01
3.682000000000000000e+03 2.660938153173049159e-01 -8.235549257280894153e-01 -2.008591584629471072e-02
4.438000000000000000e+03 -1.156144409899724224e-01 -2.075735864400201081e-01 -2.207307201572916711e-02
3.582000000000000000e+03 -3.066637696750973419e-01 -1.363008674233388007e-01 -1.822557863278717605e-02
3.837000000000000000e+03 -5.759869933392280927e-02 -5.378105793748311214e-02 -3.040507149795246278e-02
4.379000000000000000e+03 -5.759869933392280927e-02 -5.378105793748311214e-02 -3.040507149795246278e-02
4.378000000000000000e+03 -9.561146719325108734e-02 -6.561041319584504095e-02 -1.687801976636649215e-02
3.672000000000000000e+03 -9.561146719325108734e-02 -6.561041319584504095e-02 -1.687801976636649215e-02
4.375000000000000000e+03 1.544708341171485699e-02 -3.361529562673126748e-02 -1.736303964734275951e-02
4.443000000000000000e+03 1.544708341171485699e-02 -3.361529562673126748e-02 -1.736303964734275951e-02
3.609000000000000000e+03 -9.812191611605669550e-02 5.582687681119047340e-02 2.273663470353142202e-01
3.673000000000000000e+03 -9.812191611605669550e-02 5.582687681119047340e-02 2.273663470353142202e-01
3.626000000000000000e+03 -5.333604639728264374e-01 -4.329652125078951030e-01 -6.411986972731398282e-02
3.952000000000000000e+03 -5.541324626713333146e-01 -4.835944579583539848e-02 4.135039721015161263e-01
3.605000000000000000e+03 -5.967448407491815487e-01 -1.136858400734759300e-01 4.515895755006695822e-01
3.647000000000000000e+03 9.563828102737659265e-02 1.852559461519120987e-02 1.445579943558072955e-02
3.979000000000000000e+03 5.193473742379381974e-01 -2.828758056073628069e-01 -1.270635307378853440e-02
3.978000000000000000e+03 4.482883500736676297e-01 -1.784258778944991519e-01 2.703959469794767756e-01
3.636000000000000000e+03 4.125482792998980131e-01 -4.756526387664976596e-01 9.862001537847220334e-02
3.635000000000000000e+03 1.272843342659371046e-01 -1.350339116403809214e-02 1.858801326109329466e-01
3.620000000000000000e+03 1.272843342659371046e-01 -1.350339116403809214e-02 1.858801326109329466e-01
3.619000000000000000e+03 3.170163636016383180e-01 -6.143190000535447837e-02 3.634149370246007038e-01
4.405000000000000000e+03 1.685120360952367946e-01 -1.193932643582069630e-01 4.260042489968114410e-01
4.406000000000000000e+03 -4.564458500021402187e-01 5.687096095354675640e-01 -7.700164953817534297e-02
4.364000000000000000e+03 -2.720579377689631428e-01 1.643516958006863149e-01 -6.427495814515538086e-02
3.840000000000000000e+03 -4.227008178980895536e-01 1.905904180805375603e-01 -3.869863553022412361e-02
4.452000000000000000e+03 9.739509502765031357e-03 3.251055167824112857e-01 3.464855860927684716e-02
4.453000000000000000e+03 9.739509502765031357e-03 3.251055167824112857e-01 3.464855860927684716e-02
3.863000000000000000e+03 -1.402997714316853717e-01 2.464703352446182549e-01 1.731825534396165267e-01
4.014000000000000000e+03 -3.844480493441295721e-01 2.657941445899449917e-01 4.470738375912759466e-01
3.964000000000000000e+03 -2.331395698122236126e-01 5.925415346411178064e-02 1.330628549538204197e-01
4.446000000000000000e+03 -2.331395698122236126e-01 5.925415346411178064e-02 1.330628549538204197e-01
4.431000000000000000e+03 -2.331395698122236126e-01 5.925415346411178064e-02 1.330628549538204197e-01
3.554000000000000000e+03 -7.148997265702377035e-01 2.008653166838296755e-01 2.249304281599151523e-01
3.668000000000000000e+03 -7.148997265702377035e-01 2.008653166838296755e-01 2.249304281599151523e-01
3.616000000000000000e+03 -5.421735365344630964e-01 3.130191895826488491e-01 2.331350942538108484e-01
4.408000000000000000e+03 -7.012733206518362294e-01 1.102187506498886194e-01 4.311342227723002907e-03
4.420000000000000000e+03 2.340593238424020228e-01 5.120889646886670477e-01 3.451650782818660446e-02
4.419000000000000000e+03 6.095177619666145574e-01 1.877310557731739493e-01 3.008271387420009546e-01
3.679000000000000000e+03 3.480525500823148377e-01 1.077459176803987617e-01 2.439937607498166017e-02
3.680000000000000000e+03 2.066722570428822792e-01 8.903629701250181938e-02 3.211894097387997249e-01
4.449000000000000000e+03 2.066722570428822792e-01 8.903629701250181938e-02 3.211894097387997249e-01
3.867000000000000000e+03 8.865113686572101415e-02 6.048827046771343419e-02 1.739627494024063026e-01
3.691000000000000000e+03 8.865113686572101415e-02 6.048827046771343419e-02 1.739627494024063026e-01
3.709000000000000000e+03 -2.312631316045212770e-01 -2.116635472024945841e-01 8.104170036299507274e-01
3.649000000000000000e+03 -8.221688735829957295e-02 -1.208187163805050091e-01 5.888953254173756591e-01
3.948000000000000000e+03 6.142897969222644861e-01 -1.631427231065547545e-01 4.964370941903553103e-01
3.949000000000000000e+03 4.785647979679197306e-02 3.860364958773825350e-01 9.278256513142579820e-01
4.310000000000000000e+03 -2.794546708466043583e-01 2.586628914149748937e-01 5.214724287402248137e-01
3.614000000000000000e+03 -1.980349039552606882e-01 3.623946981852430582e-01 5.783122556303439410e-01
3.613000000000000000e+03 -6.310262516462046278e-01 5.503773387856298882e-01 5.885452322220032784e-01
4.309000000000000000e+03 -5.013746942168779697e-01 1.661953985541231305e-01 4.938853931283375687e-01
4.384000000000000000e+03 1.297085213860214026e-01 2.522200677618240405e-01 6.739142602329053489e-01
4.380000000000000000e+03 2.031844862052167855e-01 4.644914521274152719e-01 6.006472192095415608e-01
3.694000000000000000e+03 2.031844862052167855e-01 4.644914521274152719e-01 6.006472192095415608e-01
4.358000000000000000e+03 -1.907312712476425531e-01 -6.358252195941922480e-01 -5.393061719278762212e-01
3.755000000000000000e+03 -5.413153249233459974e-02 -6.571802430989297505e-01 -3.537481157712605295e-01
3.754000000000000000e+03 1.374183806941999819e-01 -5.167632757647524500e-01 -1.889835489517182054e-01
3.607000000000000000e+03 -2.579967594417098553e-02 -3.587435475118372352e-01 -4.046655057207644290e-01
3.549000000000000000e+03 -2.602872436663972167e-01 -5.069240602095348436e-02 -2.800877745172769551e-01
4.302000000000000000e+03 -3.490103129908561641e-02 2.078138680678343064e-02 -3.497084699878101333e-01
4.303000000000000000e+03 -1.399095799045824151e-02 3.954313116210173007e-02 -2.405822181826522410e-01
4.301000000000000000e+03 2.330029938241295895e-02 -8.381763378074325033e-02 -1.506733405563025485e-01
3.815000000000000000e+03 2.330029938241295895e-02 -8.381763378074325033e-02 -1.506733405563025485e-01
3.688000000000000000e+03 -2.781321970367685026e-01 -3.312262053310330856e-01 -1.303343036110859998e-01
3.973000000000000000e+03 -5.080754995461234103e-02 1.834809084934541090e-02 -1.113706442710622468e-01
4.387000000000000000e+03 2.812204911866587054e-01 -1.961603120971702197e-01 -4.473500024110421691e-01
4.404000000000000000e+03 2.812204911866587054e-01 -1.961603120971702197e-01 -4.473500024110421691e-01
4.376000000000000000e+03 2.672126185691467981e-01 -2.412231989985436087e-01 -3.501417114273692732e-01
3.642000000000000000e+03 2.672126185691467981e-01 -2.412231989985436087e-01 -3.501417114273692732e-01
3.641000000000000000e+03 1.422013347817312479e-01 -1.726981509769771606e-01 -3.112369849174854153e-01
3.930000000000000000e+03 1.422013347817312479e-01 -1.726981509769771606e-01 -3.112369849174854153e-01
3.939000000000000000e+03 3.737445753133954440e-01 -1.813035850307365138e-01 -1.960539367892693008e-01
3.574000000000000000e+03 3.737445753133954440e-01 -1.813035850307365138e-01 -1.960539367892693008e-01
3.638000000000000000e+03 3.602961458253446381e-01 -1.917915675649126683e-01 -1.503523643409891974e-01
3.843000000000000000e+03 5.898075689423336598e-01 1.322122151370841436e-02 -1.317869988740270060e-01
4.444000000000000000e+03 3.248222409522441012e-01 -1.682908298298624317e-01 -1.269344917272547946e-01
3.625000000000000000e+03 8.647977080437385666e-02 -6.365116776029289269e-02 -2.733244182344165552e-01
4.327000000000000000e+03 8.647977080437385666e-02 -6.365116776029289269e-02 -2.733244182344165552e-01
4.326000000000000000e+03 2.836708337316764528e-01 -2.189106404575547060e-01 -9.434487084748610641e-02
3.644000000000000000e+03 2.836708337316764528e-01 -2.189106404575547060e-01 -9.434487084748610641e-02
3.544000000000000000e+03 -4.056018739984779131e-01 2.664083533582584096e-01 -5.053211079354369417e-01
3.940000000000000000e+03 -2.496343065035233622e-01 1.552155528132956874e-01 -3.024510561994873115e-01
3.560000000000000000e+03 -3.817668551236010899e-01 1.433719314401571410e-01 -2.613244926805151636e-01
3.633000000000000000e+03 -7.969762646740718992e-02 2.810066537445745638e-01 -4.195646071081071682e-01
3.634000000000000000e+03 2.938973229144892230e-02 2.930245011613443751e-01 -3.000108177837219614e-01
4.359000000000000000e+03 -1.325799761232389073e-01 2.032085459949417583e-01 -2.907515911589797497e-01
3.753000000000000000e+03 -1.325799761232389073e-01 2.032085459949417583e-01 -2.907515911589797497e-01
3.587000000000000000e+03 6.359193328654555444e-02 9.289504393482239664e-02 -2.394978845457274019e-01
4.362000000000000000e+03 -5.809168815886778248e-02 1.616176778839921724e-01 -1.517414809395702946e-01
4.397000000000000000e+03 -5.809168815886778248e-02 1.616176778839921724e-01 -1.517414809395702946e-01
3.924000000000000000e+03 -4.182667261748491683e-01 1.739848502841212508e-01 -1.069771073218319657e-01
4.010000000000000000e+03 6.754771971912987283e-04 2.386213145680251557e-01 -8.910485889747832289e-02
3.957000000000000000e+03 -6.918070526943580489e-01 2.960553957475653419e-01 -6.378453762150328998e-01
3.842000000000000000e+03 -6.536605308226910438e-01 5.633723624583435452e-01 -2.573186577424166899e-01
3.958000000000000000e+03 4.745001148792908907e-01 6.844454316393644433e-02 -1.997145812367477902e-01
4.023000000000000000e+03 -4.222742149100469078e-01 6.391284215098895771e-01 1.486302733005473442e-01
3.718000000000000000e+03 1.723770669706823355e-01 -4.287094184048250156e-01 -7.062111040438381337e-01
3.733000000000000000e+03 1.723770669706823355e-01 -4.287094184048250156e-01 -7.062111040438381337e-01
