# star id 	 star_x_coords [pc] 	 star_y_coords [pc] 	 star_z_coords [pc] 
4.756700000000000000e+04 1.713198317346154909e+00 6.859574323426089748e-01 -6.580912285005147133e-01
5.626000000000000000e+04 5.378369698297458257e-01 6.145480501618010294e-01 -1.000941455754868592e+00
5.837300000000000000e+04 2.572529448021843024e-01 -3.135091628341006853e-01 7.286597554250953124e-01
3.242000000000000000e+03 1.066917328463539150e-01 -9.874660045915497619e-01 1.750854161328012637e-01
5.372100000000000000e+04 -2.700904485122936904e-01 1.529412037839446015e-01 -5.365837610618413578e-01
1.117300000000000000e+04 -7.917577576721850363e-01 4.435530461678949266e-01 -5.367939403933208453e-01
5.626400000000000000e+04 -5.109567499842544436e-01 4.009833914649592046e-01 1.291609399985604867e-01
5.626500000000000000e+04 -1.080835953438370467e-01 -9.071036649475003877e-01 2.332085501046874398e-01
2.224900000000000000e+04 -9.340914035499245927e-01 -8.990428841488018463e-02 1.466295728996788839e+00
