# star id 	 star_x_coords [pc] 	 star_y_coords [pc] 	 star_z_coords [pc] 
1.487800000000000000e+04 -1.352464704531772810e-01 2.166937423300936416e-01 -1.795017840402977072e-01
1.487700000000000000e+04 2.007698978570395809e-01 -2.557067675654423056e-02 -2.665670661940211517e-01
1.503100000000000000e+04 2.007698978570395809e-01 -2.557067675654423056e-02 -2.665670661940211517e-01
1.500300000000000000e+04 4.349706633177774506e-02 5.499345251298848325e-02 -1.267940842474750696e-01
1.502800000000000000e+04 1.176262934564586971e-01 2.763327809045250660e-01 1.002984399839341734e-01
1.488000000000000000e+04 -1.589009210600771382e-01 1.248161156971150376e-02 1.301755976988729913e-01
1.487900000000000000e+04 -8.950525569806266901e-02 -1.697867447745409208e-01 2.029853194047639420e-01
1.502500000000000000e+04 -8.950525569806266901e-02 -1.697867447745409208e-01 2.029853194047639420e-01
1.488100000000000000e+04 -8.950525569806266901e-02 -1.697867447745409208e-01 2.029853194047639420e-01
