# star id 	 star_x_coords [pc] 	 star_y_coords [pc] 	 star_z_coords [pc] 
2.339400000000000000e+04 -1.064478342527603871e+00 6.195879290833437025e-01 -2.773405057684083630e+00
3.516800000000000000e+04 -2.270005469116092911e+00 8.290713418481256980e-01 -2.501420985626770843e+00
3.516700000000000000e+04 -2.270005469116092911e+00 8.290713418481256980e-01 -2.501420985626770843e+00
2.253500000000000000e+04 1.677813204465039121e+00 1.169262069203160781e+00 2.890096959030119095e+00
3.340500000000000000e+04 1.677813204465039121e+00 1.169262069203160781e+00 2.890096959030119095e+00
2.160300000000000000e+04 1.680677964198924457e+00 1.642994575124536283e+00 2.514332707845907677e+00
2.160400000000000000e+04 3.322191574280033421e-01 -2.018468237467954118e+00 6.764404831831285492e-01
6.688000000000000000e+03 -4.909966909185108364e-01 -9.821136348870336263e-01 -7.916589085874612408e-01
2.909100000000000000e+04 -7.559640975234316329e-02 -1.261761263087315399e+00 -2.901367298948187567e-02
2.808100000000000000e+04 1.151348233067359672e+00 -6.317757147514644345e-01 2.177681578030414400e+00
2.285700000000000000e+04 4.702783038130959881e-01 -1.094001497454375027e+00 1.476289858604157956e+00
1.195100000000000000e+04 -1.429586295336658708e+00 2.110389766748608231e-01 -2.231998611763369667e+00
2.141400000000000000e+04 -3.319158924376282016e-01 -5.226624937268908866e-01 -2.100075035482216634e+00
2.674000000000000000e+03 -3.319158924376282016e-01 -5.226624937268908866e-01 -2.100075035482216634e+00
2.673000000000000000e+03 1.274350395504455946e+00 5.631570325599830618e-01 2.404129747730987532e+00
