# star id 	 star_x_coords [pc] 	 star_y_coords [pc] 	 star_z_coords [pc] 
1.578700000000000000e+04 1.943513333855602099e-01 -2.117928571042497765e-01 -2.035804138623547033e-01
1.553600000000000000e+04 4.754893186321709209e-01 -2.445245593844447285e-01 -1.605505254336847543e-01
1.573400000000000000e+04 2.817355526659337528e-01 2.510225892380688606e-01 8.370556056910061216e-03
1.577900000000000000e+04 3.036261326880715927e-01 1.718729434604355788e-01 2.477290098509001837e-01
1.569400000000000000e+04 4.965028339325368023e-01 -4.456623841749518533e-01 -1.926832343549023108e-02
1.569500000000000000e+04 4.965028339325368023e-01 -4.456623841749518533e-01 -1.926832343549023108e-02
1.569600000000000000e+04 3.787007875905832321e-01 2.368359048914996379e-01 3.837403731798261219e-01
1.549500000000000000e+04 2.528533857497343718e-01 3.600791692602669514e-01 -5.323183743349915176e-01
1.559700000000000000e+04 -6.859844299454032068e-02 -4.185127866977254030e-01 -2.717436883896411359e-01
1.550400000000000000e+04 -3.671159361301157276e-02 -1.648843854709411971e-01 -2.920957353100064324e-01
1.563500000000000000e+04 -3.671159361301157276e-02 -1.648843854709411971e-01 -2.920957353100064324e-01
1.552400000000000000e+04 -4.858551406563549335e-03 -1.821809846621107454e-01 -2.839053435324103702e-01
1.583300000000000000e+04 -4.858551406563549335e-03 -1.821809846621107454e-01 -2.839053435324103702e-01
1.583400000000000000e+04 -3.231819938819171512e-01 -2.021247534975572080e-01 -2.677632465915280591e-01
1.556700000000000000e+04 -5.318292107816819936e-01 1.058828748543305664e-02 -1.512192786762582841e-01
1.556800000000000000e+04 -5.318292107816819936e-01 1.058828748543305664e-02 -1.512192786762582841e-01
1.562400000000000000e+04 -3.821600691137589934e-01 3.054146154220518383e-01 -4.768331520552493430e-02
1.549400000000000000e+04 1.797512212459118075e-02 3.874726161541843794e-01 1.073864943136015881e-02
1.553500000000000000e+04 9.215625610422506497e-02 -7.494782289177237544e-02 -8.393575761360239085e-03
1.552000000000000000e+04 -9.655815835134617942e-02 -6.613171581534516008e-02 5.227966121281468759e-02
1.586200000000000000e+04 -9.655815835134617942e-02 -6.613171581534516008e-02 5.227966121281468759e-02
1.574900000000000000e+04 -9.655815835134617942e-02 -6.613171581534516008e-02 5.227966121281468759e-02
1.575000000000000000e+04 -3.114132593786358427e-01 3.502160112542895831e-01 1.121212864451237579e-01
1.561800000000000000e+04 -8.929481211186107714e-02 2.722124337915801107e-01 1.844547962122646823e-01
1.585600000000000000e+04 -3.815938320042633336e-02 9.462497522454782484e-02 2.518845527721680355e-01
1.554000000000000000e+04 1.848388357254115988e-02 4.902772480569765889e-01 3.866596572213296668e-01
1.578300000000000000e+04 -1.680806144578319561e-01 -7.497133594580418503e-02 4.229481713252383202e-01
1.578400000000000000e+04 -5.416286178104634530e-02 -5.136777730109542972e-02 4.276964605253255058e-01
1.556400000000000000e+04 -8.561419158484184777e-03 4.735502323801412672e-01 5.005681248438094144e-01
1.555500000000000000e+04 -8.561419158484184777e-03 4.735502323801412672e-01 5.005681248438094144e-01
1.562100000000000000e+04 3.841416546644538244e-02 -5.966815439010417776e-01 1.438794081194814112e-01
1.549100000000000000e+04 3.841416546644538244e-02 -5.966815439010417776e-01 1.438794081194814112e-01
1.549200000000000000e+04 1.283020355467989759e-02 1.944095844135773632e-01 -5.117582797598387856e-01
1.552800000000000000e+04 -2.093885080118731423e-01 1.727405048583534608e-01 -3.853087815018625406e-01
