# star id 	 star_x_coords [pc] 	 star_y_coords [pc] 	 star_z_coords [pc] 
1.552000000000000000e+03 1.951404629144093406e-01 1.562780908753609310e-01 -2.923642327772313365e-03
1.652000000000000000e+03 5.987184877559315055e-02 2.461248416897703351e-01 -2.235083293689186235e-01
1.551000000000000000e+03 -1.058067768058705838e-01 -9.371443241538912616e-02 -6.196162207624666962e-02
1.614000000000000000e+03 -2.063824220884598049e-01 3.481662831055842844e-01 4.584310579163286548e-02
1.519000000000000000e+03 8.913484210903277472e-02 3.603965175769658913e-01 -1.983764861116377176e-01
1.550000000000000000e+03 -7.541852041414998098e-02 1.939833058114714959e-02 -9.783834232214516646e-02
1.535000000000000000e+03 7.582279853652806878e-02 3.821717048774786463e-02 -9.180542473901098788e-02
1.515000000000000000e+03 -8.417888164878206680e-02 -2.983223870527496047e-02 -9.100307524563078232e-02
1.631000000000000000e+03 8.736664235760827069e-02 7.634522745318150783e-02 -3.544153563276708496e-02
1.711000000000000000e+03 -8.803293673292955646e-02 -3.562410438055962913e-02 1.503162738698442524e-01
1.663000000000000000e+03 5.908149643190796496e-02 -1.606007302677738835e-01 2.095788719681834777e-02
1.665000000000000000e+03 -4.084482248646992275e-02 -2.634896360246941072e-01 -1.358336319884010379e-01
1.690000000000000000e+03 -4.084482248646992275e-02 -2.634896360246941072e-01 -1.358336319884010379e-01
1.581000000000000000e+03 8.663772425019544698e-02 -2.689089537529270046e-01 -1.407258674690048394e-01
1.610000000000000000e+03 1.130885265065018075e-02 2.147825780171785937e-02 5.288103827129475576e-02
1.566000000000000000e+03 -6.513393987880178315e-02 4.028402591777791031e-02 2.355865778050407755e-01
1.654000000000000000e+03 -6.323534488477733362e-02 1.837742966990418836e-02 2.342284856677743221e-01
1.579000000000000000e+03 3.155338131734453100e-02 2.221873816864317064e-01 -2.609111089139659612e-02
1.629000000000000000e+03 -1.568249920396880270e-02 -1.116043332486569284e-01 6.909807280342050717e-02
1.603000000000000000e+03 -2.861964526910156792e-01 -4.530212569473945905e-02 2.476786374237249788e-02
1.722000000000000000e+03 1.962400292942731994e-01 -2.607685944456932248e-01 -4.338403488295590194e-01
1.666000000000000000e+03 -8.689780145473591233e-02 -2.430868600110613897e-02 -6.769678748180041339e-02
1.606000000000000000e+03 -6.958624251587508525e-02 3.458637365704930744e-01 4.784785307640646579e-01
1.538000000000000000e+03 -9.878787579618375503e-02 2.815896870603751267e-02 -4.025998805378350198e-03
1.569000000000000000e+03 -1.019408909767562932e-01 -1.243432214329871499e-01 -6.840044972549819136e-02
1.568000000000000000e+03 1.710253539111761256e-01 -1.639679967244518366e-01 5.000746069917489933e-01
1.571000000000000000e+03 -4.610684309954393711e-02 -7.926555096019427538e-02 -3.249721656118609303e-02
1.525000000000000000e+03 -1.600883395772711992e-01 3.193744539424656637e-01 3.597620548834115084e-01
1.598000000000000000e+03 -2.952657545208481338e-02 -4.273538453659853076e-03 7.066100735964653268e-02
1.718000000000000000e+03 9.133357238578554416e-02 8.290624059404905211e-02 -8.728379356213622486e-02
1.575000000000000000e+03 -7.965639995883933011e-02 -8.431228872311891109e-02 2.550762842437030997e-01
1.634000000000000000e+03 -1.111879504211081837e-01 -8.875536130920380629e-02 1.429880354860557645e-01
1.611000000000000000e+03 -2.244810831343002633e-02 1.765208156967403852e-01 1.664318689353052605e-01
1.633000000000000000e+03 1.130885265065018075e-02 2.147825780171785937e-02 5.288103827129475576e-02
1.678000000000000000e+03 -7.266724187808293323e-02 -4.192720056181542532e-02 6.046219876702352281e-02
1.643000000000000000e+03 3.679214044318257493e-02 -7.964234290430027841e-02 1.931804073509013620e-02
1.605000000000000000e+03 1.286672246690372390e-01 5.400112363179943031e-02 4.356186920862725742e-02
1.582000000000000000e+03 -3.624295430782353833e-03 -7.586781327204050740e-02 1.036950543154411264e-01
1.662000000000000000e+03 1.924773754360131761e-02 -5.217098781184859035e-02 2.279476429989557573e-02
1.628000000000000000e+03 -2.649308224352893149e-01 4.493683588255947825e-02 1.510238736823836803e-01
1.546000000000000000e+03 -4.105268340837326946e-01 -3.791142691217430638e-02 9.674018891245239615e-02
1.589000000000000000e+03 1.757267964475204280e-01 -3.082553193316073248e-03 -1.122398838864206994e-01
1.661000000000000000e+03 2.307713231027719303e-01 -4.037431498543000430e-01 2.505814694822170452e-01
1.642000000000000000e+03 -9.878787579618375503e-02 2.815896870603751267e-02 -4.025998805378350198e-03
1.588000000000000000e+03 -1.169783173934746401e-02 -6.636773077368474105e-01 1.280370135523796193e-01
1.704000000000000000e+03 -3.624295430782353833e-03 -7.586781327204050740e-02 1.036950543154411264e-01
1.576000000000000000e+03 -6.448690822460036998e-01 -6.918869713615549699e-03 -3.833182934921381957e-01
1.626000000000000000e+03 4.590225612945602052e-01 8.746170514458384559e-02 -6.340083809782370849e-02
1.595000000000000000e+03 2.064711833136527730e-01 2.240867225704974430e-01 -3.381720527710072588e-01
1.577000000000000000e+03 -1.964447428784659166e-01 2.449970180730716152e-01 1.181529558991236684e-01
1.712000000000000000e+03 1.064611583064021261e-01 -4.331754229655615518e-02 1.504804334890152973e-01
1.621000000000000000e+03 1.884737294894023307e-02 4.948148322370826691e-02 5.675094735190100437e-02
1.564000000000000000e+03 -1.879335626476574816e-02 2.058563538261850567e-01 8.205183053184583741e-02
1.530000000000000000e+03 2.161971881989899202e-02 6.176414826296650062e-02 -1.005855721274073744e-01
1.587000000000000000e+03 2.147308040122197781e-02 7.546331868582711877e-02 -1.572440641227963454e-01
1.529000000000000000e+03 1.951404629144093406e-01 1.562780908753609310e-01 -2.923642327772313365e-03
1.541000000000000000e+03 4.979673278733542929e-02 -1.057912651755685829e-01 3.513765229329735007e-02
1.559000000000000000e+03 2.124653639951290529e-01 -1.251613407622187424e-02 1.126534468746136497e-01
1.725000000000000000e+03 2.877913300508367911e-01 5.113827486739310757e-01 -1.610196032319954895e-01
1.649000000000000000e+03 2.678012145997143989e-01 3.652085908482973764e-01 4.996061724903491097e-01
1.694000000000000000e+03 -6.590093851366063404e-02 -6.400885371205333740e-01 4.938672654586540034e-01
1.630000000000000000e+03 -1.738881857637863959e-01 -5.955296834506569326e-01 -1.084915061780264978e-01
1.647000000000000000e+03 -3.170754445237449204e-01 4.113925258295694221e-01 -2.004135104498061537e-01
1.679000000000000000e+03 -5.553125616413012722e-02 2.571225998091364318e-02 -2.035917414347565568e-02
1.655000000000000000e+03 -3.014904706920162880e-02 2.468019867309223514e-01 5.972638726474599480e-02
1.670000000000000000e+03 1.381660249321257083e-01 8.391885193415760114e-02 -3.827646140725349255e-02
1.601000000000000000e+03 -8.417888164878206680e-02 -2.983223870527496047e-02 -9.100307524563078232e-02
1.616000000000000000e+03 -4.487083861112566296e-01 -7.593215417955434532e-02 -3.122544973366281340e-01
1.542000000000000000e+03 1.203408668129100079e-01 3.090811599886222893e-02 1.310307049975847349e-01
1.640000000000000000e+03 4.310862470341803032e-01 5.275384419240936040e-02 1.533631469590162055e-01
1.721000000000000000e+03 -5.174324008237718431e-02 -5.982919910916706385e-02 -1.900532825045218033e-01
1.511000000000000000e+03 3.371140083469725823e-02 -6.699277302257655720e-02 -2.878516962011232749e-01
1.615000000000000000e+03 -1.173079678025921169e-01 1.645640166661905823e-01 -1.853845802115721142e-01
1.593000000000000000e+03 1.404815117354729637e-02 -6.773261769749439054e-02 -1.193002934823184091e-02
1.597000000000000000e+03 2.471643250000070680e-01 2.091015736873416131e-01 1.036596015396575865e-01
1.602000000000000000e+03 9.885817376267880263e-02 5.924985396357129730e-02 -4.224200833703761759e-02
1.553000000000000000e+03 2.643044974389354707e-01 -1.780699743740115082e-01 1.337907085079486080e-01
1.545000000000000000e+03 9.272388931764652398e-02 2.479341409855351230e-02 -4.689648663325129974e-02
1.632000000000000000e+03 7.582279853652806878e-02 3.821717048774786463e-02 -9.180542473901098788e-02
1.639000000000000000e+03 3.780129722328382513e-01 2.379654371582375916e-01 -3.155794782769625328e-01
1.583000000000000000e+03 7.584407034399589520e-01 -1.622066937501003281e-01 -3.315174074314697350e-01
1.664000000000000000e+03 -5.225103590233608486e-01 9.318827455077638433e-02 3.671318685194613352e-01
1.644000000000000000e+03 1.227160291704194606e-01 -1.121119283298881442e-01 1.094588269038148098e-01
1.618000000000000000e+03 -1.296842147583312510e-01 -1.616823465829284601e-01 1.917542735682005173e-01
1.619000000000000000e+03 -1.174789924060597457e-01 -2.500302708270965013e-01 3.128481776615501531e-01
1.612000000000000000e+03 8.434522535897315265e-02 -4.985139786978720622e-02 4.313461333899581973e-02
1.636000000000000000e+03 2.284547132774150668e-03 2.479935185563917344e-01 5.495071506466331357e-03
1.609000000000000000e+03 -2.871762347228603574e-01 4.760086467562985035e-02 3.576225943778155170e-02
1.518000000000000000e+03 -1.943826881572512377e-01 -2.738339467826733653e-02 1.311547502537173671e-01
1.558000000000000000e+03 1.536911025311837875e-02 -1.036800150830501366e-01 1.076264618943092444e-01
1.716000000000000000e+03 -1.753849481256253284e-02 1.272824770793334892e-02 1.625513275394645518e-01
1.729000000000000000e+03 1.682889309431843117e-01 2.613223598181946272e-02 4.001501168708188061e-02
1.608000000000000000e+03 1.682889309431843117e-01 2.613223598181946272e-02 4.001501168708188061e-02
1.641000000000000000e+03 4.072927460627937535e-01 -2.101000341741467992e-01 -3.242098882404285121e-01
1.672000000000000000e+03 -4.167455486360474026e-01 -7.084130743814398556e-02 -1.097629537624023044e-01
1.680000000000000000e+03 2.383529803324009322e-01 1.531513967291573408e-01 -7.267182001835692517e-01
1.604000000000000000e+03 -5.178598535380274370e-02 2.569580099165662546e-01 -3.261010473331111825e-01
1.617000000000000000e+03 3.519772385492103695e-01 4.767910851233736480e-01 -4.427031019611860074e-01
1.594000000000000000e+03 2.261262439680464809e-01 -1.259639870444786425e-01 2.572214094237992299e-01
1.557000000000000000e+03 7.401034752832202912e-02 -1.566223710756915466e-01 -2.330196284761818504e-01
1.637000000000000000e+03 -1.227171657331354027e-01 -1.946670317064302935e-02 1.693722587808323965e-01
1.624000000000000000e+03 -1.715398078034162666e-01 -1.999985287746142149e-02 9.077947610047587546e-02
1.651000000000000000e+03 7.868389743006787285e-02 -1.883707865859278741e-01 -2.372405884790040886e-02
1.653000000000000000e+03 7.582279853652806878e-02 3.821717048774786463e-02 -9.180542473901098788e-02
1.599000000000000000e+03 4.979673278733542929e-02 -1.057912651755685829e-01 3.513765229329735007e-02
1.671000000000000000e+03 -2.743775465861091334e-01 3.177711284147477500e-02 1.441795280778883637e-01
1.734000000000000000e+03 -2.861964526910156792e-01 -4.530212569473945905e-02 2.476786374237249788e-02
1.696000000000000000e+03 -1.337346044250153909e-01 -3.259032608095679961e-02 -1.623672033029990303e-01
1.536000000000000000e+03 -1.640882071444238477e-01 -6.447744354145612533e-02 -5.035865136253647734e-02
1.513000000000000000e+03 -9.655808713631586215e-02 -1.216040187393758742e-01 -1.360910567237176849e-01
1.667000000000000000e+03 -8.172928593630501837e-03 -1.067099558709116991e-02 -2.313179177865549718e-01
1.514000000000000000e+03 -1.879335626476574816e-02 2.058563538261850567e-01 8.205183053184583741e-02
1.596000000000000000e+03 -2.960533794443165334e-03 4.595556631692687688e-02 1.785675259930705749e-01
1.648000000000000000e+03 -1.233564232582935460e-01 -2.411300791114783237e-01 -6.278828672800784716e-02
1.730000000000000000e+03 -8.689780145473591233e-02 -2.430868600110613897e-02 -6.769678748180041339e-02
1.720000000000000000e+03 6.188229412951073982e-02 9.392291496276072849e-03 -1.175403782652217899e-01
1.686000000000000000e+03 7.458183841823284865e-02 -9.628192865200446704e-02 -6.293075443084461540e-02
1.659000000000000000e+03 -2.661811648040242062e-01 3.175571292259604661e-02 3.156552601817068648e-01
1.627000000000000000e+03 1.404833724689780183e-01 -1.421193336745787406e-01 -9.576960548145052599e-02
