# star id 	 star_x_coords [pc] 	 star_y_coords [pc] 	 star_z_coords [pc] 
2.749000000000000000e+04 1.355966082038122522e-01 1.299132119967114640e-01 -3.205721786699662346e-01
2.745600000000000000e+04 -3.480653528656141305e-02 -1.529594997904486497e-01 -2.067287003294353553e-01
2.751100000000000000e+04 -3.480653528656141305e-02 -1.529594997904486497e-01 -2.067287003294353553e-01
2.750800000000000000e+04 3.460864015674580685e-02 1.004275636295051122e-01 -1.957163466818840902e-01
2.745700000000000000e+04 1.683464133351186831e-01 1.991526218081931532e-01 -4.278763952300899120e-01
2.743900000000000000e+04 -1.166219310431699796e-01 2.573069031957904151e-01 -3.313873351360747677e-01
2.747000000000000000e+04 -8.227898456560289731e-02 5.907488325585772415e-01 -2.612631509793388318e-01
2.750300000000000000e+04 2.030536168769572214e-01 -2.800043714220885605e-01 -1.258130763906599725e-01
2.751000000000000000e+04 1.619721362183330626e-01 -2.309958956957611775e-01 -5.274201913464438007e-02
2.743300000000000000e+04 7.837050774674736431e-02 -3.175268074919745942e-02 -1.534956346407412298e-02
2.747800000000000000e+04 4.003959003502366443e-02 -4.314336099521920431e-03 6.395998786707934869e-04
2.744600000000000000e+04 3.469591793474311459e-01 -5.881680458991667138e-02 1.085140805042428269e-02
2.749500000000000000e+04 -3.272356641897467000e-02 1.266531144251992202e-01 2.337264301158015201e-02
2.749800000000000000e+04 3.746674203986444240e-02 1.133942424983556130e-01 6.541395717833964341e-02
2.751900000000000000e+04 6.219277593614869204e-02 -1.633205651866664887e-01 7.636205955621022667e-02
2.742700000000000000e+04 1.311314330336781353e-01 -6.818973830626173793e-02 1.261750836078725513e-01
2.749300000000000000e+04 1.884918042120755644e-01 -2.178272671342122990e-01 1.526283204044105446e-01
2.748500000000000000e+04 -1.544763720431365783e-01 -2.532455822815977697e-01 -5.752394246133007982e-02
2.744400000000000000e+04 -7.875529551266247097e-02 -1.235111682164724556e-03 3.105669095423699844e-01
2.746600000000000000e+04 -1.499165517693281657e-01 -3.299446968590804552e-01 3.294742077884009746e-01
2.750000000000000000e+04 3.227584396586813398e-02 2.045981657827051770e-01 -5.370724462271425637e-02
2.746300000000000000e+04 -5.224410216169239618e-02 1.616372131392926903e-01 9.036458144873904530e-02
2.743800000000000000e+04 -1.403950686069084242e-01 4.367381574519710874e-01 1.402815778717538819e-01
2.749600000000000000e+04 -1.257184158441511102e-01 -2.083007305487636351e-01 5.114456981344694952e-01
2.748600000000000000e+04 -1.521040369929256286e-01 6.116396514482387303e-01 3.622886493664267960e-01
2.745500000000000000e+04 6.945683719275130841e-02 -4.718124558977354610e-01 -1.400892627051248951e-01
2.749900000000000000e+04 2.333673512522018711e-01 -4.535423843234069885e-01 1.840064348097669722e-01
2.748800000000000000e+04 8.994664864112777991e-02 -4.759298655641970299e-01 2.465684501275902107e-01
2.748700000000000000e+04 -3.208077691659543262e-01 3.400391559272901709e-01 -1.195680928596694059e-01
2.747300000000000000e+04 -5.376209698675271653e-01 2.829026516383712497e-01 -1.153735687555652589e-01
