# star id 	 star_x_coords [pc] 	 star_y_coords [pc] 	 star_z_coords [pc] 
6.695000000000000000e+03 1.225874317150854154e+00 -3.471540527884116045e-01 -8.299995053750919283e-01
6.721000000000000000e+03 1.145798670977896450e+00 6.083330825288513211e-02 -6.432901200961396171e-01
6.720000000000000000e+03 4.571566235797206446e-01 1.439666790141238550e-01 -3.555076762310775962e-01
6.780000000000000000e+03 1.863751146013640891e+00 5.314034572292065661e-01 -7.718668012327256633e-02
6.750000000000000000e+03 8.359865940768997916e-01 -1.203537469528193071e-01 1.059250703982854702e+00
6.716000000000000000e+03 8.897410632792457363e-02 1.947741341935333992e-01 6.706400435532593463e-01
6.692000000000000000e+03 -4.309474764528431479e-02 4.274795356118801237e-01 -1.590818901430445464e+00
6.699000000000000000e+03 -9.687260150696062055e-01 -5.712437578512279401e-01 -7.787022950367017415e-02
6.680000000000000000e+03 -8.219149004856802776e-01 5.647427137680303133e-01 2.824491305647569561e-02
6.679000000000000000e+03 -5.535984334875934110e-01 -8.542141703019225929e-01 2.631146592017934438e-01
6.700000000000000000e+03 -8.193744378379221871e-01 -6.883734409073483107e-02 5.113335561197693835e-01
6.769000000000000000e+03 -8.193744378379221871e-01 -6.883734409073483107e-02 5.113335561197693835e-01
6.744000000000000000e+03 -1.591458484546805607e+00 1.074405839527301509e-01 5.307556844397254281e-01
