# star id 	 star_x_coords [pc] 	 star_y_coords [pc] 	 star_z_coords [pc] 
1.307000000000000000e+03 3.052014493471162382e-01 -1.248092597270094473e+00 -5.793984860680403415e-01
1.351000000000000000e+03 -1.102416810040089956e-01 -6.325116763065992131e-01 -1.156783101647462786e-01
1.362000000000000000e+03 2.030263123315876328e-01 -5.055218742422198375e-01 -3.336369353732955290e-01
1.377000000000000000e+03 2.163743101606705466e-01 -4.450656234069043649e-01 1.693299452297740260e+00
1.395000000000000000e+03 7.007866832049778338e-01 -7.646228786755315809e-01 3.163971412664388083e-01
1.371000000000000000e+03 2.828837338370249199e-03 -5.595129317306657413e-01 1.666219888407596272e-01
1.367000000000000000e+03 -2.178562787053195393e-02 6.596484606317503108e-01 5.968558920751654284e-01
1.291000000000000000e+03 1.016801010462991428e+00 1.153353095225284619e-01 2.767999913369116882e-01
1.405000000000000000e+03 -1.114701294913025720e+00 8.345098880713806011e-01 1.559574206364178650e+00
1.322000000000000000e+03 9.772589798477433476e-01 -1.404269777871910208e+00 -1.235625909079825391e+00
1.403000000000000000e+03 7.539656548766977551e-01 1.725930128525853036e+00 -2.218096117968997305e-01
1.309000000000000000e+03 -1.945746104126300224e-02 3.838586873527560783e-03 -9.348956159692782819e-01
1.325000000000000000e+03 -2.870126265779511243e-01 -4.315421329020097119e-02 1.101473957207268484e-01
1.326000000000000000e+03 -8.781161253178950687e-01 7.156950856094184132e-01 1.510183051316644764e-01
1.296000000000000000e+03 6.419961135459573143e-02 -4.261548282919775943e-01 2.367924176102853551e-01
1.295000000000000000e+03 1.404797115458116252e-01 -9.197433421863365766e-02 8.122217562125300105e-02
1.387000000000000000e+03 1.404797115458116252e-01 -9.197433421863365766e-02 8.122217562125300105e-02
1.386000000000000000e+03 4.319997989180812681e-01 -4.101053659790707684e-01 3.831943994459194869e-01
1.327000000000000000e+03 5.084183106529849283e-02 4.432243836870952691e-02 1.321694681255571879e-01
1.300000000000000000e+03 5.084183106529849283e-02 4.432243836870952691e-02 1.321694681255571879e-01
1.375000000000000000e+03 1.266212965851565286e-02 9.759790528463696546e-02 1.309291798472536072e-01
1.286000000000000000e+03 -1.615601224214451292e-01 9.697125842046006028e-02 1.427488325723444973e-01
1.388000000000000000e+03 -1.615601224214451292e-01 9.697125842046006028e-02 1.427488325723444973e-01
1.353000000000000000e+03 -5.515698286438563969e-02 4.244510387431645881e-01 1.654772634216570282e-01
1.382000000000000000e+03 6.560615058141650024e-02 1.636076246638822340e-01 2.576324550094035715e-01
1.302000000000000000e+03 6.560615058141650024e-02 1.636076246638822340e-01 2.576324550094035715e-01
1.343000000000000000e+03 3.742092473343667791e-01 2.830839445645949581e-02 9.774663452940046682e-02
1.396000000000000000e+03 1.364476940335208610e-01 2.115407664146502498e-01 5.861134293157377328e-02
1.355000000000000000e+03 1.149886828683506224e-01 5.582202132297453545e-02 8.173504265274544878e-02
1.374000000000000000e+03 -4.687603630151073730e-01 -2.063696146997529013e-03 -1.403116808738360533e-01
1.376000000000000000e+03 -1.902338690879510352e-01 -7.296121009381550948e-02 -1.372220326169220073e-01
1.358000000000000000e+03 9.243574518951191976e-03 -4.351095820625232591e-01 -1.340539771892572674e-01
1.365000000000000000e+03 -3.487298855757963167e-01 -3.612546951951856045e-02 -1.193201257746956401e-01
1.352000000000000000e+03 5.985121038435181617e-03 -2.084785875742056760e-01 -1.032228141578919178e-01
1.338000000000000000e+03 -8.761984582882220707e-02 -1.296578779018275895e-01 -1.916649533377778880e-02
1.269000000000000000e+03 -1.604524546591079570e-01 3.585797592146349189e-01 -2.576810449184385732e-01
1.287000000000000000e+03 -1.604524546591079570e-01 3.585797592146349189e-01 -2.576810449184385732e-01
1.341000000000000000e+03 -2.550903705665099608e-01 1.066716482099749896e-01 -1.163303151127550450e-01
1.379000000000000000e+03 -2.550903705665099608e-01 1.066716482099749896e-01 -1.163303151127550450e-01
1.357000000000000000e+03 -8.187036363837307817e-02 1.811781390787530199e-01 -1.086668054884114554e-01
1.350000000000000000e+03 -8.187036363837307817e-02 1.811781390787530199e-01 -1.086668054884114554e-01
1.304000000000000000e+03 -1.015188015031078805e-01 1.344764472714956582e-01 -4.033942964613856930e-02
1.406000000000000000e+03 -4.212240428067204334e-01 1.986604061389201092e-01 -4.316396381440767982e-02
1.384000000000000000e+03 -4.126078732044433650e-01 3.581242612553694471e-01 1.820411186200132647e-02
1.407000000000000000e+03 -6.083982325228731725e-02 9.683276940673124500e-02 3.876865590758526992e-02
1.385000000000000000e+03 -4.763256990043913675e-01 2.028687559514636973e-01 -1.305025496038858535e-01
1.311000000000000000e+03 -4.782800968501739192e-01 9.599489600248034549e-02 -1.131446965062359311e-01
1.401000000000000000e+03 5.817224590140668283e-02 1.872471568509226358e-01 -3.642490838081826610e-01
1.391000000000000000e+03 8.838936492008286905e-02 1.611053975501874902e-01 -1.510932442116406094e-01
1.392000000000000000e+03 4.275470737347148997e-01 3.732345636055711680e-01 -1.969755899754694894e-01
1.393000000000000000e+03 1.230818972388192378e-01 3.943145334205411245e-02 -1.051432988226785881e-01
1.368000000000000000e+03 2.509284989979683189e-01 3.353502900513873897e-01 -7.280145096922652215e-02
1.330000000000000000e+03 4.298874107320784788e-01 2.899262486963394281e-01 -3.846623759367773232e-02
1.290000000000000000e+03 5.445228651535316544e-01 2.025962950505260096e-01 -2.153019723412086250e-02
1.408000000000000000e+03 -9.118051670219422533e-01 -1.943831427479601359e+00 -9.926112778609343934e-01
