# star id 	 star_x_coords [pc] 	 star_y_coords [pc] 	 star_z_coords [pc] 
2.891700000000000000e+04 -3.331724103400759418e-01 -1.610189290463779344e-01 -6.901523957374422480e-01
2.891900000000000000e+04 3.380390317498793706e-02 -1.671054138675884815e-01 -6.678398244155374641e-01
2.897800000000000000e+04 4.217384072874388323e-01 -2.435929995290493366e-01 -6.611433675836480006e-01
2.899700000000000000e+04 2.822060773897128172e-01 -4.775955895442436372e-01 -6.223892747816677229e-01
2.901800000000000000e+04 2.784348451856573092e-01 -2.420526801414339957e-01 -5.490016656113496651e-01
2.901600000000000000e+04 -5.303016554104971192e-01 1.978045123386422688e-01 -6.425270759922625530e-01
2.897700000000000000e+04 -1.597834649280827080e-01 4.283788416695983869e-01 -8.762365797165116987e-01
2.893700000000000000e+04 -2.649988956287288033e-01 3.167570863947588578e-01 -7.351046227610638084e-01
2.896900000000000000e+04 -4.929184731594808966e-01 -4.393637079966339343e-02 -6.196090463018180117e-01
2.898900000000000000e+04 3.288127892978494060e-01 4.585781516556863835e-02 -5.868389015172397194e-01
2.896600000000000000e+04 4.148320125596356434e-01 1.628406588403237265e-01 -5.866720626845776110e-01
2.899100000000000000e+04 5.951737245426969025e-01 1.955972035980408918e-01 -7.731063903566166573e-01
2.899000000000000000e+04 -6.577291181749167492e-01 -7.699223261811027896e-02 -6.597069294732023081e-01
2.895800000000000000e+04 -6.073806946126723005e-01 1.558203642503031006e-02 -6.449468639480215870e-01
2.901000000000000000e+04 3.729926498812474733e-01 -2.517705981488731481e-01 -3.003093880709499786e-01
2.900900000000000000e+04 3.225669323302362557e-01 -3.411469637319868298e-01 -2.764883611575896794e-01
2.900200000000000000e+04 2.630906308361673496e-01 -1.187938409908895210e-01 8.284161260696976115e-02
2.901300000000000000e+04 -2.846967595365583747e-01 -1.068384475444972281e-01 -4.836388331728542767e-01
2.899400000000000000e+04 -2.846967595365583747e-01 -1.068384475444972281e-01 -4.836388331728542767e-01
2.897100000000000000e+04 8.570003739002984844e-02 -8.294159396143641061e-03 2.065067804408826646e-01
2.894400000000000000e+04 2.282938452629323933e-02 -4.203322684018928612e-02 3.288216902392449015e-01
2.899300000000000000e+04 4.066282639554330558e-02 6.163172785073101068e-02 5.304192169864379025e-01
2.894600000000000000e+04 8.831899434883894173e-02 1.818044111127221640e-01 6.492373113122980044e-01
2.901700000000000000e+04 7.953677416345783513e-02 -3.878024176297856229e-02 5.552233793514389504e-01
2.901400000000000000e+04 9.297571199171983380e-02 3.669493972373771840e-01 7.237302583501801223e-01
2.891500000000000000e+04 4.184332000263069062e-02 6.749606793712814579e-02 9.902418727827111411e-01
2.891600000000000000e+04 -8.554762931829529293e-02 5.320418849226626890e-02 1.272964503596348607e+00
2.903000000000000000e+04 5.186784989592396755e-02 1.303573073153785344e-02 1.284120013285729556e+00
2.902000000000000000e+04 -9.807686821943661926e-03 1.119868401494130694e-01 1.343877199919333520e+00
2.893900000000000000e+04 1.413999457621883948e-02 2.698229887233338786e-02 1.398659323236174146e+00
2.895100000000000000e+04 -1.204933283460576376e-01 1.808813217158729003e-01 1.492707227815841975e+00
