# star id 	 star_x_coords [pc] 	 star_y_coords [pc] 	 star_z_coords [pc] 
3.164900000000000000e+04 7.763844863865756452e-01 -8.806638834891273859e-01 2.620097715253542070e-01
3.616000000000000000e+03 5.512992397044236270e-01 5.233643151937172888e-02 7.679267423474842591e-01
8.427000000000000000e+03 2.160799413796077317e-01 2.561536570958509174e-01 -5.235440183974873207e-01
3.173800000000000000e+04 1.125137054557356464e+00 -2.912727899090938877e-02 9.259697512505473682e-01
3.295000000000000000e+04 -1.270322694350053183e+00 -1.037287184618815417e+00 -3.134311674441512263e-01
3.492400000000000000e+04 -1.270322694350053183e+00 -1.037287184618815417e+00 -3.134311674441512263e-01
2.868800000000000000e+04 -6.865411904825222678e-01 -6.759055105043518807e-01 -6.515139374997602761e-01
3.453000000000000000e+04 1.466569483174410493e+00 5.007018296087384357e-01 -8.675080412288131981e-01
3.452900000000000000e+04 -3.167405656327879626e-01 8.345444089729916470e-01 -6.785108246936444321e-01
2.789300000000000000e+04 -6.717703064392601675e-01 6.386693137787577967e-01 -8.563702178014565014e-02
3.617000000000000000e+03 -2.438581381879636467e-01 3.635302812622640545e-01 1.252071159879563744e+00
2.901600000000000000e+04 -2.438581381879636467e-01 3.635302812622640545e-01 1.252071159879563744e+00
3.796300000000000000e+04 5.679435202287557161e-01 6.508048404972690548e-01 -1.026472411964314269e+00
