# star id 	 star_x_coords [pc] 	 star_y_coords [pc] 	 star_z_coords [pc] 
2.251200000000000000e+04 -8.277811517484678916e-01 -1.303910002556989411e+00 7.331981962043201406e-01
2.249300000000000000e+04 -1.306152178105662642e+00 -1.603320975238958113e+00 3.699035182172565328e-01
2.260800000000000000e+04 -3.516214899233887081e-01 4.118726399863703591e-01 1.538269696416818988e+00
2.261300000000000000e+04 2.635780665822835545e-01 -2.212345659547594323e-01 1.796844517359019733e-01
2.264200000000000000e+04 8.224693447670006208e-02 -1.661199413182430362e-01 4.117868345333448588e-01
2.258900000000000000e+04 2.311917668805563153e-01 -1.744350841078272651e-01 5.079448389616132431e-01
2.255200000000000000e+04 -2.649874107305549842e-01 -5.633570211851974818e-01 -8.344814437840852861e-03
2.249800000000000000e+04 -6.054093689548949442e-01 -7.679556221678325301e-01 4.763617225169198832e-01
2.249200000000000000e+04 2.850235334819331001e-01 2.483449449640318107e-02 9.161415692111773978e-02
2.261500000000000000e+04 5.913157627850296194e-02 1.467724241855847822e-01 4.940788938695561683e-02
2.252100000000000000e+04 7.829994929056738329e-02 4.226082032607934025e-01 1.030445091475797881e-01
2.261700000000000000e+04 3.764613822372098184e-01 2.229828944137892677e-01 1.992778646732347170e-01
2.255500000000000000e+04 1.175715979273945777e-01 2.134036834412711414e-02 2.160020407389779962e-01
2.262200000000000000e+04 1.175715979273945777e-01 2.134036834412711414e-02 2.160020407389779962e-01
2.256700000000000000e+04 2.106760971855692333e-02 3.375397739814331999e-01 -1.496941543519625384e-02
2.259700000000000000e+04 2.104617456184314506e-01 1.661623832630141351e-01 2.499102029221731414e-01
2.257600000000000000e+04 -1.437073433560840385e-01 1.910854247841626830e-01 3.063099671198727947e-01
2.249000000000000000e+04 -1.700953669511591215e-01 1.576135168745906867e-02 1.203087885877067720e-01
2.259600000000000000e+04 -2.028860307276545427e-01 -1.930077823206488574e-02 -6.389787522209644521e-03
2.256100000000000000e+04 -3.733941862709571069e-01 2.982526290712144146e-01 1.289209593529392350e-01
2.260200000000000000e+04 -2.770807806713833088e-01 2.256509046996626466e-01 2.522732786154548990e-01
2.256500000000000000e+04 5.994238811177865500e-02 -3.348994074705871071e-01 1.001558273081634809e+00
2.252400000000000000e+04 2.752071798839210715e-01 5.590704883330630537e-01 1.923189732321759493e-01
2.262100000000000000e+04 3.244442942037153443e-01 7.658526972467569749e-01 5.531034769511222748e-01
2.256800000000000000e+04 -2.237694240241125954e-01 5.105592445558500003e-01 2.327324348329469217e-01
2.255600000000000000e+04 3.285832952503824345e-01 -1.960420086308261034e-01 -3.612074844488617487e-01
2.257300000000000000e+04 -1.301973704255487974e-01 -2.242825319968488884e-01 -4.260280029752081532e-01
2.251600000000000000e+04 1.453058115122303207e-01 -3.036437710937605061e-01 -2.677301004668919404e-02
2.248800000000000000e+04 -5.872541373844342161e-01 -3.712789612227425096e-01 -2.412596988366573214e-01
2.257000000000000000e+04 -1.111458644416529751e-01 1.393024349430191933e-01 -6.126886295092006662e-01
2.250700000000000000e+04 -7.076573499853111571e-02 1.292144423490242389e-01 -5.771567490664537559e-01
2.250800000000000000e+04 3.630792585007611706e-01 6.163546244037831912e-02 -6.478504271472900200e-01
2.264100000000000000e+04 2.970209804232126771e-02 3.448828024039016782e-01 -3.947872133238519154e-01
2.258400000000000000e+04 2.871339263498384753e-02 1.722935501524887059e-01 -3.517756154568587590e-01
2.254800000000000000e+04 2.809930608956392462e-01 2.474933521156970073e-01 -2.688208720288542963e-01
2.254100000000000000e+04 2.751897152119795464e-01 -8.911917559505866393e-02 -2.193102369995685308e-01
2.255000000000000000e+04 1.236300766453268807e-02 2.308934586179134385e-02 -2.120171748226766795e-01
2.252000000000000000e+04 4.188228892343204279e-02 1.295153151294528016e-01 -1.924278832566059805e-01
2.251000000000000000e+04 2.156945286264999595e-02 2.178958093247445049e-01 -1.589873265847572270e-01
2.255800000000000000e+04 -1.092485122513835449e-01 7.117785718627089864e-02 -1.082793182139809574e-01
2.256600000000000000e+04 6.062681967864591570e-02 -4.370094134011992537e-02 -8.505748221624287453e-02
2.256400000000000000e+04 6.062681967864591570e-02 -4.370094134011992537e-02 -8.505748221624287453e-02
2.257100000000000000e+04 -1.296748464185384364e-01 5.067087941820602737e-02 -4.737993239464088902e-02
2.259500000000000000e+04 -2.101641300093888276e-01 -7.981431872653388382e-02 -4.873354882858862425e-01
2.261400000000000000e+04 2.193087342974990861e-01 2.188529976525614984e-01 -4.233476452311890625e-02
2.260900000000000000e+04 1.644854686135204247e-01 -1.188163115082687682e-01 -3.868895109225434226e-02
2.256300000000000000e+04 1.644854686135204247e-01 -1.188163115082687682e-01 -3.868895109225434226e-02
2.257500000000000000e+04 8.288387857669476944e-02 -2.821085355306252040e-02 -2.685716144225835933e-02
2.255100000000000000e+04 -9.686545514045974414e-02 7.141078748969675871e-02 -2.364226659601342817e-02
2.258300000000000000e+04 -4.807081668650425854e-01 1.864693359468816425e-01 -5.629742062635330058e-01
2.258200000000000000e+04 -2.298296129867480886e-01 -1.421551044625033455e-01 -2.201820273187280463e-01
2.248400000000000000e+04 2.180489869593316143e-01 5.027359534303457167e-01 -2.918201881807789277e-01
2.255400000000000000e+04 4.906224482928678299e-01 1.603521903476945454e-01 -2.971998180969563919e-01
2.257400000000000000e+04 4.745500772052082539e-01 3.152776726523143225e-03 -3.386206515733505285e-01
2.257900000000000000e+04 5.884405934296523810e-01 -1.182773689464937661e-01 5.370003661511901782e-02
2.256200000000000000e+04 3.490782810015389259e-01 -3.943960355873343815e-02 -7.687211372131557141e-01
