# star id 	 star_x_coords [pc] 	 star_y_coords [pc] 	 star_z_coords [pc] 
2.500000000000000000e+02 1.199452415842529263e+00 -4.070890656767716109e-01 1.071144951912685883e-01
1.640000000000000000e+02 1.097898261157610023e+00 2.182599467443395724e-01 -2.727871922118936254e-01
4.310000000000000000e+02 9.637531523614200069e-01 3.500152000997189816e-01 7.478043802388469885e-01
4.140000000000000000e+02 6.185454645717527455e-01 1.653027349530447054e+00 -5.033250698091933373e-01
4.320000000000000000e+02 1.557603875647771474e+00 1.816485067994776159e+00 -1.085898901310144993e-01
3.830000000000000000e+02 -1.354502319573924751e+00 -5.051705592295121505e-01 -9.086668900796155413e-01
3.840000000000000000e+02 -8.375299981562420726e-01 1.052900106262342206e-01 2.155684501400685349e-01
2.420000000000000000e+02 -7.604943545738933608e-01 9.733415361134092336e-01 -1.304368233676029831e-01
2.460000000000000000e+02 -3.354910297636592986e-02 -1.990316886701180010e-01 4.764400260733907544e-01
2.470000000000000000e+02 -3.354910297636592986e-02 -1.990316886701180010e-01 4.764400260733907544e-01
2.940000000000000000e+02 7.262502871597575904e-02 -5.905208791148197633e-02 5.128014949734165384e-01
2.220000000000000000e+02 -1.695706714221216771e-01 -9.280584987331508273e-02 2.621054828679802995e-01
4.610000000000000000e+02 -1.695706714221216771e-01 -9.280584987331508273e-02 2.621054828679802995e-01
2.910000000000000000e+02 2.808175889476274278e-01 -2.484596830997674033e-01 -6.392271139891647636e-01
2.920000000000000000e+02 -1.321508861006179814e-01 -3.708544227673229443e-01 -3.919817088157628859e-01
2.180000000000000000e+02 7.470065938022685259e-02 -4.050673734824670191e-01 4.645148175972053650e-01
4.130000000000000000e+02 7.470065938022685259e-02 -4.050673734824670191e-01 4.645148175972053650e-01
4.110000000000000000e+02 8.631511355682164321e-02 -1.272012976071437151e-01 9.882777676671139488e-02
4.120000000000000000e+02 -7.323142912596836140e-02 -7.340403114061189171e-02 2.120846050314639797e-02
2.820000000000000000e+02 -7.323142912596836140e-02 -7.340403114061189171e-02 2.120846050314639797e-02
2.600000000000000000e+02 -7.323142912596836140e-02 -7.340403114061189171e-02 2.120846050314639797e-02
2.410000000000000000e+02 -1.197667930873365094e-01 -5.737711024757174982e-02 -6.322816116849594437e-02
2.590000000000000000e+02 -1.197667930873365094e-01 -5.737711024757174982e-02 -6.322816116849594437e-02
2.650000000000000000e+02 -1.197667930873365094e-01 -5.737711024757174982e-02 -6.322816116849594437e-02
1.680000000000000000e+02 -1.290923111911297383e-01 6.413447102815439393e-03 -5.570897967456289734e-02
1.660000000000000000e+02 -1.290923111911297383e-01 6.413447102815439393e-03 -5.570897967456289734e-02
1.670000000000000000e+02 -1.600831505541577826e-01 -7.474182790051031589e-02 -1.105441680159060525e-01
4.220000000000000000e+02 -1.600831505541577826e-01 -7.474182790051031589e-02 -1.105441680159060525e-01
4.200000000000000000e+02 1.807692709371053752e-01 -1.930829457013345518e-01 -4.339562188582135605e-02
4.210000000000000000e+02 -4.654249627222384333e-02 -6.777316863535531866e-02 1.761908022751015324e-01
2.380000000000000000e+02 -4.654249627222384333e-02 -6.777316863535531866e-02 1.761908022751015324e-01
3.980000000000000000e+02 -4.654249627222384333e-02 -6.777316863535531866e-02 1.761908022751015324e-01
2.560000000000000000e+02 -3.806378713935032465e-02 -9.808120130951181181e-02 1.814104095105051329e-01
2.570000000000000000e+02 9.111439785339996433e-01 1.717500809249230542e-01 -1.383077093416602565e-01
3.540000000000000000e+02 9.111439785339996433e-01 1.717500809249230542e-01 -1.383077093416602565e-01
2.730000000000000000e+02 7.838189291735773168e-01 -8.253570027889622907e-03 -3.916257813028778401e-02
3.990000000000000000e+02 2.227612614058216423e-01 -2.412417884829380910e-01 -2.609539529828452942e-01
2.660000000000000000e+02 1.845849606251022124e-01 -5.344258698438437705e-01 4.332861553348266170e-02
3.900000000000000000e+02 1.845849606251022124e-01 -5.344258698438437705e-01 4.332861553348266170e-02
2.290000000000000000e+02 1.233086686666524656e-01 -3.230391333479758487e-01 1.524642932501478754e-01
2.610000000000000000e+02 4.585159023119445010e-02 7.987194214513806401e-01 -6.453350891541731471e-02
2.620000000000000000e+02 -4.113444480850034779e-01 1.273587622322480684e-01 -7.831973185642198132e-01
2.630000000000000000e+02 -6.621807459385706807e-01 1.746921434429680176e-01 2.517453790823083182e-01
3.820000000000000000e+02 -4.003174694261417699e-01 2.389970941992771714e-01 3.591044229473538962e-01
4.780000000000000000e+02 -2.222699570356496679e-01 -1.886939202500599322e-01 2.697096465536787946e-01
2.800000000000000000e+02 -2.150813591087228360e-01 -3.044115507350113603e-01 -4.357668916103705214e-01
2.780000000000000000e+02 -4.177466838613668187e-01 -1.593184466499479868e-01 -2.033015358329635092e-01
4.770000000000000000e+02 -4.874488826699234778e-01 1.811815110190195810e-02 -1.992734927857782168e-01
4.800000000000000000e+02 -4.384339401279078174e-01 3.527566115309781480e-01 1.159035045777159212e-01
2.270000000000000000e+02 -2.224619528365963106e-01 -1.134933224416130315e-01 3.140618306360920542e-02
2.770000000000000000e+02 -3.539205023921851989e-01 -9.470826358707995496e-02 1.842105721923701367e-01
4.890000000000000000e+02 -3.539205023921851989e-01 -9.470826358707995496e-02 1.842105721923701367e-01
4.630000000000000000e+02 -2.816497236729844644e-01 -2.193603713352132445e-01 -3.569257594710677495e-01
2.520000000000000000e+02 -2.816497236729844644e-01 -2.193603713352132445e-01 -3.569257594710677495e-01
