# star id 	 star_x_coords [pc] 	 star_y_coords [pc] 	 star_z_coords [pc] 
6.551000000000000000e+03 1.566276988994200536e+00 3.547508319089005546e-01 1.318192463238324841e+00
2.321100000000000000e+04 2.726194818359655159e-01 -7.305375450574439489e-01 -1.164333216975807161e+00
2.249300000000000000e+04 -4.173855241623396495e-01 -6.744454219215574309e-01 4.707623241650411572e-01
2.204700000000000000e+04 2.312336253814063269e+00 -6.437650731062880549e-01 -1.269750601440327031e-01
1.213400000000000000e+04 -5.203026066373155345e-01 1.133883865910578770e+00 -1.025249478376236922e+00
1.779400000000000000e+04 -6.886257882448774126e-01 5.011110042101574180e-02 -1.337199852241392151e+00
3.291300000000000000e+04 -1.315372541221963232e+00 3.371220469509415008e-01 -2.234892846041134362e-01
2.835900000000000000e+04 -1.001076584666856562e+00 2.689466264656303895e-01 4.515179717252086888e-01
2.349500000000000000e+04 7.200646748259806884e-01 -5.921855154088258022e-01 8.479373185577347982e-01
2.234800000000000000e+04 1.572667824931249569e+00 -5.194905670969482969e-01 6.098269163370853008e-01
1.799900000000000000e+04 -2.501202175362083224e+00 1.015609648102191453e+00 1.790098976020413346e-01
