# star id 	 star_x_coords [pc] 	 star_y_coords [pc] 	 star_z_coords [pc] 
2.007800000000000000e+04 5.115476124779982925e-01 2.718939630982433187e-01 -7.462031675350004889e-01
2.839800000000000000e+04 6.800958025237378024e-01 -2.340311539457076151e-01 -6.582179390700382271e-01
2.838300000000000000e+04 1.072009108110333564e+00 2.234684819715795356e+00 -1.254643041626763988e-01
2.786900000000000000e+04 7.702661175521079429e-01 -5.764579513420642343e-01 -4.169027599875043677e-01
6.009000000000000000e+03 -9.025132515473188732e-02 7.234122533823317269e-01 -8.372025998156829019e-02
2.000600000000000000e+04 -9.025132515473188732e-02 7.234122533823317269e-01 -8.372025998156829019e-02
2.000300000000000000e+04 4.176882538428898783e-01 1.786549378771283614e+00 3.775688679777466916e-01
2.000200000000000000e+04 4.522887263304635752e-01 1.922902360488265572e-02 1.013324692518821735e+00
2.030900000000000000e+04 4.459731945819971344e-01 1.591335167640313131e+00 1.096207079485544966e+00
2.009100000000000000e+04 2.772825895394728235e-01 -1.250298618988001209e+00 -1.300728783382052001e+00
2.005800000000000000e+04 2.772825895394728235e-01 -1.250298618988001209e+00 -1.300728783382052001e+00
1.961400000000000000e+04 2.230482987100188552e-01 -1.265484503303653696e+00 -1.258656503154632844e+00
1.809800000000000000e+04 3.535094173975306120e-02 3.301670024107288270e-01 1.328434154521588084e+00
2.009000000000000000e+04 1.677164282624479696e+00 -2.781529480988780278e-01 -1.530653129272550927e+00
2.008900000000000000e+04 1.915649125602771008e+00 -8.646608492250074107e-01 -2.769161540624356377e+00
1.999400000000000000e+04 -4.172269270081887527e-01 1.272136594252145869e+00 2.095417915367342232e+00
1.998900000000000000e+04 -8.989273208743995269e-01 9.102045088686949725e-01 1.778265112488021771e+00
1.998800000000000000e+04 -8.989273208743995269e-01 9.102045088686949725e-01 1.778265112488021771e+00
2.229300000000000000e+04 -1.360266142922853305e+00 1.406043399713158948e+00 1.710523931226113348e+00
2.006100000000000000e+04 -1.360266142922853305e+00 1.406043399713158948e+00 1.710523931226113348e+00
1.808000000000000000e+04 -1.586117713557269937e+00 1.265446948055707566e+00 2.236482491826478736e+00
1.998700000000000000e+04 -1.252956038154989571e+00 1.690262081511306747e-01 2.804013846398333953e+00
2.000800000000000000e+04 -1.252956038154989571e+00 1.690262081511306747e-01 2.804013846398333953e+00
1.998600000000000000e+04 -1.587900643946030144e+00 -1.449153424130841472e+00 -2.903060785242519870e+00
1.815200000000000000e+04 -1.397912404988492341e+00 -2.446238960086382974e+00 -2.524359965113369242e+00
1.758800000000000000e+04 -7.903384847103431810e-01 -1.557761941732096034e+00 -1.778285519711360507e+00
1.961300000000000000e+04 9.714666657446704434e-01 -1.383549402122724814e+00 -3.171032844254817462e-01
2.000700000000000000e+04 9.714666657446704434e-01 -1.383549402122724814e+00 -3.171032844254817462e-01
1.816600000000000000e+04 2.275519527789039209e+00 -1.424177325431255525e+00 -2.366497872588176676e+00
