# star id 	 star_x_coords [pc] 	 star_y_coords [pc] 	 star_z_coords [pc] 
9.250000000000000000e+02 3.131885220904138123e-01 -9.157404668529247616e-01 4.032375200124409531e-01
5.855400000000000000e+04 -3.977119819847949600e-01 -2.476464738892212303e-01 6.019405604240724017e-01
5.854600000000000000e+04 -1.004803568761850840e+00 -2.011704461673322619e+00 -1.180759233535185970e+00
5.628900000000000000e+04 -2.713035422097860305e-01 -1.621205066683490514e+00 -2.843111699736438069e-01
4.612900000000000000e+04 1.268671075794998160e-01 -1.471939543480210055e+00 5.204975408100356304e-01
3.216000000000000000e+04 -4.007589576267989173e-02 -2.225364303947774403e-01 1.156386801832438138e+00
5.844100000000000000e+04 -2.917366933411571495e-01 2.975307503598374481e-01 3.795069778062405419e-01
2.625800000000000000e+04 1.943260902515326904e-01 1.788137364600068668e+00 2.895003951072503412e-01
5.873300000000000000e+04 1.357262981661158108e-01 6.417879493833877902e-01 -4.454699234698775712e-01
5.856000000000000000e+04 -4.916924911140441168e-02 1.853060289451229359e-01 1.326025056641729094e+00
5.856100000000000000e+04 7.146970657292115447e-01 6.379647097718614823e-01 1.474007400291167613e+00
2.484900000000000000e+04 1.100144478165567818e-01 9.123023287212213006e-01 -1.125305217046262740e+00
5.629600000000000000e+04 1.100144478165567818e-01 9.123023287212213006e-01 -1.125305217046262740e+00
1.409000000000000000e+04 3.475834113914082479e-01 1.184130947517905597e+00 -2.076923106081826731e+00
