# star id 	 star_x_coords [pc] 	 star_y_coords [pc] 	 star_z_coords [pc] 
2.564300000000000000e+04 -6.000518003791626143e-01 -6.204490369468302902e-01 -5.447201428532366663e-01
6.139000000000000000e+03 1.086558515154578686e+00 -3.200058708478046299e-01 -3.446517077227113646e-01
4.845000000000000000e+04 8.985511726698121038e-01 -3.485189662290260060e-01 1.973223341988727952e-02
4.844900000000000000e+04 3.351798346458494393e-01 2.471533620756538596e-01 5.566468676896292322e-01
4.844200000000000000e+04 -4.622909460914570445e-02 -6.765214176874003726e-01 5.327888276530181599e-01
4.844300000000000000e+04 -3.927482275549465385e-02 1.048439599604396477e+00 -3.731156283556309461e-01
4.844800000000000000e+04 -3.927482275549465385e-02 1.048439599604396477e+00 -3.731156283556309461e-01
4.844100000000000000e+04 -8.556170049128226651e-01 2.654538120346501273e-01 -4.214314289940688241e-01
4.835800000000000000e+04 -9.552731493818313879e-01 -4.945414977688074032e-01 9.247700151036433169e-01
