# star id 	 star_x_coords [pc] 	 star_y_coords [pc] 	 star_z_coords [pc] 
3.710700000000000000e+04 -6.669426317842024332e-01 -1.386974456751644880e+00 3.855246708533517364e-01
3.953800000000000000e+04 -8.300066898435964902e-02 -4.989551553407238771e-01 6.010456877957022215e-01
3.960200000000000000e+04 2.707435588544981897e-02 3.885074051932537742e-01 1.089355524627228178e+00
4.050000000000000000e+04 1.085901163832421190e-01 4.360897103153682508e-01 1.107966260782539791e+00
3.901100000000000000e+04 -3.666853097105811088e-01 7.971559753525170322e-02 1.477548005816435861e+00
3.909700000000000000e+04 -1.396108482809399476e-01 3.925315702472662593e-01 -2.032170377323703647e+00
3.890400000000000000e+04 -1.014314231381288067e-01 -2.036132670506063391e-03 -1.457480227844122567e+00
3.182300000000000000e+04 6.553556108611413578e-01 7.397924549057712795e-01 -8.538329405855087373e-01
4.040900000000000000e+04 5.666507969992498062e-01 -1.486709926632556744e-01 -3.179565996267106343e-01
